2 0.698134375 1 0.7210156249999999 0.9980555555555556 0.7008593750000001 0.9445833333333333 0.697421875 0.9411111111111111 0.5865625 0.6644444444444445 0.5289843750000001 0.4166666666666667 0.4984375 0.2791666666666667 0.42953125000000003 0.0016666666666666666 0.4265625 0 0.39203125 0.003472222222222222 0.510234375 0.5025000000000001 0.532109375 0.5833333333333334 0.531953125 0.6066666666666666 0.6051562500000001 0.8088888888888889 0.64125 0.9026388888888889 0.651953125 0.9222222222222222 0.6796129328703704 1 0.698134375 1
2 0.4590625 0.5208333333333334 0.49203125000000003 0.5279166666666667 0.402421875 0.2555555555555556 0.314765625 0.0025 0.31375 0.003472222222222222 0.28125 0.0043055555555555555 0.4590625 0.5208333333333334
2 0.52359375 0.6048611111111112 0.480234375 0.56375 0.475546875 0.5629166666666667 0.5871093749999999 0.8255555555555555 0.6422656250000001 0.9138888888888889 0.52359375 0.6048611111111112
2 0.2520233726851852 1 0.18757812499999998 0.85375 0.188984375 0.8273611111111111 0.17992187499999998 0.8220833333333333 0.166796875 0.8104166666666667 0.1484375 0.7844444444444444 0.145625 0.7805555555555556 0.151796875 0.824861111111111 0.166015625 0.84625 0.17234375 0.8934722222222222 0.17179687500000002 0.9036111111111111 0.21765625 0.9990277777777777 0.22758750000000003 1 0.2520233726851852 1
2 0.001484375 0.5636111111111111 0 0.5759722222222222 0.0013281249999999999 0.5890277777777778 0.009375 0.6131944444444444 0.021875 0.6347222222222222 0.025078125 0.6519444444444444 0.034921875 0.6652777777777777 0.0396875 0.6769444444444445 0.045859375 0.6836111111111111 0.060703125 0.6780555555555556 0.06859375 0.6808333333333333 0.07234375 0.6847222222222222 0.082421875 0.7088888888888889 0.08640625 0.7086111111111111 0.08875000000000001 0.6881944444444444 0.018125 0.5583333333333333 0.014140624999999999 0.5601388888888889 0.0030468749999999997 0.5611111111111111 0.001484375 0.5636111111111111
2 0.168671875 0.5741666666666666 0.124765625 0.6473611111111112 0.104765625 0.6701388888888888 0.10875 0.6825 0.10859375 0.6866666666666666 0.15601562500000002 0.6219444444444444 0.1859375 0.57375 0.168671875 0.5741666666666666
2 0.323828125 0.5816666666666667 0.383515625 0.47930555555555554 0.424765625 0.43861111111111106 0.416875 0.4230555555555555 0.370859375 0.4734722222222222 0.304921875 0.5893055555555556 0.2690625 0.622638888888889 0.22492187500000002 0.6869444444444445 0.19796875 0.7129166666666668 0.196796875 0.7206944444444444 0.193828125 0.7245833333333332 0.146875 0.7706944444444445 0.151640625 0.7845833333333333 0.151640625 0.7856944444444445 0.225546875 0.7086111111111111 0.323828125 0.5816666666666667
2 0.5817187500000001 0.8204166666666667 0.573515625 0.8047222222222222 0.4578125 0.8883333333333333 0.458046875 0.9055555555555556 0.55125 0.8391666666666666 0.56578125 0.8219444444444444 0.5817187500000001 0.8204166666666667
2 0.7155468749999999 0.6530555555555556 0.6242968750000001 0.7559722222222222 0.63109375 0.7691666666666666 0.63125 0.77 0.721796875 0.6680555555555556 0.7155468749999999 0.6530555555555556
2 0.789921875 0.5836111111111111 0.830703125 0.55375 0.906796875 0.4326388888888889 0.9996875000000001 0.2709722222222222 0.998515625 0.24666666666666667 0.8469531250000001 0.5025000000000001 0.8192968749999999 0.5384722222222222 0.779140625 0.5654166666666667 0.735234375 0.6231944444444445 0.7414843750000001 0.6377777777777778 0.7432031250000001 0.6404166666666667 0.7451562500000001 0.6358333333333334 0.789921875 0.5836111111111111
3 0.14765625000000002 0.2777777777777778 0.14765625000000002 0.2791666666666667 0.14296875 0.2902777777777778 0.1421875 0.2902777777777778 0.13046875 0.3 0.12968749999999998 0.3013888888888889 0.12421875 0.3277777777777778 0.12421875 0.32916666666666666 0.12421875 0.35 0.125 0.3513888888888889 0.12578124999999998 0.3611111111111111 0.1265625 0.3625 0.12890625 0.37222222222222223 0.12968749999999998 0.3736111111111111 0.13515625 0.3875 0.13593750000000002 0.3888888888888889 0.1484375 0.4083333333333333 0.14921875 0.4083333333333333 0.15546875 0.4138888888888889 0.15625 0.4138888888888889 0.1671875 0.4194444444444444 0.16796875 0.4194444444444444 0.1875 0.4166666666666667 0.18828125 0.4152777777777778 0.19375 0.4111111111111111 0.19453125 0.4097222222222222 0.2109375 0.3902777777777778 0.21171875 0.3888888888888889 0.22265625 0.3652777777777778 0.22265625 0.3638888888888889 0.22578125 0.3513888888888889 0.22578125 0.35 0.228125 0.33194444444444443 0.228125 0.3305555555555556 0.22734375 0.3125 0.2265625 0.3111111111111111 0.225 0.2986111111111111 0.22421875 0.2972222222222222 0.22109375 0.2847222222222222 0.2203125 0.2833333333333333 0.215625 0.2722222222222222 0.21484375 0.2708333333333333 0.2078125 0.25972222222222224 0.20703125 0.25972222222222224 0.19765625 0.24861111111111112 0.196875 0.24861111111111112 0.18125 0.24305555555555555 0.15625 0.2652777777777778 0.15546875 0.26666666666666666 0.14765625000000002 0.2777777777777778
3 0.3671875 0.9055555555555556 0.36640625 0.9069444444444444 0.35234375 0.9277777777777778 0.35234375 0.9291666666666666 0.3484375 0.938888888888889 0.3484375 0.9402777777777778 0.34609375 0.9555555555555556 0.3453125 0.9569444444444444 0.33125 0.9861111111111112 0.33125 0.9875 0.3296875 0.9972222222222222 0.33046875 0.9972222222222222 0.4484375 0.9972222222222222 0.4484375 0.9958333333333333 0.4484375 0.9888888888888888 0.44765625 0.9875 0.44453125 0.9708333333333333 0.44375 0.9694444444444444 0.4375 0.9486111111111112 0.43671875 0.9472222222222222 0.42890625 0.9305555555555556 0.428125 0.9305555555555556 0.41796875 0.9166666666666666 0.4171875 0.9166666666666666 0.40859375 0.9083333333333333 0.4078125 0.9083333333333333 0.396875 0.9013888888888888 0.39609375 0.9013888888888888 0.384375 0.8986111111111111 0.37265625 0.9013888888888888 0.371875 0.9027777777777778 0.3671875 0.9055555555555556
3 0.384375 0.7930555555555556 0.384375 0.7944444444444444 0.37890625 0.8277777777777778 0.37890625 0.8291666666666666 0.378125 0.8416666666666667 0.37734375 0.8430555555555556 0.36640625 0.9 0.3671875 0.9013888888888888 0.3703125 0.9027777777777778 0.37109375 0.9013888888888888 0.38203125 0.8972222222222223 0.3828125 0.8972222222222223 0.38828125 0.8972222222222223 0.3890625 0.8986111111111111 0.4046875 0.9041666666666667 0.40546875 0.9055555555555556 0.4140625 0.9111111111111112 0.41484375 0.9125 0.425 0.9236111111111112 0.42578125 0.925 0.43359375 0.938888888888889 0.43359375 0.9402777777777778 0.43828125 0.9513888888888888 0.4390625 0.9513888888888888 0.440625 0.9513888888888888 0.44140625 0.95 0.44375 0.9472222222222222 0.44375 0.9458333333333334 0.4484375 0.9333333333333333 0.4484375 0.9319444444444445 0.45390625 0.9055555555555556 0.45390625 0.9041666666666667 0.45546875 0.8694444444444445 0.4546875 0.8680555555555556 0.45390625 0.8527777777777777 0.453125 0.8513888888888889 0.45078125 0.8361111111111111 0.45 0.8347222222222223 0.44453125 0.8166666666666667 0.44375 0.8152777777777778 0.4375 0.8013888888888888 0.43671875 0.8013888888888888 0.421875 0.7861111111111112 0.42109375 0.7861111111111112 0.41328125 0.7805555555555556 0.4125 0.7805555555555556 0.3984375 0.7791666666666667 0.38828125 0.7819444444444444 0.3875 0.7833333333333333 0.384375 0.7930555555555556
3 0.19921875 0.873611111111111 0.2 0.875 0.2015625 0.8833333333333334 0.20234375 0.8847222222222222 0.21171875 0.9083333333333333 0.2125 0.9097222222222222 0.2140625 0.9125 0.21484375 0.9125 0.21640625 0.9125 0.2171875 0.9111111111111112 0.2234375 0.8972222222222223 0.2234375 0.8958333333333334 0.228125 0.8819444444444444 0.228125 0.8805555555555555 0.2296875 0.8722222222222222 0.2296875 0.8708333333333333 0.22890625 0.8652777777777778 0.228125 0.8638888888888888 0.22421875 0.8527777777777777 0.2234375 0.8527777777777777 0.21015625 0.8527777777777777 0.209375 0.8513888888888889 0.203125 0.85 0.19921875 0.8555555555555556 0.19921875 0.8569444444444444 0.19921875 0.873611111111111
3 0.19921875 0.7875 0.19921875 0.7888888888888889 0.1953125 0.7972222222222222 0.1953125 0.7986111111111112 0.19609375 0.811111111111111 0.196875 0.8125 0.20078125 0.8125 0.2015625 0.813888888888889 0.203125 0.8166666666666667 0.203125 0.8180555555555555 0.203125 0.8222222222222222 0.20234375 0.8236111111111112 0.20078125 0.8277777777777778 0.20078125 0.8291666666666666 0.20078125 0.8375 0.2015625 0.8388888888888888 0.20390625 0.8458333333333333 0.2046875 0.8458333333333333 0.21171875 0.8513888888888889 0.2125 0.8513888888888889 0.22109375 0.8513888888888889 0.221875 0.85 0.23046875 0.8416666666666667 0.23125 0.8402777777777778 0.23515625 0.8319444444444444 0.23515625 0.8305555555555556 0.23828125 0.8166666666666667 0.23828125 0.8152777777777778 0.23828125 0.8041666666666666 0.2375 0.8027777777777778 0.23515625 0.7902777777777777 0.234375 0.7888888888888889 0.22578125 0.7763888888888888 0.225 0.7763888888888888 0.21875 0.7736111111111111 0.2046875 0.7791666666666667 0.20390625 0.7805555555555556 0.19921875 0.7875
3 0.15625 0.7861111111111112 0.15546875 0.7875 0.15546875 0.7930555555555556 0.15625 0.7944444444444444 0.16484375 0.8069444444444445 0.165625 0.8069444444444445 0.16953125 0.811111111111111 0.1703125 0.811111111111111 0.1828125 0.8125 0.18359375 0.811111111111111 0.1859375 0.8055555555555556 0.1859375 0.8041666666666666 0.1875 0.7958333333333334 0.1875 0.7944444444444444 0.18671875 0.7888888888888889 0.1859375 0.7875 0.17734375 0.7777777777777778 0.1765625 0.7777777777777778 0.165625 0.7763888888888888 0.1609375 0.7833333333333333 0.16015625 0.7833333333333333 0.15625 0.7861111111111112
3 0.21953125 0.7180555555555556 0.21953125 0.7194444444444444 0.2203125 0.7236111111111112 0.22109375 0.725 0.23359375 0.7347222222222222 0.234375 0.7347222222222222 0.240625 0.7347222222222222 0.24140625 0.7333333333333334 0.2484375 0.7291666666666666 0.24921875 0.7277777777777777 0.2546875 0.7138888888888888 0.2546875 0.7125 0.25546874999999997 0.7 0.2546875 0.6986111111111112 0.25390625 0.6930555555555555 0.253125 0.6916666666666667 0.2484375 0.6833333333333333 0.24765625 0.6833333333333333 0.2453125 0.6833333333333333 0.225 0.7083333333333334 0.22421875 0.7097222222222223 0.21953125 0.7180555555555556
3 0.21796875 0.6333333333333334 0.21796875 0.6347222222222222 0.215625 0.6430555555555556 0.215625 0.6444444444444444 0.21953125 0.6666666666666666 0.2203125 0.6680555555555556 0.225 0.6763888888888888 0.22578125 0.6763888888888888 0.22890625 0.6763888888888888 0.2296875 0.675 0.2328125 0.6722222222222222 0.23359375 0.6708333333333334 0.25156249999999997 0.6486111111111111 0.25234375000000003 0.6472222222222223 0.25390625 0.6430555555555556 0.25390625 0.6416666666666666 0.253125 0.6305555555555555 0.25234375000000003 0.6291666666666667 0.24921875 0.623611111111111 0.2484375 0.623611111111111 0.2421875 0.6166666666666666 0.24140625 0.6166666666666666 0.23203125 0.6152777777777778 0.2234375 0.623611111111111 0.22265625 0.625 0.21796875 0.6333333333333334
3 0.20625 0.6625 0.20625 0.6638888888888889 0.20703125 0.6763888888888888 0.2078125 0.6777777777777778 0.2109375 0.688888888888889 0.21171875 0.6902777777777778 0.2140625 0.6930555555555555 0.21484375 0.6930555555555555 0.21875 0.6902777777777778 0.21953125 0.688888888888889 0.22421875 0.6777777777777778 0.22421875 0.6763888888888888 0.21953125 0.6680555555555556 0.21953125 0.6666666666666666 0.2171875 0.6597222222222222 0.2171875 0.6583333333333333 0.215625 0.6416666666666666 0.2109375 0.6458333333333334 0.2109375 0.6472222222222223 0.20625 0.6625
3 0.1984375 0.5888888888888889 0.1984375 0.5902777777777778 0.196875 0.5930555555555556 0.196875 0.5944444444444444 0.19609375 0.6 0.19609375 0.6013888888888889 0.19609375 0.6111111111111112 0.196875 0.6125 0.196875 0.6152777777777778 0.19765625 0.6166666666666666 0.2015625 0.625 0.20234375 0.625 0.20703125 0.6305555555555555 0.2078125 0.6305555555555555 0.21328125 0.6333333333333334 0.2140625 0.6319444444444444 0.21875 0.6291666666666667 0.21953125 0.6277777777777778 0.2265625 0.6166666666666666 0.2265625 0.6152777777777778 0.22734375 0.5986111111111112 0.228125 0.5972222222222222 0.23046875 0.5847222222222223 0.2296875 0.5833333333333334 0.2296875 0.5805555555555556 0.22890625 0.5791666666666666 0.22734375 0.5763888888888888 0.2265625 0.5763888888888888 0.2234375 0.5722222222222222 0.22265625 0.5722222222222222 0.2125 0.5722222222222222 0.2015625 0.5833333333333334 0.20078125 0.5847222222222223 0.1984375 0.5888888888888889
3 0.70703125 0.7861111111111112 0.70703125 0.7875 0.70234375 0.8222222222222222 0.703125 0.8236111111111112 0.71015625 0.8305555555555556 0.7109375 0.8305555555555556 0.71484375 0.8319444444444444 0.715625 0.8333333333333334 0.7171875 0.8402777777777778 0.71796875 0.8416666666666667 0.7203125 0.8444444444444444 0.72109375 0.8444444444444444 0.728125 0.8444444444444444 0.72890625 0.8430555555555556 0.734375 0.8375 0.734375 0.8361111111111111 0.7375 0.8263888888888888 0.7375 0.825 0.7390625 0.8125 0.73828125 0.811111111111111 0.7375 0.8013888888888888 0.73671875 0.8 0.73515625 0.7930555555555556 0.734375 0.7916666666666666 0.73046875 0.7833333333333333 0.7296875 0.7833333333333333 0.721875 0.7777777777777778 0.72109375 0.7777777777777778 0.71328125 0.7777777777777778 0.71015625 0.7791666666666667 0.709375 0.7805555555555556 0.70703125 0.7861111111111112
3 0.7 0.8597222222222222 0.7 0.8611111111111112 0.69921875 0.875 0.7 0.876388888888889 0.70078125 0.8902777777777778 0.7015625 0.8916666666666666 0.703125 0.8972222222222223 0.70390625 0.8972222222222223 0.70546875 0.9 0.70625 0.9 0.7078125 0.9 0.70859375 0.9013888888888888 0.7125 0.9097222222222222 0.71328125 0.9097222222222222 0.715625 0.9125 0.71640625 0.9125 0.72421875 0.9138888888888889 0.725 0.9125 0.7296875 0.9111111111111112 0.73046875 0.9097222222222222 0.73515625 0.9027777777777778 0.73515625 0.9013888888888888 0.73671875 0.8972222222222223 0.73671875 0.8958333333333334 0.7375 0.876388888888889 0.73671875 0.875 0.73515625 0.8625 0.734375 0.8611111111111112 0.72734375 0.8486111111111112 0.7265625 0.8486111111111112 0.72109375 0.8458333333333333 0.7203125 0.8458333333333333 0.71171875 0.8458333333333333 0.7015625 0.8555555555555556 0.70078125 0.8569444444444444 0.7 0.8597222222222222
3 0.75234375 0.9069444444444444 0.753125 0.9083333333333333 0.759375 0.9166666666666666 0.76015625 0.9166666666666666 0.765625 0.9180555555555556 0.76640625 0.9166666666666666 0.77109375 0.9111111111111112 0.77109375 0.9097222222222222 0.77265625 0.9055555555555556 0.77265625 0.9041666666666667 0.77265625 0.8972222222222223 0.771875 0.8958333333333334 0.76875 0.8861111111111112 0.76796875 0.8861111111111112 0.7640625 0.8819444444444444 0.76328125 0.8819444444444444 0.7578125 0.8819444444444444 0.7515625 0.8916666666666666 0.7515625 0.8930555555555556 0.75234375 0.9069444444444444
3 0.76640625 0.9277777777777778 0.7671875 0.9291666666666666 0.76953125 0.9319444444444445 0.7703125 0.9319444444444445 0.7765625 0.9333333333333333 0.77734375 0.9319444444444445 0.78203125 0.9277777777777778 0.78203125 0.9263888888888888 0.78359375 0.9222222222222222 0.78359375 0.9208333333333334 0.78359375 0.9111111111111112 0.7828125 0.9097222222222222 0.77734375 0.9041666666666667 0.7765625 0.9041666666666667 0.7734375 0.9041666666666667 0.76484375 0.9208333333333334 0.765625 0.9222222222222222 0.76640625 0.9277777777777778
3 0.771875 0.8916666666666666 0.77265625 0.8930555555555556 0.7734375 0.8986111111111111 0.77421875 0.9 0.78203125 0.9069444444444444 0.7828125 0.9069444444444444 0.78828125 0.9055555555555556 0.7890625 0.9041666666666667 0.7921875 0.8958333333333334 0.7921875 0.8944444444444444 0.7921875 0.8847222222222222 0.79140625 0.8833333333333334 0.790625 0.8791666666666667 0.78984375 0.8777777777777778 0.78359375 0.8708333333333333 0.7828125 0.8708333333333333 0.77734375 0.8708333333333333 0.771875 0.8805555555555555 0.771875 0.8819444444444444 0.771875 0.8916666666666666
3 0.7671875 0.8666666666666666 0.76796875 0.8680555555555556 0.77109375 0.875 0.771875 0.875 0.778125 0.8694444444444445 0.77890625 0.8694444444444445 0.7828125 0.8708333333333333 0.78359375 0.8694444444444445 0.78515625 0.8680555555555556 0.78515625 0.8666666666666666 0.78515625 0.8583333333333334 0.784375 0.8569444444444444 0.78125 0.8513888888888889 0.78046875 0.8513888888888889 0.775 0.85 0.76796875 0.8541666666666666 0.76796875 0.8555555555555556 0.7671875 0.8666666666666666
3 0.7484375 0.8652777777777778 0.74921875 0.8666666666666666 0.75 0.8708333333333333 0.75078125 0.8722222222222222 0.75625 0.8791666666666667 0.75703125 0.8791666666666667 0.7640625 0.8791666666666667 0.76484375 0.8777777777777778 0.7671875 0.8722222222222222 0.7671875 0.8708333333333333 0.7671875 0.8555555555555556 0.76640625 0.8541666666666666 0.759375 0.8444444444444444 0.75859375 0.8444444444444444 0.753125 0.8444444444444444 0.7484375 0.8527777777777777 0.7484375 0.8541666666666666 0.7484375 0.8652777777777778
3 0.7015625 0.9430555555555555 0.70234375 0.9444444444444444 0.7078125 0.9583333333333334 0.70859375 0.9583333333333334 0.715625 0.9694444444444444 0.71640625 0.9694444444444444 0.71953125 0.9708333333333333 0.7203125 0.9694444444444444 0.721875 0.9611111111111111 0.721875 0.9597222222222223 0.721875 0.9486111111111112 0.72109375 0.9472222222222222 0.71953125 0.9375 0.71875 0.936111111111111 0.7125 0.9236111111111112 0.71171875 0.9236111111111112 0.70625 0.9222222222222222 0.7015625 0.936111111111111 0.7015625 0.9375 0.7015625 0.9430555555555555
3 0.66953125 0.8708333333333333 0.6703125 0.8722222222222222 0.67265625 0.8791666666666667 0.6734375 0.8805555555555555 0.68046875 0.8930555555555556 0.68046875 0.8944444444444444 0.68984375 0.9180555555555556 0.690625 0.9180555555555556 0.69296875 0.9208333333333334 0.69375 0.9194444444444444 0.69765625 0.9180555555555556 0.69765625 0.9166666666666666 0.69921875 0.9027777777777778 0.6984375 0.9013888888888888 0.696875 0.8777777777777778 0.69609375 0.876388888888889 0.68984375 0.8652777777777778 0.6890625 0.8652777777777778 0.68203125 0.8569444444444444 0.68125 0.8569444444444444 0.6765625 0.8541666666666666 0.66796875 0.8611111111111112 0.66796875 0.8625 0.66953125 0.8708333333333333
3 0.6546875 0.811111111111111 0.6546875 0.8125 0.65390625 0.8236111111111112 0.6546875 0.825 0.65546875 0.8319444444444444 0.65625 0.8333333333333334 0.6609375 0.8458333333333333 0.66171875 0.8472222222222222 0.66640625 0.8555555555555556 0.6671875 0.8555555555555556 0.67265625 0.8583333333333334 0.6734375 0.8569444444444444 0.68046875 0.8527777777777777 0.68125 0.8527777777777777 0.68515625 0.8527777777777777 0.6859375 0.8513888888888889 0.690625 0.8416666666666667 0.690625 0.8402777777777778 0.6921875 0.8347222222222223 0.69140625 0.8333333333333334 0.68828125 0.8291666666666666 0.6890625 0.8277777777777778 0.6953125 0.8180555555555555 0.6953125 0.8166666666666667 0.6953125 0.8097222222222222 0.69453125 0.8083333333333333 0.69296875 0.8027777777777778 0.6921875 0.8013888888888888 0.684375 0.7888888888888889 0.68359375 0.7888888888888889 0.6765625 0.7833333333333333 0.67578125 0.7833333333333333 0.66953125 0.7833333333333333 0.65703125 0.8 0.65703125 0.8013888888888888 0.6546875 0.811111111111111
3 0.64609375 0.7763888888888888 0.64609375 0.7777777777777778 0.64609375 0.7916666666666666 0.646875 0.7930555555555556 0.65703125 0.7972222222222222 0.6578125 0.7958333333333334 0.665625 0.7861111111111112 0.665625 0.7847222222222222 0.6671875 0.7791666666666667 0.66640625 0.7777777777777778 0.66640625 0.7694444444444444 0.665625 0.7680555555555556 0.6609375 0.7583333333333334 0.66015625 0.7583333333333334 0.653125 0.7569444444444444 0.65 0.7611111111111112 0.65 0.7625 0.64609375 0.7763888888888888
3 0.60390625 0.8902777777777778 0.6046875 0.8916666666666666 0.60546875 0.8944444444444444 0.60625 0.8944444444444444 0.60859375 0.8972222222222223 0.609375 0.8972222222222223 0.6140625 0.8986111111111111 0.61484375 0.8972222222222223 0.62109375 0.8916666666666666 0.62109375 0.8902777777777778 0.621875 0.8847222222222222 0.62109375 0.8833333333333334 0.61953125 0.8791666666666667 0.61875 0.8791666666666667 0.6109375 0.8694444444444445 0.61015625 0.8694444444444445 0.60703125 0.8694444444444445 0.603125 0.876388888888889 0.603125 0.8777777777777778 0.60390625 0.8902777777777778
3 0.6421875 0.8055555555555556 0.64296875 0.8069444444444445 0.65078125 0.8236111111111112 0.6515625 0.8236111111111112 0.65234375 0.8236111111111112 0.653125 0.8222222222222222 0.65546875 0.8027777777777778 0.65546875 0.8013888888888888 0.6546875 0.7986111111111112 0.65390625 0.7986111111111112 0.6515625 0.7958333333333334 0.65078125 0.7958333333333334 0.64296875 0.7958333333333334 0.64140625 0.7986111111111112 0.64140625 0.8 0.6421875 0.8055555555555556
3 0.7734375 0.8027777777777778 0.77421875 0.8027777777777778 0.79140625 0.8055555555555556 0.7921875 0.8041666666666666 0.79453125 0.8013888888888888 0.79453125 0.8 0.79296875 0.7930555555555556 0.7921875 0.7930555555555556 0.78828125 0.7888888888888889 0.7875 0.7888888888888889 0.7828125 0.7875 0.77421875 0.7930555555555556 0.7734375 0.7944444444444444 0.7734375 0.8027777777777778
3 0.7953125 0.7958333333333334 0.79609375 0.7972222222222222 0.79765625 0.8 0.7984375 0.8 0.803125 0.8013888888888888 0.80390625 0.8 0.8109375 0.7986111111111112 0.81171875 0.7972222222222222 0.8140625 0.7944444444444444 0.8140625 0.7930555555555556 0.8140625 0.7833333333333333 0.81328125 0.7833333333333333 0.8015625 0.7805555555555556 0.79609375 0.7847222222222222 0.79609375 0.7861111111111112 0.7953125 0.7958333333333334
3 0.9171875 0.6597222222222222 0.91640625 0.6611111111111112 0.91484375 0.6625 0.91484375 0.6638888888888889 0.91484375 0.6916666666666667 0.915625 0.6930555555555555 0.9171875 0.6986111111111112 0.91796875 0.7 0.921875 0.7055555555555556 0.92265625 0.7055555555555556 0.934375 0.7111111111111111 0.93515625 0.7111111111111111 0.9390625 0.7111111111111111 0.93984375 0.7097222222222223 0.94609375 0.7055555555555556 0.946875 0.7041666666666666 0.95234375 0.6916666666666667 0.95234375 0.6902777777777778 0.95390625 0.686111111111111 0.95390625 0.6847222222222222 0.95390625 0.6722222222222222 0.953125 0.6708333333333334 0.95234375 0.6666666666666666 0.9515625 0.6652777777777777 0.94765625 0.6597222222222222 0.946875 0.6597222222222222 0.93828125 0.6555555555555556 0.9375 0.6555555555555556 0.9328125 0.6555555555555556 0.92421875 0.6597222222222222 0.9234375 0.6597222222222222 0.9171875 0.6597222222222222
3 0.87734375 0.6347222222222222 0.87734375 0.6361111111111112 0.87734375 0.6458333333333334 0.878125 0.6472222222222223 0.8828125 0.6680555555555556 0.88359375 0.6694444444444444 0.8859375 0.675 0.88671875 0.675 0.89296875 0.6791666666666666 0.89375 0.6791666666666666 0.903125 0.6777777777777778 0.90390625 0.6763888888888888 0.9109375 0.6722222222222222 0.91171875 0.6708333333333334 0.9140625 0.6652777777777777 0.9140625 0.6638888888888889 0.9140625 0.6583333333333333 0.91328125 0.6569444444444444 0.90703125 0.65 0.90625 0.6486111111111111 0.90078125 0.6375 0.90078125 0.6361111111111112 0.89921875 0.626388888888889 0.89921875 0.625 0.89921875 0.6111111111111112 0.8984375 0.6097222222222222 0.88984375 0.6083333333333334 0.88125 0.6180555555555556 0.88125 0.6194444444444445 0.87734375 0.6347222222222222
3 0.90078125 0.6111111111111112 0.90078125 0.6125 0.9 0.6277777777777778 0.90078125 0.6291666666666667 0.90234375 0.6402777777777778 0.903125 0.6416666666666666 0.915625 0.6583333333333333 0.91640625 0.6583333333333333 0.92421875 0.6583333333333333 0.925 0.6569444444444444 0.9359375 0.6527777777777778 0.93671875 0.6513888888888888 0.93984375 0.6472222222222223 0.93984375 0.6458333333333334 0.94609375 0.6291666666666667 0.94609375 0.6277777777777778 0.946875 0.6208333333333333 0.94609375 0.6194444444444445 0.94453125 0.6111111111111112 0.94375 0.6097222222222222 0.93515625 0.5958333333333333 0.934375 0.5958333333333333 0.92265625 0.5916666666666667 0.921875 0.5916666666666667 0.91484375 0.5916666666666667 0.90546875 0.6027777777777777 0.9046875 0.6041666666666666 0.90078125 0.6111111111111112
3 0.91640625 0.5319444444444444 0.91640625 0.5333333333333333 0.91015625 0.5499999999999999 0.91015625 0.5513888888888888 0.9109375 0.5666666666666667 0.91171875 0.5680555555555555 0.91484375 0.5777777777777777 0.915625 0.5777777777777777 0.91953125 0.5847222222222223 0.9203125 0.5847222222222223 0.92421875 0.5888888888888889 0.925 0.5888888888888889 0.940625 0.5888888888888889 0.94140625 0.5875 0.94765625 0.5819444444444445 0.9484375 0.5805555555555556 0.95390625 0.5694444444444444 0.95390625 0.5680555555555555 0.95390625 0.5458333333333334 0.953125 0.5444444444444444 0.95078125 0.5375 0.95 0.5375 0.94140625 0.5263888888888889 0.940625 0.5263888888888889 0.934375 0.5222222222222223 0.93359375 0.5222222222222223 0.92578125 0.5222222222222223 0.92109375 0.525 0.9203125 0.5263888888888889 0.91640625 0.5319444444444444
3 0.87578125 0.5499999999999999 0.875 0.5513888888888888 0.87265625 0.5569444444444445 0.87265625 0.5583333333333333 0.87109375 0.5638888888888889 0.87109375 0.5652777777777778 0.871875 0.5861111111111111 0.87265625 0.5875 0.87578125 0.5958333333333333 0.8765625 0.5958333333333333 0.88046875 0.6013888888888889 0.88125 0.6013888888888889 0.89140625 0.6069444444444444 0.8921875 0.6069444444444444 0.9 0.6055555555555556 0.90078125 0.6041666666666666 0.9046875 0.6 0.90546875 0.5986111111111112 0.9109375 0.5875 0.9109375 0.5861111111111111 0.91171875 0.5777777777777777 0.9109375 0.5763888888888888 0.90859375 0.5555555555555556 0.9078125 0.5541666666666667 0.90625 0.5486111111111112 0.90546875 0.5486111111111112 0.90078125 0.5416666666666666 0.9 0.5416666666666666 0.89609375 0.5388888888888889 0.8953125 0.5388888888888889 0.88828125 0.5388888888888889 0.88046875 0.5444444444444444 0.8796875 0.5458333333333334 0.87578125 0.5499999999999999
3 0.64296875 0.5819444444444445 0.64375 0.5819444444444445 0.64609375 0.5833333333333334 0.646875 0.5819444444444445 0.6515625 0.5805555555555556 0.65234375 0.5791666666666666 0.65546875 0.5736111111111112 0.65546875 0.5722222222222222 0.6546875 0.5666666666666667 0.65390625 0.5666666666666667 0.6390625 0.5638888888888889 0.6390625 0.5736111111111112 0.63984375 0.5750000000000001 0.64296875 0.5819444444444445
3 0.6375 0.6208333333333333 0.63828125 0.6222222222222222 0.64375 0.623611111111111 0.64453125 0.6222222222222222 0.64765625 0.6180555555555556 0.64765625 0.6166666666666666 0.65 0.6097222222222222 0.65 0.6083333333333334 0.65 0.6055555555555556 0.64921875 0.6041666666666666 0.64375 0.5944444444444444 0.64296875 0.5944444444444444 0.63828125 0.5944444444444444 0.6359375 0.6 0.6359375 0.6013888888888889 0.6375 0.6208333333333333
3 0.3125 0.16805555555555554 0.31171875 0.16944444444444445 0.30078125 0.1847222222222222 0.30078125 0.18611111111111112 0.3015625 0.19444444444444445 0.30234375 0.19583333333333333 0.30859375 0.20555555555555555 0.30859375 0.20694444444444446 0.30859375 0.2097222222222222 0.309375 0.2097222222222222 0.33046875 0.2152777777777778 0.33125 0.21666666666666665 0.334375 0.21944444444444444 0.33515625 0.21944444444444444 0.34140625 0.21944444444444444 0.3421875 0.22083333333333335 0.34296875 0.2236111111111111 0.34375 0.2236111111111111 0.34609375 0.225 0.34609375 0.2236111111111111 0.3453125 0.21805555555555556 0.34609375 0.21666666666666665 0.346875 0.2097222222222222 0.34609375 0.20833333333333334 0.34453125 0.19722222222222222 0.34375 0.19722222222222222 0.3390625 0.1902777777777778 0.3390625 0.18888888888888888 0.33671875 0.175 0.3359375 0.1736111111111111 0.33046875 0.1652777777777778 0.3296875 0.1652777777777778 0.32265625 0.1638888888888889 0.321875 0.1652777777777778 0.31640625 0.16805555555555554 0.315625 0.16666666666666666 0.3140625 0.1625 0.31328125 0.1625 0.3125 0.1625 0.3109375 0.1638888888888889 0.31171875 0.1652777777777778 0.3125 0.16805555555555554
3 0.434375 0.7583333333333334 0.43515625 0.7597222222222222 0.43671875 0.7666666666666666 0.4375 0.7666666666666666 0.4390625 0.7694444444444444 0.43984375 0.7694444444444444 0.446875 0.7708333333333334 0.446875 0.7694444444444444 0.45078125 0.7597222222222222 0.45078125 0.7583333333333334 0.4515625 0.7472222222222222 0.45078125 0.7458333333333333 0.44765625 0.7375 0.446875 0.7375 0.44453125 0.7347222222222222 0.44375 0.7347222222222222 0.44140625 0.7347222222222222 0.43515625 0.7430555555555556 0.43515625 0.7444444444444445 0.434375 0.7583333333333334
3 0.45 0.7638888888888888 0.44921875 0.7652777777777778 0.446875 0.7708333333333334 0.446875 0.7722222222222223 0.4484375 0.7777777777777778 0.44921875 0.7777777777777778 0.45703125 0.7763888888888888 0.4578125 0.775 0.46015625 0.7666666666666666 0.46015625 0.7652777777777778 0.459375 0.7527777777777778 0.45859375 0.751388888888889 0.453125 0.75 0.4515625 0.7527777777777778 0.4515625 0.7541666666666667 0.45 0.7638888888888888
3 0.4453125 0.7305555555555556 0.44609375 0.7319444444444444 0.45234375 0.7472222222222222 0.453125 0.7472222222222222 0.45703125 0.7472222222222222 0.4578125 0.7458333333333333 0.46171875 0.7375 0.46171875 0.7361111111111112 0.46171875 0.7236111111111112 0.4609375 0.7222222222222222 0.459375 0.7180555555555556 0.45859375 0.7180555555555556 0.4546875 0.7138888888888888 0.45390625 0.7138888888888888 0.4515625 0.7138888888888888 0.4453125 0.7222222222222222 0.4453125 0.7236111111111112 0.4453125 0.7305555555555556
3 0.428125 0.7722222222222223 0.428125 0.7736111111111111 0.42890625 0.7847222222222222 0.4296875 0.7861111111111112 0.434375 0.7916666666666666 0.43515625 0.7916666666666666 0.440625 0.7916666666666666 0.44140625 0.7902777777777777 0.44375 0.7888888888888889 0.44453125 0.7875 0.44609375 0.7833333333333333 0.44609375 0.7819444444444444 0.44609375 0.7736111111111111 0.4453125 0.7722222222222223 0.4390625 0.7694444444444444 0.43828125 0.7680555555555556 0.43359375 0.7638888888888888 0.43125 0.7652777777777778 0.43046875 0.7666666666666666 0.428125 0.7722222222222223
3 0.41875 0.7236111111111112 0.41875 0.725 0.41796875 0.7388888888888888 0.41875 0.7402777777777778 0.4203125 0.7472222222222222 0.42109375 0.7472222222222222 0.42578125 0.751388888888889 0.4265625 0.751388888888889 0.4296875 0.751388888888889 0.43046875 0.75 0.434375 0.7472222222222222 0.434375 0.7458333333333333 0.43671875 0.7388888888888888 0.43671875 0.7375 0.43671875 0.7277777777777777 0.4359375 0.7263888888888889 0.4328125 0.7180555555555556 0.43203125 0.7180555555555556 0.42578125 0.7152777777777778 0.421875 0.7180555555555556 0.42109375 0.7194444444444444 0.41875 0.7236111111111112
3 0.43984375 0.6138888888888888 0.43984375 0.6152777777777778 0.440625 0.6291666666666667 0.44140625 0.6305555555555555 0.4421875 0.6347222222222222 0.44296875 0.6361111111111112 0.44921875 0.6458333333333334 0.45 0.6458333333333334 0.459375 0.6458333333333334 0.46015625 0.6444444444444444 0.46484375 0.6402777777777778 0.465625 0.6388888888888888 0.46875 0.6305555555555555 0.46875 0.6291666666666667 0.46875 0.6138888888888888 0.46796875 0.6125 0.45546875 0.5958333333333333 0.4546875 0.5958333333333333 0.4484375 0.5958333333333333 0.44375 0.6027777777777777 0.44375 0.6041666666666666 0.43984375 0.6138888888888888
3 0.45078125 0.5541666666666667 0.45 0.5555555555555556 0.4484375 0.5583333333333333 0.4484375 0.5597222222222222 0.44609375 0.5708333333333333 0.44609375 0.5722222222222222 0.446875 0.5805555555555556 0.44765625 0.5819444444444445 0.45 0.5888888888888889 0.45078125 0.5888888888888889 0.4578125 0.5958333333333333 0.45859375 0.5958333333333333 0.46484375 0.5972222222222222 0.465625 0.5958333333333333 0.4703125 0.5930555555555556 0.4703125 0.5916666666666667 0.47578125 0.5805555555555556 0.47578125 0.5791666666666666 0.47734375 0.5722222222222222 0.4765625 0.5708333333333333 0.47578125 0.5652777777777778 0.475 0.5638888888888889 0.46875 0.5527777777777778 0.46796875 0.5527777777777778 0.4578125 0.5513888888888888 0.4546875 0.5541666666666667 0.45390625 0.5541666666666667 0.45078125 0.5541666666666667
3 0.42890625 0.5819444444444445 0.42890625 0.5833333333333334 0.42265625 0.6055555555555556 0.42265625 0.6069444444444444 0.4234375 0.6111111111111112 0.42421875 0.6111111111111112 0.42578125 0.6138888888888888 0.4265625 0.6138888888888888 0.43515625 0.6208333333333333 0.4359375 0.6194444444444445 0.43828125 0.6180555555555556 0.43828125 0.6166666666666666 0.446875 0.5944444444444444 0.446875 0.5930555555555556 0.446875 0.5847222222222223 0.44609375 0.5833333333333334 0.44453125 0.5708333333333333 0.44375 0.5694444444444444 0.43828125 0.5680555555555555 0.43203125 0.5750000000000001 0.43203125 0.5763888888888888 0.42890625 0.5819444444444445
3 0.41015625 0.5222222222222223 0.41015625 0.5236111111111111 0.4109375 0.5388888888888889 0.41171875 0.5402777777777777 0.4125 0.5444444444444444 0.41328125 0.5458333333333334 0.41875 0.5541666666666667 0.41953125 0.5541666666666667 0.4234375 0.5541666666666667 0.42421875 0.5527777777777778 0.4296875 0.5472222222222223 0.43046875 0.5458333333333334 0.440625 0.5291666666666667 0.440625 0.5277777777777778 0.440625 0.5180555555555556 0.43984375 0.5166666666666666 0.43828125 0.5083333333333333 0.4375 0.5083333333333333 0.43125 0.5027777777777778 0.43046875 0.5027777777777778 0.42265625 0.5027777777777778 0.4140625 0.5111111111111112 0.41328125 0.5125000000000001 0.41015625 0.5222222222222223
3 0.35 0.5736111111111112 0.35 0.5750000000000001 0.34921875 0.5861111111111111 0.35 0.5875 0.35234375 0.5944444444444444 0.353125 0.5944444444444444 0.359375 0.5944444444444444 0.36015625 0.5930555555555556 0.36484375 0.5847222222222223 0.36484375 0.5833333333333334 0.3640625 0.5722222222222222 0.36328125 0.5708333333333333 0.36015625 0.5666666666666667 0.35390625 0.5680555555555555 0.353125 0.5694444444444444 0.35 0.5736111111111112
3 0.33984375 0.6111111111111112 0.33984375 0.6125 0.33984375 0.6166666666666666 0.340625 0.6180555555555556 0.34453125 0.623611111111111 0.3453125 0.623611111111111 0.35078125 0.6222222222222222 0.3515625 0.6208333333333333 0.3578125 0.6125 0.3578125 0.6111111111111112 0.3578125 0.5972222222222222 0.35703125 0.5972222222222222 0.3515625 0.5944444444444444 0.35078125 0.5930555555555556 0.3484375 0.5861111111111111 0.34765625 0.5916666666666667 0.346875 0.5930555555555556 0.33984375 0.6111111111111112
3 0.3765625 0.6555555555555556 0.37734375 0.6569444444444444 0.3796875 0.6680555555555556 0.38046875 0.6694444444444444 0.38203125 0.6708333333333334 0.3828125 0.6694444444444444 0.3875 0.6625 0.38828125 0.6625 0.390625 0.6611111111111112 0.390625 0.6597222222222222 0.390625 0.6472222222222223 0.38984375 0.6458333333333334 0.38671875 0.6430555555555556 0.3859375 0.6430555555555556 0.38046875 0.6430555555555556 0.37734375 0.6458333333333334 0.37734375 0.6472222222222223 0.3765625 0.6555555555555556
3 0.1984375 0.5597222222222222 0.19765625 0.5611111111111111 0.196875 0.5638888888888889 0.19765625 0.5638888888888889 0.2 0.5666666666666667 0.20078125 0.5666666666666667 0.20625 0.5666666666666667 0.20703125 0.5652777777777778 0.209375 0.5625 0.209375 0.5611111111111111 0.21171875 0.5499999999999999 0.2109375 0.5486111111111112 0.209375 0.5444444444444444 0.20859375 0.5444444444444444 0.2078125 0.5444444444444444 0.20234375 0.5569444444444445 0.2015625 0.5569444444444445 0.1984375 0.5597222222222222
3 0.18515625 0.5861111111111111 0.1859375 0.5875 0.1890625 0.5916666666666667 0.18984375 0.5916666666666667 0.19453125 0.5930555555555556 0.1953125 0.5916666666666667 0.2 0.5847222222222223 0.2 0.5833333333333334 0.203125 0.5763888888888888 0.20234375 0.5750000000000001 0.2015625 0.5708333333333333 0.20078125 0.5708333333333333 0.19296875 0.5680555555555555 0.18671875 0.5736111111111112 0.18671875 0.5750000000000001 0.18515625 0.5861111111111111
1 0.527265625 0.34694444444444444 0.572734375 0.2544444444444445 0.6129687500000001 0.18597222222222223 0.60015625 0.1723611111111111 0.52171875 0.3013888888888889 0.510234375 0.3013888888888889 0.5015625 0.2870833333333333 0.5015625 0.2834722222222222 0.47796875 0.1872222222222222 0.446015625 0.20319444444444446 0.476953125 0.35625 0.51375 0.5159722222222223 0.5484375 0.5073611111111112 0.549453125 0.5073611111111112 0.5220312500000001 0.3605555555555555 0.527265625 0.34694444444444444
1 0.359296875 0.14402777777777778 0.33671875 0.165 0.379453125 0.2834722222222222 0.41062499999999996 0.3883333333333333 0.43359375 0.3686111111111111 0.412421875 0.2926388888888889 0.406796875 0.26805555555555555 0.43109375 0.15819444444444444 0.4228125 0.1248611111111111 0.405078125 0.20569444444444443 0.3975 0.22236111111111112 0.39328125 0.22236111111111112 0.37453125000000004 0.1852777777777778 0.359296875 0.14402777777777778
1 0.915234375 0.41875 0.9287500000000001 0.39111111111111113 0.921796875 0.375 0.91 0.3970833333333333 0.907578125 0.39888888888888885 0.90296875 0.3973611111111111 0.88453125 0.3473611111111111 0.8792187499999999 0.35 0.88421875 0.36930555555555555 0.8877343750000001 0.3734722222222222 0.8875 0.37625 0.898046875 0.41208333333333336 0.89828125 0.41694444444444445 0.8878125 0.43986111111111115 0.896484375 0.4504166666666667 0.915234375 0.41875
0 0.5328125 0.43013888888888885 0.5007812500000001 0.4498611111111111 0.51671875 0.5234722222222222 0.5171875 0.5395833333333333 0.512578125 0.5445833333333333 0.5083593750000001 0.5458333333333334 0.478515625 0.5287499999999999 0.466484375 0.5258333333333334 0.45265625000000004 0.5268055555555556 0.43609375 0.5390277777777778 0.4215625 0.5527777777777778 0.403125 0.6201388888888888 0.41515625 0.6256944444444444 0.42765625 0.585 0.42835937500000004 0.5791666666666666 0.434609375 0.5675 0.4428125 0.5583333333333333 0.44742187499999997 0.5551388888888888 0.463203125 0.5522222222222223 0.48359375 0.5575 0.49742187499999996 0.5656944444444444 0.5321875 0.6066666666666666 0.5558593749999999 0.6756944444444444 0.55703125 0.6756944444444444 0.586171875 0.6452777777777777 0.5328125 0.43013888888888885
0 0.57375 0.7302777777777778 0.556484375 0.7495833333333333 0.584140625 0.8086111111111111 0.58421875 0.8198611111111112 0.5689062500000001 0.8236111111111112 0.561484375 0.8280555555555557 0.55765625 0.855 0.55765625 0.8969444444444444 0.560390625 0.9425 0.57234375 0.9356944444444445 0.568125 0.8580555555555556 0.57234375 0.8416666666666667 0.576015625 0.8406944444444444 0.60140625 0.8533333333333333 0.63734375 0.9066666666666667 0.637890625 0.90625 0.639765625 0.9006944444444445 0.57375 0.7302777777777778
0 0.909765625 0.45749999999999996 0.924375 0.4643055555555556 0.923828125 0.49125 0.9274218750000001 0.49263888888888885 0.929609375 0.4583333333333333 0.908046875 0.4513888888888889 0.9020312500000001 0.45249999999999996 0.89828125 0.4559722222222222 0.895859375 0.455 0.89515625 0.44902777777777775 0.9069531249999999 0.43041666666666667 0.8967968749999999 0.4190277777777778 0.867734375 0.47152777777777777 0.86796875 0.4723611111111111 0.87546875 0.48541666666666666 0.8879687500000001 0.46875 0.894296875 0.46763888888888894 0.909765625 0.45749999999999996