2 0 0.5358516527777778 0.005681215277777778 0.5625796712962963 0.2592716203703704 0.5010896805555556 0.30861613425925927 0.48005829398148153 0.5720175856481481 0.4059400162037037 0.6980856273148148 0.34839333796296296 0.5940526458333333 0.3579665833333333 0.3250545833333333 0.43982382870370373 0.3193856319444444 0.44254633796296294 0.2137592361111111 0.4760200300925926 0.0007906111111111112 0.5268788356481482 0 0.5267529050925925 0 0.5358516527777778
2 0.7555060648148149 0.3246070462962963 0.8331436018518518 0.30107608564814814 0.8317909722222223 0.30072463194444443 0.8418943958333333 0.2894718634259259 0.8553837777777779 0.2914766990740741 0.8543722546296296 0.2927300185185185 0.9587892407407408 0.2635867824074074 0.9587080254629629 0.26320469444444444 0.9544272662037038 0.2330450277777778 0.9263247060185186 0.24245283564814815 0.9029326736111111 0.2666737222222222 0.8616936550925927 0.27440103240740743 0.8287816550925926 0.2631862523148148 0.7484122800925925 0.2852212523148148 0.6154614837962963 0.3411159606481482 0.7555060648148149 0.3246070462962963
2 1 0.5686672384259259 0.9611463564814814 0.5719444398148148 0.7885116944444444 0.5754130000000001 0.775990962962963 0.5859815300925926 0.8879152569444444 0.5808010810185186 0.939433351851852 0.5813519027777778 1 0.5785984537037037 1 0.5686672384259259
3 0.5173803865740741 0.5082862384259259 0.516021849537037 0.5085750046296296 0.4951564814814815 0.5106139652777778 0.49379794212962963 0.5109027314814815 0.4695066828703704 0.5168647013888888 0.4683105763888889 0.5179176458333333 0.4536915162037037 0.5226224305555556 0.4524954097222222 0.5236753726851852 0.43836364120370375 0.5306726921296296 0.43716753472222225 0.5317256342592592 0.41993473842592594 0.5441743194444444 0.4185762013888889 0.5444630856481482 0.40852004861111113 0.5505941041666667 0.40732394212962963 0.5516470486111111 0.3857940092592593 0.5706000416666667 0.3859564421296296 0.5713642175925926 0.3805074490740741 0.5924900277777778 0.3806698796296296 0.5932542060185185 0.38294391203703704 0.6039526944444444 0.38446488194444445 0.6044281064814814 0.3923355 0.6147357083333334 0.3938564699074074 0.6152111203703704 0.40178617824074075 0.6191165347222223 0.40314471759259257 0.6188277685185185 0.4102622708333334 0.6189122916666667 0.41042470138888887 0.6196764699074074 0.419712949074074 0.6232931180555555 0.42107148842592595 0.6230043518518519 0.4330768101851852 0.6260434652777778 0.43443534953703705 0.6257546990740741 0.4489953194444445 0.6274521041666666 0.45035385648148146 0.627163337962963 0.48170357870370367 0.6276880810185185 0.4830621180555556 0.6273993148148148 0.5034401921296296 0.6230678217592592 0.5046363009259259 0.6220148773148148 0.5177343912037037 0.6168346805555556 0.5189304976851852 0.6157817361111112 0.5291490810185185 0.6104148958333333 0.5303451874999999 0.6093619513888889 0.5514911666666666 0.5952827916666666 0.552687275462963 0.5942298472222222 0.565682025462963 0.5818832847222223 0.5655195925925925 0.5811191087962962 0.570687974537037 0.5720334976851852 0.5705255439814815 0.5712693194444444 0.5718398310185185 0.557412 0.5730359398148148 0.5563590555555555 0.5800501527777778 0.549277212962963 0.5798877222222222 0.5485130347222222 0.5847312407407407 0.5378990694444444 0.5845688101851851 0.5371348912037037 0.5819699143518519 0.5249080462962963 0.5732280486111111 0.5171817453703704 0.5717070810185185 0.5167063333333334 0.5652983402777777 0.5132763310185186 0.5637773726851852 0.5128009189814815 0.5502510787037037 0.5092863935185185 0.5488925393518519 0.5095751597222222 0.5329740324074074 0.5081665208333334 0.5316154930555556 0.508455287037037 0.5173803865740741 0.5082862384259259
3 0.3954659398148148 0.6428236412037037 0.38405125 0.6492434282407408 0.38421368055555555 0.6500076064814815 0.39181852777777776 0.6523846643518518 0.39453560416666666 0.6518071296296296 0.4018155902777778 0.6526558333333333 0.4045326666666667 0.652078300925926 0.40893314351851856 0.6527403564814814 0.4116502199074074 0.652162824074074 0.4189302037037037 0.6530115277777777 0.4216472824074074 0.6524339953703704 0.42604775925925925 0.6530960509259259 0.4287648356481481 0.6525185185185185 0.43452384953703704 0.6528918101851852 0.43604481944444445 0.6533672222222222 0.43255983796296293 0.6636924189814815 0.4268008240740741 0.6633191296296296 0.4227252083333333 0.6641854282407408 0.4212042384259259 0.6637100162037037 0.4171286226851852 0.6645763148148148 0.4156076550925926 0.6641009027777778 0.41153203935185184 0.6649672013888889 0.4100110694444445 0.6644917916666666 0.4059354560185185 0.6653580902777777 0.4044144861111111 0.6648826782407407 0.40033887037037036 0.6657489768518519 0.39881790046296295 0.6652735648148149 0.39474228703703707 0.6661398634259259 0.3861037638888889 0.6655799282407407 0.37914864120370373 0.6662595810185186 0.3747481643518519 0.6655975231481482 0.36355499537037034 0.6663792986111111 0.3584457037037037 0.6690627199074074 0.35637835185185185 0.672696962962963 0.3539861365740741 0.6748028518518518 0.3543109976851852 0.6763312060185185 0.3531148912037037 0.677384150462963 0.3534397523148148 0.6789125069444445 0.35224364583333334 0.6799654513888889 0.35256850694444447 0.6814938055555556 0.35050115509259255 0.6851280486111112 0.35212546527777777 0.6927698287037037 0.3565259421296296 0.6934318842592592 0.3785874166666667 0.6903399814814816 0.38586740277777776 0.6911886828703703 0.392822525462963 0.6905090300925926 0.39722300231481483 0.6911710856481482 0.4026571550925926 0.6900160208333334 0.4038532615740741 0.6889630763888889 0.4106459537037037 0.6875192453703703 0.4118420625 0.6864663032407408 0.41591767592592593 0.6856000023148148 0.4303152152777778 0.6865332291666667 0.440962 0.689861111111111 0.44232053935185184 0.6895723449074075 0.44992538657407405 0.6919494027777778 0.45345461805555554 0.6951927592592592 0.45649655555555557 0.6961435833333334 0.45986335648148147 0.698622761574074 0.4601882175925926 0.7001511157407407 0.4617091875 0.7006265277777778 0.46219648148148146 0.7029190625 0.4637174513888889 0.7033944745370371 0.46664120833333333 0.717149673611111 0.46544510185185184 0.7182026180555555 0.4659323935185185 0.7204951504629629 0.464736287037037 0.7215480949074075 0.4657108726851852 0.726133162037037 0.4645147662037037 0.7271861064814815 0.46500205787037036 0.7294786388888889 0.46771913425925926 0.7289011064814815 0.4714698888888889 0.7265064537037037 0.4767416111111111 0.7245872106481482 0.4827221481481481 0.7193224907407407 0.4891899768518519 0.7163503032407407 0.5126248310185185 0.6929988888888888 0.5122999675925926 0.6914705324074073 0.5207318101851852 0.6776977361111111 0.5195947939814816 0.6723484907407408 0.520790900462963 0.6712955486111112 0.5199787453703704 0.6674746574074073 0.5152534050925927 0.6652842453703703 0.5173059861111111 0.6632505486111112 0.5092877083333334 0.6505782222222223 0.5086379861111111 0.647521511574074 0.5002209837962963 0.6413235648148148 0.4998961203703704 0.6397952083333333 0.49652932175925923 0.6373160300925925 0.49348738194444447 0.6363652060185184 0.49164155092592593 0.6343614398148149 0.4885996111111111 0.6334106157407406 0.4867537800925926 0.6314068495370371 0.47914893287037036 0.6290297916666666 0.4618718888888889 0.6279099189814815 0.4521996875 0.6291671041666667 0.45067871990740743 0.6286916921296296 0.4423650578703704 0.629660113425926 0.43660604398148145 0.6292868217592592 0.4325304282407408 0.6301531203703704 0.4296509212962963 0.629966474537037 0.4284548125 0.6310194189814815 0.4243791967592593 0.6318857175925926 0.4231830902777778 0.6329386620370371 0.41639039814814816 0.6343824930555556 0.40872646296296294 0.638407625 0.4046508472222222 0.6392739236111111 0.3995415555555556 0.6419573425925926 0.3954659398148148 0.6428236412037037
3 0.28818566203703705 0.6792047314814815 0.28698955555555555 0.6802576736111111 0.2787792361111111 0.6883924606481481 0.27894166666666664 0.6891566388888889 0.26915128703703706 0.7032182013888888 0.2693137175925926 0.7039823796296296 0.2717501828703704 0.7154450462962963 0.27327115046296296 0.7159204583333334 0.2754418449074074 0.7194525810185185 0.27680038425925924 0.7191638148148148 0.2866350138888889 0.7186708078703703 0.28799355092592593 0.7183820416666667 0.3217945787037037 0.7103987060185185 0.32299068750000004 0.7093457638888888 0.33462689814814817 0.6972879675925926 0.3359854351851852 0.6969992013888889 0.3477249884259259 0.6921077708333334 0.3475625578703704 0.6913435925925926 0.34833046064814815 0.6815959259259259 0.34952656944444443 0.6805429837962963 0.3557286273148148 0.6696402523148147 0.35556619675925927 0.668876074074074 0.35524133333333335 0.6673477175925926 0.34068136574074076 0.6656503148148148 0.3393228263888889 0.6659390810185185 0.31101504166666666 0.6663651597222222 0.30981893518518516 0.6674181041666666 0.3030262430555556 0.6688619351851851 0.30183013657407404 0.6699148796296297 0.2992754907407407 0.6712565902777777 0.2980793842592593 0.6723095347222222 0.28818566203703705 0.6792047314814815
3 0.44719508333333335 0.2716129537037037 0.4473575138888889 0.27237713194444446 0.448332099537037 0.2769621990740741 0.4498530694444444 0.2774376111111111 0.4560993773148148 0.28010343518518516 0.4574579166666667 0.2798146689814815 0.46457546990740745 0.27989919444444444 0.4657715763888889 0.27884625 0.48327014351851855 0.2743281111111111 0.4844662523148148 0.2732751666666667 0.48925068055555554 0.2690633912037037 0.48908825 0.26829921296296294 0.4876263703703704 0.2614216111111111 0.4780132615740741 0.25627660879629627 0.4766547222222222 0.256565375 0.4736127847222222 0.2556145532407407 0.47225424537037036 0.25590331944444444 0.4627444768518519 0.25792468287037035 0.46154837037037033 0.25897762731481483 0.44926243518518516 0.26797871064814816 0.44942486574074075 0.2687428888888889 0.44719508333333335 0.2716129537037037
3 0.43767047453703706 0.2936050625 0.43902901157407404 0.2933162962962963 0.4456592731481482 0.29110828703703706 0.4454968425925926 0.2903441087962963 0.4457183634259259 0.28470609953703707 0.4408305925925926 0.28175150925925924 0.4394720555555555 0.28204027546296295 0.42931256250000005 0.2810049259259259 0.42795402546296296 0.2812936921296296 0.4221359189814815 0.2873225902777778 0.42229834953703704 0.2880867685185185 0.42615244444444444 0.29285848148148147 0.42767341203703707 0.2933338935185185 0.43767047453703706 0.2936050625
3 0.848729375 0.8380063356481481 0.8475332685185185 0.8390592800925926 0.8382892708333333 0.8490111874999999 0.8384517037037037 0.8497753657407408 0.8436052453703703 0.8606605 0.8451262129629629 0.8611359120370371 0.8503388449074074 0.8656188564814814 0.8518598148148149 0.8660942685185185 0.8687529097222223 0.872087974537037 0.8701114467592593 0.8717992083333334 0.8729909560185185 0.8719858541666666 0.8743494930555555 0.871697087962963 0.8933690300925926 0.8676543587962963 0.894565136574074 0.8666014166666666 0.9011953981481482 0.8643934074074074 0.9023915046296296 0.863340462962963 0.9086969050925927 0.8596040972222222 0.9085344722222223 0.8588399212962963 0.9128316087962963 0.8523356111111111 0.9126691782407407 0.8515714328703703 0.9126249282407407 0.8380028773148148 0.9050200810185186 0.8356258194444445 0.9036615416666666 0.8359145856481481 0.8899137291666667 0.8380380694444445 0.8883927592592592 0.8375626597222222 0.8779084050925926 0.8349989560185185 0.8765498657407407 0.8352877222222221 0.8567181736111111 0.8355095601851852 0.855359636574074 0.835798326388889 0.848729375 0.8380063356481481
3 0.7874327199074074 0.8502366388888889 0.7862366111111112 0.8512895833333333 0.7811273217592593 0.8539730023148148 0.7812897523148149 0.8547371805555556 0.7778638611111112 0.8586601898148147 0.7780262916666666 0.8594243680555556 0.776283800925926 0.8645869675925927 0.7764462314814815 0.8653511458333334 0.7780705416666666 0.8729929236111111 0.779591511574074 0.8734683356481482 0.7817622060185185 0.8770004583333333 0.7832831736111111 0.8774758703703703 0.7881709444444445 0.8804304606481481 0.7896919143518518 0.8809058726851852 0.8098484675925925 0.8822123888888889 0.8112070069444444 0.8819236226851851 0.8207167731481482 0.8799022592592592 0.8219128819444445 0.8788493148148149 0.8309353564814814 0.8745354189814815 0.8321314652777778 0.873482474537037 0.8357197870370371 0.8703236412037036 0.8355573541666667 0.869559462962963 0.8408881666666667 0.8612380324074074 0.8407257361111111 0.8604738541666666 0.8397511504629629 0.8558887870370371 0.8360594884259259 0.8518812523148148 0.8345385185185186 0.8514058425925926 0.8298131805555555 0.8492154282407407 0.8284546412037037 0.8495041944444445 0.8167741805555556 0.8479934351851852 0.8154156412037037 0.848282201388889 0.794225412037037 0.8487928078703704 0.7928668726851852 0.8490815740740741 0.7874327199074074 0.8502366388888889
3 0.039307375 0.7241184074074073 0.03946980555555556 0.7248825856481481 0.040060439814814816 0.7343414861111112 0.04141897916666667 0.7340527199074074 0.04989507175925926 0.7338484768518518 0.0512536087962963 0.7335597106481481 0.061959483796296295 0.7304854027777778 0.06348045370370371 0.7309608148148149 0.07211897685185185 0.7315207499999999 0.0734775162037037 0.7312319837962963 0.07891166898148148 0.7300769189814815 0.08010777546296295 0.729023974537037 0.08592588194444445 0.7229950763888888 0.08576345138888888 0.722230900462963 0.08734350925925927 0.7163041226851852 0.08348941666666666 0.7115324097222222 0.08196844675925927 0.7110569976851852 0.07268019907407408 0.7074403518518518 0.07132166203703703 0.7077291180555555 0.05654017129629629 0.711669724537037 0.05534406481481482 0.7127226689814814 0.0488762337962963 0.7156948541666667 0.047680127314814816 0.716747798611111 0.039307375 0.7241184074074073
3 0.011147719907407407 0.5983178333333333 0.012506259259259259 0.5980290671296297 0.03848091898148148 0.5933066875 0.03967702546296296 0.5922537430555556 0.046307287037037036 0.5900457337962963 0.04750339351851852 0.5889927893518518 0.054842469907407404 0.5834393032407408 0.05468003703703704 0.582675125 0.05810592824074074 0.5787521157407407 0.05794349768518518 0.5779879375 0.05784015740740741 0.5708215717592593 0.04936406481481481 0.5710258125000001 0.0478430949074074 0.5705504027777778 0.029591462962962962 0.564845462962963 0.02942903240740741 0.5640812847222222 0.025899800925925923 0.5608379282407407 0.024541261574074075 0.5611266944444444 0.004488048611111111 0.5669865439814815 0.004650481481481482 0.5677507222222222 0.011147719907407407 0.5983178333333333
3 0.08242659953703704 0.6063294444444445 0.08378513657407408 0.6060406782407407 0.09193636574074074 0.6043080810185185 0.09313247453703705 0.6032551365740741 0.0970456574074074 0.601624662037037 0.09688322685185186 0.6008604837962963 0.09911301157407407 0.5979904166666666 0.09509648611111111 0.5924545277777779 0.09373794675925927 0.5927432939814815 0.09221697916666667 0.5922678819444445 0.09102087037037038 0.5933208263888888 0.07824764351851853 0.6000293773148149 0.07705153472222222 0.6010823217592592 0.07498418287037037 0.6047165648148147 0.07650515277777778 0.6051919768518518 0.08242659953703704 0.6063294444444445
3 0.07870633101851851 0.34834025 0.08174827083333333 0.3492910717592593 0.08359410185185184 0.35129484027777774 0.08663604166666666 0.35224566203703706 0.09320721064814814 0.3564398425925926 0.09880379629629629 0.35604895601851855 0.09896622685185186 0.35681313425925926 0.09999990277777779 0.35499601157407407 0.09918774768518518 0.3511751226851852 0.10622851157407408 0.3522344143518519 0.11245711805555555 0.3494728148148148 0.11396923842592592 0.3472345162037037 0.11549020833333333 0.34770992824074076 0.1159775 0.35000246064814816 0.11749846990740741 0.3504778726851852 0.11950673148148148 0.3532458171296296 0.12222380787037038 0.3526682847222222 0.1324423912037037 0.34730144444444444 0.12491433564814815 0.3439496203703704 0.13114294444444444 0.3411880208333333 0.12962197453703703 0.34071260879629633 0.12897225 0.3376558981481481 0.12424691203703704 0.3354654861111111 0.11082395833333335 0.33911732638888886 0.11228583796296297 0.3459949259259259 0.09766677777777778 0.35069971064814814 0.09620489814814814 0.3438221111111111 0.09468393055555556 0.34334669907407406 0.09387177546296296 0.3395258101851852 0.09082983564814816 0.33857498611111114 0.09066740509259258 0.3378108078703704 0.08659178935185186 0.3386771087962963 0.07870633101851851 0.34834025
3 0 0.5281105671296297 0.006038699074074074 0.5275204675925926 0.007234805555555556 0.5264675231481482 0.02609191203703704 0.5216606180555555 0.027288018518518517 0.520607673611111 0.0419070787037037 0.5159028912037037 0.04310318518518518 0.5148499467592592 0.04196616898148148 0.5095007013888888 0.032899442129629634 0.5002460439814814 0.031378474537037036 0.49977063194444443 0.018236131944444442 0.49138227314814814 0.016715164351851854 0.4909068611111111 0.004872270833333333 0.4886319236111111 0.003513731481481482 0.48892068981481485 0 0.48922037731481477 0 0.5281105671296297
3 0.04655875694444444 0.4709854490740741 0.04536264814814815 0.47203839120370367 0.03236790046296296 0.4843849537037037 0.032530331018518516 0.4851491319444445 0.0361038125 0.5019610439814814 0.03762478240740741 0.5024364560185185 0.047887615740740734 0.5106381689814815 0.04940858333333334 0.5111135810185184 0.05804710648148149 0.5116735185185185 0.05940564583333333 0.5113847523148148 0.08385933564814814 0.5061869583333333 0.08505544212962964 0.5051340138888889 0.08744765740740741 0.5030281273148148 0.08728522685185185 0.5022639490740741 0.08837799305555556 0.49404463888888883 0.08957410185185186 0.4929916944444444 0.0919663148148148 0.49088580555555555 0.09348728472222223 0.4913612175925926 0.09756290046296297 0.49049491898148145 0.09908386805555557 0.49097033101851856 0.10533017824074074 0.4936361550925926 0.10668871527777778 0.49334738888888885 0.11076433101851853 0.4924810902777778 0.1119604375 0.49142814583333333 0.11929951388888889 0.4858746597222222 0.11913708101851851 0.48511048148148145 0.11984589583333333 0.4817650046296296 0.10056058796296297 0.4778771875 0.1003981574074074 0.47711300925925926 0.0923060162037037 0.4724434189814815 0.09078504861111111 0.4719680069444444 0.06612467592592593 0.4628330648148148 0.06476613888888888 0.46312183101851856 0.05541880092592593 0.4659073726851852 0.05422269444444444 0.4669603171296296 0.04655875694444444 0.4709854490740741
1 0.3772313310185185 0.42410083796296294 0.26102309490740744 0.461900400462963 0.2636369652777778 0.4174161064814815 0.2445554259259259 0.4171590138888889 0.24973419444444445 0.3940938842592593 0.204593837962963 0.3948231527777778 0.22008252314814813 0.42627453703703705 0.22455382870370372 0.4412982037037037 0.21759120601851853 0.47400746527777776 0.1026499861111111 0.5030714560185184 0.10080266898148149 0.5030647638888889 0.11049985416666666 0.5339900231481481 0.1089611574074074 0.5354352662037036 0.1950009398148148 0.5160287615740741 0.24510145833333333 0.5085743819444445 0.27543674305555554 0.4996504375 0.32169058796296296 0.47743897453703704 0.3799807592592593 0.4604165347222222 0.3772313310185185 0.42410083796296294
1 0.9511537199074075 0.573030125 0.8622817569444444 0.5724320763888889 0.8602867430555555 0.5810827777777777 0.860558451388889 0.5810250231481482 0.8996710254629631 0.5833341481481481 0.904836412037037 0.5855907662037038 0.913708113425926 0.6233207245370371 0.9240876435185186 0.6207151365740741 0.9176332500000001 0.5836694166666666 0.9245617962962962 0.5821967106481482 0.9520323032407408 0.5825076898148148 0.9511537199074075 0.573030125
0 0.6773706296296297 0.4186096226851852 0.6202660694444445 0.47795095370370366 0.643257826388889 0.48057171759259254 0.686831587962963 0.4384032407407407 0.7076276388888888 0.4126575185185185 0.7058704976851852 0.3863543101851852 0.7006578657407407 0.38187136574074076 0.6913976782407408 0.37705069675925923 0.6610683310185186 0.3779863449074074 0.656701824074074 0.3754800486111111 0.6539626226851851 0.36927330324074076 0.6620739999999999 0.36267708564814816 0.7053685787037037 0.3452478912037037 0.5832005833333334 0.3603531319444444 0.49455591666666665 0.3902172476851852 0.5093579398148148 0.4244503078703704 0.5831797523148148 0.4030083310185186 0.6550700393518518 0.3925198009259259 0.6805426203703704 0.3907794722222222 0.6833778240740741 0.39209371990740743 0.6796506805555557 0.3992755787037037 0.6809250347222222 0.4025988726851852 0.6773706296296297 0.4186096226851852