2 0.44690965046296294 0.7348036527777778 0.4375173958333334 0.6819928032407406 0.42455119907407407 0.4086693263888889 0.3968385787037037 0.2728872175925926 0.38276413425925926 0.3764073495370371 0.40201198379629627 0.6569248842592592 0.4033894791666666 0.6630609722222223 0.41224447453703705 0.7735101111111111 0.41389225462962964 0.9924611064814814 0.41283072916666663 0.9950818680555555 0.44977822453703703 0.9957267893518519 0.44690965046296294 0.7348036527777778
2 0.34238410185185186 0 0.3449559444444445 0.02666646064814815 0.36329399074074076 0.05490747222222222 0.36154648842592596 0.09682780324074074 0.3432155532407407 0.12637349537037038 0.34660662268518516 0.20963980324074075 0.3711613310185185 0.35175665509259263 0.386578712962963 0.21158771064814813 0.3811154976851852 0.1306467037037037 0.3804687777777778 0.13188560416666667 0.3717771898148148 0.11950980787037037 0.37676509259259255 0.10681714814814815 0.3777587476851852 0.10808468287037037 0.3728607638888889 0 0.34238410185185186 0
2 0.6659920995370371 0.14020327314814815 0.6781178541666667 0.09012949305555555 0.693488474537037 0.006357210648148148 0.6844025671296295 0.0031425949074074077 0.6829965324074074 0.0031180532407407407 0.6738358680555556 0.06685677314814814 0.6383811805555555 0.23584707407407407 0.6458622870370371 0.2504243032407408 0.6659920995370371 0.14020327314814815
3 0.5119835995370371 0.48492906944444447 0.5119593587962963 0.4863177476851852 0.509252375 0.5071070023148148 0.5092281365740741 0.5084956805555555 0.5095729560185185 0.5335055069444444 0.5103298472222222 0.5349078194444444 0.5116254768518519 0.5502105393518518 0.5123823680555556 0.5516128518518518 0.5160213888888889 0.5669564768518518 0.5167782800925926 0.5683587893518519 0.5250313680555555 0.5879502523148148 0.5250071296296296 0.5893389305555555 0.5287188680555556 0.6005165231481482 0.5294757592592593 0.6019188356481481 0.5430998078703704 0.6271604513888889 0.5438809398148149 0.6271740856481481 0.5632395393518519 0.6372356944444445 0.5640206689814815 0.6372493287037038 0.5749565046296297 0.6374402152777777 0.575761875 0.636065173611111 0.5875757962962963 0.6307149837962962 0.5883811666666667 0.6293399398148148 0.5939702824074075 0.6224919976851851 0.5939945208333334 0.6211033194444445 0.5956779814814815 0.6141872013888888 0.5964591111111112 0.614200837962963 0.6020724652777778 0.6059642152777778 0.6020967060185185 0.6045755393518518 0.6077585370370371 0.5935615624999999 0.6077827777777778 0.5921728842592593 0.6127119583333334 0.5783679189814814 0.6127361967592593 0.5769792430555556 0.6202996435185185 0.5465510532407407 0.6203238842592592 0.545162375 0.6206874745370371 0.5243322152777777 0.6199305833333333 0.5229299027777778 0.6178295856481482 0.509002224537037 0.6170726944444445 0.5075999143518518 0.6141420856481481 0.4964359560185185 0.6133851944444444 0.49503364351851853 0.6044236921296297 0.4712625115740741 0.603666800925926 0.46986020138888884 0.5945598634259258 0.45442113194444445 0.5937787314814814 0.4544074976851852 0.5860886180555556 0.4473277638888889 0.585307488425926 0.44731412962962963 0.5721009791666667 0.44291630787037034 0.571344087962963 0.4415139953703704 0.5660216064814815 0.43308648842592595 0.5652404768518519 0.43307285416666663 0.5559881018518519 0.4259658518518518 0.5552069699074074 0.4259522175925926 0.542708875 0.4257340625 0.5332141041666666 0.43251383101851854 0.5324087337962963 0.433888875 0.5276249907407408 0.43936177546296296 0.5268196203703703 0.4407368194444444 0.5203524166666667 0.45312583796296296 0.5203281782407407 0.45451451388888886 0.5153747569444445 0.4697081574074074 0.5153505185185185 0.47109683564814814 0.5119835995370371 0.48492906944444447
3 0.6156480347222222 0.6339831875 0.6193355347222222 0.6465494560185185 0.6201166666666666 0.6465630925925926 0.6241435185185185 0.6396878773148148 0.6241919976851852 0.6369105231481482 0.626656587962963 0.6300080416666667 0.6267050671296296 0.6272306851851852 0.6283400462962964 0.6230919236111111 0.628388525462963 0.6203145694444444 0.6308531157407408 0.6134120856481481 0.6309015949074074 0.6106347314814814 0.6325365740740742 0.6064959675925926 0.6325850532407408 0.6037186134259259 0.6342442731481481 0.5981911736111111 0.6350496435185186 0.5968161319444444 0.6443262592592593 0.6025344560185185 0.6426670393518519 0.6080618981481481 0.6425943194444445 0.6122279282407407 0.6417889490740741 0.6136029722222222 0.6417162314814815 0.6177690046296297 0.6409108611111111 0.6191440462962964 0.6408381435185185 0.6233100787037037 0.6400327731481482 0.6246851203703704 0.6399600532407407 0.6288511527777778 0.6391546828703704 0.6302261967592593 0.6390819652777778 0.6343922291666666 0.6382765949074073 0.6357672708333333 0.6382038773148148 0.6399333032407407 0.6357150462962963 0.6482244629629629 0.6348127175925926 0.6551542152777777 0.633177738425926 0.6592929768518518 0.6314215601851851 0.6703751273148149 0.6328868634259259 0.6759571064814814 0.6359629097222222 0.678789 0.6374766921296297 0.6815936226851852 0.6390389537037037 0.6816208935185185 0.6397958472222222 0.6830232037037037 0.6413581087962963 0.683050474537037 0.642115 0.684452787037037 0.6436772615740741 0.6844800555555556 0.6467533078703703 0.6873119490740741 0.6545646180555555 0.6874482962962963 0.6561995972222222 0.6833095324074074 0.6581496898148148 0.6611179652777778 0.6606142800925926 0.6542154814814815 0.6615166087962963 0.6472857291666666 0.6631515902777778 0.6431469675925926 0.663248548611111 0.6375922592592593 0.6624916550925926 0.6361899467592592 0.6626128541666667 0.6292465601851852 0.6618559606481482 0.6278442476851852 0.6619286805555555 0.6236782152777778 0.6660767291666666 0.6098596157407408 0.6717143217592593 0.6002343171296296 0.6717385625 0.598845638888889 0.6757654143518518 0.591970425925926 0.6797195486111112 0.5892612453703704 0.6813302893518518 0.5865111597222222 0.6845032916666667 0.5837883425925926 0.6860655555555555 0.5838156134259259 0.686870925925926 0.5824405694444444 0.6892143171296297 0.582481474537037 0.6900196875 0.5811064305555556 0.7040800462962963 0.5813518564814815 0.7048369375 0.5827541689814815 0.7071803310185186 0.5827950717592593 0.7079372222222223 0.5841973842592593 0.7126240092592592 0.5842791921296296 0.7133809004629629 0.5856815046296296 0.7157242939814815 0.5857224074074074 0.7157727731481481 0.5829450532407408 0.7142832291666666 0.5787517523148148 0.7135990555555556 0.5731834074074074 0.7098145972222222 0.5661718472222222 0.7083735324074074 0.5592011921296296 0.6908923078703704 0.5311140462962963 0.6893300462962962 0.5310867777777778 0.6778069976851852 0.5197728379629629 0.6723390810185186 0.5196773958333333 0.6715821875000001 0.5182750833333333 0.6676765324074074 0.5182069097222223 0.6644792916666666 0.5223184027777777 0.6629594490740741 0.5198609490740741 0.6488081921296297 0.5248230648148149 0.6456836689814814 0.5247685254629629 0.6377511597222223 0.5315755648148148 0.636188898148148 0.5315482962962963 0.6330158958333334 0.534271111111111 0.6314051550925925 0.5370211967592593 0.6290375231481482 0.5383689699074073 0.6274267800925926 0.5411190555555555 0.6250591481481481 0.5424668287037038 0.6210322962962963 0.5493420416666667 0.6160546365740741 0.5659243611111111 0.6151038287037037 0.5756314699074074 0.6142984583333333 0.5770065115740741 0.6133718912037037 0.5853249421296296 0.6117126712962964 0.5908523819444444 0.6116399537037037 0.5950184120370371 0.6108103425925926 0.5977821342592592 0.6115672361111111 0.5991844444444445 0.6114945162037038 0.6033504768518518 0.6122514074074075 0.6047527893518518 0.6121302106481481 0.611696175925926 0.6143281666666667 0.6200691435185185 0.6142554490740741 0.6242351759259259 0.6157207523148147 0.6298171550925926 0.6156480347222222 0.6339831875
3 0.6269638657407407 0.7466978425925925 0.6277207569444444 0.7481001550925925 0.6338001296296296 0.757929974537037 0.634581261574074 0.7579436087962963 0.6460800717592592 0.770646224537037 0.6468612013888888 0.7706598587962963 0.6585781666666667 0.7708643796296296 0.659383537037037 0.769489337962963 0.6633134328703704 0.7681688333333333 0.6633376712962963 0.7667801550925927 0.6650696087962963 0.7570866851851852 0.665093849537037 0.7556980069444444 0.6649187037037038 0.7209674375 0.6641618125000001 0.7195651273148148 0.6550306342592592 0.7055147361111112 0.6550548749999999 0.7041260578703704 0.6529296365740741 0.6915870578703703 0.6521485046296297 0.6915734236111112 0.642823412037037 0.6886324537037036 0.6420665208333333 0.6872301412037037 0.6328383865740741 0.6787344606481481 0.6320572546296297 0.678720826388889 0.6304949930555556 0.6786935555555554 0.6255658125000001 0.6924985208333333 0.6255415717592593 0.6938871990740741 0.6195888657407408 0.7215653032407408 0.6203457569444445 0.7229676157407406 0.6202245601851851 0.7299110023148148 0.6209814513888888 0.7313133148148148 0.6217141041666666 0.7341043032407407 0.6224709953703703 0.7355066157407407 0.6269638657407407 0.7466978425925925
3 0.26558797916666665 0.500075625 0.2663691087962963 0.5000892592592593 0.27105589583333334 0.5001710671296297 0.2718612662037037 0.498796025462963 0.27586387962962966 0.4933094884259259 0.2758881180555556 0.4919208101851852 0.2775715763888889 0.48500469444444444 0.2768146851851852 0.48360238194444444 0.2763486666666667 0.4655359421296296 0.27559177546296293 0.4641336296296296 0.2725642106481481 0.45852438194444445 0.2717830787037037 0.45851074537037034 0.26475290046296296 0.4583880347222222 0.25757728472222224 0.4665973865740741 0.2575530439814815 0.4679860625 0.25594230324074074 0.4707361481481481 0.25591806481481477 0.47212482638888886 0.2557483888888889 0.4818455671296296 0.2565052800925926 0.4832478796296296 0.26251193287037033 0.4972437314814815 0.2632930648148148 0.4972573657407407 0.26558797916666665 0.500075625
3 0.2848738587962963 0.5143032662037037 0.28489809722222226 0.512914587962963 0.28423816435185184 0.5059575671296296 0.28345703240740744 0.5059439305555555 0.2780133564814815 0.5044598124999999 0.2740349814814815 0.5085576689814815 0.27401074305555556 0.5099463472222222 0.27071654166666664 0.519612550925926 0.27069230324074073 0.5210012268518519 0.2752578912037037 0.5280264212962963 0.27603902314814815 0.5280400578703703 0.28155541898148145 0.5253581458333334 0.2823607893518518 0.5239831018518518 0.2848738587962963 0.5143032662037037
3 0.9077902962962964 0.23624341666666668 0.9085471875000001 0.23764572916666665 0.9161645810185185 0.24889149537037036 0.9169457129629629 0.24890512962962963 0.9287111574074074 0.2463322962962963 0.9295165277777777 0.24495725231481483 0.9350571620370371 0.24088666435185185 0.9358625324074075 0.23951162037037038 0.9455027384259259 0.22439978703703703 0.9455269791666666 0.2230111087962963 0.946356587962963 0.2202473888888889 0.9463808287037038 0.21885871064814816 0.9467201805555555 0.19941722916666665 0.9459632893518518 0.19801491666666668 0.9453033541666668 0.19105789583333335 0.9445464629629631 0.18965558333333335 0.9423242685185186 0.18267129166666668 0.9415431365740742 0.18265765740740741 0.9361721782407407 0.17700750462962964 0.9353910462962963 0.17699387037037037 0.922160298611111 0.17398472685185185 0.9181334467592592 0.18085993981481482 0.9181092060185185 0.18224861574074075 0.9170856805555556 0.19612175462962964 0.9162803101851852 0.1974967986111111 0.9114238472222221 0.20713573148148148 0.9113996087962962 0.20852440972222222 0.9071546018518518 0.22789771759259259 0.9071303611111111 0.22928639583333332 0.9077902962962964 0.23624341666666668
3 0.9059183888888889 0.2987202638888889 0.9066752800925926 0.3001225763888889 0.9081405856481481 0.30570455324074075 0.9089217152777778 0.3057181898148148 0.9119735208333333 0.30993875925925923 0.9127546527777777 0.30995239351851855 0.9173929606481481 0.31281155787037035 0.9181740902777777 0.3128251921296296 0.925985400462963 0.3129615393518519 0.9267907708333333 0.31158649537037036 0.9307206666666666 0.3102659930555556 0.931526037037037 0.30889094907407405 0.9355044097222222 0.3047930902777778 0.9363097800925926 0.3034180486111111 0.9421170486111111 0.2840720092592593 0.9421412893518519 0.2826833310185185 0.9423109652777777 0.27296259027777775 0.941554074074074 0.2715602777777778 0.9393803564814815 0.26179863194444447 0.9386234652777778 0.2603963194444444 0.9363527916666667 0.25618938425925925 0.9355716597222222 0.25617575 0.9286626782407408 0.24910965046296296 0.9278815462962963 0.2490960162037037 0.9231947615740741 0.24901420833333335 0.9184594953703703 0.25170975462962963 0.917654125 0.2530847962962963 0.9144568819444444 0.25719628935185185 0.9144326435185185 0.2585849675925926 0.9103330717592593 0.26962621296296296 0.9103088333333333 0.2710148888888889 0.9060395856481482 0.29177687731481483 0.9060153472222223 0.29316555324074073 0.9059183888888889 0.2987202638888889
3 0.6248865671296295 1 0.6248956782407407 0.999478025462963 0.6266033773148147 0.9911732314814815 0.6266276180555556 0.9897845532407408 0.6260404004629629 0.9786615 0.6268457731481482 0.9772864560185185 0.6293346018518519 0.9689952962962963 0.6293588402777778 0.9676066203703704 0.6294557986111111 0.9620519097222222 0.6286989074074074 0.9606495972222222 0.6241333194444444 0.9536244027777777 0.6233521875 0.9536107685185186 0.61793275 0.9507379699074073 0.6124163541666667 0.9534198819444444 0.6116109837962962 0.954794925925926 0.6059976296296297 0.9630315462962963 0.6059733888888889 0.9644202245370371 0.606487886574074 0.9797093101851851 0.6072447777777777 0.9811116226851851 0.6086858425925926 0.9880822777777778 0.6094427337962963 0.9894845902777777 0.614740974537037 0.9993007731481481 0.6155221064814815 0.9993144097222222 0.6196513587962963 1 0.6248865671296295 1
3 0.4858301180555556 0.9984397268518519 0.4858543587962963 0.9970510509259258 0.48709603935185186 0.9706798148148148 0.48633914814814816 0.9692775023148149 0.48567921296296296 0.9623204814814814 0.48492232175925926 0.9609181689814815 0.48116210416666666 0.9525179328703705 0.4803809722222222 0.9525042962962963 0.47732916666666664 0.9482837268518518 0.476548037037037 0.9482700925925925 0.46954209722222223 0.9467587013888888 0.46783439814814815 0.9550634976851852 0.46702902777777777 0.9564385393518519 0.4573645810185185 0.9729390509259259 0.4565834513888889 0.9729254166666667 0.4526293171296296 0.9756345972222222 0.4526050763888889 0.977023275462963 0.45380374768518517 0.9978807060185185 0.4545848796296296 0.9978943402777778 0.4858301180555556 0.9984397268518519
3 0.5096706527777778 0.9307899421296296 0.5096948912037037 0.9294012662037038 0.5098403287037038 0.9210692013888889 0.5090834351851852 0.9196668888888888 0.5083750231481482 0.9154872222222222 0.5075938935185186 0.9154735879629631 0.5052989791666667 0.9126553287037038 0.49900145138888885 0.9153236064814815 0.49897721296296293 0.9167122847222222 0.4981718425925926 0.9180873263888889 0.4989287337962963 0.9194896388888888 0.5025919930555556 0.9334445856481481 0.5033488842592593 0.9348468981481481 0.5064249305555555 0.9376787916666667 0.5072303009259259 0.9363037476851852 0.5096706527777778 0.9307899421296296
3 0.2574568240740741 0.8763799189814814 0.2590675648148148 0.8736298333333333 0.26143519675925925 0.8722820601851852 0.2630459375 0.869531974537037 0.2686108125 0.8640727083333333 0.26948890277777776 0.8585316319444445 0.2702700324074074 0.8585452685185184 0.26873201157407406 0.8571293217592593 0.26482635648148145 0.857061148148148 0.2674423240740741 0.8504391273148149 0.2661526388888889 0.8437489328703704 0.26431185879629626 0.8417720625 0.26511722916666663 0.8403970185185186 0.2674606226851852 0.8404379236111111 0.26826599305555554 0.8390628796296297 0.27141475694444445 0.8377287407407408 0.2714632361111111 0.8349513865740741 0.2685326273148148 0.8237874305555556 0.2635732638888889 0.8303685462962963 0.2622835787037037 0.8236783518518519 0.26147820833333335 0.8250533935185186 0.25835368287037036 0.8249988564814814 0.2551564421296296 0.8291103495370371 0.25569517824074073 0.8430107569444445 0.2627253564814815 0.8431334699074073 0.26402098611111113 0.8584361898148147 0.25699080555555553 0.8583134768518519 0.25618543518518516 0.8596885208333334 0.2522797800925926 0.8596203472222222 0.25066903935185186 0.8623704328703704 0.24988790972222222 0.8623567986111111 0.24981518981481482 0.8665228287037037 0.2574568240740741 0.8763799189814814
3 0.4147714375 0.9958102939814815 0.4147956759259259 0.9944216157407408 0.41569800462962964 0.9874918634259259 0.41494111342592593 0.9860895509259259 0.41449933333333333 0.9666344328703703 0.41374244212962963 0.9652321226851852 0.41244681481481477 0.949929400462963 0.41168992361111106 0.9485270902777778 0.40622200694444444 0.9484316458333333 0.39516497453703703 0.9551841481481481 0.39435960416666666 0.9565591898148148 0.38322985416666666 0.9674777245370371 0.3824244837962963 0.9688527662037038 0.37754378240740744 0.9798803773148147 0.3775195416666666 0.9812690532407408 0.375739125 0.9937398819444445 0.3764960162037037 0.9951421921296296 0.4147714375 0.9958102939814815
3 0.36972700231481476 0.9352927199074074 0.37048389583333335 0.9366950324074075 0.3795908333333333 0.9521340995370371 0.38037196296296294 0.9521477337962962 0.39755684722222223 0.9524476967592592 0.3983622175925926 0.9510726550925925 0.40866235648148147 0.9429178402777778 0.4094677268518519 0.9415427986111111 0.4119565578703704 0.933251638888889 0.4119807962962963 0.9318629606481481 0.41241710648148144 0.9068667685185184 0.41166021527777774 0.9054644560185184 0.41014643287037034 0.9026598333333333 0.40936530092592593 0.9026461990740741 0.4016024699074074 0.8997324953703704 0.4008455787037037 0.8983301851851851 0.3993317939814815 0.8955255601851853 0.4001371643518518 0.8941505185185186 0.40020988425925924 0.8899844861111111 0.4010152546296296 0.8886094421296297 0.4050178680555555 0.8831229074074074 0.40504210648148153 0.8817342291666667 0.40511482407407406 0.8775681967592592 0.40435793287037036 0.8761658865740741 0.40059771527777777 0.867765648148148 0.39981658333333336 0.8677520138888889 0.3967162986111111 0.8663087962962963 0.3885898773148148 0.8842252546296296 0.38780874537037036 0.8842116203703704 0.3814385 0.8910459305555556 0.38063312962962964 0.8924209722222223 0.3661849398148148 0.914394386574074 0.3661607013888889 0.9157830625000001 0.3667721550925926 0.9255174398148148 0.3675290462962963 0.9269197523148148 0.36972700231481476 0.9352927199074074
1 0.3984291875 0.6025485185185184 0.4091187824074074 0.7242813958333334 0.36636261342592596 0.7117277314814815 0.36181969675925924 0.7302623796296296 0.34051069444444443 0.7200278171296296 0.331066900462963 0.7641752800925926 0.36519638425925927 0.756158587962963 0.38084082175925926 0.7551814722222223 0.4111454976851852 0.7693236273148147 0.4136084305555556 0.887856886574074 0.4131863541666667 0.8896553495370371 0.44550039120370366 0.8871633726851852 0.446562462962963 0.8889877430555556 0.44700808564814815 0.8007876412037037 0.4510149259259259 0.750294324074074 0.4491436550925926 0.7187290810185186 0.43790632175925925 0.6686642268518519 0.43443260185185184 0.6080388125 0.3984291875 0.6025485185185184
1 0.6726458726851852 0.07683752546296295 0.6520713101851853 0.16329717361111112 0.6600515138888888 0.16718703935185186 0.6600563611111111 0.16690930324074074 0.6711047175925926 0.12931862037037037 0.6744654583333334 0.12479325231481482 0.7132240995370371 0.12463632638888889 0.7130201782407407 0.11393669212962962 0.6754720162037038 0.1118921875 0.6755956365740742 0.10480993287037037 0.6820781666666667 0.07811344675925927 0.6726458726851852 0.07683752546296295
0 0.4605953634259259 0.30886651620370376 0.5055700486111111 0.37785638657407405 0.5132956643518519 0.35604344907407404 0.4820099259259259 0.3041006388888889 0.46160215740740745 0.2780460601851852 0.4355778287037037 0.2738412337962963 0.43003719212962965 0.27791182175925927 0.4232569907407407 0.28585025694444444 0.41734603703703704 0.31561274074074075 0.41392172685185186 0.31930353935185185 0.40725787500000005 0.32057632175925926 0.40265537962962966 0.3111890115740741 0.39541205555555553 0.2650833541666667 0.38264833101851853 0.38751813194444445 0.3918063194444445 0.4806088055555556 0.42849171990740736 0.47388692129629634 0.42420559490740745 0.39713376157407404 0.43015768055555553 0.32472661111111106 0.4341920416666667 0.29951540277777783 0.4361103865740741 0.2970485069444444 0.4422697476851852 0.3022956898148148 0.4457945347222222 0.3018015763888889 0.4605953634259259 0.30886651620370376