2 0.4484375 0.0724074074074074 0.4502083333333334 0.07648148148148148 0.44604166666666667 0.14277777777777778 0.48916666666666664 0.49777777777777776 0.49572916666666667 0.5744444444444444 0.5346875 0.7657407407407407 0.5701041666666666 0.8014814814814815 0.5198958333333333 0.48944444444444446 0.5122916666666667 0.3938888888888889 0.48739583333333336 0.26037037037037036 0.48031250000000003 0.1238888888888889 0.4844791666666666 0.060740740740740734 0.48510416666666667 0.008333333333333333 0.4844791666666666 0.007222222222222223 0.44958333333333333 0 0.4484375 0.0724074074074074
3 0.45 0.8722222222222222 0.45416666666666666 0.8722222222222222 0.4552083333333333 0.8740740740740741 0.4583333333333333 0.8740740740740741 0.459375 0.8722222222222222 0.459375 0.8537037037037037 0.45625 0.8425925925925926 0.4645833333333333 0.8296296296296296 0.4666666666666667 0.8333333333333334 0.4666666666666667 0.8351851851851853 0.46875 0.8388888888888888 0.4729166666666667 0.8518518518518519 0.4822916666666667 0.8666666666666666 0.4864583333333333 0.8666666666666666 0.490625 0.8592592592592593 0.490625 0.8444444444444444 0.49895833333333334 0.8537037037037037 0.49895833333333334 0.8666666666666666 0.4979166666666667 0.8685185185185185 0.4979166666666667 0.8740740740740741 0.496875 0.8759259259259259 0.496875 0.8833333333333334 0.4916666666666667 0.8944444444444444 0.4916666666666667 0.8962962962962963 0.4895833333333333 0.9 0.4875 0.9074074074074074 0.484375 0.9129629629629629 0.4802083333333333 0.9259259259259259 0.4770833333333333 0.9314814814814815 0.475 0.938888888888889 0.4708333333333333 0.9444444444444444 0.46979166666666666 0.9444444444444444 0.4635416666666667 0.9537037037037037 0.4614583333333333 0.9537037037037037 0.453125 0.9611111111111111 0.4489583333333333 0.9611111111111111 0.4479166666666667 0.9629629629629629 0.4447916666666667 0.9629629629629629 0.44375 0.9648148148148148 0.4395833333333333 0.9648148148148148 0.43854166666666666 0.9666666666666667 0.4322916666666667 0.9685185185185184 0.43125 0.9703703703703703 0.43125 0.9851851851851853 0.4322916666666667 0.9870370370370369 0.43854166666666666 0.9888888888888888 0.4395833333333333 0.9907407407407407 0.5239583333333333 0.9907407407407407 0.525 0.9888888888888888 0.6052083333333333 0.9888888888888888 0.60625 0.9870370370370369 0.60625 0.9685185185185184 0.6072916666666667 0.9666666666666667 0.6072916666666667 0.9481481481481482 0.60625 0.9462962962962963 0.60625 0.9092592592592593 0.6052083333333333 0.9074074074074074 0.6052083333333333 0.9 0.6041666666666666 0.8981481481481481 0.6041666666666666 0.8907407407407407 0.6020833333333334 0.8851851851851852 0.6020833333333334 0.8796296296296297 0.5947916666666666 0.8611111111111112 0.5947916666666666 0.8592592592592593 0.5927083333333334 0.8555555555555556 0.5916666666666667 0.85 0.5895833333333333 0.8462962962962963 0.5854166666666667 0.8333333333333334 0.5697916666666667 0.8037037037037037 0.5656249999999999 0.8 0.5614583333333334 0.7925925925925925 0.5604166666666667 0.7925925925925925 0.5541666666666667 0.7833333333333333 0.5520833333333334 0.7833333333333333 0.5489583333333333 0.7796296296296297 0.546875 0.7796296296296297 0.5437500000000001 0.7759259259259259 0.5416666666666666 0.7759259259259259 0.5333333333333333 0.7685185185185185 0.5239583333333333 0.7685185185185185 0.5229166666666667 0.7666666666666666 0.5135416666666667 0.7666666666666666 0.5125000000000001 0.7685185185185185 0.5052083333333334 0.7703703703703704 0.5031249999999999 0.7744855972222223 0.5010416666666666 0.7722222222222223 0.4979166666666667 0.7783950601851851 0.4958333333333333 0.774074074074074 0.4947916666666667 0.7759259259259259 0.4875 0.7777777777777778 0.4864583333333333 0.7796296296296297 0.478125 0.7833333333333333 0.4760416666666667 0.7870370370370371 0.475 0.7870370370370371 0.4739583333333333 0.7907407407407407 0.4760416666666667 0.7944444444444444 0.471875 0.7979423865740741 0.471875 0.8055555555555556 0.4708333333333333 0.8037037037037037 0.46770833333333334 0.8037037037037037 0.4666666666666667 0.8018518518518518 0.4645833333333333 0.8018518518518518 0.4604166666666667 0.8055555555555556 0.46171875 0.811111111111111 0.4604166666666667 0.8185185185185185 0.4588541666666667 0.8203703703703703 0.45598958333333334 0.8296296296296296 0.4552083333333333 0.8407407407407407 0.45208333333333334 0.8388888888888888 0.45 0.8444444444444444 0.45 0.8574074074074074 0.4489583333333333 0.8592592592592593 0.4489583333333333 0.8703703703703703 0.45 0.8722222222222222
3 0.21770833333333334 0.8333333333333334 0.21770833333333334 0.8907407407407407 0.21979166666666666 0.8981481481481481 0.22083333333333335 0.9129629629629629 0.228125 0.9407407407407407 0.24375 0.9722222222222222 0.24479166666666666 0.9722222222222222 0.25 0.9796296296296296 0.2520833333333333 0.9796296296296296 0.26145833333333335 0.9888888888888888 0.3541666666666667 0.9888888888888888 0.3625 0.9740740740740741 0.3635416666666667 0.9685185185185184 0.3666666666666667 0.9629629629629629 0.3708333333333333 0.95 0.3791666666666667 0.9314814814814815 0.3854166666666667 0.9092592592592593 0.3854166666666667 0.9037037037037037 0.3864583333333333 0.9018518518518519 0.3864583333333333 0.8962962962962963 0.3875 0.8944444444444444 0.3875 0.8592592592592593 0.3864583333333333 0.8574074074074074 0.3864583333333333 0.8444444444444444 0.384375 0.8388888888888888 0.384375 0.8351851851851853 0.3833333333333333 0.8333333333333334 0.3833333333333333 0.8296296296296296 0.38125 0.8222222222222222 0.38125 0.8018518518518518 0.3802083333333333 0.8 0.38349116203703704 0.7962401805555556 0.40419823148148154 0.8007295162037037 0.4083333333333333 0.8037037037037037 0.4114583333333333 0.8092592592592593 0.4114583333333333 0.8074074074074075 0.4125 0.8074074074074075 0.4083333333333333 0.8 0.4125 0.7851851851851852 0.409375 0.7833333333333333 0.4083333333333333 0.7814814814814816 0.4083333333333333 0.7777777777777778 0.4125 0.774074074074074 0.4114583333333333 0.7722222222222223 0.409375 0.7722222222222223 0.40729166666666666 0.7666666666666666 0.40729166666666666 0.7648148148148147 0.4114583333333333 0.7611111111111112 0.409375 0.7574074074074074 0.40729166666666666 0.75 0.3978395069444445 0.7495198912037038 0.3968098958333333 0.7510416666666666 0.3925925925925926 0.7483539097222222 0.3915690115740741 0.7515625 0.386328125 0.7520833333333333 0.3873456782407408 0.7471879282407408 0.3820987662037037 0.746021949074074 0.3810872407407407 0.7526041666666666 0.3791666666666667 0.7512345694444446 0.3758463541666667 0.753125 0.3768518518518519 0.7448559675925926 0.3791666666666667 0.7395061712962963 0.3791666666666667 0.7277777777777777 0.378125 0.725925925925926 0.378125 0.7092592592592593 0.3770833333333333 0.7074074074074075 0.3770833333333333 0.7037037037037037 0.3729166666666667 0.6981481481481482 0.3697916666666667 0.6981481481481482 0.36875 0.6962962962962963 0.3635416666666667 0.6962962962962963 0.3625 0.6944444444444444 0.3572916666666667 0.6944444444444444 0.35625 0.6962962962962963 0.3489583333333333 0.6962962962962963 0.3479166666666667 0.6981481481481482 0.3416666666666667 0.6981481481481482 0.340625 0.7 0.3333333333333333 0.7 0.3322916666666667 0.7018518518518518 0.32916666666666666 0.7018518518518518 0.3260416666666667 0.7092592592592593 0.3248697916666667 0.7041666666666666 0.28704427083333334 0.7155092592592593 0.28765432175925926 0.7250342939814814 0.2824074074074074 0.7238683125 0.28164062500000003 0.7171296296296297 0.27716049305555557 0.7227023310185184 0.2762369791666667 0.71875 0.2708333333333333 0.7222222222222222 0.2708333333333333 0.7203703703703703 0.26666666666666666 0.7203703703703703 0.26458333333333334 0.7222222222222222 0.26145833333333335 0.7277777777777777 0.2604166666666667 0.7277777777777777 0.2572916666666667 0.7333333333333334 0.25625000000000003 0.7333333333333334 0.253125 0.7388888888888888 0.2520833333333333 0.7388888888888888 0.24895833333333334 0.7462962962962962 0.24895833333333334 0.7518518518518519 0.2520833333333333 0.7611111111111112 0.246875 0.7722222222222223 0.24479166666666666 0.7703703703703704 0.24482421990740738 0.7661458333333334 0.2437184351851852 0.765937150462963 0.24270833333333333 0.7685185185185185 0.23854166666666665 0.7648148148148147 0.2375 0.7666666666666666 0.23645833333333335 0.7722222222222223 0.23958333333333334 0.7796296296296297 0.2375 0.7907407407407407 0.23541666666666666 0.7907407407407407 0.234375 0.7888888888888889 0.23020833333333335 0.7888888888888889 0.22916666666666666 0.7907407407407407 0.22708333333333333 0.7907407407407407 0.21979166666666666 0.8185185185185185 0.21979166666666666 0.8240740740740741 0.21875 0.825925925925926 0.21875 0.8314814814814815 0.21770833333333334 0.8333333333333334
3 0.4125 0.7370370370370369 0.415625 0.7425925925925926 0.4166666666666667 0.7425925925925926 0.4197916666666667 0.7481481481481481 0.42083333333333334 0.7481481481481481 0.41875 0.7629629629629631 0.415625 0.7611111111111112 0.4145833333333333 0.7648148148148147 0.415625 0.7722222222222223 0.4166666666666667 0.774074074074074 0.4166666666666667 0.7833333333333333 0.4177083333333333 0.7851851851851852 0.4177083333333333 0.7925925925925925 0.41875 0.7944444444444444 0.41875 0.811111111111111 0.4177083333333333 0.8129629629629629 0.4177083333333333 0.8351851851851853 0.4166666666666667 0.8370370370370371 0.4166666666666667 0.8481481481481481 0.4177083333333333 0.85 0.4177083333333333 0.8555555555555556 0.4197916666666667 0.8592592592592593 0.42291666666666666 0.8611111111111112 0.4270833333333333 0.8666666666666666 0.4333333333333333 0.8685185185185185 0.434375 0.8703703703703703 0.4375 0.8703703703703703 0.43854166666666666 0.8722222222222222 0.4416666666666667 0.8722222222222222 0.4427083333333333 0.8740740740740741 0.446875 0.8703703703703703 0.446875 0.8611111111111112 0.4479166666666667 0.8592592592592593 0.4479166666666667 0.8462962962962963 0.4489583333333333 0.8444444444444444 0.4489583333333333 0.8314814814814815 0.45 0.8296296296296296 0.45 0.8222222222222222 0.4427083333333333 0.7962962962962963 0.4479166666666667 0.7888888888888889 0.45208333333333334 0.7962962962962963 0.4552083333333333 0.7962962962962963 0.45625 0.7944444444444444 0.459375 0.7944444444444444 0.4604166666666667 0.7925925925925925 0.46770833333333334 0.7907407407407407 0.4791666666666667 0.7796296296296297 0.48541666666666666 0.7777777777777778 0.4864583333333333 0.7759259259259259 0.4895833333333333 0.7759259259259259 0.490625 0.774074074074074 0.496875 0.7722222222222223 0.5010416666666666 0.7685185185185185 0.5041666666666667 0.7685185185185185 0.5052083333333334 0.7666666666666666 0.5083333333333333 0.7666666666666666 0.509375 0.7648148148148147 0.5197916666666667 0.7648148148148147 0.5208333333333334 0.7629629629629631 0.5291666666666667 0.7629629629629631 0.5281250000000001 0.7518518518518519 0.5270833333333333 0.75 0.5260416666666666 0.7388888888888888 0.525 0.7370370370370369 0.525 0.7314814814814815 0.5208333333333334 0.7185185185185184 0.5208333333333334 0.7148148148148148 0.5187499999999999 0.7074074074074075 0.5041666666666667 0.6777777777777778 0.5 0.674074074074074 0.496875 0.6685185185185185 0.4927083333333333 0.6666666666666666 0.4895833333333333 0.6629629629629629 0.4791666666666667 0.6611111111111112 0.478125 0.6592592592592593 0.4625 0.6592592592592593 0.453125 0.6703703703703704 0.446875 0.6722222222222222 0.43854166666666666 0.6907407407407407 0.43645833333333334 0.6907407407407407 0.4333333333333333 0.6944444444444444 0.43125 0.6944444444444444 0.425 0.7 0.4197916666666667 0.7018518518518518 0.4166666666666667 0.7055555555555556 0.4114583333333333 0.7074074074074075 0.40729166666666666 0.7111111111111111 0.40520833333333334 0.7148148148148148 0.4041666666666667 0.7203703703703703 0.40625 0.7240740740740741 0.4083333333333333 0.7333333333333334 0.4125 0.7370370370370369
3 0.328125 0.5703703703703704 0.328125 0.5777777777777777 0.32708333333333334 0.5796296296296296 0.32708333333333334 0.6074074074074074 0.328125 0.6092592592592593 0.328125 0.6166666666666666 0.32916666666666666 0.6185185185185185 0.32916666666666666 0.6240740740740741 0.3302083333333333 0.6259259259259259 0.33125 0.6351851851851852 0.3354166666666667 0.65 0.3364583333333333 0.6518518518518519 0.34270833333333334 0.6518518518518519 0.3458333333333333 0.6481481481481481 0.3489583333333333 0.6481481481481481 0.35 0.6462962962962963 0.353125 0.6462962962962963 0.3541666666666667 0.6444444444444444 0.3614583333333333 0.6425925925925926 0.3802083333333333 0.6259259259259259 0.4041666666666667 0.5851851851851853 0.4041666666666667 0.5833333333333334 0.409375 0.5740740740740741 0.409375 0.5722222222222222 0.4260416666666667 0.5407407407407407 0.4270833333333333 0.5407407407407407 0.43125 0.5333333333333333 0.4322916666666667 0.5333333333333333 0.4375 0.5240740740740741 0.4395833333333333 0.5240740740740741 0.44375 0.5203703703703704 0.45 0.5499999999999999 0.4479166666666667 0.5537037037037037 0.4427083333333333 0.5574074074074075 0.4354166666666667 0.5703703703703704 0.4354166666666667 0.5722222222222222 0.4166666666666667 0.6074074074074074 0.4166666666666667 0.6092592592592593 0.4125 0.6166666666666666 0.4104166666666667 0.6240740740740741 0.40520833333333334 0.6351851851851852 0.4041666666666667 0.6444444444444444 0.4020833333333333 0.65 0.4010416666666667 0.6592592592592593 0.3979166666666667 0.6703703703703704 0.3979166666666667 0.7037037037037037 0.4 0.7074074074074075 0.40520833333333334 0.7074074074074075 0.4083333333333333 0.7037037037037037 0.4145833333333333 0.7018518518518518 0.415625 0.7 0.4197916666666667 0.6981481481481482 0.421875 0.6944444444444444 0.4395833333333333 0.6796296296296297 0.4427083333333333 0.674074074074074 0.4427083333333333 0.6722222222222222 0.4510416666666667 0.6537037037037037 0.459375 0.6518518518518519 0.4729166666666667 0.6222222222222222 0.475 0.6074074074074074 0.478125 0.5962962962962963 0.4791666666666667 0.5703703703703704 0.4802083333333333 0.5685185185185185 0.4802083333333333 0.5629629629629629 0.4739583333333333 0.5518518518518518 0.4708333333333333 0.5518518518518518 0.46979166666666666 0.5499999999999999 0.4666666666666667 0.5499999999999999 0.465625 0.5481481481481482 0.4572916666666667 0.5462962962962963 0.45708333333333334 0.5387654305555556 0.4504166666666667 0.5237037037037037 0.446875 0.5185185185185185 0.4470833333333333 0.516172837962963 0.4489583333333333 0.5166666666666666 0.45208333333333334 0.512962962962963 0.4729166666666667 0.512962962962963 0.4729166666666667 0.5092592592592593 0.4708333333333333 0.5037037037037037 0.4708333333333333 0.5 0.46979166666666666 0.4962962962962963 0.465625 0.4888888888888889 0.465625 0.48703703703703705 0.4583333333333333 0.4740740740740741 0.4572916666666667 0.4740740740740741 0.45208333333333334 0.46481481481481485 0.4510416666666667 0.46481481481481485 0.4416666666666667 0.45 0.4270833333333333 0.43703703703703706 0.425 0.43703703703703706 0.4239583333333333 0.4351851851851852 0.4177083333333333 0.4351851851851852 0.4166666666666667 0.4333333333333333 0.41375 0.4408641990740741 0.4104166666666667 0.4333333333333333 0.40520833333333334 0.4388888888888889 0.3947916666666667 0.44074074074074077 0.3885416666666667 0.4462962962962963 0.3770833333333333 0.4666666666666667 0.3677083333333333 0.4740740740740741 0.35625 0.4981481481481481 0.3552083333333333 0.4981481481481481 0.3510416666666667 0.5055555555555555 0.35 0.5055555555555555 0.3375 0.5259259259259259 0.3302083333333333 0.5518518518518518 0.3302083333333333 0.5592592592592592 0.32916666666666666 0.5611111111111111 0.32916666666666666 0.5685185185185185 0.328125 0.5703703703703704
3 0.3979166666666667 0.4333333333333333 0.396875 0.4314814814814815 0.396875 0.4277777777777778 0.409375 0.4166666666666667 0.4104166666666667 0.41851851851851857 0.4104166666666667 0.42407407407407405 0.4114583333333333 0.4277777777777778 0.4197916666666667 0.4277777777777778 0.42291666666666666 0.4333333333333333 0.425 0.4333333333333333 0.428125 0.43703703703703706 0.4333333333333333 0.4388888888888889 0.4375 0.4425925925925926 0.4395833333333333 0.4462962962962963 0.4427083333333333 0.44814814814814813 0.4447916666666667 0.45185185185185184 0.4458333333333333 0.45185185185185184 0.4645833333333333 0.48148148148148145 0.4666666666666667 0.4888888888888889 0.475 0.5055555555555555 0.478125 0.5055555555555555 0.48541666666666666 0.4981481481481481 0.48541666666666666 0.4888888888888889 0.4864583333333333 0.48703703703703705 0.4864583333333333 0.48148148148148145 0.48541666666666666 0.47962962962962963 0.48541666666666666 0.4740740740740741 0.484375 0.4722222222222222 0.484375 0.4611111111111111 0.48333333333333334 0.45925925925925926 0.48333333333333334 0.45 0.4822916666666667 0.44814814814814813 0.4822916666666667 0.43703703703703706 0.48125 0.4351851851851852 0.48125 0.42962962962962964 0.4802083333333333 0.4277777777777778 0.4791666666666667 0.4166666666666667 0.478125 0.4148148148148148 0.478125 0.4074074074074074 0.4770833333333333 0.4055555555555555 0.4770833333333333 0.39814814814814814 0.4760416666666667 0.39629629629629626 0.475 0.38148148148148153 0.4739583333333333 0.37962962962962965 0.4739583333333333 0.37407407407407406 0.4729166666666667 0.37222222222222223 0.4729166666666667 0.3648148148148148 0.471875 0.362962962962963 0.471875 0.3574074074074074 0.4708333333333333 0.35555555555555557 0.4708333333333333 0.34814814814814815 0.46979166666666666 0.34629629629629627 0.46875 0.33148148148148143 0.465625 0.32037037037037036 0.4625 0.3166666666666667 0.4572916666666667 0.3166666666666667 0.45625 0.3148148148148148 0.4489583333333333 0.3148148148148148 0.4479166666666667 0.31296296296296294 0.4416666666666667 0.31296296296296294 0.440625 0.3148148148148148 0.4375 0.3148148148148148 0.43645833333333334 0.3166666666666667 0.4333333333333333 0.3166666666666667 0.4322916666666667 0.3185185185185185 0.4260416666666667 0.32037037037037036 0.4166666666666667 0.3351851851851852 0.415625 0.3351851851851852 0.4135416666666667 0.3388888888888889 0.4125 0.3444444444444445 0.409375 0.35185185185185186 0.4083333333333333 0.37407407407407406 0.40625 0.37962962962962965 0.40625 0.3851851851851852 0.40520833333333334 0.387037037037037 0.40625 0.40185185185185185 0.4023809513888889 0.4050264560185185 0.3958333333333333 0.42037037037037034 0.3927083333333333 0.42037037037037034 0.39166666666666666 0.4277777777777778 0.38958333333333334 0.4333333333333333 0.3885416666666667 0.44074074074074077 0.390625 0.44074074074074077 0.396875 0.4351851851851852 0.3979166666666667 0.4333333333333333
3 0.4729166666666667 0.6277777777777778 0.4635416666666667 0.6481481481481481 0.4635416666666667 0.6537037037037037 0.4645833333333333 0.6555555555555556 0.471875 0.6555555555555556 0.4729166666666667 0.6574074074074074 0.4802083333333333 0.6574074074074074 0.484375 0.6611111111111112 0.4895833333333333 0.6611111111111112 0.5031249999999999 0.6722222222222222 0.5083333333333333 0.6814814814814815 0.5125000000000001 0.674074074074074 0.5145833333333334 0.6851851851851852 0.5135416666666667 0.6907407407407407 0.515625 0.6907407407407407 0.515625 0.6870370370370371 0.5125000000000001 0.6703703703703704 0.5104166666666666 0.6648148148148147 0.5104166666666666 0.6611111111111112 0.509375 0.6592592592592593 0.509375 0.6555555555555556 0.5083333333333333 0.6537037037037037 0.5083333333333333 0.65 0.5072916666666667 0.6481481481481481 0.5052083333333334 0.6333333333333334 0.5385416666666667 0.6148148148148148 0.5395833333333333 0.6166666666666666 0.540625 0.6277777777777778 0.5416666666666666 0.6296296296296297 0.5416666666666666 0.6351851851851852 0.5447916666666667 0.6444444444444444 0.5447916666666667 0.6481481481481481 0.546875 0.6537037037037037 0.5489583333333333 0.6518518518518519 0.5499999999999999 0.6444444444444444 0.5520833333333334 0.6388888888888888 0.5520833333333334 0.6277777777777778 0.553125 0.6259259259259259 0.553125 0.6037037037037037 0.5520833333333334 0.6018518518518519 0.5520833333333334 0.5851851851851853 0.5447916666666667 0.5592592592592592 0.5364583333333334 0.5425925925925926 0.5333333333333333 0.5407407407407407 0.5281250000000001 0.5333333333333333 0.4892361111111111 0.5629629629629629 0.4875 0.5685185185185185 0.4822916666666667 0.5666666666666667 0.478125 0.6074074074074074 0.475 0.6166666666666666 0.475 0.6203703703703703 0.4729166666666667 0.6277777777777778
3 0.3385416666666667 0.05925925925925926 0.3375 0.06111111111111111 0.3375 0.06481481481481481 0.3385416666666667 0.06666666666666667 0.3458333333333333 0.08148148148148149 0.346875 0.08148148148148149 0.35833333333333334 0.0962962962962963 0.359375 0.0962962962962963 0.3645833333333333 0.10185185185185185 0.365625 0.10185185185185185 0.3729166666666667 0.10555555555555556 0.37395833333333334 0.10555555555555556 0.3885416666666667 0.1 0.3885416666666667 0.09814814814814815 0.3979166666666667 0.06111111111111111 0.3989583333333333 0.05925925925925926 0.40729166666666666 0.04259259259259259 0.4083333333333333 0.04259259259259259 0.4145833333333333 0.040740740740740744 0.415625 0.04259259259259259 0.43125 0.05185185185185185 0.4322916666666667 0.05 0.43854166666666666 0.02962962962962963 0.43854166666666666 0.027777777777777776 0.4395833333333333 0.018518518518518517 0.4395833333333333 0.016666666666666666 0.43854166666666666 0.009259259259259259 0.4375 0.009259259259259259 0.3697916666666667 0.009259259259259259 0.3510416666666667 0.046296296296296294 0.35 0.046296296296296294 0.3385416666666667 0.05925925925925926
3 0.24375 0.014814814814814815 0.24270833333333333 0.016666666666666666 0.24270833333333333 0.018518518518518517 0.24166666666666667 0.020370370370370372 0.24166666666666667 0.022222222222222223 0.240625 0.024074074074074074 0.24895833333333334 0.03888888888888889 0.25 0.03888888888888889 0.25104166666666666 0.040740740740740744 0.2520833333333333 0.040740740740740744 0.253125 0.04259259259259259 0.25416666666666665 0.04259259259259259 0.25625000000000003 0.046296296296296294 0.2572916666666667 0.046296296296296294 0.2583333333333333 0.04814814814814815 0.25937499999999997 0.04814814814814815 0.2604166666666667 0.05 0.2625 0.05 0.2635416666666667 0.05185185185185185 0.26666666666666666 0.05185185185185185 0.2677083333333333 0.053703703703703705 0.26979166666666665 0.053703703703703705 0.2708333333333333 0.05555555555555555 0.2739583333333333 0.05555555555555555 0.27499999999999997 0.05740740740740741 0.278125 0.05740740740740741 0.2791666666666667 0.05925925925925926 0.28125 0.05925925925925926 0.28229166666666666 0.06111111111111111 0.28541666666666665 0.06111111111111111 0.2864583333333333 0.06296296296296296 0.2885416666666667 0.06296296296296296 0.2895833333333333 0.06481481481481481 0.29270833333333335 0.06481481481481481 0.29375 0.06666666666666667 0.3145833333333333 0.06666666666666667 0.315625 0.06481481481481481 0.31875 0.06481481481481481 0.3197916666666667 0.06296296296296296 0.3260416666666667 0.06296296296296296 0.32708333333333334 0.06111111111111111 0.3333333333333333 0.06111111111111111 0.334375 0.05925925925925926 0.3375 0.05925925925925926 0.3395833333333333 0.05555555555555555 0.340625 0.05555555555555555 0.3416666666666667 0.053703703703703705 0.34270833333333334 0.053703703703703705 0.34375 0.05185185185185185 0.34479166666666666 0.05185185185185185 0.346875 0.04814814814814815 0.3479166666666667 0.04814814814814815 0.3489583333333333 0.046296296296296294 0.35 0.046296296296296294 0.3625 0.024074074074074074 0.3625 0.022222222222222223 0.3635416666666667 0.020370370370370372 0.3635416666666667 0.018518518518518517 0.365625 0.014814814814814815 0.365625 0.012962962962962963 0.3645833333333333 0.011111111111111112 0.3645833333333333 0.009259259259259259 0.24895833333333334 0.009259259259259259 0.24791666666666665 0.011111111111111112 0.246875 0.011111111111111112 0.24479166666666666 0.014814814814814815 0.24375 0.014814814814814815
3 0.125 0.04259259259259259 0.12604166666666666 0.04259259259259259 0.14895833333333333 0.06296296296296296 0.15 0.06296296296296296 0.1625 0.07037037037037036 0.16354166666666667 0.07037037037037036 0.171875 0.07222222222222222 0.17291666666666666 0.07222222222222222 0.19479166666666667 0.07037037037037036 0.19583333333333333 0.06851851851851852 0.2 0.06851851851851852 0.20104166666666665 0.06666666666666667 0.21041666666666667 0.06111111111111111 0.21145833333333333 0.05925925925925926 0.23125 0.037037037037037035 0.23229166666666665 0.03518518518518518 0.24166666666666667 0.014814814814814815 0.24166666666666667 0.012962962962962963 0.23645833333333335 0.009259259259259259 0.23541666666666666 0.009259259259259259 0.10625 0.007407407407407408 0.10729166666666667 0.014814814814814815 0.10833333333333332 0.016666666666666666 0.125 0.04259259259259259
0 0.48052083333333334 0.4224074074074074 0.4908333333333333 0.5046296296296297 0.4839583333333333 0.517962962962963 0.45989583333333334 0.5118518518518519 0.435625 0.5257407407407407 0.416875 0.5657407407407408 0.3802083333333333 0.6337037037037037 0.37875000000000003 0.6603703703703703 0.37958333333333333 0.6624074074074074 0.3975 0.6618518518518519 0.42354166666666665 0.5925925925925926 0.4466666666666667 0.552962962962963 0.46895833333333337 0.5462962962962963 0.4894791666666667 0.5642592592592592 0.5076041666666666 0.65 0.5403125 0.629074074074074 0.51375 0.4074074074074074 0.48052083333333334 0.4224074074074074
0 0.4802083333333333 0.15314814814814814 0.4822916666666667 0.08333333333333333 0.49239583333333337 0.05814814814814815 0.44875000000000004 0.02888888888888889 0.448125 0.06333333333333334 0.4435416666666667 0.06833333333333333 0.42270833333333335 0.05037037037037037 0.4088541666666667 0.04574074074074074 0.40166666666666667 0.05907407407407407 0.39177083333333335 0.08944444444444445 0.38718749999999996 0.13111111111111112 0.38343750000000004 0.22574074074074074 0.39958333333333335 0.22611111111111112 0.40541666666666665 0.1111111111111111 0.4111458333333334 0.08944444444444445 0.4166666666666667 0.07722222222222222 0.425 0.08277777777777777 0.4435416666666667 0.12648148148148147 0.44697916666666665 0.17425925925925925 0.44729166666666664 0.1748148148148148 0.4816666666666667 0.1748148148148148 0.4802083333333333 0.15314814814814814