2 0.4869791666666667 0.40370370370370373 0.5004166666666667 0.9912962962962963 0.5288541666666666 0.99 0.5287499999999999 0.99 0.5125000000000001 0.4125925925925926 0.4869791666666667 0.40370370370370373
2 0.48416666666666663 0.2287037037037037 0.5172916666666667 0.255 0.5107291666666667 0.011296296296296296 0.5081249999999999 0.010925925925925926 0.4807291666666667 0.011851851851851851 0.48416666666666663 0.2287037037037037
3 0.5104166666666666 0.022222222222222223 0.5114583333333333 0.024074074074074074 0.5114583333333333 0.02962962962962963 0.5125000000000001 0.03148148148148148 0.5166666666666666 0.044444444444444446 0.5177083333333333 0.044444444444444446 0.5385416666666667 0.040740740740740744 0.5395833333333333 0.03888888888888889 0.553125 0.03333333333333333 0.5541666666666667 0.03148148148148148 0.5677083333333334 0.020370370370370372 0.56875 0.018518518518518517 0.5739583333333333 0.011111111111111112 0.5739583333333333 0.009259259259259259 0.5145833333333334 0.007407407407407408 0.5104166666666666 0.011111111111111112 0.5104166666666666 0.012962962962962963 0.5104166666666666 0.022222222222222223
3 0.4020833333333333 0.07407407407407407 0.4020833333333333 0.07592592592592592 0.4041666666666667 0.11296296296296296 0.40520833333333334 0.11481481481481481 0.40729166666666666 0.12037037037037036 0.4083333333333333 0.12037037037037036 0.41875 0.08888888888888889 0.4197916666666667 0.08703703703703704 0.4270833333333333 0.07962962962962962 0.428125 0.07962962962962962 0.4354166666666667 0.07962962962962962 0.43645833333333334 0.07777777777777778 0.45208333333333334 0.07222222222222222 0.453125 0.07037037037037036 0.4572916666666667 0.06481481481481481 0.4583333333333333 0.06481481481481481 0.46875 0.06666666666666667 0.46979166666666666 0.06851851851851852 0.4770833333333333 0.07407407407407407 0.478125 0.07407407407407407 0.4791666666666667 0.07037037037037036 0.4791666666666667 0.06851851851851852 0.4802083333333333 0.04814814814814815 0.4791666666666667 0.046296296296296294 0.478125 0.016666666666666666 0.4770833333333333 0.014814814814814815 0.4760416666666667 0.009259259259259259 0.475 0.009259259259259259 0.3958333333333333 0.009259259259259259 0.3947916666666667 0.018518518518518517 0.3958333333333333 0.020370370370370372 0.4020833333333333 0.07407407407407407
3 0.5135416666666667 0.09444444444444444 0.5135416666666667 0.1259259259259259 0.5145833333333334 0.1277777777777778 0.5145833333333334 0.14444444444444443 0.515625 0.1462962962962963 0.5166666666666666 0.15925925925925924 0.521875 0.17037037037037037 0.5270833333333333 0.17037037037037037 0.5302083333333334 0.16666666666666666 0.5354166666666667 0.16481481481481483 0.5395833333333333 0.15925925925925924 0.5427083333333333 0.1574074074074074 0.5447916666666667 0.1537037037037037 0.5479166666666666 0.15185185185185185 0.553125 0.14444444444444443 0.55625 0.1425925925925926 0.5583333333333333 0.1388888888888889 0.5729166666666666 0.1259259259259259 0.5739583333333333 0.1259259259259259 0.5812499999999999 0.15555555555555556 0.5770833333333334 0.15925925925925924 0.5750000000000001 0.16296296296296298 0.5697916666666667 0.16666666666666666 0.5677083333333334 0.17037037037037037 0.5625 0.17407407407407408 0.5593750000000001 0.1796296296296296 0.5552083333333333 0.18333333333333335 0.5489583333333333 0.1925925925925926 0.5291666666666667 0.20925925925925928 0.525 0.21666666666666665 0.5229166666666667 0.21851851851851853 0.521875 0.22407407407407406 0.5229166666666667 0.22592592592592592 0.5333333333333333 0.2277777777777778 0.5343749999999999 0.22592592592592592 0.5375 0.22592592592592592 0.5385416666666667 0.22407407407407406 0.5447916666666667 0.22407407407407406 0.5458333333333334 0.2222222222222222 0.5489583333333333 0.2222222222222222 0.5520833333333334 0.21851851851851853 0.5552083333333333 0.21851851851851853 0.55625 0.21666666666666665 0.5604166666666667 0.21481481481481482 0.5760416666666667 0.19074074074074077 0.5770833333333334 0.18518518518518517 0.5822916666666667 0.17407407407407408 0.5875 0.15555555555555556 0.5875 0.1537037037037037 0.5833333333333334 0.1537037037037037 0.5848958333333334 0.1452380949074074 0.5796875 0.1283068773148148 0.5760416666666667 0.12407407407407407 0.5822916666666667 0.11851851851851852 0.5854166666666667 0.11296296296296296 0.5864583333333333 0.11296296296296296 0.5916666666666667 0.10555555555555556 0.5916666666666667 0.09444444444444444 0.584375 0.06851851851851852 0.5708333333333333 0.044444444444444446 0.56875 0.044444444444444446 0.5593750000000001 0.03518518518518518 0.5536458333333334 0.04365079398148148 0.5510416666666667 0.03518518518518518 0.5499999999999999 0.037037037037037035 0.5479166666666666 0.037037037037037035 0.546875 0.03888888888888889 0.5447916666666667 0.03888888888888889 0.5437500000000001 0.040740740740740744 0.5416666666666666 0.040740740740740744 0.540625 0.04259259259259259 0.5385416666666667 0.04259259259259259 0.5343749999999999 0.046296296296296294 0.5239583333333333 0.046296296296296294 0.5197916666666667 0.05 0.515625 0.05 0.5145833333333334 0.05185185185185185 0.5125000000000001 0.05185185185185185 0.5114583333333333 0.07407407407407407 0.5125000000000001 0.07592592592592592 0.5125000000000001 0.09259259259259259 0.5135416666666667 0.09444444444444444
3 0.253125 0.037037037037037035 0.2552083333333333 0.040740740740740744 0.25416666666666665 0.044444444444444446 0.240625 0.044444444444444446 0.246875 0.046296296296296294 0.24791666666666665 0.04814814814814815 0.2520833333333333 0.05 0.253125 0.046296296296296294 0.27187500000000003 0.03888888888888889 0.278125 0.03333333333333333 0.2833333333333333 0.024074074074074074 0.2833333333333333 0.022222222222222223 0.28750000000000003 0.014814814814814815 0.28750000000000003 0.012962962962962963 0.2864583333333333 0.009259259259259259 0.27499999999999997 0.03518518518518518 0.265625 0.03148148148148148 0.265625 0.02962962962962963 0.2604166666666667 0.020370370370370372 0.25937499999999997 0.009259259259259259 0.2583333333333333 0.011111111111111112 0.25937499999999997 0.016666666666666666 0.2546875 0.018518518518518517 0.25 0.027777777777777776 0.24791666666666665 0.027777777777777776 0.24791666666666665 0.03148148148148148 0.25104166666666666 0.03148148148148148 0.253125 0.03518518518518518 0.253125 0.037037037037037035
3 0.22708333333333333 0.14074074074074072 0.22604166666666667 0.1425925925925926 0.21979166666666666 0.17037037037037037 0.21979166666666666 0.17222222222222225 0.21875 0.19814814814814813 0.21979166666666666 0.19814814814814813 0.23020833333333335 0.19814814814814813 0.23125 0.2 0.24166666666666667 0.20555555555555555 0.24270833333333333 0.2037037037037037 0.25 0.19814814814814813 0.25 0.1962962962962963 0.25416666666666665 0.18518518518518517 0.25416666666666665 0.18333333333333335 0.2583333333333333 0.16481481481481483 0.2583333333333333 0.16296296296296298 0.2583333333333333 0.14444444444444443 0.2572916666666667 0.1425925925925926 0.253125 0.12037037037037036 0.2520833333333333 0.11851851851851852 0.24583333333333335 0.10740740740740741 0.24479166666666666 0.10740740740740741 0.23958333333333334 0.10185185185185185 0.23854166666666665 0.10185185185185185 0.23541666666666666 0.10185185185185185 0.23020833333333335 0.11481481481481481 0.23020833333333335 0.11666666666666667 0.22708333333333333 0.14074074074074072
3 0.19895833333333335 0.24814814814814815 0.19895833333333335 0.25 0.19791666666666666 0.25925925925925924 0.19895833333333335 0.2611111111111111 0.203125 0.2722222222222222 0.20416666666666666 0.2722222222222222 0.21145833333333333 0.2796296296296296 0.2125 0.2796296296296296 0.21875 0.2833333333333333 0.21979166666666666 0.2833333333333333 0.22604166666666667 0.2833333333333333 0.22708333333333333 0.28148148148148144 0.23333333333333334 0.2777777777777778 0.234375 0.2759259259259259 0.24270833333333333 0.26296296296296295 0.24270833333333333 0.2611111111111111 0.24583333333333335 0.2518518518518518 0.24583333333333335 0.25 0.246875 0.23703703703703705 0.24583333333333335 0.23518518518518516 0.24479166666666666 0.2222222222222222 0.24375 0.22037037037037038 0.2375 0.20555555555555555 0.23645833333333335 0.20555555555555555 0.23125 0.2 0.23020833333333335 0.2 0.22083333333333335 0.2 0.2125 0.2037037037037037 0.2125 0.20555555555555555 0.19895833333333335 0.24814814814814815
3 0.18020833333333333 0.5518518518518518 0.18229166666666666 0.5518518518518518 0.190625 0.5592592592592592 0.1935763888888889 0.5586419768518519 0.19375 0.5611111111111111 0.19583333333333333 0.5629629629629629 0.19210069444444444 0.568209875 0.190625 0.5777777777777777 0.1875 0.5777777777777777 0.18645833333333334 0.5814814814814815 0.1875 0.5851851851851853 0.190625 0.5851851851851853 0.19270833333333334 0.5888888888888889 0.19270833333333334 0.5907407407407407 0.20104166666666665 0.5981481481481481 0.203125 0.5981481481481481 0.20729166666666665 0.6018518518518519 0.20833333333333334 0.5925925925925926 0.209375 0.5925925925925926 0.21041666666666667 0.5944444444444444 0.21458333333333335 0.5962962962962963 0.215625 0.5981481481481481 0.21458333333333335 0.6018518518518519 0.215625 0.6037037037037037 0.21875 0.6037037037037037 0.21875 0.6018518518518519 0.21666666666666665 0.5981481481481481 0.21979166666666666 0.5777777777777777 0.221875 0.5777777777777777 0.22291666666666665 0.5796296296296296 0.225 0.5796296296296296 0.22604166666666667 0.5814814814814815 0.228125 0.5814814814814815 0.23229166666666665 0.5851851851851853 0.23958333333333334 0.5851851851851853 0.24583333333333335 0.575925925925926 0.2520833333333333 0.5537037037037037 0.253125 0.5425925925925926 0.25416666666666665 0.5407407407407407 0.25416666666666665 0.48703703703703705 0.253125 0.48518518518518516 0.253125 0.4759259259259259 0.24895833333333334 0.4666666666666667 0.24583333333333335 0.46481481481481485 0.240625 0.4574074074074074 0.234375 0.4574074074074074 0.23125 0.4611111111111111 0.22864583333333335 0.45879629629629626 0.22604166666666667 0.46851851851851856 0.22291666666666665 0.4601851851851852 0.2171875 0.4615740740740741 0.21458333333333335 0.46481481481481485 0.2125 0.46481481481481485 0.21145833333333333 0.46296296296296297 0.20520833333333335 0.46481481481481485 0.203125 0.4666666666666667 0.203125 0.46851851851851856 0.2068576388888889 0.4725308657407407 0.20833333333333334 0.4777777777777778 0.20538194444444444 0.48209876388888884 0.20208333333333334 0.5055555555555555 0.19895833333333335 0.5037037037037037 0.18854166666666666 0.48333333333333334 0.18645833333333334 0.48333333333333334 0.18333333333333335 0.48703703703703705 0.17708333333333334 0.5092592592592593 0.17708333333333334 0.5203703703703704 0.17604166666666665 0.5222222222222223 0.17604166666666665 0.5370370370370371 0.175 0.5388888888888889 0.175 0.5462962962962963 0.18020833333333333 0.5518518518518518
3 0.2760416666666667 0.5851851851851853 0.2864583333333333 0.587037037037037 0.2864583333333333 0.5925925925925926 0.28020833333333334 0.6018518518518519 0.2760416666666667 0.6 0.3041666666666667 0.6296296296296297 0.3041666666666667 0.6314814814814815 0.3020833333333333 0.6351851851851852 0.3020833333333333 0.637037037037037 0.2947916666666667 0.6555555555555556 0.296875 0.6629629629629629 0.303125 0.6648148148148147 0.3041666666666667 0.6666666666666666 0.3166666666666667 0.6666666666666666 0.3177083333333333 0.6648148148148147 0.32708333333333334 0.6648148148148147 0.3302083333333333 0.6611111111111112 0.3322916666666667 0.6611111111111112 0.3354166666666667 0.6574074074074074 0.3395833333333333 0.6555555555555556 0.353125 0.6314814814814815 0.353125 0.6277777777777778 0.35625 0.6185185185185185 0.3572916666666667 0.6037037037037037 0.35833333333333334 0.6018518518518519 0.35833333333333334 0.5740740740740741 0.35625 0.5685185185185185 0.35625 0.5648148148148148 0.3552083333333333 0.5629629629629629 0.3552083333333333 0.5592592592592592 0.3541666666666667 0.5574074074074075 0.353125 0.5499999999999999 0.3377840902777778 0.5419191921296297 0.3395833333333333 0.5333333333333333 0.3416666666666667 0.5296296296296297 0.33617424305555554 0.5311447824074074 0.33267045370370374 0.5392255879629629 0.33068181712962963 0.5326599328703704 0.32755681712962964 0.5365319861111111 0.32518939351851855 0.5341750833333333 0.3224431828703704 0.5338383842592592 0.3196969699074074 0.5356902361111111 0.3173295462962963 0.5311447824074074 0.3142045462962963 0.537205386574074 0.31221590972222224 0.5284511782407407 0.3019886365740741 0.5230639722222222 0.3010416666666667 0.5240740740740741 0.3 0.5203703703703704 0.296875 0.5203703703703704 0.2864583333333333 0.5314814814814814 0.2864583333333333 0.5370370370370371 0.2885416666666667 0.5407407407407407 0.28674242361111113 0.5447811435185185 0.2864583333333333 0.5518518518518518 0.28541666666666665 0.5518518518518518 0.28125 0.5462962962962963 0.278125 0.5462962962962963 0.27708333333333335 0.5499999999999999 0.27708333333333335 0.5537037037037037 0.27499999999999997 0.5611111111111111 0.27499999999999997 0.5833333333333334 0.2760416666666667 0.5851851851851853
3 0.27499999999999997 0.7018518518518518 0.2739583333333333 0.7037037037037037 0.2635416666666667 0.7240740740740741 0.2635416666666667 0.725925925925926 0.2635416666666667 0.7314814814814815 0.26458333333333334 0.7333333333333334 0.27187500000000003 0.7537037037037038 0.27187500000000003 0.7555555555555555 0.27708333333333335 0.7777777777777778 0.278125 0.7796296296296297 0.28229166666666666 0.7851851851851852 0.2833333333333333 0.7851851851851852 0.2947916666666667 0.7851851851851852 0.29583333333333334 0.7870370370370371 0.3020833333333333 0.7907407407407407 0.303125 0.7907407407407407 0.315625 0.7870370370370371 0.3166666666666667 0.7851851851851852 0.3229166666666667 0.7796296296296297 0.3239583333333333 0.7777777777777778 0.3354166666666667 0.7555555555555555 0.3354166666666667 0.7537037037037038 0.340625 0.7203703703703703 0.340625 0.7185185185185184 0.3385416666666667 0.6925925925925925 0.3375 0.6907407407407407 0.3354166666666667 0.6814814814814815 0.334375 0.6796296296296297 0.32916666666666666 0.6722222222222222 0.328125 0.6722222222222222 0.325 0.6685185185185185 0.3239583333333333 0.6685185185185185 0.3145833333333333 0.6685185185185185 0.29062499999999997 0.7 0.2895833333333333 0.7 0.27499999999999997 0.7018518518518518
3 0.20416666666666666 0.6333333333333334 0.20416666666666666 0.6351851851851852 0.20208333333333334 0.6481481481481481 0.203125 0.65 0.21875 0.6777777777777778 0.21979166666666666 0.6777777777777778 0.22916666666666666 0.688888888888889 0.23020833333333335 0.688888888888889 0.23333333333333334 0.688888888888889 0.234375 0.6870370370370371 0.246875 0.674074074074074 0.24791666666666665 0.6722222222222222 0.25104166666666666 0.6666666666666666 0.25104166666666666 0.6648148148148147 0.2583333333333333 0.6462962962962963 0.2583333333333333 0.6444444444444444 0.25937499999999997 0.6388888888888888 0.2583333333333333 0.637037037037037 0.25625000000000003 0.6296296296296297 0.2552083333333333 0.6296296296296297 0.23958333333333334 0.6148148148148148 0.23854166666666665 0.6148148148148148 0.228125 0.612962962962963 0.22708333333333333 0.6111111111111112 0.22083333333333335 0.6074074074074074 0.209375 0.6185185185185185 0.209375 0.6203703703703703 0.20416666666666666 0.6333333333333334
3 0.265625 0.8018518518518518 0.26458333333333334 0.8018518518518518 0.25416666666666665 0.8055555555555556 0.253125 0.8074074074074075 0.24895833333333334 0.811111111111111 0.24791666666666665 0.8129629629629629 0.240625 0.825925925925926 0.240625 0.8277777777777778 0.240625 0.8333333333333334 0.24166666666666667 0.8351851851851853 0.26979166666666665 0.9129629629629629 0.2708333333333333 0.9129629629629629 0.29270833333333335 0.9018518518518519 0.29375 0.9 0.3010416666666667 0.8944444444444444 0.3020833333333333 0.8925925925925926 0.309375 0.8777777777777778 0.309375 0.8759259259259259 0.31354166666666666 0.8611111111111112 0.31354166666666666 0.8592592592592593 0.3145833333333333 0.8296296296296296 0.31354166666666666 0.8277777777777778 0.3104166666666667 0.8074074074074075 0.309375 0.8055555555555556 0.3010416666666667 0.7925925925925925 0.3 0.7925925925925925 0.296875 0.7888888888888889 0.29583333333333334 0.7888888888888889 0.2895833333333333 0.7870370370370371 0.26979166666666665 0.7962962962962963 0.26875 0.7981481481481482 0.265625 0.8018518518518518
3 0.4125 0.9129629629629629 0.4125 0.9148148148148147 0.4083333333333333 0.9333333333333333 0.4083333333333333 0.9351851851851852 0.4010416666666667 0.9888888888888888 0.4020833333333333 0.9888888888888888 0.4895833333333333 0.9907407407407407 0.490625 0.9888888888888888 0.4927083333333333 0.9870370370370369 0.4927083333333333 0.9851851851851853 0.4927083333333333 0.9740740740740741 0.4916666666666667 0.9722222222222222 0.490625 0.9648148148148148 0.4895833333333333 0.9629629629629629 0.4802083333333333 0.9425925925925925 0.4791666666666667 0.9407407407407407 0.471875 0.9296296296296297 0.4708333333333333 0.9296296296296297 0.4604166666666667 0.9166666666666666 0.459375 0.9166666666666666 0.44375 0.9037037037037037 0.4427083333333333 0.9037037037037037 0.42291666666666666 0.9018518518518519 0.4145833333333333 0.9055555555555556 0.4145833333333333 0.9074074074074074 0.4125 0.9129629629629629
3 0.5447916666666667 0.9018518518518519 0.5437500000000001 0.9018518518518519 0.5322916666666666 0.9018518518518519 0.5322916666666666 0.9037037037037037 0.5302083333333334 0.9870370370370369 0.53125 0.9888888888888888 0.6197916666666666 0.9888888888888888 0.6197916666666666 0.9870370370370369 0.61875 0.9685185185185184 0.6177083333333334 0.9666666666666667 0.615625 0.9518518518518518 0.6145833333333334 0.95 0.609375 0.9296296296296297 0.6083333333333334 0.9277777777777778 0.603125 0.9148148148148147 0.6020833333333334 0.9129629629629629 0.5958333333333333 0.9037037037037037 0.5947916666666666 0.9037037037037037 0.5864583333333333 0.8962962962962963 0.5854166666666667 0.8962962962962963 0.571875 0.8925925925925926 0.5489583333333333 0.8962962962962963 0.5479166666666666 0.8981481481481481 0.5447916666666667 0.9018518518518519
1 0.51375 0.41444444444444445 0.4871875 0.3937037037037037 0.4857291666666667 0.4287037037037037 0.45208333333333334 0.39944444444444444 0.4309375 0.39481481481481484 0.4171875 0.3996296296296296 0.4197916666666667 0.43444444444444447 0.44375 0.42962962962962964 0.4567708333333333 0.43444444444444447 0.4711458333333333 0.45092592592592595 0.48270833333333335 0.47425925925925927 0.48500000000000004 0.5625925925925925 0.5173958333333333 0.5611111111111111 0.51375 0.41444444444444445
1 0.6338541666666666 0.1037037037037037 0.6271875 0.07574074074074073 0.5288541666666666 0.17462962962962963 0.5184375 0.16944444444444445 0.5167708333333333 0.16592592592592595 0.5119791666666667 0.10222222222222221 0.48322916666666665 0.11148148148148147 0.48500000000000004 0.2262962962962963 0.5125000000000001 0.24888888888888888 0.515 0.2524074074074074 0.52 0.21703703703703706 0.6338541666666666 0.1037037037037037
1 0.298125 0.2412962962962963 0.298125 0.2288888888888889 0.2942708333333333 0.22648148148148148 0.28791666666666665 0.24092592592592593 0.2861458333333333 0.2064814814814815 0.27010416666666665 0.21092592592592593 0.2703125 0.2874074074074074 0.28802083333333334 0.29555555555555557 0.2884375 0.29703703703703704 0.2884375 0.2638888888888889 0.298125 0.2412962962962963