2 0 0.16588418981481481 0.054613780092592594 0.1589360462962963 0.10038890972222222 0.15414838425925925 0.22383522453703703 0.14529014583333333 0.31462281712962964 0.13496203703703705 0.4777873472222222 0.11366431018518518 0.5017031458333333 0.0972756111111111 0.48476343055555554 0.09816338425925926 0.47870873842592593 0.09090781944444444 0.44875728703703704 0.10005038657407407 0.3980881458333333 0.10628366203703703 0.305340662037037 0.11990636111111111 0.22934367824074076 0.1286770046296296 0.22860118518518519 0.1283091111111111 0.09181003703703704 0.1390662824074074 0.07162436574074074 0.13215491203703703 0.03248182407407407 0.14177916435185184 0 0.14787559490740743 0 0.16588418981481481
2 0.21559147453703703 0.29866094675925925 0.24085548842592594 0.294551849537037 0.39968861805555556 0.2854350046296296 0.41890060416666663 0.28721321527777777 0.43827397916666666 0.27862502083333335 0.4982819953703704 0.2750837569444445 0.5404786157407407 0.25615149305555557 0.532846738425926 0.23224732175925927 0.4707152199074074 0.2490533171296296 0.46926776388888886 0.24832599074074072 0.3532189236111111 0.2631698611111111 0.35317749305555557 0.26237927777777775 0.22254195370370372 0.2692255972222222 0.10554068981481482 0.279342 0.00017405324074074073 0.29561835416666665 0.0016307361111111112 0.3234135439814815 0.17182043749999998 0.3013512662037037 0.21559147453703703 0.29866094675925925
2 0.30984600462962963 0.18393540277777778 0.29658261574074074 0.1891575439814815 0.3321598287037037 0.19819337731481482 0.3322241574074074 0.19942085879629629 0.34078141203703705 0.20205995833333332 0.3471655462962963 0.21241711574074074 0.354165349537037 0.21329155555555557 0.35873192129629633 0.20276730324074071 0.43030387731481484 0.2146523865740741 0.42949297453703705 0.2062562361111111 0.3495545300925926 0.19501824074074073 0.30984600462962963 0.18393540277777778
3 0.88366325 0.3547215185185185 0.8818684513888889 0.35585867592592596 0.8689777708333333 0.3575773425925926 0.869032287037037 0.3586175833333333 0.8752889467592593 0.37184993518518517 0.8771927754629629 0.37279325694444443 0.8951995185185185 0.3979269675925926 0.8971033472222223 0.3988702893518518 0.9309361643518519 0.40752814814814814 0.9327854791666667 0.40743122916666663 0.9646054328703704 0.4130652893518519 0.9664002291666667 0.41192813194444444 0.9844027199074075 0.4015967962962963 0.9843482037037037 0.4005565555555556 0.9860884837962963 0.3983791597222222 0.9860339675925927 0.39733892129629633 0.9840168518518518 0.3588500740740741 0.982003988425926 0.35582627546296297 0.980154675925926 0.3559231944444444 0.9669914097222223 0.3524406666666667 0.9651420972222223 0.35253758564814813 0.9409374652777778 0.35067680787037037 0.939088150462963 0.35077372453703703 0.9021018726851852 0.3527120949074074 0.9003070740740741 0.3538492523148148 0.88366325 0.3547215185185185
3 0.8836658518518519 0 0.8836207384259259 0.00007103935185185185 0.8836752546296296 0.0011112800925925927 0.884929136574074 0.025036777777777776 0.8831343402777777 0.026173935185185185 0.8816121250000001 0.03251228935185185 0.8798173287037038 0.03364944675925926 0.8745419699074074 0.03914139814814815 0.8745964861111111 0.04018163657407408 0.8769364490740741 0.04944687037037037 0.8788402800925925 0.050390189814814815 0.8921670949074074 0.05699343518518519 0.8940164074074074 0.0568965162037037 0.910878300925926 0.06018520601851852 0.912727613425926 0.060088289351851856 0.927522125 0.05931294212962963 0.9293169236111111 0.05817578472222222 0.9550982847222222 0.05473844675925926 0.9568930833333333 0.05360128935185186 0.9677709004629629 0.048858821759259256 0.9677163819444444 0.04781858333333333 0.9668158796296297 0 0.8836658518518519 0
3 0.7265380856481483 0.010389585648148148 0.7247432870370369 0.011526743055555556 0.7174550648148148 0.013994895833333333 0.7156602685185185 0.015132053240740741 0.7049460000000001 0.022995236111111112 0.7050005162037037 0.024035476851851853 0.7016289884259259 0.030470747685185186 0.7035328194444445 0.03141406712962963 0.7036418518518518 0.0334945462962963 0.7055456828703703 0.03443786574074074 0.711257175925926 0.0372678287037037 0.7131064884259259 0.03717090972222222 0.7186544305555556 0.03688015509259259 0.7204492291666666 0.035742997685185185 0.722244025462963 0.03460584027777778 0.7240933402777777 0.0345089212962963 0.733394425925926 0.03506456944444444 0.7334489421296296 0.03610480787037037 0.743186162037037 0.04498236805555556 0.7450899930555556 0.0459256875 0.7508014837962963 0.048755650462962964 0.7508560000000001 0.04979588888888889 0.7630967337962963 0.07105940046296297 0.7650005648148149 0.0720027199074074 0.774301650462963 0.07255836805555556 0.7760964467592593 0.07142120833333333 0.7870287824074075 0.06771898148148148 0.7869742662037038 0.06667874305555556 0.7869197476851851 0.06563850231481481 0.7850159189814815 0.06469518287037038 0.7734839004629629 0.0569547800925926 0.7734293842592592 0.055914541666666664 0.7575990578703704 0.036925344907407405 0.7575445416666666 0.03588510648148148 0.7554226435185185 0.030780828703703706 0.7572174398148148 0.029643671296296296 0.7795727592592593 0.03160136805555555 0.7813675555555556 0.030464210648148148 0.7977933148148147 0.025430988425925925 0.799588111111111 0.02429383101851852 0.7994245624999999 0.021173113425925923 0.7859887152777778 0.012489391203703704 0.7841394004629629 0.012586310185185186 0.7690723055555556 0.008160460648148148 0.7672229930555555 0.008257379629629628 0.7541687615740741 0.006855331018518518 0.7523194467592593 0.00695225 0.73937425 0.007630678240740741 0.7375794513888889 0.008767835648148148 0.7265380856481483 0.010389585648148148
3 0.3960900625 0.3218607592592593 0.39424075000000003 0.32195767824074073 0.3737347453703703 0.3199030625 0.37188543287037035 0.3199999814814815 0.34229640972222225 0.32155067592592596 0.34050161111111116 0.3226878333333333 0.3239123032407407 0.324600337962963 0.3221175046296296 0.32573749537037033 0.30748654398148145 0.3296335601851852 0.30569174537037036 0.3307707199074074 0.2875257060185185 0.337981337962963 0.28573090972222226 0.33911849537037037 0.2663152384259259 0.35786866203703704 0.26636975462962964 0.35890890277777776 0.2438551388888889 0.389295537037037 0.2439096550925926 0.390335775462963 0.24064715972222223 0.39885152546296293 0.24070167592592592 0.39989176388888886 0.23994269444444444 0.4207934652777778 0.24184652546296295 0.4217367847222222 0.24641741898148148 0.43818677314814813 0.24832125000000002 0.43913009490740745 0.2562636712962963 0.44914481250000005 0.25816750231481483 0.45008813194444447 0.2675231064814815 0.4516840185185185 0.2693724189814815 0.451587099537037 0.2915641875 0.4504240787037037 0.2934680185185185 0.4513674004629629 0.32697373611111114 0.4537838240740741 0.3288230486111111 0.4536869050925926 0.35476796064814814 0.453370287037037 0.3566717916666666 0.45431360648148145 0.367931224537037 0.45685281481481477 0.36978053935185184 0.4567558958333333 0.3753284814814815 0.4564651412037037 0.3771232777777778 0.45532798148148146 0.4388508518518519 0.39472268749999995 0.43879633564814813 0.3936824467592593 0.46337833333333334 0.3673598518518518 0.4633238171296296 0.3663196111111111 0.4738200162037037 0.35429547222222224 0.4737655 0.35325523148148147 0.4734384004629629 0.34701379861111115 0.4656595277777778 0.3401197986111111 0.4638102152777778 0.3402167152777778 0.4282916319444445 0.33477649305555557 0.42638780324074077 0.33383317129629625 0.4131700208333334 0.3293104050925926 0.41311550462962965 0.3282701666666667 0.4073494976851852 0.32439996527777776 0.4055001828703703 0.32449688425925927 0.3960900625 0.3218607592592593
3 0.18086518055555556 0.3550452361111111 0.17907038194444447 0.3561823958333333 0.16857418055555554 0.36820653472222226 0.16677938425925926 0.36934369212962964 0.15242100462962963 0.3784409537037037 0.15057169212962962 0.3785378726851852 0.13604976388888887 0.38451441435185185 0.1361042800925926 0.3855546527777778 0.13474561574074076 0.39501372453703704 0.13295081712962964 0.3961508819444444 0.12963380555555556 0.4036263912037037 0.12968832175925926 0.40466663194444447 0.13006993981481482 0.41194830555555556 0.13197377083333334 0.412891625 0.13812139351851851 0.4240435 0.14002522453703703 0.4249868217592592 0.14785861342592593 0.43292106018518517 0.14976244444444445 0.4338643819444445 0.17641607175925925 0.44707087037037035 0.1782653865740741 0.4469739513888889 0.1971401412037037 0.4532864398148148 0.1989894560185185 0.45318952314814814 0.2361392847222222 0.45437187037037036 0.23798859953703705 0.4542749537037037 0.2508792800925926 0.4525562847222222 0.25082476388888886 0.4515160462962963 0.25055218055555556 0.44631484953703704 0.24864834953703704 0.44537153009259256 0.23831144675925928 0.42505134027777774 0.23825693055555555 0.42401109953703703 0.23863429629629632 0.39582772685185186 0.2404290925925926 0.3946905694444445 0.24706311574074075 0.3797395486111111 0.24885791435185187 0.37860238888888886 0.2660971712962963 0.35370770601851853 0.2678919675925926 0.3525705486111111 0.2837725625 0.33713493518518517 0.2706092962962963 0.3336524074074074 0.2687599837962963 0.3337493263888889 0.2315556388888889 0.3315267384259259 0.22970632407407407 0.3316236574074074 0.20038988425925927 0.3383755486111111 0.19859508564814815 0.3395127060185185 0.1841276736111111 0.3465294884259259 0.1841821921296296 0.3475697268518519 0.18086518055555556 0.3550452361111111
3 0.0030542060185185186 0.32368316435185185 0.003108722222222222 0.3247234027777778 0.0027313564814814813 0.35290677777777774 0.0046351874999999996 0.35385009722222227 0.007029668981481481 0.36415556944444444 0.008933497685185185 0.3650988912037037 0.01671237037037037 0.3719928912037037 0.01861620138888889 0.37293621064814814 0.03384684490740741 0.3804827777777778 0.035696159722222225 0.38038585879629633 0.05451639814814815 0.38565810879629625 0.056365712962962965 0.3855611898148148 0.08992594675925926 0.3890178541666667 0.09177526157407406 0.3889209351851852 0.13044730555555556 0.38376493055555555 0.13224210185185184 0.38262777314814816 0.15051717592592592 0.37749763194444447 0.15231197222222223 0.376360474537037 0.17200022685185185 0.3628115023148148 0.17194571064814815 0.3617712638888889 0.1788523148148148 0.3520214375 0.17879779861111111 0.35098119907407405 0.17738036805555557 0.32393498379629626 0.16350838657407407 0.30692934722222226 0.16160455555555556 0.30598602546296294 0.15039963888888888 0.3044870578703704 0.1485503263888889 0.30458397685185185 0.11363142592592593 0.3105863842592593 0.11178211342592592 0.3106833032407407 0.07669966435185185 0.31356499074074073 0.07490486574074075 0.31470215046296296 0.0030542060185185186 0.32368316435185185
3 0.016821405092592594 0.3740733680555555 0.015026606481481483 0.37521052777777775 0.013231810185185185 0.3763476851851852 0.01328632638888889 0.3773879236111111 0.013558909722222222 0.38258911805555557 0.01546274074074074 0.38353243981481483 0.03297883101851852 0.399304 0.034882662037037035 0.40024731944444447 0.0707828587962963 0.4129692175925926 0.07263217361111111 0.41287229861111113 0.08198777546296297 0.4144681851851852 0.08383709027777779 0.4143712662037037 0.12446748148148148 0.41119882175925926 0.1262622777777778 0.4100616643518518 0.1325146851851852 0.3878289699074074 0.13055633796296295 0.3858454097222222 0.12870702314814814 0.38594232870370376 0.10662428935185185 0.3891858263888889 0.10477497453703703 0.38928274537037033 0.07883006249999999 0.38959936342592594 0.07692623379629629 0.38865604398148146 0.0452153125 0.3851024606481481 0.043311481481481486 0.3841591412037037 0.016821405092592594 0.3740733680555555
3 0.20720796296296295 0.04386510185185185 0.2091117939814815 0.044808421296296294 0.2208618773148148 0.056709780092592595 0.22276570833333334 0.05765310185185185 0.2303265138888889 0.060386143518518516 0.2321758287037037 0.06028922685185185 0.24707937268518518 0.061594356481481476 0.2489286875 0.0614974375 0.2636686828703704 0.059681851851851854 0.2654634791666667 0.05854469444444445 0.2763412962962963 0.05380222685185185 0.2762867800925926 0.05276198842592592 0.28498818287037037 0.04187500462962963 0.2849336666666667 0.04083476620370371 0.2844975347222222 0.032512851851851855 0.2823756365740741 0.02740857638888889 0.28047180555555556 0.02646525462962963 0.2707345856481482 0.017587694444444444 0.26888527314814814 0.017684613425925925 0.21710448148148148 0.02039833101851852 0.2153096851851852 0.021535488425925925 0.20475896759259257 0.03251938888888889 0.2048134837962963 0.033559627314814815 0.20720796296296295 0.04386510185185185
3 0.43059333564814817 0.024856296296296296 0.42879853935185186 0.025993453703703703 0.41955196990740745 0.026478046296296295 0.41433112731481486 0.03301023611111111 0.4131360115740741 0.04559002314814815 0.4150398425925926 0.04653334490740741 0.4152579097222222 0.050694300925925924 0.4210784351851852 0.05560474074074074 0.4211874675925926 0.05768521990740741 0.42706250925925926 0.06363589814814816 0.4289118240740741 0.06353897916666666 0.4346233148148148 0.06636894212962963 0.44022577314814815 0.06711842592592593 0.4477865787037037 0.06985146990740741 0.4773210856481481 0.06726053472222222 0.47889781712962964 0.061962421296296304 0.48442687962962966 0.055414078703703705 0.4803382546296296 0.054063708333333335 0.4799838981481482 0.04730215509259259 0.4881611388888889 0.05000289351851852 0.49936393055555556 0.03376933564814815 0.49586449074074074 0.031866541666666665 0.5031527129629629 0.029398388888888887 0.5030981967592593 0.028358150462962965 0.4956464236111111 0.02770558564814815 0.49374259259259257 0.02676226388888889 0.4918932800925926 0.02685918287037037 0.4920023125 0.028939662037037038 0.47530396990740736 0.0287716875 0.4716598587962963 0.03000576388888889 0.4697015115740741 0.028022203703703702 0.46040042592592595 0.027466557870370372 0.4547434513888889 0.02567683564814815 0.45104482175925925 0.025870671296296298 0.4435385347222222 0.024177868055555555 0.43059333564814817 0.024856296296296296
3 0.25105696064814814 0.11979928703703704 0.24469339583333335 0.12221897916666667 0.2449569212962963 0.12352276388888889 0.2391999699074074 0.12354997453703705 0.23903641898148148 0.12042925694444444 0.2372416226851852 0.12156641435185185 0.23589663425925927 0.12569948842592593 0.09999229166666666 0.15835033796296297 0.09267228472222222 0.15834966666666667 0.08902817361111112 0.15958374074074072 0.09093200462962964 0.16052706249999998 0.19851931481481483 0.16114722685185184 0.19895544675925925 0.16946914120370368 0.2028721412037037 0.17343625925925926 0.20314472453703705 0.17863745601851852 0.20504855555555557 0.17958077546296297 0.20515758796296296 0.18166125462962962 0.21086908101851853 0.18449121527777776 0.21092359722222223 0.18553145601851853 0.21473125694444445 0.18741809722222222 0.22033371527777776 0.1881675810185185 0.22414137731481482 0.19005422222222224 0.22974383564814815 0.1908037060185185 0.24296161574074074 0.1953264722222222 0.24850955787037035 0.1950357175925926 0.25041338888888887 0.19597903703703703 0.25965995833333333 0.19549444444444444 0.26156378935185187 0.1964377662037037 0.2689610462962963 0.1960500925925926 0.2816336597222222 0.1901704675925926 0.28527777083333333 0.1889363912037037 0.29082571296296295 0.1886456365740741 0.29262050925925925 0.1875084791666667 0.2981684513888889 0.18721772222222222 0.3017580462962963 0.1849434074074074 0.31269037962962964 0.18124118055555555 0.31258134722222225 0.1791607013888889 0.3247633125 0.16391892592592594 0.3239455625 0.14831533796296295 0.32204173148148146 0.14737201851851853 0.31981080324074074 0.14018726388888889 0.3140447939814815 0.1363170625 0.310291650462963 0.13547065972222222 0.30242333564814816 0.1386646111111111 0.30104507870370373 0.1359552523148148 0.29925028240740736 0.13709240972222222 0.2952492569444444 0.1354477013888889 0.26655294907407406 0.12258006249999999 0.2630775023148148 0.11916931712962962 0.25937887268518517 0.11936315277777777 0.254017212962963 0.12134604166666667 0.25105696064814814 0.11979928703703704
3 0.20688511574074073 0.07308871296296296 0.20509031712962963 0.07422587268518518 0.19965140972222223 0.07659710416666667 0.1978566111111111 0.07773426157407408 0.17457876388888888 0.09355754861111111 0.17463328009259257 0.09459778935185185 0.1693579212962963 0.10008973842592593 0.16941243749999998 0.10112997916666666 0.17142530092592592 0.10415377777777779 0.17332913194444444 0.10509709722222223 0.19617509953703702 0.11641694675925926 0.19622961574074071 0.11745718518518518 0.2021046574074074 0.12340786342592593 0.20400848842592592 0.12435118518518519 0.2115147777777778 0.12604399074074074 0.21336409027777778 0.12594707175925926 0.23892738657407409 0.11834877777777777 0.24077670138888888 0.1182518611111111 0.29266652546296296 0.11761862268518518 0.29446132175925926 0.11648146527777777 0.2938616388888889 0.10503883333333333 0.2859192175925926 0.09502411805555555 0.2840153865740741 0.0940807962962963 0.25567599537037033 0.08409194212962963 0.25377216435185185 0.08314862268518519 0.2384324861111111 0.0735215787037037 0.2365831712962963 0.07361849768518519 0.22907688194444445 0.07192569212962963 0.22722756944444444 0.0720226111111111 0.20688511574074073 0.07308871296296296
3 0.26472150231481484 0.22130658564814815 0.2647760185185185 0.22234682407407405 0.26499408564814814 0.2265077800925926 0.2668979166666667 0.22745110185185186 0.2803882800925926 0.2371750625 0.2822375949074074 0.23707814583333334 0.29164771296296294 0.23971427083333335 0.2934970277777778 0.23961735185185185 0.30089428240740745 0.23922967824074076 0.30268908101851855 0.23809252083333335 0.3097047199074074 0.23042317361111112 0.3115540347222222 0.2303262546296296 0.32613047916666665 0.2253899513888889 0.32607596296296293 0.22434971064814815 0.33135132175925924 0.21885776157407408 0.3312968055555555 0.2178175208333333 0.33107873842592594 0.21365656481481482 0.3063834583333333 0.20243363657407407 0.30453414351851854 0.20253055324074076 0.2915344282407408 0.20216874537037038 0.2897396319444444 0.20330590277777777 0.2860410046296296 0.20349973842592592 0.2842462060185185 0.20463689583333333 0.2716281087962963 0.21155675925925926 0.271682625 0.212597 0.26472150231481484 0.22130658564814815
3 0.3000807847222222 0.2590911388888889 0.30187558333333336 0.25795398148148146 0.30921832175925923 0.25652606944444445 0.31101311805555554 0.25538891203703706 0.3163429953703704 0.2509371990740741 0.31628847685185185 0.24989696064814815 0.31781069212962965 0.24355860879629632 0.31585234490740743 0.24157504861111112 0.31400303009259256 0.24167196527777776 0.3046474282407407 0.24007608101851852 0.30279811342592594 0.24017299768518519 0.2824556597222222 0.24123910185185185 0.2825101759259259 0.24227934027777778 0.2870810717592593 0.2587293287037037 0.28893038425925927 0.258632412037037 0.3000807847222222 0.2590911388888889
3 0.22702650694444446 0.2097218449074074 0.22887582175925925 0.20962492824074075 0.2478050925925926 0.2169776550925926 0.24970892361111113 0.21792097685185186 0.2592825925925926 0.22367781944444443 0.2611319074074074 0.22358090046296297 0.26472150231481484 0.22130658564814815 0.2646669861111111 0.22026634722222221 0.2696697615740741 0.2095731990740741 0.2619999212962963 0.20475967824074073 0.2601506087962963 0.20485659722222224 0.25449363425925925 0.203066875 0.25264431944444443 0.20316379166666665 0.23415118055555556 0.20413297685185186 0.23235638194444444 0.20527013425925927 0.2268629583333333 0.20660112962962962 0.22691747453703706 0.20764136805555555 0.22702650694444446 0.2097218449074074
3 0 0.2737511689814815 0.06141025231481482 0.2695131388888889 0.0632050486111111 0.26837598148148145 0.07043875462962963 0.2648675902777778 0.07228806944444445 0.2647706736111111 0.09072669212962962 0.26276125 0.09252148842592592 0.2616240925925926 0.09338950462962962 0.24280287037037038 0.09518430092592593 0.24166571296296294 0.09676103240740741 0.23636759722222223 0.0985558287037037 0.2352304398148148 0.10568050231481481 0.22964157175925926 0.10562598611111111 0.2286013310185185 0.10540791898148148 0.224440375 0.0807126388888889 0.21321744675925927 0.07886332407407408 0.21331436574074072 0.06200143287037037 0.21002567361111113 0.06015211805555555 0.21012259259259258 0.03600200462962963 0.20930205324074075 0.03420720601851852 0.21043921064814816 0.019412694444444444 0.2112145601851852 0.01761789814814815 0.21235171759259258 0.0029324189814814816 0.21520754166666667 0.001137622685185185 0.21634469907407408 0 0.2172370949074074 0 0.2737511689814815
3 0.10002777777777778 0.26331689583333334 0.1019316087962963 0.2642602175925926 0.10563023611111111 0.26406637962962964 0.10753406712962964 0.26500970138888885 0.12243761342592592 0.2663148310185185 0.1319022476851852 0.2699911944444444 0.1337515625 0.2698942777777778 0.14136688425925925 0.2736675601851852 0.16361316898148145 0.2735447777777778 0.1654079652777778 0.27240762037037036 0.19314767592592594 0.2709538425925926 0.19494247222222222 0.26981668518518515 0.23316162962962964 0.2678137037037037 0.22801630787037036 0.29937624537037033 0.22622151157407408 0.30051340277777777 0.18738591898148146 0.3025486898148148 0.18559112037037037 0.3036858472222222 0.18189249305555555 0.3038796851851852 0.18205604398148148 0.3070004027777778 0.19521930787037037 0.31048292824074075 0.21741107407407406 0.30931990740740745 0.2192058726851852 0.30818275 0.22475381481481482 0.3078919953703704 0.23933025925925924 0.30295569212962964 0.2317149375 0.2991824074074074 0.23900315972222222 0.2967142569444444 0.2408524722222222 0.29661733796296297 0.24389860185185186 0.298126650462963 0.24264727083333335 0.2954801805555555 0.2500990439814815 0.2961327453703704 0.24846694444444445 0.2932976111111111 0.27130865972222223 0.26915241203703705 0.2737920208333333 0.26464125925925924 0.28365502546296295 0.2641243611111111 0.2834369583333333 0.2599634050925926 0.2852317569444444 0.2588262476851852 0.2850136898148148 0.2546652916666667 0.2831098587962963 0.2537219699074074 0.2829463101851852 0.25060125231481484 0.27902961574074076 0.24663413425925926 0.2767986851851852 0.23944937962962964 0.2671705 0.2326522962962963 0.26515763425925926 0.2296284976851852 0.2574877962962963 0.22481497685185184 0.2554749328703704 0.22179117824074074 0.22893033796296297 0.21066516666666665 0.20641146990740739 0.20558675231481482 0.15642547685185185 0.2071633125 0.14913725462962965 0.20963146296296298 0.13809588657407407 0.21125321296296296 0.13080766435185184 0.21372136574074074 0.10747529861111112 0.22850441435185187 0.10230897453703704 0.2360768425925926 0.09871937962962962 0.2383511574074074 0.09523881712962963 0.2427059513888889 0.09632915046296296 0.2635107337962963 0.10002777777777778 0.26331689583333334
3 0.2655477546296296 0.30784026851851853 0.26745158564814814 0.30878358796296296 0.2786565023148148 0.31028255555555556 0.2786019837962963 0.30924231712962963 0.29094749999999997 0.2971212569444444 0.2908929837962963 0.29608101851851854 0.29067491666666667 0.29192006249999997 0.2573872662037037 0.29366459490740743 0.25559246759259263 0.2948017523148148 0.22671216203703703 0.30987555555555557 0.22861599074074074 0.310818875 0.23628583101851852 0.31563239814814814 0.2381351435185185 0.3155354791666667 0.2563011851851852 0.3083248587962963 0.2581504976851852 0.3082279421296296 0.2655477546296296 0.30784026851851853
3 0.17901161342592592 0.31967710879629635 0.18651790277777777 0.3213699120370371 0.1866814537037037 0.3244906296296296 0.18494117361111112 0.326668025462963 0.18124254398148149 0.32686186342592594 0.183146375 0.32780518287037036 0.18352799074074075 0.33508685648148145 0.18543182175925926 0.3360301782407408 0.18559537268518517 0.3391508958333333 0.1930471435185185 0.33980346064814815 0.19848605324074076 0.33743222685185187 0.20218468055555558 0.3372383912037037 0.2148572962962963 0.3313587662037037 0.21654306018518518 0.32814112962962966 0.21278991435185185 0.32729472685185185 0.21621596064814813 0.32189969444444444 0.21986007175925926 0.3206656203703704 0.2175201087962963 0.3114003865740741 0.1952738240740741 0.3115231689814815 0.18961684953703703 0.30973344444444445 0.18406890740740742 0.31002420138888886 0.18031576157407408 0.3091777986111111 0.17460427083333332 0.30634783564814816 0.1690563287037037 0.3066385925925926 0.1691653611111111 0.30871906944444444 0.17498588657407407 0.31362950925925925 0.1750949189814815 0.31570998842592596 0.17901161342592592 0.31967710879629635
3 0 0.09009964351851851 0.005582476851851852 0.08885401851851853 0.007377275462962963 0.08771686111111111 0.01814605787037037 0.08089391666666666 0.01809154166666667 0.07985367824074074 0.021463069444444444 0.07341840509259259 0.02140855324074074 0.07237816666666667 0.020590805555555553 0.05677458101851852 0.008840722222222222 0.04487322222222222 0.006936891203703704 0.04392990046296296 0.001225398148148148 0.041099939814814815 0 0.041164159722222225 0 0.09009964351851851
3 0 0.10415599074074074 0.004550912037037037 0.10455452314814816 0.006454743055555556 0.1054978449074074 0.014070064814814813 0.10927112731481481 0.01591937962962963 0.10917420833333333 0.03283578935185185 0.11350313888888888 0.034685101851851856 0.1134062199074074 0.0420823587962963 0.1130185462962963 0.04387715509259259 0.11188138888888889 0.04931606481481481 0.1095101550925926 0.049261548611111115 0.10846991666666667 0.050729245370370366 0.10109132407407408 0.031690939814814814 0.09165811805555556 0.03163642361111111 0.09061787731481481 0.029350976851851854 0.08239288425925925 0.027447145833333336 0.0814495625 0.023639483796296296 0.07956292129629629 0.021790171296296297 0.07965984027777778 0.009226587962962962 0.08761994212962963 0.007377275462962963 0.08771686111111111 0 0.09057327546296295 0 0.10415599074074074
3 0 0.146516875 0.004882263888888889 0.14626100694444444 0.006677060185185185 0.14512384953703703 0.012225002314814815 0.14483309259259258 0.014019800925925927 0.1436959351851852 0.023266370370370368 0.1432113449074074 0.025061166666666666 0.1420741875 0.030609108796296296 0.14178343055555556 0.03963761342592593 0.13713788194444443 0.03931051388888889 0.13089644675925927 0.037352166666666665 0.12891288888888888 0.03169518981481482 0.12712316435185184 0.03301403009259259 0.12575017824074075 0.02228507175925926 0.12448703935185186 0.02038124074074074 0.12354371990740741 0.02671754861111111 0.1206039074074074 0.020421064814814812 0.11545763657407407 0.012329784722222223 0.11144852314814814 0.014124583333333333 0.11031136574074074 0.01401554861111111 0.10823088888888889 0.012111717592592594 0.10728756712962964 0 0.10455615509259258 0 0.11095766435185185 0.003083215277777778 0.11193311574074073 0.011080155092592593 0.12298807175925927 0 0.12356875925925925 0 0.146516875
3 0.14160971064814815 0.030613421296296295 0.14166422685185184 0.03165365972222222 0.14259100925925927 0.04933772453703704 0.1444948402777778 0.050281043981481484 0.15053343055555554 0.05935244212962963 0.15243726157407408 0.06029576157407407 0.1638602453703704 0.06595568518518519 0.16570955787037037 0.06585876851851852 0.17321584722222222 0.06755157175925926 0.17506516203703704 0.06745465277777778 0.18801035879629627 0.06677622453703703 0.18980515740740742 0.06563906712962962 0.20628543287037038 0.06164608333333334 0.20808022916666666 0.06050892592592593 0.21156079166666666 0.05615413425925926 0.21150627546296297 0.05511389351851852 0.21123369212962964 0.04991269907407408 0.20340030324074074 0.04197846064814815 0.20334578703703704 0.040938219907407404 0.20095130555555554 0.030632747685185185 0.19904747453703703 0.02968942824074074 0.19121408564814815 0.021755187500000002 0.18936477314814815 0.021852106481481483 0.15052918055555556 0.02388739351851852 0.14873438194444444 0.025024550925925926 0.14160971064814815 0.030613421296296295
3 0.15853037037037035 0.07040739814814814 0.16043419907407408 0.0713507175925926 0.16804952314814814 0.07512400231481482 0.16989883564814814 0.07502708333333334 0.19219963657407407 0.07594453935185186 0.19399443518518517 0.07480738194444445 0.20313196990740742 0.0722423125 0.2030774537037037 0.07120207175925926 0.2084073287037037 0.06675036111111111 0.2083528125 0.06571012268518518 0.2099295439814815 0.060412006944444444 0.19355830092592594 0.0664854699074074 0.1917089884259259 0.06658238888888889 0.17696899305555555 0.06839797453703704 0.17506516203703704 0.06745465277777778 0.16201093055555554 0.06605260416666667 0.16010709953703706 0.06510928472222222 0.15254629398148148 0.06237624074074074 0.154450125 0.06331956018518518 0.15853037037037035 0.07040739814814814
3 0.10675383101851851 0.10858616203703704 0.1013694375 0.11199763425925927 0.1014239537037037 0.11303787268518518 0.09603956250000001 0.11644934722222222 0.0961485949074074 0.11852982407407407 0.08913295601851852 0.1261991712962963 0.08940553935185186 0.13140036805555555 0.09130937037037036 0.1323436875 0.09141840277777778 0.13442416666666668 0.09517154861111111 0.13527056944444446 0.13955508333333333 0.13294452546296295 0.14134987962962964 0.13180736805555557 0.1732505462962963 0.13013552546296298 0.17017992129629628 0.15115837499999998 0.14798815509259258 0.15232139583333332 0.1461933564814815 0.15345855324074073 0.11845364814814816 0.15491232870370372 0.11665884953703703 0.1560494861111111 0.0889191412037037 0.15750326388888888 0.08913720833333334 0.1616642199074074 0.08734240972222222 0.1628013773148148 0.08745144444444444 0.16488185648148146 0.09131362037037037 0.1678087361111111 0.0914771712962963 0.17092945370370372 0.09338100231481482 0.17187277314814814 0.09354455092592592 0.17499349074074075 0.09550289814814815 0.17697705092592594 0.12797705092592593 0.19509397916666665 0.1871005810185185 0.19095235185185186 0.19069017592592594 0.18867803703703703 0.20347182407407408 0.18487888888888887 0.2031843726851852 0.17939399305555556 0.2012954097222222 0.1787343726851852 0.2011863773148148 0.17665389583333332 0.19928254629629627 0.1757105740740741 0.2028969212962963 0.1739090949074074 0.19726968287037036 0.17268677546296296 0.2026094699074074 0.16842419907407408 0.19696984259259256 0.16696546064814816 0.2023220185185185 0.16293930092592593 0.1947661689814815 0.16030082407407406 0.2020345671296296 0.1574544050925926 0.20174711574074072 0.15196950694444447 0.19427552083333333 0.1509386736111111 0.20145966435185184 0.1464846111111111 0.2005973125 0.13002991898148147 0.19862409490740743 0.12776265740740742 0.20041889351851852 0.1266255 0.20030986111111113 0.12454502314814814 0.190518125 0.11462722222222223 0.17147981944444446 0.10519401620370371 0.16778118981481482 0.10538785416666666 0.1621242152777778 0.10359812962962964 0.15842558796296297 0.10379196759259258 0.14341300925925926 0.1004063587962963 0.13601575462962964 0.1007940324074074 0.13422095601851852 0.10193118981481482 0.12682370138888888 0.10231886342592593 0.12502890277777778 0.10345602083333334 0.12133027546296296 0.10364985879629629 0.10675383101851851 0.10858616203703704
3 0.12427842361111112 0.19528781712962964 0.12618225462962962 0.19623113888888888 0.1471243912037037 0.20660766435185185 0.1489737037037037 0.20651074768518518 0.2044531226851852 0.20360319444444444 0.2062479212962963 0.20246603703703703 0.21146876388888888 0.19593384722222223 0.21141424537037037 0.1948936064814815 0.21103262962962963 0.18761193287037037 0.20352634027777777 0.18591912962962964 0.2017315439814815 0.18705628703703706 0.1816071574074074 0.19228334490740742 0.1797578425925926 0.19238026388888887 0.1353743078703704 0.19470630555555554 0.13347047685185187 0.1937629861111111 0.1241693912037037 0.19320733796296297 0.1242239074074074 0.19424757870370368 0.12427842361111112 0.19528781712962964
3 0.10616690046296295 0.20353867592592592 0.10807073148148148 0.20448199537037037 0.12335589351851851 0.21306880092592592 0.1252052060185185 0.21297188194444447 0.13624657407407406 0.21135013194444444 0.13804137037037037 0.21021297453703702 0.15082301851851854 0.2064138287037037 0.12623677083333332 0.1972713773148148 0.12433293981481482 0.19632805555555558 0.10899326157407409 0.18670101388888888 0.10714394907407408 0.18679793055555557 0.09985572685185184 0.1892660833333333 0.09991024305555556 0.19030632175925927 0.09822447916666667 0.19352395833333333 0.10012831018518518 0.19446727777777775 0.10616690046296295 0.20353867592592592
3 0.08201678703703703 0.2027181365740741 0.08392061574074074 0.20366145833333335 0.08408416666666667 0.2067821736111111 0.08598799768518518 0.20772549537037038 0.08990469212962963 0.21169261574074075 0.09180852314814815 0.21263593518518517 0.11427287268518518 0.2166741087962963 0.11606766898148148 0.2155369513888889 0.11976629861111111 0.21534311574074075 0.12156109490740741 0.21420595833333334 0.12330137499999999 0.2120285601851852 0.100346375 0.19862823611111113 0.10029185879629629 0.19758799537037036 0.09621161574074073 0.19050015972222223 0.09436230092592592 0.19059707870370368 0.08511573148148148 0.1910816689814815 0.08517024768518518 0.1921219097222222 0.08168968750000001 0.19647670138888887 0.08174420370370371 0.19751694212962964 0.08201678703703703 0.2027181365740741