2 0.16516623842592593 0.5802693842592593 0.24427884953703705 0.5700332314814814 0.2467803148148148 0.5446561458333333 0.2488750763888889 0.5418273958333333 0.17793495138888887 0.551348548611111 0.015866138888888888 0.5820698472222222 0.01869521990740741 0.6010203888888889 0.16516623842592593 0.5802693842592593
2 0.38503612731481485 0.9244369560185185 0.39735699074074077 0.9231185208333333 0.4195679398148148 0.9122455023148148 0.44047778703703705 0.9111480787037037 0.45472312962962963 0.9120662592592593 0.5428285810185185 0.9094294120370371 0.6384764513888889 0.9094996689814815 0.6158158564814814 0.9054592939814815 0.5200175717592592 0.9034572962962962 0.47521931712962967 0.9013537175925926 0.47700827314814814 0.8922673912037037 0.511317287037037 0.8924026782407408 0.5160030902777778 0.8919927222222221 0.6143438680555555 0.8935213263888889 0.6315442430555556 0.8891200509259258 0.46967709953703707 0.8868754097222222 0.3808206157407408 0.893039050925926 0.19844231712962962 0.9202462314814815 0.2011828611111111 0.9405220324074074 0.24041314814814815 0.9380518217592593 0.2522110787037037 0.9307562175925925 0.26910756481481485 0.9326554027777777 0.2819677847222222 0.922840962962963 0.30398502546296297 0.9146408310185186 0.36166285416666666 0.9122506157407407 0.3781292592592593 0.9190078518518519 0.38503612731481485 0.9244369560185185
3 0.11251098148148148 0.7242084074074073 0.11426499999999999 0.7230093055555555 0.15636142592592592 0.6942308495370371 0.1562706388888889 0.6931931458333332 0.1524285138888889 0.6705250833333333 0.1541825324074074 0.6693259814814815 0.1723872800925926 0.6436834212962963 0.17229649305555556 0.6426457199074074 0.17175177083333334 0.6364195023148148 0.16981617824074074 0.6355431990740741 0.16724507638888889 0.6274029768518519 0.16530948379629629 0.626526673611111 0.14081135416666668 0.6014831944444444 0.1388757638888889 0.6006068912037037 0.11942905324074074 0.5908061550925926 0.11758424768518518 0.5909675555555556 0.03650361574074074 0.599106835648148 0.03474959722222222 0.6003059398148147 0.02368076851851852 0.6012743356481481 0.02192675 0.6024734375 0.01666469675925926 0.6060707453703704 0.016755483796296294 0.607108449074074 0.027740738425925927 0.7326704884259259 0.03170271064814815 0.7354607986111111 0.033547516203703706 0.7352993981481482 0.03732791435185185 0.7360143009259259 0.03917271759259259 0.7358529027777778 0.0872284351851852 0.7326942175925927 0.08898245370370371 0.7314951157407408 0.09811568981481482 0.7296504143518519 0.09986970833333333 0.7284513125 0.11251098148148148 0.7242084074074073
3 0.1672124097222222 0.5845343611111111 0.1413851388888889 0.5867939560185186 0.13963112037037037 0.5879930578703704 0.13409670601851853 0.5884772569444444 0.1260202476851852 0.5599057754629629 0.12777426620370372 0.558706673611111 0.16642438425925926 0.5542795810185185 0.16817840277777776 0.5530804791666667 0.17740242592592595 0.5522734814814815 0.17915644444444445 0.5510743773148148 0.1957596898148148 0.5496217824074074 0.19751370833333334 0.5484226805555555 0.23247421527777778 0.544318386574074 0.23422823379629631 0.5431192847222223 0.2416074537037037 0.5424736851851852 0.2433614699074074 0.5412745833333333 0.24308910879629628 0.538161474537037 0.24484312731481483 0.5369623726851852 0.24438918981481483 0.5317738587962962 0.24614320833333334 0.5305747569444444 0.24459982638888889 0.5129338078703704 0.2426642337962963 0.5120575046296296 0.23900368287037035 0.49146484953703706 0.2292349351851852 0.4860456296296296 0.22554532407407407 0.4863684282407408 0.21226854166666667 0.48334741435185186 0.1993549074074074 0.48447721064814814 0.1974193148148148 0.4836009074074074 0.18819528935185184 0.4844079050925926 0.18099764351851852 0.48712890972222217 0.16448518518518518 0.48961920833333333 0.15008989583333335 0.4950612152777778 0.14640028472222222 0.4953840138888889 0.1446462662037037 0.49658311574074077 0.1409566574074074 0.49690591435185183 0.13375901157407408 0.4996269189814815 0.13025097685185186 0.5020251226851852 0.11041205787037037 0.5089890324074074 0.09296266666666667 0.5220177592592593 0.0930534537037037 0.5230554606481481 0.08954541898148148 0.5254536666666666 0.08797297453703704 0.5287281736111111 0.08446493981481483 0.5311263796296296 0.08113847916666667 0.5355999884259259 0.08150162731481482 0.539750800925926 0.07974760879629629 0.5409499027777778 0.08020154629629629 0.5461384166666666 0.07844752777777779 0.5473375185185185 0.07899225231481483 0.5535637361111111 0.0772382337962963 0.554762837962963 0.07769216898148149 0.5599513518518519 0.07593815277777777 0.5611504537037038 0.07621051388888889 0.5642635625 0.08617246064814815 0.5633920046296296 0.08322703472222222 0.5674401620370371 0.12532616666666666 0.5864997592592592 0.1249634675925926 0.5903219560185184 0.12901622685185185 0.5941499675925925 0.14643655787037038 0.6020366990740741 0.15012616666666667 0.6017138981481481 0.15768696296296295 0.6031437060185185 0.16322137731481481 0.6026595092592593 0.17078217129629628 0.6040893148148149 0.19476463657407408 0.6019911226851852 0.2017807083333333 0.5971947129629629 0.20123598379629629 0.5909684953703704 0.18566045833333333 0.5829203657407407 0.17643643287037036 0.5837273634259259 0.1745008425925926 0.5828510601851852 0.16896642592592592 0.5833352592592592 0.1672124097222222 0.5845343611111111
3 0.7913483125 0.8342124328703704 0.7840598796296296 0.8358957337962963 0.7774069583333334 0.8448429560185184 0.7738989212962963 0.8472411597222221 0.7724172662037037 0.8515533703703704 0.7706632476851851 0.8527524722222223 0.7574772523148148 0.8507691620370371 0.7572956759259258 0.8486937569444444 0.7673658472222222 0.8363106273148148 0.7684843541666666 0.8278476064814814 0.7530904027777778 0.8218748819444445 0.751245599537037 0.8220362824074073 0.7473744143518518 0.8202836759259259 0.7471928402777778 0.8182082685185186 0.7452572476851851 0.8173319652777777 0.7470112662037037 0.8161328634259258 0.7507008749999999 0.8158100648148149 0.7526364675925926 0.8166863680555556 0.7600156875 0.8160407708333333 0.7619512800925926 0.8169170740740741 0.7656408888888889 0.816594275462963 0.7745925532407407 0.8126741689814815 0.7838165787037037 0.8118671712962963 0.7831810671296296 0.80460325 0.7792190949074075 0.8018129421296296 0.7789467337962963 0.7986998333333333 0.7730491712962964 0.7950332199074074 0.752694587962963 0.7748554560185185 0.7489141921296296 0.7741405532407407 0.734791261574074 0.7826956689814815 0.7214854166666667 0.800590111111111 0.7216669930555555 0.8026655162037037 0.7183405300925926 0.807139125 0.7186128935185185 0.8102522337962964 0.716858875 0.8114513356481482 0.7357608611111112 0.8150258564814814 0.7377872407407408 0.8169398611111112 0.7181298958333334 0.825979175925926 0.7240728541666667 0.8301646412037037 0.7222734421296296 0.8308448912037036 0.7262354143518519 0.8336352013888889 0.726416988425926 0.8357106064814814 0.7304697476851851 0.8395386180555555 0.7359587685185185 0.8385355694444444 0.7344317199074074 0.8423289282407408 0.7403292824074074 0.8459955393518519 0.7444728287037037 0.8508612546296297 0.7502796064814815 0.8534901643518518 0.7557232337962964 0.8519682638888889 0.759730599537037 0.8552774236111111 0.7690000185185185 0.8549892777777778 0.7657643425925926 0.8605005925925927 0.7734159259259259 0.8629681018518518 0.7771055347222222 0.8626453032407407 0.7790411273148149 0.8635216064814815 0.7827307384259259 0.8631988078703704 0.7902915324074073 0.8646286134259259 0.8271876319444444 0.861400625 0.8268244837962963 0.8572498125000001 0.8229532986111111 0.8554972060185185 0.8107950208333333 0.8440131689814815 0.8105226597222221 0.8409000601851851 0.7913483125 0.8342124328703704
3 0.9007728032407407 0.9375687638888889 0.8897947615740741 0.9395748634259259 0.8822339652777778 0.9381450555555555 0.8710743495370371 0.93807575 0.8614871759259259 0.9347319374999999 0.8469684305555555 0.8962676273148148 0.8487224467592592 0.895068525462963 0.8483592986111111 0.8909177129629628 0.8501133171296296 0.8897186111111111 0.847542212962963 0.8815783888888888 0.8456066226851852 0.8807020856481481 0.8452434722222222 0.8765512731481481 0.8433078796296297 0.8756749699074073 0.8248598310185186 0.8772889652777778 0.8213517939814815 0.8796871689814815 0.8180253333333334 0.8841607800925926 0.8184792708333334 0.8893492939814814 0.8223504537037037 0.891101900462963 0.8222356967592593 0.8940397476851851 0.8281572314814815 0.8937308101851852 0.8320284166666667 0.8954834166666666 0.825992125 0.8987302037037037 0.8522871203703704 0.9315633842592592 0.8596423703703704 0.9348933356481481 0.8560435462962963 0.9362538379629629 0.8562251226851851 0.9383292430555555 0.8623042592592592 0.9440712615740741 0.8739178125 0.9493290810185185 0.8890394027777778 0.9521886967592592 0.8982634282407408 0.9513816990740741 0.9001990185185186 0.9522580023148147 0.9131126550925927 0.9511282060185186 0.9150482476851851 0.9520045092592592 0.9205826620370371 0.9515203101851852 0.9223366782407408 0.9503212083333333 0.9315607037037036 0.9495142106481481 0.9423571736111112 0.9454327037037037 0.9362780347222222 0.9396906875 0.9208840833333334 0.9337179629629629 0.9061256435185185 0.9350091597222222 0.9007728032407407 0.9375687638888889
3 0.7111500972222222 0.9374282708333334 0.7185293171296296 0.9367826712962963 0.7204649097222222 0.937658974537037 0.7296889351851852 0.9368519768518518 0.7316245277777779 0.9377282800925926 0.7371589421296295 0.9372440810185186 0.7410301273148149 0.9389966875 0.7450828865740741 0.942824701388889 0.7478355624999999 0.9530403287037037 0.7443275277777778 0.9554385347222222 0.7410918541666667 0.9609498472222222 0.7375838171296296 0.9633480509259259 0.7309308958333334 0.9722952731481482 0.7310216828703704 0.973332974537037 0.7348928680555556 0.9750855810185185 0.8363571435185185 0.9662086087962963 0.8398651782407407 0.9638104027777777 0.8411652592592593 0.9574227870370371 0.8444917199074075 0.9529491759259259 0.8442193587962963 0.9498360671296296 0.8459733773148149 0.9486369652777777 0.84261425 0.910241962962963 0.8405878703703704 0.9083279560185185 0.8386522777777777 0.9074516527777777 0.833117863425926 0.9079358518518519 0.8311822708333333 0.907059548611111 0.8256478541666666 0.9075437453703704 0.823712263888889 0.9066674421296297 0.8181778472222222 0.9071516412037036 0.814397451388889 0.9064367384259259 0.8124618587962963 0.9055604351851853 0.8117355601851851 0.8972588125000001 0.8098907546296297 0.8974202106481483 0.7982772013888889 0.8921623912037037 0.7737500138888889 0.8880343680555556 0.7682155995370371 0.8885185671296296 0.7662800069444444 0.8876422638888889 0.7017118310185185 0.8932912476851852 0.6945141874999999 0.89601225 0.6857440972222222 0.9020077638888888 0.6858348842592592 0.9030454652777777 0.6754015648148148 0.9112777824074074 0.6740833263888889 0.9174578587962963 0.6778818819444444 0.9183803032407408 0.6800898356481482 0.9223697152777777 0.672765087962963 0.9236379351851852 0.6714468472222223 0.9298180092592593 0.6735276990740742 0.932354636574074 0.6679932847222223 0.9328388356481482 0.6701286087962963 0.9359980856481482 0.6688103703703704 0.942178162037037 0.6809686458333333 0.9536621990740741 0.6822396689814815 0.9681900370370371 0.6898912500000001 0.9706575486111111 0.6933992847222222 0.9682593425925925 0.7017154375 0.9570753171296297 0.7008983518518519 0.9477359930555556 0.6872584189814815 0.9405641666666666 0.6871676319444445 0.9395264629629629 0.6774896712962963 0.9351449467592593 0.6841425949074074 0.9261977268518519 0.6939113425925926 0.9316169467592593 0.6957561481481482 0.9314555462962963 0.7111500972222222 0.9374282708333334
3 0.4832404236111111 0.9458656805555555 0.4849944421296296 0.9446665787037036 0.4845405046296296 0.9394780648148149 0.48260491203703704 0.938601761574074 0.4823325509259259 0.9354886527777778 0.4763442013888889 0.9307843356481482 0.476162625 0.9287089305555555 0.4721098657407407 0.9248809189814815 0.45441717592592595 0.9138810810185185 0.4451023634259259 0.913650375 0.43938637268518516 0.9120591689814815 0.4264727384259259 0.9131889652777778 0.42111989814814815 0.9157485694444445 0.417430287037037 0.9160713680555556 0.4156762708333333 0.9172704699074075 0.4083878379629629 0.9189537708333333 0.4048798009259259 0.9213519768518518 0.4052429513888889 0.925502787037037 0.3997085347222222 0.9259869861111112 0.3980453055555555 0.9282237916666667 0.39435569444444446 0.9285465902777779 0.38936600462962967 0.9352570046296296 0.3898199398148148 0.9404455208333333 0.3880659212962963 0.9416446226851852 0.3886106458333333 0.947870837962963 0.3905462384259259 0.9487471412037037 0.390818599537037 0.95186025 0.39275419212962964 0.9527365532407408 0.39523450694444445 0.9598390740740741 0.40334002546296294 0.9674950995370369 0.403521599537037 0.9695705046296297 0.40757435879629633 0.9733985162037037 0.4114455439814815 0.9751511226851852 0.4132903472222222 0.974989724537037 0.4285935115740741 0.9799247430555555 0.4323739074074074 0.9806396481481481 0.44159793287037036 0.979832650462963 0.4433519513888889 0.9786335486111112 0.4507311712962963 0.977987949074074 0.4560840115740741 0.9754283449074074 0.4633724444444444 0.9737450439814814 0.47731379861111106 0.9631145231481482 0.477132224537037 0.9610391180555555 0.4838759351851852 0.953129599537037 0.4832404236111111 0.9458656805555555
3 0.4501197592592593 1 0.4803097777777778 0.9973587152777778 0.4820637962962963 0.996159613425926 0.483727025462963 0.9939228078703705 0.4817914351851852 0.9930465046296296 0.4770123773148148 0.9809168703703703 0.4750767847222222 0.9800405671296296 0.4672436296296296 0.975497650462963 0.46539882407407407 0.975659050925926 0.46161842592592595 0.9749441481481482 0.45986440972222226 0.97614325 0.43993470370370374 0.9820694560185186 0.4380898981481482 0.9822308541666667 0.4051557708333333 0.9882491550925926 0.4034017523148148 0.9894482569444444 0.3890972476851852 0.9959279675925926 0.38918803472222224 0.9969656712962963 0.38773092592592595 1 0.4501197592592593 1
3 0.3466471203703704 1 0.3593987939814815 0.9964349537037037 0.3611528125 0.9952358518518518 0.3715861319444444 0.9870035347222222 0.3714953425925926 0.9859658310185184 0.3730677870370371 0.9826913240740741 0.3711321944444444 0.9818150208333334 0.3512024884259259 0.9877412268518518 0.34935768287037033 0.9879026273148148 0.34557728703703705 0.9871877222222223 0.34548650000000003 0.9861500208333334 0.34539571296296295 0.9851123171296295 0.34714972916666664 0.9839132152777778 0.3737323587962963 0.969039787037037 0.3717967662037037 0.9681634837962962 0.34902359490740736 0.9628363587962964 0.3471787893518518 0.9629977592592593 0.33417436805555556 0.9630898518518519 0.332238775462963 0.9622135486111111 0.3321479884259259 0.9611758472222222 0.33390200694444444 0.9599767453703704 0.35733974768518517 0.9516523333333333 0.3591845532407408 0.9514909351851851 0.3830762314814815 0.9483550370370369 0.38298544212962965 0.9473173356481481 0.38531324537037037 0.9314289930555555 0.3833776527777778 0.9305526898148148 0.3768445787037037 0.9196221574074074 0.37490898611111106 0.9187458541666667 0.3671666157407408 0.9152406412037037 0.36532181249999995 0.9154020416666667 0.3483554189814815 0.9127038263888889 0.34651061342592593 0.912865224537037 0.32419137962962963 0.9127266134259259 0.322346574074074 0.9128880138888888 0.30214450694444445 0.9157011111111111 0.3003904884259259 0.916900212962963 0.28774921527777775 0.9211431180555556 0.2859951967592593 0.9223422199074074 0.2754710902777778 0.9295368356481482 0.2755618773148148 0.930574537037037 0.2674272986111111 0.9438339675925925 0.27683289814814815 0.9451023773148148 0.2787684907407407 0.9459786805555555 0.2845752685185185 0.9486075902777777 0.2846660555555556 0.9496452916666667 0.29885071064814817 0.9630433356481481 0.2989414976851852 0.964081037037037 0.3105259907407408 0.9902543125000001 0.31246158333333335 0.9911306180555556 0.3200223773148148 0.9925604236111112 0.32177639583333334 0.9913613217592593 0.33819806712962963 0.9878333217592592 0.3401336597222222 0.988709625 0.34206925000000005 0.9895859282407408 0.34031523379629625 0.9907850300925927 0.3238935625 0.9943130300925925 0.32213954398148154 0.9955121342592592 0.32038552777777773 0.9967112361111111 0.3204763148148148 0.9977489374999999 0.3215056550925926 1 0.3466471203703704 1
3 0.08890609027777778 0.9855936921296297 0.09075089583333333 0.9854322916666667 0.10596327083333333 0.9893296111111112 0.1078080763888889 0.9891682106481482 0.13363534722222223 0.9869086180555555 0.13538936342592592 0.9857095162037036 0.14452260185185184 0.9838648148148148 0.14627662037037037 0.982665712962963 0.16786955555555558 0.9745027013888888 0.16962357407407408 0.973303599537037 0.1886454074074074 0.9570003657407407 0.18855462037037038 0.9559626620370371 0.2000156597222222 0.9382296203703704 0.1999248726851852 0.9371919189814816 0.19626432407407407 0.9165992615740741 0.19432873148148147 0.9157229583333333 0.18401525925925924 0.9040775208333334 0.18207966666666667 0.9032012175925926 0.17406493750000002 0.8965828958333333 0.1721293449074074 0.8957065925925926 0.16245138194444445 0.8913250763888889 0.1606065787037037 0.8914864768518519 0.14732979398148147 0.8884654629629629 0.14548498842592592 0.8886268611111111 0.106351875 0.9087808958333333 0.10459785648148147 0.9099799976851851 0.07810601620370371 0.9258911273148148 0.07635199768518518 0.9270902291666666 0.06933592824074074 0.9318866388888888 0.06942671527777777 0.9329243425925926 0.06969907638888889 0.9360374513888888 0.08064805787037038 0.9549468055555556 0.08073884490740742 0.9559845092592592 0.08137435648148149 0.9632484282407406 0.07962033796296296 0.9644475324074073 0.07674781481481482 0.9741096550925926 0.07683860185185186 0.9751473587962963 0.07904655555555555 0.9791367708333333 0.08098214814814815 0.9800130740740741 0.08890609027777778 0.9855936921296297