2 0.7160520833333334 0.9623518518518518 0.7260729166666666 0.9670925925925926 0.7391041666666667 0.9581851851851851 0.8570416666666667 0.9593703703703703 0.8503645833333334 0.9272962962962963 0.8159479166666667 0.9249259259259259 0.7895520833333334 0.915425925925926 0.781875 0.9249259259259259 0.7187291666666666 0.9284814814814815 0.6662708333333334 0.9350185185185185 0.6251770833333333 0.9504629629629631 0.6161562500000001 0.9463148148148148 0.6071354166666667 0.9492777777777778 0.6081458333333333 0.9587777777777778 0.5760625 0.9926296296296295 0.6118125 0.9926296296296295 0.63253125 0.9765925925925926 0.6575833333333334 0.9748148148148148 0.6636041666666667 0.9659074074074074 0.7160520833333334 0.9623518518518518
2 0.8577083333333333 0.8233518518518518 0.8179583333333333 0.8156296296296296 0.837 0.8489074074074074 0.87475 0.8649444444444444 0.9054895833333333 0.8803703703703704 0.9926875000000001 0.9136481481481482 0.9933541666666668 0.8756296296296296 0.8717395833333333 0.8298888888888889 0.8650625 0.8168333333333334 0.8577083333333333 0.8233518518518518
2 0.72240625 0.8239444444444445 0.74078125 0.8358333333333333 0.8263020833333333 0.8518703703703703 0.8025833333333333 0.8114814814814815 0.7648333333333334 0.7995925925925925 0.7314270833333333 0.7871296296296296 0.6729583333333333 0.7633703703703704 0.6559166666666667 0.7669259259259259 0.6268541666666666 0.7568333333333334 0.5844166666666667 0.7449629629629629 0.5844166666666667 0.7437777777777778 0.5717291666666666 0.7502962962962962 0.5710520833333333 0.7681296296296296 0.6181666666666666 0.7871296296296296 0.6686145833333333 0.799 0.7207291666666668 0.8239444444444445 0.72240625 0.8239444444444445
2 0.61428125 0.4351851851851852 0.62734375 0.4346666666666667 0.6378541666666666 0.44124074074074077 0.6378541666666666 0.4533518518518519 0.6344479166666667 0.45790740740740743 0.68615625 0.5165 0.7213854166666667 0.5659814814814814 0.7855833333333334 0.6367037037037037 0.8066145833333332 0.6483148148148148 0.87053125 0.6962962962962963 0.89184375 0.7109444444444444 0.9949687500000001 0.774074074074074 0.9943958333333334 0.7412407407407408 0.9807604166666666 0.7346851851851852 0.942125 0.7109444444444444 0.8179791666666667 0.6174999999999999 0.7958125 0.5952777777777778 0.7810416666666667 0.5942777777777778 0.77053125 0.5892222222222222 0.74296875 0.5589259259259259 0.6824583333333334 0.46346296296296297 0.6628541666666666 0.44275925925925924 0.6497916666666667 0.4321481481481481 0.6387083333333334 0.418 0.6225208333333333 0.414462962962963 0.6012083333333332 0.3947777777777778 0.5952395833333334 0.37305555555555553 0.56115625 0.3291111111111111 0.5449583333333333 0.2998148148148148 0.5279166666666667 0.32507407407407407 0.5458125 0.3548703703703704 0.61428125 0.4351851851851852
2 0.8415520833333333 0.2094074074074074 0.842125 0.2195185185185185 0.8353020833333333 0.2382037037037037 0.8230833333333334 0.3013333333333333 0.8100208333333333 0.3402222222222222 0.8273541666666666 0.3366851851851852 0.8367291666666666 0.3089074074074074 0.8355833333333332 0.2932592592592593 0.84553125 0.2659814814814815 0.8506458333333333 0.2482962962962963 0.8600208333333333 0.19577777777777777 0.87053125 0.14679629629629629 0.8813229166666666 0.09224074074074073 0.89525 0.03718518518518518 0.8804791666666667 0.042240740740740745 0.8603020833333334 0.13214814814814815 0.8415520833333333 0.2094074074074074
2 0.16269791666666666 0.10342592592592592 0.16166666666666668 0.1552962962962963 0.17173958333333333 0.16477777777777777 0.17400000000000002 0.11475925925925926 0.17605208333333333 0.08846296296296297 0.17440625 0.07933333333333333 0.17584375 0.06362962962962963 0.17440625 0.006648148148148148 0.16290625 0.007388888888888889 0.16248958333333333 0.06911111111111111 0.16269791666666666 0.10342592592592592
3 0.5583333333333333 0.2925925925925926 0.5583333333333333 0.3037037037037037 0.5593750000000001 0.3055555555555556 0.5593750000000001 0.30925925925925923 0.5625 0.32037037037037036 0.5677083333333334 0.32962962962962966 0.5697916666666667 0.32962962962962966 0.5708333333333333 0.3277777777777778 0.5729166666666666 0.3277777777777778 0.5770833333333334 0.32407407407407407 0.5802083333333333 0.32407407407407407 0.5812499999999999 0.3222222222222222 0.5833333333333334 0.3222222222222222 0.584375 0.32037037037037036 0.5885416666666666 0.3185185185185185 0.5906250000000001 0.31296296296296294 0.5875 0.3074074074074074 0.5885416666666666 0.3055555555555556 0.5958333333333333 0.3055555555555556 0.5979166666666667 0.30185185185185187 0.6 0.29444444444444445 0.5958333333333333 0.28703703703703703 0.5958333333333333 0.2851851851851852 0.6020833333333334 0.28148148148148144 0.60625 0.28148148148148144 0.6104166666666666 0.2777777777777778 0.6145833333333334 0.26296296296296295 0.6229166666666667 0.25925925925925924 0.6260416666666666 0.2518518518518518 0.6239583333333334 0.24814814814814815 0.621875 0.24074074074074073 0.6114583333333333 0.22407407407407406 0.609375 0.22407407407407406 0.6041666666666666 0.21851851851851853 0.5958333333333333 0.21851851851851853 0.5947916666666666 0.22037037037037038 0.5916666666666667 0.22037037037037038 0.5906250000000001 0.2222222222222222 0.584375 0.22407407407407406 0.5812499999999999 0.22962962962962963 0.5812499999999999 0.23518518518518516 0.59 0.23777777777777778 0.5864583333333333 0.24444444444444444 0.5864583333333333 0.24629629629629632 0.5906250000000001 0.2537037037037037 0.5906250000000001 0.2555555555555556 0.5841666666666667 0.25703703703703706 0.5854166666666667 0.26851851851851855 0.5822916666666667 0.26851851851851855 0.5802083333333333 0.26666666666666666 0.5729166666666666 0.2740740740740741 0.5708333333333333 0.2722222222222222 0.5635416666666666 0.2722222222222222 0.5604166666666667 0.2777777777777778 0.5604166666666667 0.2833333333333333 0.5593750000000001 0.2851851851851852 0.5593750000000001 0.29074074074074074 0.5583333333333333 0.2925925925925926
3 0.61875 0.2796296296296296 0.61875 0.28148148148148144 0.615625 0.2925925925925926 0.6145833333333334 0.29444444444444445 0.60625 0.3074074074074074 0.60625 0.30925925925925923 0.596875 0.3351851851851852 0.596875 0.337037037037037 0.5947916666666666 0.362962962962963 0.5958333333333333 0.3648148148148148 0.596875 0.37592592592592594 0.5979166666666667 0.37777777777777777 0.6020833333333334 0.3907407407407408 0.603125 0.3925925925925926 0.6114583333333333 0.40370370370370373 0.6125 0.40370370370370373 0.628125 0.4148148148148148 0.6291666666666667 0.4148148148148148 0.6427083333333333 0.4166666666666667 0.64375 0.4148148148148148 0.6541666666666667 0.412962962962963 0.6552083333333334 0.4111111111111111 0.6604166666666667 0.4074074074074074 0.6614583333333334 0.4055555555555555 0.6645833333333334 0.4 0.6645833333333334 0.39814814814814814 0.6625 0.3833333333333333 0.6614583333333334 0.38148148148148153 0.65625 0.37777777777777777 0.6552083333333334 0.37592592592592594 0.6541666666666667 0.37037037037037035 0.6552083333333334 0.36851851851851847 0.6729166666666666 0.3425925925925926 0.6739583333333333 0.3425925925925926 0.68125 0.3425925925925926 0.68125 0.34074074074074073 0.68125 0.33148148148148143 0.6802083333333334 0.32962962962962966 0.678125 0.31296296296296294 0.6770833333333334 0.3111111111111111 0.671875 0.28888888888888886 0.6708333333333334 0.28703703703703703 0.6645833333333334 0.2740740740740741 0.6635416666666666 0.2740740740740741 0.6520833333333333 0.2611111111111111 0.6510416666666666 0.2611111111111111 0.6375 0.25925925925925924 0.6260416666666666 0.26666666666666666 0.625 0.26851851851851855 0.61875 0.2796296296296296
3 0.5656249999999999 0.43703703703703706 0.5666666666666667 0.4388888888888889 0.5697916666666667 0.4388888888888889 0.5708333333333333 0.44074074074074077 0.5708333333333333 0.4611111111111111 0.5739583333333333 0.4666666666666667 0.578125 0.4611111111111111 0.5812499999999999 0.4666666666666667 0.5864583333333333 0.45925925925925926 0.5895833333333333 0.4666666666666667 0.5916666666666667 0.4666666666666667 0.5920138888888888 0.45925925925925926 0.603125 0.45925925925925926 0.6041666666666666 0.4574074074074074 0.6072916666666667 0.4574074074074074 0.6072916666666667 0.46851851851851856 0.5979166666666667 0.4777777777777778 0.6020833333333334 0.4777777777777778 0.609375 0.46851851851851856 0.615625 0.4740740740740741 0.6177083333333334 0.4703703703703703 0.6208333333333333 0.46851851851851856 0.625 0.46296296296296297 0.625 0.4555555555555556 0.6194444444444445 0.4555555555555556 0.6205929490740741 0.4505698009259259 0.6161858981481482 0.44558404629629633 0.6125 0.4351851851851852 0.6104166666666666 0.43703703703703706 0.6104166666666666 0.4314814814814815 0.6041666666666666 0.42592592592592593 0.6020833333333334 0.4222222222222222 0.6010416666666666 0.4222222222222222 0.5958333333333333 0.4148148148148148 0.5927083333333334 0.412962962962963 0.5906250000000001 0.40925925925925927 0.5895833333333333 0.40925925925925927 0.584375 0.40185185185185185 0.5812499999999999 0.4 0.5791666666666666 0.39629629629629626 0.5729166666666666 0.3907407407407408 0.5721153842592592 0.39572649537037036 0.5677083333333334 0.3907407407407408 0.5625 0.4 0.5593750000000001 0.4111111111111111 0.5593750000000001 0.42962962962962964 0.5625 0.43703703703703706 0.5656249999999999 0.43703703703703706
3 0.5187499999999999 0.38148148148148153 0.5187499999999999 0.3833333333333333 0.5187499999999999 0.387037037037037 0.5177083333333333 0.3888888888888889 0.5166666666666666 0.3907407407407408 0.515625 0.3907407407407408 0.509375 0.3925925925925926 0.5083333333333333 0.39444444444444443 0.5072916666666667 0.39629629629629626 0.5072916666666667 0.39814814814814814 0.50625 0.4055555555555555 0.5072916666666667 0.4074074074074074 0.509375 0.41851851851851857 0.5083333333333333 0.42037037037037034 0.5010416666666666 0.42592592592592593 0.5020833333333333 0.4277777777777778 0.5072916666666667 0.4425925925925926 0.5083333333333333 0.4444444444444444 0.5104166666666666 0.4462962962962963 0.5114583333333333 0.4462962962962963 0.521875 0.44074074074074077 0.5229166666666667 0.4388888888888889 0.5281250000000001 0.42962962962962964 0.5281250000000001 0.4277777777777778 0.53125 0.41851851851851857 0.53125 0.4166666666666667 0.53125 0.39629629629629626 0.5302083333333334 0.39444444444444443 0.5239583333333333 0.37777777777777777 0.5229166666666667 0.37592592592592594 0.5197916666666667 0.37407407407407406 0.5166666666666666 0.37592592592592594 0.5166666666666666 0.37777777777777777 0.5187499999999999 0.38148148148148153
3 0.7979166666666666 0.35 0.796875 0.35185185185185186 0.7916666666666666 0.36851851851851847 0.7916666666666666 0.37037037037037035 0.790625 0.37777777777777777 0.7916666666666666 0.37962962962962965 0.7927083333333333 0.40185185185185185 0.79375 0.40370370370370373 0.8020833333333334 0.41851851851851857 0.803125 0.41851851851851857 0.8072916666666666 0.41851851851851857 0.8083333333333333 0.4166666666666667 0.8104166666666667 0.4148148148148148 0.8104166666666667 0.412962962962963 0.8239583333333333 0.3907407407407408 0.825 0.3907407407407408 0.8354166666666666 0.38148148148148153 0.8364583333333334 0.38148148148148153 0.8447916666666666 0.37962962962962965 0.8447916666666666 0.37777777777777777 0.8447916666666666 0.37037037037037035 0.84375 0.36851851851851847 0.8416666666666667 0.3574074074074074 0.840625 0.35555555555555557 0.8364583333333334 0.34814814814814815 0.8354166666666666 0.34814814814814815 0.8260416666666667 0.3388888888888889 0.825 0.3388888888888889 0.8135416666666666 0.337037037037037 0.80625 0.34074074074074073 0.8052083333333334 0.3425925925925926 0.7979166666666666 0.35
3 0.8041666666666666 0.4462962962962963 0.8041666666666666 0.44814814814814813 0.803125 0.48148148148148145 0.8041666666666666 0.48333333333333334 0.8104166666666667 0.5055555555555555 0.8114583333333334 0.5055555555555555 0.8145833333333333 0.5092592592592593 0.815625 0.5092592592592593 0.8270833333333334 0.5092592592592593 0.828125 0.5074074074074074 0.8302083333333333 0.5055555555555555 0.8302083333333333 0.5037037037037037 0.8364583333333334 0.48333333333333334 0.8375 0.48333333333333334 0.8479166666666667 0.4740740740740741 0.8479166666666667 0.4722222222222222 0.8489583333333334 0.45925925925925926 0.8479166666666667 0.4574074074074074 0.8447916666666666 0.4425925925925926 0.84375 0.44074074074074077 0.8395833333333333 0.4351851851851852 0.8385416666666666 0.4351851851851852 0.8260416666666667 0.42592592592592593 0.825 0.42592592592592593 0.8177083333333334 0.42592592592592593 0.8104166666666667 0.4333333333333333 0.809375 0.4351851851851852 0.8041666666666666 0.4462962962962963
3 0.7979166666666666 0.5388888888888889 0.7979166666666666 0.5407407407407407 0.796875 0.5574074074074075 0.7979166666666666 0.5592592592592592 0.7989583333333333 0.5666666666666667 0.8 0.5666666666666667 0.8020833333333334 0.5666666666666667 0.8020833333333334 0.5648148148148148 0.8052083333333334 0.5518518518518518 0.80625 0.5499999999999999 0.8104166666666667 0.5425925925925926 0.8114583333333334 0.5425925925925926 0.8135416666666666 0.5425925925925926 0.8145833333333333 0.5444444444444444 0.8208333333333334 0.5648148148148148 0.8208333333333334 0.5666666666666667 0.8208333333333334 0.5833333333333334 0.821875 0.5851851851851853 0.8229166666666666 0.5907407407407407 0.8239583333333333 0.5907407407407407 0.828125 0.5907407407407407 0.8291666666666666 0.5888888888888889 0.8458333333333333 0.5796296296296296 0.846875 0.5777777777777777 0.8458333333333333 0.5685185185185185 0.8447916666666666 0.5666666666666667 0.8375 0.5574074074074075 0.8375 0.5555555555555556 0.8354166666666666 0.5499999999999999 0.8354166666666666 0.5481481481481482 0.834375 0.5425925925925926 0.8354166666666666 0.5407407407407407 0.8375 0.5296296296296297 0.8364583333333334 0.5277777777777778 0.8260416666666667 0.512962962962963 0.825 0.512962962962963 0.8166666666666667 0.5111111111111112 0.8114583333333334 0.5148148148148148 0.8104166666666667 0.5166666666666666 0.7979166666666666 0.5388888888888889
3 0.8708333333333333 0.5 0.8708333333333333 0.5018518518518519 0.8791666666666667 0.5166666666666666 0.8791666666666667 0.5185185185185185 0.88125 0.5296296296296297 0.88125 0.5314814814814814 0.8770833333333333 0.5499999999999999 0.8770833333333333 0.5518518518518518 0.8770833333333333 0.5574074074074075 0.878125 0.5592592592592592 0.8833333333333334 0.5703703703703704 0.884375 0.5703703703703704 0.8916666666666666 0.5740740740740741 0.8927083333333333 0.5740740740740741 0.9 0.5740740740740741 0.9010416666666666 0.5722222222222222 0.9083333333333333 0.5425925925925926 0.909375 0.5407407407407407 0.9229166666666666 0.5018518518518519 0.921875 0.5 0.9166666666666666 0.48703703703703705 0.915625 0.48703703703703705 0.9072916666666666 0.47962962962962963 0.90625 0.47962962962962963 0.8875 0.4777777777777778 0.8729166666666667 0.49259259259259264 0.871875 0.4944444444444444 0.8708333333333333 0.5
3 0.8854166666666666 0.4055555555555555 0.884375 0.4074074074074074 0.8760416666666666 0.42037037037037034 0.8760416666666666 0.4222222222222222 0.875 0.42592592592592593 0.8760416666666666 0.4277777777777778 0.8822916666666666 0.4333333333333333 0.8833333333333334 0.4351851851851852 0.8864583333333333 0.4444444444444444 0.8864583333333333 0.4462962962962963 0.8875 0.4703703703703703 0.8885416666666667 0.4703703703703703 0.8916666666666666 0.4740740740740741 0.8927083333333333 0.4740740740740741 0.9114583333333334 0.4722222222222222 0.9125 0.4703703703703703 0.91875 0.46481481481481485 0.9197916666666667 0.46296296296296297 0.9260416666666667 0.45 0.9260416666666667 0.44814814814814813 0.9291666666666666 0.42962962962962964 0.9291666666666666 0.4277777777777778 0.928125 0.4166666666666667 0.9270833333333334 0.4148148148148148 0.921875 0.4 0.9208333333333334 0.4 0.9145833333333334 0.3925925925925926 0.9135416666666666 0.3925925925925926 0.9083333333333333 0.3888888888888889 0.9072916666666666 0.3888888888888889 0.8916666666666666 0.3888888888888889 0.8875 0.39444444444444443 0.8875 0.39629629629629626 0.8854166666666666 0.4055555555555555
3 0.8479166666666667 0.5833333333333334 0.846875 0.5851851851851853 0.8427083333333334 0.5888888888888889 0.8427083333333334 0.5907407407407407 0.84375 0.6166666666666666 0.8447916666666666 0.6185185185185185 0.846875 0.6277777777777778 0.8479166666666667 0.6296296296296297 0.8520833333333334 0.637037037037037 0.853125 0.637037037037037 0.8645833333333334 0.6481481481481481 0.865625 0.6481481481481481 0.878125 0.6481481481481481 0.8791666666666667 0.6462962962962963 0.8822916666666666 0.6462962962962963 0.8833333333333334 0.6444444444444444 0.890625 0.637037037037037 0.890625 0.6351851851851852 0.8979166666666666 0.6166666666666666 0.8979166666666666 0.6148148148148148 0.8979166666666666 0.5925925925925926 0.896875 0.5907407407407407 0.8947916666666667 0.5814814814814815 0.89375 0.5814814814814815 0.890625 0.5777777777777777 0.8895833333333334 0.5777777777777777 0.88125 0.575925925925926 0.8677083333333334 0.587037037037037 0.8666666666666666 0.587037037037037 0.8479166666666667 0.5833333333333334
1 0.7689583333333333 0.5225925925925926 0.79375 0.5942592592592594 0.7786458333333334 0.5901851851851853 0.7572916666666666 0.5740740740740741 0.7489583333333334 0.6064814814814815 0.7763541666666667 0.6335185185185185 0.8279166666666667 0.6685185185185185 0.8401041666666667 0.6709259259259258 0.8461458333333334 0.6401851851851852 0.8105208333333332 0.6011111111111112 0.7777083333333334 0.5185185185185185 0.7689583333333333 0.5225925925925926
1 0.6002083333333333 0.3894444444444445 0.5952083333333333 0.3737037037037037 0.5880208333333333 0.36648148148148146 0.57375 0.3894444444444445 0.6161458333333334 0.4381481481481482 0.5652083333333333 0.44185185185185183 0.5642708333333333 0.45796296296296296 0.5952083333333333 0.45851851851851855 0.630625 0.45462962962962966 0.6780208333333333 0.5037037037037037 0.6909375 0.4740740740740741 0.6405208333333333 0.41833333333333333 0.6166666666666666 0.4072222222222222 0.6002083333333333 0.3894444444444445
1 0.8627083333333333 0.17722222222222223 0.8496875 0.1711111111111111 0.83875 0.20851851851851852 0.8326041666666667 0.2 0.815625 0.1464814814814815 0.80875 0.14925925925925926 0.8178125 0.1809259259259259 0.8366666666666667 0.2337037037037037 0.8273958333333333 0.2801851851851852 0.84375 0.28296296296296297 0.8627083333333333 0.17722222222222223
0 0.864375 0.2809259259259259 0.8732291666666667 0.2777777777777778 0.8732291666666667 0.23462962962962963 0.8653125 0.23462962962962963 0.8522916666666667 0.2487037037037037 0.8579166666666667 0.21166666666666667 0.8420833333333333 0.2024074074074074 0.8356250000000001 0.2298148148148148 0.8313541666666666 0.2677777777777778 0.8226041666666667 0.29833333333333334 0.8373958333333333 0.31148148148148147 0.8467708333333334 0.28185185185185185 0.8634375 0.24962962962962965 0.864375 0.2809259259259259