2 0.2561327037037037 0.5565532708333334 0.15665481250000002 0.5790504189814815 0.02050815740740741 0.6208004907407407 0.02680995138888889 0.6336140300925927 0.11226655092592593 0.612755375 0.30690281018518517 0.5585729560185185 0.3428717777777778 0.5529508981481481 0.37446471527777775 0.5381420833333334 0.5096999444444444 0.5033268009259259 0.5878186527777778 0.48740371759259254 0.6484972962962963 0.4684359259259259 0.6770936273148149 0.43944011805555555 0.7037851666666667 0.4046769606481482 0.6749582847222222 0.4068596203703703 0.674819675925926 0.40620752083333334 0.660371474537037 0.42276069907407404 0.6286085625 0.4537820532407408 0.5871475300925926 0.46732319212962964 0.586736037037037 0.46538727546296293 0.44461538194444444 0.5016554513888889 0.4433377685185185 0.5012561064814816 0.35296206481481485 0.527207113425926 0.28599339583333333 0.5448175972222222 0.2704471597222222 0.5562049328703703 0.2561327037037037 0.5565532708333334
2 1 0.7097663680555556 0.9660507500000001 0.7670103333333332 0.9075971041666667 0.8529157708333334 0.8611131041666666 0.8992064837962963 0.7969161574074074 0.9411686689814814 0.8658670949074073 0.9271836064814815 0.904999949074074 0.9026892523148148 0.933823861111111 0.8803754814814815 0.9382856412037037 0.8619088680555556 1 0.7847509745370371 1 0.7097663680555556
2 0.11440766203703703 0.6297759027777778 0.09415380787037037 0.6385217847222222 0.15728091898148147 0.6333889212962963 0.24227199074074074 0.6345669444444445 0.3126818402777778 0.6314536296296296 0.33732650462962965 0.6285794074074075 0.3271502939814815 0.6227447407407408 0.2442647476851852 0.6240797037037038 0.23573114814814816 0.6285559212962963 0.22733519907407407 0.6261979282407408 0.16929435416666666 0.6255106967592593 0.11440766203703703 0.6297759027777778
3 0.6324469212962962 0.6688610902777777 0.6322303472222223 0.6678421851851852 0.6409329074074074 0.6553430185185185 0.6407163333333332 0.6543241157407408 0.6338449444444444 0.6398106018518519 0.6318169837962962 0.6391767199074074 0.6248668078703703 0.6331994583333334 0.6228388495370369 0.6325655763888889 0.6070483263888888 0.6295323263888889 0.6052369421296296 0.629917349537037 0.5866899467592592 0.6317297569444444 0.5869065231481482 0.6327486620370371 0.5833427546296297 0.6516101111111111 0.5817479444444444 0.653014037037037 0.5707220625 0.6723966712962963 0.5691272546296297 0.6738005949074074 0.5581801597222222 0.6846469768518518 0.5583967337962963 0.6856658819444443 0.5586133101851852 0.6866847847222223 0.5730255972222222 0.692140863425926 0.5748369814814814 0.6917558425925926 0.5825156689814815 0.6922535625 0.5843270532407407 0.6918685416666667 0.6042522824074075 0.6876333032407408 0.6058470925925926 0.6862293773148148 0.6196884444444444 0.6800924930555555 0.6212832546296296 0.6786885671296297 0.6324469212962962 0.6688610902777777
3 0.5523128564814814 0.6837642337962963 0.5539076666666667 0.6823603101851852 0.5670992939814815 0.6731667129629629 0.5668827199074075 0.6721478101851852 0.5760184282407407 0.661686449074074 0.5758018541666666 0.6606675462962963 0.5840712638888889 0.6461305717592593 0.5838546898148148 0.6451116666666666 0.584661988425926 0.631095875 0.5826340300925926 0.6304619930555555 0.5748175532407407 0.6204091180555555 0.5727895949074074 0.6197752361111112 0.5642446087962963 0.6152018981481482 0.562216650462963 0.6145680162037037 0.5565659212962962 0.6147041782407408 0.554537962962963 0.6140702962962963 0.5522934282407407 0.6124175092592593 0.5504820439814815 0.6128025324074075 0.5278791319444445 0.6133471759259259 0.5260677476851852 0.6137321990740742 0.5061425185185185 0.6179674374999999 0.5045477106481481 0.619371361111111 0.48208258564814815 0.629471162037037 0.48048777546296295 0.6308750879629629 0.46432310416666667 0.6438954375 0.4645396782407407 0.6449143425925926 0.45989303703703704 0.6586812731481482 0.4601096111111111 0.6597001759259259 0.4624919328703704 0.6709081180555556 0.4723363657407407 0.6815948773148148 0.47436432638888887 0.6822287592592593 0.5031889027777777 0.6931409166666667 0.505000287037037 0.6927558935185186 0.5165183171296296 0.6935024745370371 0.5183297013888889 0.6931174537037037 0.5330373518518519 0.6910561851851852 0.534632162037037 0.6896522592592592 0.5523128564814814 0.6837642337962963
3 0.45910552546296296 0.6460694074074075 0.4607003333333334 0.6446654814814815 0.47686500694444445 0.6316451319444445 0.4766484328703704 0.6306262268518518 0.48629607870370367 0.6136664236111111 0.48607950231481484 0.6126475185185185 0.48413033101851854 0.603477386574074 0.4821023726851852 0.6028435023148149 0.47653043055555555 0.594443412037037 0.47450247222222225 0.5938095300925925 0.4594404583333333 0.5852967407407408 0.4576290740740741 0.5856817638888889 0.43053709490740744 0.5829208356481481 0.42872571064814813 0.5833058564814815 0.39952698379629625 0.5884473009259259 0.39793217592592595 0.5898512245370371 0.3820628634259259 0.5953542268518518 0.3804680555555556 0.5967581527777779 0.3593023773148148 0.612971375 0.3595189537037037 0.6139902800925926 0.3510329675925926 0.6275083518518519 0.35124954166666666 0.6285272546296297 0.35449816203703705 0.6438108101851852 0.3659374050925926 0.6530936435185185 0.36796536574074074 0.6537275254629629 0.39186772453703705 0.6592963032407408 0.3936791087962963 0.6589112824074074 0.41447063657407407 0.6587516597222222 0.4162820208333333 0.658366636574074 0.4380186342592593 0.6537463773148148 0.43961344444444445 0.6523424513888889 0.45910552546296296 0.6460694074074075
3 0.5436894421296297 0.5897527685185185 0.5416614837962963 0.5891188842592593 0.5294937291666666 0.5853155925925926 0.5276823449074074 0.5857006134259259 0.5218150416666666 0.5848178726851851 0.5200036574074074 0.5852028935185185 0.5091353518518519 0.5875130231481481 0.5075405416666666 0.5889169490740741 0.49710538425925926 0.5932648865740741 0.49551057407407406 0.5946688125 0.4907261435185185 0.598880587962963 0.4909427199074074 0.5998994907407408 0.4879696736111111 0.6037262453703703 0.48818625 0.604745150462963 0.49056856944444444 0.6159530902777779 0.5057093703703704 0.6159296296296296 0.5075207546296296 0.6155446064814816 0.5220118310185184 0.6124644351851851 0.5240397893518518 0.6130983171296296 0.5480209375 0.6101308425925926 0.5496157453703704 0.6087269166666667 0.5512893425925925 0.5987867407407408 0.5492613842592593 0.5981528587962963 0.5436894421296297 0.5897527685185185
3 0.5778103865740741 0.5899547037037037 0.5759990023148148 0.590339724537037 0.5669420787037037 0.5922648333333334 0.5653472685185185 0.5936687592592592 0.5549121111111112 0.5980166967592593 0.5533173032407407 0.5994206226851851 0.5534550902777778 0.6089757777777778 0.5678673773148147 0.6144318564814816 0.569678761574074 0.6140468333333333 0.585548074074074 0.6085438310185185 0.5871428842592592 0.6071399074074074 0.5922226736111111 0.5954107824074074 0.592006099537037 0.5943918796296296 0.5895449907407407 0.5917201898148148 0.5875170324074074 0.5910863078703704 0.5778103865740741 0.5899547037037037
3 0.513388775462963 0.4204785833333333 0.5113608148148148 0.41984470138888885 0.5014375949074074 0.41769419444444444 0.49962621064814816 0.41807921527777775 0.4887579027777778 0.4203893472222222 0.48716309259259255 0.42179327083333334 0.48375689814814815 0.42358221759259257 0.4821620902777778 0.4249861435185185 0.4780273842592593 0.43225463194444447 0.48860032870370373 0.43746184953703704 0.49041171296296293 0.43707682870370373 0.498306974537037 0.43859345370370373 0.5001183587962963 0.43820843055555553 0.5107700925925927 0.43487939814814813 0.5123649004629629 0.4334754722222222 0.5169327569444445 0.4282447916666666 0.5167161805555556 0.4272258888888889 0.513388775462963 0.4204785833333333
3 0.47412903935185186 0.4139143634259259 0.47231765509259255 0.4142993865740741 0.4630441574074074 0.4152055902777778 0.46144934953703703 0.41660951620370373 0.45782658101851853 0.4173795578703704 0.4562317708333334 0.4187834837962963 0.4514473402777778 0.42299526157407413 0.4516639143518518 0.42401416435185185 0.45274678935185186 0.4291086828703704 0.4570192824074074 0.4313953518518519 0.45883066666666666 0.4310103287037037 0.47462118981481477 0.4340435787037037 0.47621600000000003 0.4326396527777778 0.48535170833333335 0.4221782939814815 0.48513513425925925 0.4211593888888889 0.4844854097222222 0.41810267824074077 0.48245745138888885 0.4174687962962963 0.47412903935185186 0.4139143634259259
3 0.44936038194444444 0.4042699722222223 0.4475489976851852 0.4046549930555556 0.44030345833333334 0.4061950787037037 0.43870864814814814 0.40759900462962967 0.4339242199074074 0.4118107800925926 0.4341407939814815 0.41282968518518515 0.4331957083333333 0.41729032175925923 0.4417406944444444 0.42186365740740744 0.4435520787037037 0.42147863657407403 0.4544203865740741 0.4191685069444444 0.45601519444444444 0.41776458101851854 0.46282758333333335 0.41418668750000004 0.4626110092592593 0.4131677824074074 0.4613115601851852 0.40705436111111115 0.45928360185185185 0.4064204791666666 0.44936038194444444 0.4042699722222223
3 0.1989568958333333 0.2594163842592592 0.1969289351851852 0.2587825023148148 0.18700571527777776 0.25663199537037035 0.1851943310185185 0.2570170185185185 0.1675136365740741 0.2629050416666667 0.1659188263888889 0.2643089675925926 0.16135097222222222 0.2695396481481482 0.1615675462962963 0.2705585509259259 0.159677375 0.27947982407407407 0.1643830162037037 0.2838042986111111 0.16641097685185186 0.28443818287037037 0.17249485416666666 0.2863398287037037 0.17430623842592594 0.2859548055555556 0.18720250462962962 0.2842785578703704 0.1887973125 0.28287463425925924 0.19220350694444444 0.2810856851851852 0.19198693287037039 0.2800667824074074 0.1989568958333333 0.2594163842592592
3 0.17582226157407407 0.29308713194444447 0.17379430092592593 0.29245325 0.15800377777777777 0.28942000231481485 0.15619239351851852 0.28980502314814816 0.14691889583333334 0.29071122685185186 0.14532408564814817 0.2921151527777778 0.13851169907407407 0.2956930462962963 0.1369168888888889 0.2970969722222222 0.13075422453703703 0.3037315787037037 0.1309707986111111 0.3047504814814815 0.13132516203703704 0.3153245416666667 0.15573945833333333 0.314394875 0.1575508425925926 0.3140098518518518 0.1754481111111111 0.3091407314814815 0.17704292129629629 0.30773680787037033 0.18161077546296298 0.3025061273148148 0.1813942013888889 0.30148722222222224 0.18052790277777778 0.2974116087962963 0.17849994444444445 0.29677772685185183 0.17582226157407407 0.29308713194444447
3 0.2200829976851852 0.2964584791666667 0.21805503935185186 0.2958245972222222 0.20893911574074073 0.27965829861111113 0.20712773148148148 0.28004331944444444 0.1926366574074074 0.28312349305555556 0.19104184722222223 0.2845274189814815 0.18763565277777777 0.28631636574074076 0.18604084259259257 0.2877202916666666 0.1816895625 0.293969875 0.18190613888888887 0.2949887800925926 0.18233928703703703 0.29702658564814816 0.18545012037037037 0.3027549884259259 0.18747807870370373 0.3033888703703704 0.19964583333333333 0.30719216203703703 0.20145721759259258 0.30680714120370367 0.2113804398148148 0.3089576481481482 0.21319182407407405 0.308572625 0.2220321712962963 0.30562861342592595 0.22181559722222222 0.3046097106481482 0.2200829976851852 0.2964584791666667
3 0.08682698611111112 0.6314850972222222 0.08479902777777779 0.6308512152777778 0.0735763587962963 0.6225872870370371 0.07176497222222222 0.6229723078703704 0.02850832175925926 0.6332317314814815 0.028724895833333333 0.6342506365740741 0.036009648148148145 0.6774296157407407 0.04709453009259259 0.6761383888888889 0.04868934027777778 0.674734462962963 0.060935881944444444 0.6700015046296296 0.06253068981481481 0.6685975787037037 0.08188498148148149 0.6527693773148149 0.08166840740740741 0.6517504745370369 0.08855958333333333 0.6396363287037038 0.08834300925925927 0.6386174236111111 0.08682698611111112 0.6314850972222222
1 0.21384849305555556 0.5655091087962963 0.22390752314814813 0.579877537037037 0.2657229467592592 0.5690725046296297 0.3275423495370371 0.5552934212962962 0.32621735879629626 0.5348087638888889 0.28364194675925924 0.5447103981481481 0.22244481712962963 0.5302428472222223 0.21465190740740742 0.5372239699074074 0.25991871064814814 0.5515633217592593 0.2313539513888889 0.5614687268518518 0.21384849305555556 0.5655091087962963
1 0.6821426736111111 0.4359388518518518 0.7029382314814815 0.41085882175925925 0.6702762523148148 0.40683247685185187 0.6453223541666666 0.4417418703703704 0.5945011666666666 0.4636196041666667 0.604507025462963 0.4813006412037037 0.6217230555555555 0.47678931018518517 0.6414770046296296 0.46907618287037034 0.6612506666666667 0.45433027546296295 0.6499569814814814 0.48314128703703707 0.6622724166666666 0.48318590509259257 0.6821426736111111 0.4359388518518518
1 0.24309424074074074 0.6238279814814816 0.21509858333333334 0.608799363425926 0.20732340972222224 0.6114104699074074 0.2283944699074074 0.6250356273148149 0.20708118287037036 0.6254126458333333 0.1980045462962963 0.634370537037037 0.26442126851851855 0.6342039166666666 0.2706449837962963 0.6234030763888889 0.24309424074074074 0.6238279814814816
0 0.32390760185185186 0.601432375 0.319396912037037 0.588227474537037 0.3284027129629629 0.5673573356481482 0.3539255694444445 0.5467036689814815 0.377887037037037 0.5409715393518518 0.36911371296296297 0.5219635787037037 0.33207876157407407 0.5338823657407408 0.28172227314814813 0.5445859675925926 0.28845188194444443 0.5646672962962963 0.31580378703703704 0.5588534699074074 0.30663253472222224 0.597649738425926 0.31976893981481486 0.6140263958333334 0.3476464513888889 0.6320619537037038 0.35005838194444444 0.6229232847222222 0.32390760185185186 0.601432375