2 0.22915625 0.11588888888888889 0.2574166666666666 0.21553703703703703 0.2762604166666667 0.22307407407407406 0.27155208333333336 0.24568518518518517 0.28709375 0.28503703703703703 0.30876041666666665 0.28755555555555556 0.3035833333333333 0.2959259259259259 0.29792708333333334 0.31937037037037036 0.3243020833333333 0.34785185185185186 0.331375 0.3763148148148148 0.34833333333333333 0.3846851851851852 0.3751770833333334 0.41400000000000003 0.3982604166666666 0.42153703703703704 0.4015520833333333 0.43744444444444447 0.3954270833333333 0.4416296296296296 0.4373541666666667 0.5019259259259259 0.4571354166666666 0.5287222222222222 0.4759791666666666 0.5463148148148148 0.49246875 0.5412777777777777 0.4915208333333333 0.5329074074074074 0.5292083333333333 0.5505 0.5456875 0.5806481481481481 0.5555833333333333 0.5622222222222222 0.550875 0.5463148148148148 0.5518125 0.5463148148148148 0.5160104166666667 0.5345925925925926 0.46279166666666666 0.5010925925925926 0.4590208333333333 0.4818333333333333 0.4439479166666667 0.455037037037037 0.4189791666666667 0.4340925925925926 0.3718854166666667 0.3771481481481481 0.3228958333333334 0.3001111111111111 0.3224270833333333 0.29844444444444446 0.2936875 0.2482037037037037 0.2734375 0.18037037037037038 0.2720208333333333 0.1787037037037037 0.27155208333333336 0.1770185185185185 0.26260416666666664 0.12342592592592593 0.26165625 0.1225925925925926 0.26165625 0.12092592592592594 0.2442291666666667 0.07066666666666667 0.22775 0.009537037037037037 0.20089583333333336 0.011222222222222222 0.20325000000000001 0.01624074074074074 0.22915625 0.11588888888888889
2 0.8574062499999999 0.657962962962963 0.8622708333333333 0.6477777777777777 0.863125 0.6477777777777777 0.8694166666666667 0.6549074074074075 0.87028125 0.6549074074074075 0.9160520833333334 0.6432037037037036 0.9792812500000001 0.6126851851851852 0.9935833333333334 0.6126851851851852 0.9933020833333333 0.5791296296296297 0.9824270833333334 0.5913333333333333 0.9475208333333334 0.5954074074074074 0.9300729166666666 0.6030185185185185 0.9089062499999999 0.6030185185185185 0.9091875 0.6142222222222222 0.87971875 0.6198148148148148 0.8616979166666666 0.6396481481481481 0.8459583333333334 0.6259074074074074 0.8442500000000001 0.6401481481481481 0.833375 0.6355740740740741 0.8308020833333333 0.6264259259259259 0.79475 0.6243888888888889 0.7950416666666668 0.6411666666666667 0.7913229166666667 0.656425925925926 0.8322291666666667 0.6615185185185185 0.8365208333333334 0.6543888888888889 0.8531145833333333 0.66 0.8574062499999999 0.657962962962963
2 0.7039428958333334 0.30948159722222224 0.70784375 0.2727037037037037 0.7187916666666666 0.22729629629629627 0.7309583333333334 0.15953703703703703 0.74109375 0.09898148148148148 0.7443437500000001 0.08674074074074074 0.74271875 0.07087037037037038 0.7471770833333333 0.06727777777777778 0.7512291666666667 0.03266666666666667 0.74271875 0.03411111111111111 0.7370416666666666 0.07592592592592592 0.7220416666666667 0.1545 0.70865625 0.24027777777777778 0.6981145833333334 0.2748703703703704 0.6989270833333334 0.2986666666666667 0.7039428958333334 0.30948159722222224
3 0.20104166666666665 0.7462962962962962 0.20208333333333334 0.7481481481481481 0.20208333333333334 0.7574074074074074 0.203125 0.7592592592592593 0.20416666666666666 0.7629629629629631 0.20520833333333335 0.7629629629629631 0.21458333333333335 0.7648148148148147 0.215625 0.7629629629629631 0.22604166666666667 0.75 0.22604166666666667 0.7481481481481481 0.228125 0.7425925925925926 0.228125 0.7407407407407407 0.228125 0.7296296296296296 0.22708333333333333 0.7277777777777777 0.225 0.7203703703703703 0.22395833333333334 0.7203703703703703 0.21354166666666666 0.7222222222222222 0.2125 0.7203703703703703 0.20416666666666666 0.7185185185185184 0.20104166666666665 0.7222222222222222 0.20104166666666665 0.7240740740740741 0.20104166666666665 0.7462962962962962
3 0.22916666666666666 0.5481481481481482 0.22916666666666666 0.5499999999999999 0.22916666666666666 0.5740740740740741 0.23020833333333335 0.575925925925926 0.234375 0.5814814814814815 0.23541666666666666 0.5814814814814815 0.246875 0.5833333333333334 0.24791666666666665 0.5851851851851853 0.253125 0.5981481481481481 0.25416666666666665 0.5981481481481481 0.26145833333333335 0.6055555555555556 0.2625 0.6055555555555556 0.2708333333333333 0.6074074074074074 0.27187500000000003 0.6092592592592593 0.27499999999999997 0.6148148148148148 0.2760416666666667 0.6148148148148148 0.2791666666666667 0.6148148148148148 0.28020833333333334 0.612962962962963 0.28541666666666665 0.6037037037037037 0.28541666666666665 0.6018518518518519 0.29062499999999997 0.5814814814814815 0.29062499999999997 0.5796296296296296 0.2916666666666667 0.5462962962962963 0.29062499999999997 0.5444444444444444 0.28750000000000003 0.5240740740740741 0.2864583333333333 0.5222222222222223 0.2791666666666667 0.5148148148148148 0.278125 0.512962962962963 0.2729166666666667 0.5018518518518519 0.27187500000000003 0.5018518518518519 0.2677083333333333 0.4962962962962963 0.26666666666666666 0.4962962962962963 0.24791666666666665 0.4944444444444444 0.24166666666666667 0.5018518518518519 0.24166666666666667 0.5037037037037037 0.22916666666666666 0.5481481481481482
3 0.23645833333333335 0.4777777777777778 0.23854166666666665 0.4740740740740741 0.240625 0.46481481481481485 0.25416666666666665 0.44074074074074077 0.25416666666666665 0.43703703703703706 0.2552083333333333 0.4351851851851852 0.26458333333333334 0.44074074074074077 0.26458333333333334 0.4425925925925926 0.2635416666666667 0.4462962962962963 0.253125 0.4666666666666667 0.253125 0.47962962962962963 0.278125 0.47962962962962963 0.2833333333333333 0.4703703703703703 0.2864583333333333 0.45925925925925926 0.28541666666666665 0.4425925925925926 0.28020833333333334 0.42962962962962964 0.274609375 0.4287037037037037 0.26979166666666665 0.4314814814814815 0.2690104166666667 0.4277777777777778 0.26875 0.4333333333333333 0.265625 0.4351851851851852 0.26341145833333335 0.42685185185185187 0.2578125 0.42592592592592593 0.25625000000000003 0.4314814814814815 0.25221354166666665 0.425 0.25104166666666666 0.42592592592592593 0.246875 0.4222222222222222 0.24661458333333333 0.42407407407407405 0.23541666666666666 0.4222222222222222 0.23229166666666665 0.4277777777777778 0.23125 0.4388888888888889 0.228125 0.4462962962962963 0.22708333333333333 0.46296296296296297 0.23333333333333334 0.4759259259259259 0.23541666666666666 0.4759259259259259 0.23645833333333335 0.4777777777777778
3 0.146875 0.4574074074074074 0.15 0.4574074074074074 0.14895833333333333 0.4611111111111111 0.17083333333333334 0.44074074074074077 0.17708333333333334 0.4611111111111111 0.17708333333333334 0.46851851851851856 0.178125 0.4703703703703703 0.178125 0.47962962962962963 0.17916666666666667 0.48148148148148145 0.17916666666666667 0.49074074074074076 0.18020833333333333 0.49259259259259264 0.18020833333333333 0.4962962962962963 0.18958333333333335 0.4888888888888889 0.19375 0.48148148148148145 0.19375 0.47962962962962963 0.2 0.4666666666666667 0.2 0.45185185185185184 0.19791666666666666 0.4444444444444444 0.196875 0.42962962962962964 0.19583333333333333 0.4277777777777778 0.19583333333333333 0.4222222222222222 0.19375 0.4148148148148148 0.1829861111111111 0.4126543194444444 0.18229166666666666 0.4148148148148148 0.18125 0.4148148148148148 0.17743055555555556 0.41234568055555554 0.171875 0.41203703703703703 0.16875 0.4166666666666667 0.16631944444444444 0.41172839351851853 0.1607638888888889 0.41141975462962965 0.16041666666666665 0.412962962962963 0.159375 0.4111111111111111 0.15520833333333334 0.4111111111111111 0.15 0.42037037037037034 0.14479166666666665 0.4388888888888889 0.14479166666666665 0.45185185185185184 0.146875 0.4555555555555556 0.146875 0.4574074074074074
3 0.6947916666666666 0.1962962962962963 0.6947916666666666 0.19814814814814813 0.696875 0.2074074074074074 0.6979166666666666 0.20925925925925928 0.7041666666666666 0.21666666666666665 0.7052083333333333 0.21666666666666665 0.7083333333333334 0.21666666666666665 0.709375 0.21481481481481482 0.7114583333333334 0.2111111111111111 0.7114583333333334 0.20925925925925928 0.7166666666666667 0.1796296296296296 0.7166666666666667 0.17777777777777778 0.715625 0.1685185185185185 0.7145833333333333 0.1685185185185185 0.7083333333333334 0.16666666666666666 0.6979166666666666 0.1814814814814815 0.6979166666666666 0.18333333333333335 0.6947916666666666 0.1962962962962963
3 0.746875 0.1814814814814815 0.746875 0.18333333333333335 0.7510416666666666 0.19444444444444445 0.7520833333333333 0.19444444444444445 0.7552083333333334 0.19814814814814813 0.75625 0.19814814814814813 0.7635416666666667 0.1962962962962963 0.7645833333333334 0.19444444444444445 0.7739583333333334 0.1814814814814815 0.7739583333333334 0.1796296296296296 0.775 0.17407407407407408 0.7739583333333334 0.17222222222222225 0.7697916666666667 0.16296296296296298 0.76875 0.16296296296296298 0.765625 0.15925925925925924 0.7645833333333334 0.15925925925925924 0.7520833333333333 0.15925925925925924 0.7489583333333334 0.16296296296296298 0.7489583333333334 0.16481481481481483 0.746875 0.1814814814814815
3 0.696875 0.2555555555555556 0.696875 0.2611111111111111 0.7010416666666667 0.27037037037037037 0.7052083333333333 0.26296296296296295 0.715625 0.27037037037037037 0.725 0.25925925925925924 0.725 0.2555555555555556 0.728125 0.24629629629629632 0.7270833333333334 0.23518518518518516 0.721875 0.2277777777777778 0.71875 0.2277777777777778 0.7166666666666667 0.23148148148148148 0.7159722222222222 0.2253086435185185 0.709375 0.22962962962962963 0.7100694444444444 0.22283950462962962 0.70625 0.2222222222222222 0.7041666666666666 0.22037037037037038 0.6979166666666666 0.23148148148148148 0.6979166666666666 0.23518518518518516 0.6958333333333334 0.24259259259259258 0.6958333333333334 0.2537037037037037 0.696875 0.2555555555555556
3 0.45416666666666666 0.811111111111111 0.453125 0.8129629629629629 0.453125 0.8203703703703703 0.45208333333333334 0.8222222222222222 0.45208333333333334 0.8296296296296296 0.4583333333333333 0.8351851851851853 0.4614583333333333 0.8351851851851853 0.4645833333333333 0.825925925925926 0.4708333333333333 0.8277777777777778 0.46875 0.8351851851851853 0.46875 0.8444444444444444 0.46979166666666666 0.8462962962962963 0.46979166666666666 0.85 0.471875 0.8537037037037037 0.475 0.8555555555555556 0.4802083333333333 0.8481481481481481 0.48125 0.8425925925925926 0.484375 0.8351851851851853 0.484375 0.8240740740740741 0.48541666666666666 0.8222222222222222 0.48541666666666666 0.8148148148148148 0.484375 0.8129629629629629 0.475 0.811111111111111 0.47375 0.8077777777777777 0.4683333333333333 0.8044444444444444 0.4645833333333333 0.8092592592592593 0.46291666666666664 0.8011111111111111 0.4604166666666667 0.8018518518518518 0.45625 0.7944444444444444 0.45208333333333334 0.7944444444444444 0.453125 0.8055555555555556 0.45416666666666666 0.8074074074074075 0.45416666666666666 0.811111111111111
3 0.3958333333333333 0.6055555555555556 0.40625 0.587037037037037 0.4145833333333333 0.5944444444444444 0.4145833333333333 0.6166666666666666 0.415625 0.6166666666666666 0.425 0.5944444444444444 0.4302083333333333 0.5907407407407407 0.434375 0.5851851851851853 0.434375 0.5796296296296296 0.4302083333333333 0.5740740740740741 0.4239583333333333 0.5740740740740741 0.42291666666666666 0.5722222222222222 0.4177083333333333 0.5722222222222222 0.4145833333333333 0.5833333333333334 0.4109375 0.575925925925926 0.4041666666666667 0.5777777777777777 0.4041666666666667 0.5796296296296296 0.4020833333333333 0.5796296296296296 0.3989583333333333 0.5851851851851853 0.3979166666666667 0.5851851851851853 0.3947916666666667 0.5907407407407407 0.39375 0.5907407407407407 0.39166666666666666 0.5981481481481481 0.38958333333333334 0.6018518518518519 0.3885416666666667 0.6055555555555556 0.3885416666666667 0.6185185185185185 0.3927083333333333 0.6185185185185185 0.3958333333333333 0.6055555555555556
1 0.3322916666666667 0.42462962962962963 0.39260416666666664 0.44203703703703706 0.41791666666666666 0.47759259259259257 0.43125 0.44481481481481483 0.36239583333333336 0.36129629629629634 0.35541666666666666 0.39944444444444444 0.365 0.4153703703703704 0.335 0.4061111111111111 0.3322916666666667 0.42462962962962963
1 0.7648958333333333 0.05111111111111111 0.7478125 0.06962962962962962 0.7504166666666667 0.03259259259259259 0.7407291666666667 0.035555555555555556 0.7373958333333334 0.06907407407407408 0.730625 0.10296296296296295 0.74 0.10962962962962963 0.7467708333333334 0.08277777777777777 0.7669791666666667 0.05888888888888889 0.7648958333333333 0.05111111111111111
1 0.27489583333333334 0.18462962962962964 0.26260416666666664 0.1259259259259259 0.26708333333333334 0.115 0.27468750000000003 0.08259259259259259 0.29354166666666665 0.018703703703703705 0.28375 0.012592592592592593 0.251875 0.08925925925925926 0.2382291666666667 0.04462962962962963 0.21614583333333334 0.06351851851851852 0.22302083333333333 0.09462962962962963 0.2465625 0.17185185185185184 0.27489583333333334 0.18462962962962964
0 0.42 0.4311111111111111 0.40979166666666667 0.46166666666666667 0.4338541666666667 0.4924074074074074 0.43635416666666665 0.5037037037037037 0.4191666666666667 0.5048148148148148 0.4121875 0.5127777777777778 0.4084375 0.5612962962962963 0.4159375 0.5637037037037037 0.42302083333333335 0.5218518518518519 0.4351041666666667 0.5218518518518519 0.4504166666666667 0.5287037037037037 0.4790625 0.5475925925925926 0.49614583333333334 0.5218518518518519 0.4663541666666667 0.4992592592592593 0.45229166666666665 0.4651851851851852 0.42 0.4311111111111111
1 0.7173958333333333 0.2301851851851852 0.7089583333333332 0.22703703703703704 0.7057291666666666 0.24796296296296297 0.7028125000000001 0.2562962962962963 0.6990625 0.2588888888888889 0.6941666666666667 0.2564814814814815 0.6870833333333333 0.24333333333333335 0.6857291666666667 0.2525925925925926 0.6989583333333333 0.27425925925925926 0.6977083333333334 0.305 0.6980208333333334 0.305 0.7053125 0.3074074074074074 0.7173958333333333 0.2301851851851852