2 0.6105729166666666 0.07055555555555555 0.60890625 0.09490740740740741 0.6306145833333333 0.20953703703703702 0.6386354166666666 0.2635925925925926 0.65634375 0.260037037037037 0.6503333333333333 0.21964814814814815 0.6352916666666667 0.13233333333333333 0.6229374999999999 0.04977777777777778 0.6202604166666666 0.00938888888888889 0.5998854166666667 0.010574074074074073 0.6038958333333333 0.05511111111111111 0.6105729166666666 0.07055555555555555
2 0.9878437499999999 0.9720925925925926 0.9933541666666668 0.9767222222222223 0.9939270833333333 0.9380740740740741 0.9808854166666667 0.9287962962962963 0.9713125 0.9071481481481481 0.9576875 0.8983888888888889 0.9002916666666666 0.8401481481481482 0.8855104166666666 0.8401481481481482 0.87275 0.832925925925926 0.8492708333333333 0.8458148148148148 0.8707187500000001 0.8540555555555556 0.9063854166666666 0.8860185185185185 0.9623333333333334 0.9385925925925925 0.9878437499999999 0.9720925925925926
2 0.29210416666666666 0.606925925925926 0.27457291666666667 0.7350555555555555 0.26751041666666664 0.7761851851851852 0.268 0.8004259259259259 0.27481249999999996 0.8060555555555555 0.27725 0.7696851851851852 0.2835833333333333 0.7393888888888889 0.2908854166666667 0.6947962962962962 0.2906458333333333 0.6852777777777779 0.29478125 0.676611111111111 0.29551041666666666 0.6605925925925925 0.3033020833333333 0.5917592592592592 0.30744791666666665 0.5632037037037038 0.31766666666666665 0.4701296296296296 0.31986458333333334 0.41081481481481485 0.3171875 0.42120370370370375 0.31304166666666666 0.40259259259259256 0.31109375 0.46362962962962967 0.30233333333333334 0.5246666666666667 0.2974583333333334 0.5722962962962963 0.29210416666666666 0.606925925925926
2 0.24021875 0.9423333333333334 0.25675 0.8918333333333334 0.25153125 0.8820370370370371 0.23558333333333334 0.9237962962962962 0.22398958333333333 0.9459444444444445 0.22805208333333335 0.963462962962963 0.24021875 0.9423333333333334
2 0.8918333333333334 0.30877777777777776 0.9003437500000001 0.31451851851851853 0.9009270833333333 0.30512962962962964 0.9082708333333334 0.27955555555555556 0.9091458333333333 0.26964814814814814 0.9279270833333334 0.20025925925925925 0.93496875 0.17155555555555554 0.9267604166666666 0.16216666666666665 0.9100312500000001 0.2346851851851852 0.9000520833333333 0.2706851851851852 0.8956458333333333 0.27955555555555556 0.8918333333333334 0.30877777777777776
2 0.9563958333333333 0.043222222222222224 0.9449479166666666 0.08964814814814816 0.9314479166666666 0.14025925925925925 0.9390833333333334 0.14964814814814814 0.9531666666666666 0.09538888888888888 0.9672499999999999 0.03696296296296296 0.9696041666666667 0.019740740740740743 0.973125 0.007222222222222223 0.966375 0.006703703703703704 0.9599166666666668 0.020796296296296295 0.9563958333333333 0.043222222222222224
3 0.8958333333333334 0.13518518518518519 0.8958333333333334 0.13703703703703704 0.896875 0.15555555555555556 0.8979166666666666 0.1574074074074074 0.9041666666666667 0.1685185185185185 0.9052083333333334 0.1685185185185185 0.9145833333333334 0.17037037037037037 0.915625 0.1685185185185185 0.921875 0.16666666666666666 0.9229166666666666 0.16481481481481483 0.928125 0.1537037037037037 0.928125 0.15185185185185185 0.9302083333333334 0.14444444444444443 0.9302083333333334 0.1425925925925926 0.9302083333333334 0.1259259259259259 0.9291666666666666 0.12407407407407407 0.925 0.12037037037037036 0.9239583333333333 0.12037037037037036 0.9197916666666667 0.12037037037037036 0.9 0.12962962962962962 0.8989583333333334 0.13148148148148148 0.8958333333333334 0.13518518518518519
3 0.9546770833333333 0.1400925925925926 0.9650624999999999 0.1247037037037037 0.9647916666666667 0.09675925925925925 0.9558749999999999 0.09651851851851852 0.9546770833333333 0.09416666666666666 0.9420208333333333 0.14103703703703704 0.9546770833333333 0.1400925925925926
3 0.4885416666666667 0.35 0.4885416666666667 0.3592592592592592 0.490625 0.3648148148148148 0.490625 0.37037037037037035 0.4916666666666667 0.37407407407407406 0.4927083333333333 0.37407407407407406 0.4958333333333333 0.37037037037037035 0.496875 0.3648148148148148 0.5 0.3592592592592592 0.5020833333333333 0.35185185185185186 0.5114583333333333 0.33148148148148143 0.5125000000000001 0.33148148148148143 0.5187499999999999 0.3222222222222222 0.5197916666666667 0.3222222222222222 0.5239583333333333 0.3166666666666667 0.5260416666666666 0.3166666666666667 0.5302083333333334 0.32037037037037036 0.5343749999999999 0.3185185185185185 0.5385416666666667 0.32592592592592595 0.5385416666666667 0.3277777777777778 0.5375 0.32962962962962966 0.5375 0.3388888888888889 0.5333333333333333 0.34814814814814815 0.5333333333333333 0.3574074074074074 0.5354166666666667 0.362962962962963 0.5354166666666667 0.36851851851851847 0.5364583333333334 0.37222222222222223 0.5385416666666667 0.37407407407407406 0.540625 0.37222222222222223 0.540625 0.37037037037037035 0.5437500000000001 0.3648148148148148 0.5437500000000001 0.362962962962963 0.5479166666666666 0.35555555555555557 0.5479166666666666 0.35185185185185186 0.5520833333333334 0.3388888888888889 0.5479166666666666 0.3222222222222222 0.5395833333333333 0.3222222222222222 0.5385416666666667 0.32037037037037036 0.5375 0.3166666666666667 0.5385416666666667 0.3111111111111111 0.5437500000000001 0.31296296296296294 0.5458333333333334 0.3074074074074074 0.553125 0.31296296296296294 0.5572916666666666 0.3111111111111111 0.5583333333333333 0.3074074074074074 0.55625 0.3 0.5552083333333333 0.29814814814814816 0.5541666666666667 0.3 0.5520833333333334 0.3 0.5510416666666667 0.29814814814814816 0.5510416666666667 0.29444444444444445 0.55625 0.28888888888888886 0.55625 0.2851851851851852 0.5583333333333333 0.2796296296296296 0.5541666666666667 0.2740740740740741 0.5510416666666667 0.28148148148148144 0.546875 0.2740740740740741 0.5416666666666666 0.28148148148148144 0.5416666666666666 0.2833333333333333 0.5385416666666667 0.29074074074074074 0.5125000000000001 0.2851851851851852 0.5072916666666667 0.29074074074074074 0.5031249999999999 0.2925925925925926 0.49895833333333334 0.3 0.4979166666666667 0.3 0.4947916666666667 0.3055555555555556 0.4885416666666667 0.3277777777777778 0.4885416666666667 0.3333333333333333 0.4875 0.3351851851851852 0.4875 0.34814814814814815 0.4885416666666667 0.35
3 0.5458333333333334 0.22592592592592592 0.5447916666666667 0.2277777777777778 0.5375 0.24074074074074073 0.5364583333333334 0.24074074074074073 0.5270833333333333 0.24444444444444444 0.5260416666666666 0.24629629629629632 0.5239583333333333 0.2518518518518518 0.5239583333333333 0.2537037037037037 0.5239583333333333 0.25925925925925924 0.525 0.2611111111111111 0.5281250000000001 0.2740740740740741 0.5291666666666667 0.2759259259259259 0.5375 0.28888888888888886 0.5385416666666667 0.28888888888888886 0.5447916666666667 0.2833333333333333 0.5458333333333334 0.2851851851851852 0.5489583333333333 0.28888888888888886 0.5499999999999999 0.28703703703703703 0.5541666666666667 0.2740740740740741 0.5552083333333333 0.2740740740740741 0.5635416666666666 0.26666666666666666 0.5645833333333333 0.26481481481481484 0.5656249999999999 0.2611111111111111 0.5656249999999999 0.25925925925925924 0.5677083333333334 0.21851851851851853 0.5666666666666667 0.21666666666666665 0.5666666666666667 0.2037037037037037 0.5656249999999999 0.20185185185185187 0.5583333333333333 0.19444444444444445 0.5572916666666666 0.19444444444444445 0.553125 0.19444444444444445 0.546875 0.21296296296296297 0.546875 0.21481481481481482 0.5458333333333334 0.22592592592592592
3 0.490625 0.1611111111111111 0.4916666666666667 0.1611111111111111 0.4979166666666667 0.15925925925925924 0.49895833333333334 0.1574074074074074 0.5010416666666666 0.15 0.5010416666666666 0.14814814814814814 0.49895833333333334 0.14074074074074072 0.4979166666666667 0.14074074074074072 0.49375 0.1388888888888889 0.4895833333333333 0.1462962962962963 0.4895833333333333 0.14814814814814814 0.490625 0.1611111111111111
3 0.26145833333333335 0.016666666666666666 0.26145833333333335 0.018518518518518517 0.253125 0.04259259259259259 0.253125 0.044444444444444446 0.253125 0.04814814814814815 0.25416666666666665 0.05 0.25625000000000003 0.053703703703703705 0.2572916666666667 0.053703703703703705 0.2625 0.05740740740740741 0.2635416666666667 0.05740740740740741 0.26875 0.05740740740740741 0.26979166666666665 0.05555555555555555 0.27708333333333335 0.05185185185185185 0.278125 0.05 0.2833333333333333 0.04259259259259259 0.2833333333333333 0.040740740740740744 0.2833333333333333 0.011111111111111112 0.28229166666666666 0.011111111111111112 0.2729166666666667 0.009259259259259259 0.26458333333333334 0.011111111111111112 0.2635416666666667 0.012962962962962963 0.26145833333333335 0.016666666666666666
3 0.25625000000000003 0.07777777777777778 0.25625000000000003 0.07962962962962962 0.25625000000000003 0.08148148148148149 0.2572916666666667 0.08333333333333333 0.27499999999999997 0.11851851851851852 0.2760416666666667 0.11851851851851852 0.28125 0.1259259259259259 0.28229166666666666 0.1259259259259259 0.2864583333333333 0.1259259259259259 0.28750000000000003 0.12407407407407407 0.2916666666666667 0.11851851851851852 0.2916666666666667 0.11666666666666667 0.2947916666666667 0.10740740740740741 0.2947916666666667 0.10555555555555556 0.29583333333333334 0.07407407407407407 0.2947916666666667 0.07222222222222222 0.28750000000000003 0.05925925925925926 0.2864583333333333 0.05925925925925926 0.27499999999999997 0.05740740740740741 0.2635416666666667 0.06481481481481481 0.2625 0.06666666666666667 0.25625000000000003 0.07777777777777778
3 0.2916666666666667 0.06111111111111111 0.29583333333333334 0.06296296296296296 0.29583333333333334 0.06666666666666667 0.3083333333333333 0.06481481481481481 0.3083333333333333 0.08333333333333333 0.309375 0.08518518518518518 0.309375 0.08888888888888889 0.315625 0.08888888888888889 0.321875 0.08333333333333333 0.3239583333333333 0.07962962962962962 0.3239583333333333 0.07777777777777778 0.3260416666666667 0.07407407407407407 0.3260416666666667 0.07037037037037036 0.328125 0.06296296296296296 0.328125 0.046296296296296294 0.3260416666666667 0.040740740740740744 0.3260416666666667 0.037037037037037035 0.3229166666666667 0.03148148148148148 0.321875 0.03148148148148148 0.3145833333333333 0.020370370370370372 0.3083333333333333 0.018518518518518517 0.3083333333333333 0.027777777777777776 0.3026041666666667 0.024074074074074074 0.29791666666666666 0.03148148148148148 0.296875 0.02962962962962963 0.2947916666666667 0.02962962962962963 0.2916666666666667 0.03518518518518518 0.2916666666666667 0.037037037037037035 0.2885416666666667 0.04259259259259259 0.2885416666666667 0.05555555555555555 0.2916666666666667 0.06111111111111111
3 0.3083333333333333 0.1277777777777778 0.309375 0.12962962962962962 0.309375 0.1388888888888889 0.3104166666666667 0.14074074074074072 0.3145833333333333 0.14074074074074072 0.315625 0.1388888888888889 0.3208333333333333 0.13148148148148148 0.3208333333333333 0.12962962962962962 0.3208333333333333 0.10925925925925926 0.3197916666666667 0.10740740740740741 0.31354166666666666 0.09444444444444444 0.3125 0.09444444444444444 0.3104166666666667 0.09444444444444444 0.3083333333333333 0.10185185185185185 0.3083333333333333 0.1037037037037037 0.3083333333333333 0.1277777777777778
3 0.34375 0.49259259259259264 0.34375 0.4944444444444444 0.34270833333333334 0.5111111111111112 0.34375 0.512962962962963 0.3489583333333333 0.5259259259259259 0.35 0.5259259259259259 0.359375 0.5277777777777778 0.36041666666666666 0.5259259259259259 0.3666666666666667 0.5203703703703704 0.3666666666666667 0.5185185185185185 0.36875 0.5148148148148148 0.36875 0.512962962962963 0.3697916666666667 0.5037037037037037 0.36875 0.5018518518518519 0.3645833333333333 0.4888888888888889 0.3635416666666667 0.4888888888888889 0.35833333333333334 0.48333333333333334 0.3572916666666667 0.48333333333333334 0.3541666666666667 0.48333333333333334 0.346875 0.48703703703703705 0.3458333333333333 0.4888888888888889 0.34375 0.49259259259259264
3 0.34479166666666666 0.5481481481481482 0.34479166666666666 0.5499999999999999 0.34479166666666666 0.5611111111111111 0.3458333333333333 0.5629629629629629 0.346875 0.5685185185185185 0.3479166666666667 0.5703703703703704 0.3541666666666667 0.5777777777777777 0.3552083333333333 0.5777777777777777 0.365625 0.575925925925926 0.3666666666666667 0.5740740740740741 0.37604166666666666 0.5518518518518518 0.37604166666666666 0.5499999999999999 0.37604166666666666 0.5425925925925926 0.375 0.5407407407407407 0.3708333333333333 0.5296296296296297 0.3697916666666667 0.5296296296296297 0.3625 0.5296296296296297 0.35 0.5333333333333333 0.3489583333333333 0.5351851851851852 0.34479166666666666 0.5481481481481482
3 0.3375 0.5944444444444444 0.3375 0.5962962962962963 0.3375 0.6148148148148148 0.3385416666666667 0.6166666666666666 0.35 0.6185185185185185 0.3510416666666667 0.6166666666666666 0.3541666666666667 0.6092592592592593 0.3541666666666667 0.6074074074074074 0.353125 0.5925925925925926 0.3541666666666667 0.5907407407407407 0.3552083333333333 0.5814814814814815 0.3541666666666667 0.5796296296296296 0.34479166666666666 0.5666666666666667 0.34375 0.5666666666666667 0.34270833333333334 0.5666666666666667 0.340625 0.5685185185185185 0.340625 0.5703703703703704 0.3375 0.5944444444444444
3 0.30625 0.5851851851851853 0.3072916666666667 0.587037037037037 0.315625 0.5962962962962963 0.3166666666666667 0.5962962962962963 0.3302083333333333 0.5944444444444444 0.33125 0.5925925925925926 0.3354166666666667 0.5796296296296296 0.3354166666666667 0.5777777777777777 0.3333333333333333 0.5648148148148148 0.3322916666666667 0.5629629629629629 0.3229166666666667 0.5499999999999999 0.321875 0.5499999999999999 0.3104166666666667 0.5481481481481482 0.30625 0.5666666666666667 0.30625 0.5685185185185185 0.30625 0.5851851851851853
3 0.3104166666666667 0.5407407407407407 0.31145833333333334 0.5425925925925926 0.3229166666666667 0.5425925925925926 0.3239583333333333 0.5407407407407407 0.32916666666666666 0.5314814814814814 0.32916666666666666 0.5296296296296297 0.32916666666666666 0.5111111111111112 0.328125 0.5092592592592593 0.3229166666666667 0.5 0.321875 0.5 0.315625 0.4962962962962963 0.3104166666666667 0.5314814814814814 0.3104166666666667 0.5333333333333333 0.3104166666666667 0.5407407407407407
1 0.3226041666666667 0.6662962962962963 0.29510416666666667 0.6787037037037037 0.29708333333333337 0.6457407407407407 0.2871875 0.6409259259259259 0.2765625 0.7118518518518518 0.28750000000000003 0.7164814814814814 0.2925 0.692962962962963 0.3254166666666667 0.6733333333333333 0.3226041666666667 0.6662962962962963
1 0.29614583333333333 0.5737037037037037 0.29281250000000003 0.5825925925925927 0.2786458333333333 0.5611111111111111 0.27666666666666667 0.5677777777777778 0.29239583333333335 0.597037037037037 0.28875 0.6233333333333333 0.2991666666666667 0.6281481481481482 0.30791666666666667 0.5562962962962963 0.2994791666666667 0.5527777777777778 0.29614583333333333 0.5737037037037037
1 0.2735416666666667 0.7324074074074074 0.2678125 0.7662962962962964 0.24947916666666667 0.7314814814814815 0.24677083333333336 0.7353703703703703 0.26635416666666667 0.7766666666666666 0.26635416666666667 0.8044444444444444 0.275625 0.807962962962963 0.2785416666666667 0.7775925925925926 0.2841666666666667 0.7375925925925926 0.2735416666666667 0.7324074074074074
1 0.27468750000000003 0.9557407407407408 0.24114583333333334 0.9431481481481482 0.25395833333333334 0.8951851851851852 0.2490625 0.8898148148148147 0.23427083333333332 0.9283333333333333 0.22072916666666667 0.9479629629629629 0.22677083333333334 0.9627777777777778 0.235625 0.9568518518518518 0.2730208333333333 0.9648148148148148 0.27468750000000003 0.9557407407407408
1 0.8991666666666667 0.27240740740740743 0.8932291666666666 0.2748148148148148 0.8826041666666667 0.2518518518518518 0.8732291666666667 0.2459259259259259 0.8918750000000001 0.2824074074074074 0.89125 0.30444444444444446 0.8996875000000001 0.3101851851851852 0.9143749999999999 0.25 0.9065624999999999 0.2411111111111111 0.8991666666666667 0.27240740740740743
1 0.9388541666666667 0.20055555555555557 0.9301041666666667 0.19907407407407407 0.9348958333333334 0.17277777777777778 0.9248958333333334 0.16777777777777778 0.9108333333333334 0.22611111111111112 0.9192708333333334 0.2348148148148148 0.9253125 0.21407407407407408 0.9405208333333334 0.20777777777777778 0.9388541666666667 0.20055555555555557
0 0.6036458333333333 0.053703703703703705 0.5914583333333333 0.021296296296296296 0.5822916666666667 0.015925925925925927 0.5747916666666667 0.07648148148148148 0.5830208333333333 0.07907407407407406 0.5876041666666667 0.04425925925925926 0.6021875 0.08444444444444443 0.6140625 0.13296296296296295 0.6332291666666667 0.11925925925925927 0.6221875 0.012037037037037037 0.6020833333333334 0.008888888888888889 0.6036458333333333 0.053703703703703705
1 0.6340625000000001 0.23407407407407407 0.6263541666666667 0.1961111111111111 0.6245833333333333 0.21018518518518517 0.6226041666666666 0.2138888888888889 0.5972916666666666 0.17444444444444443 0.5947916666666666 0.1801851851851852 0.6238541666666667 0.2285185185185185 0.6229166666666667 0.2707407407407407 0.6230208333333332 0.26981481481481484 0.6315624999999999 0.267037037037037 0.6340625000000001 0.23407407407407407
1 0.6444791666666667 0.055370370370370375 0.6467708333333333 0.03685185185185185 0.6365625 0.03333333333333333 0.6320833333333333 0.09111111111111111 0.635625 0.08518518518518518 0.6415624999999999 0.08685185185185186 0.6441666666666666 0.08351851851851852 0.6440625 0.08018518518518519 0.6729166666666666 0.04981481481481481 0.6717708333333333 0.042777777777777776 0.6459375 0.06888888888888889 0.6444791666666667 0.055370370370370375
0 0.3244791666666667 0.422962962962963 0.32958333333333334 0.4538888888888889 0.33260416666666665 0.4527777777777778 0.3252083333333334 0.41074074074074074 0.3225 0.42277777777777775 0.32114583333333335 0.4211111111111111 0.32114583333333335 0.41018518518518515 0.3239583333333333 0.3972222222222222 0.31885416666666666 0.41222222222222227 0.31583333333333335 0.4098148148148148 0.31395833333333334 0.4009259259259259 0.3107291666666667 0.44962962962962966 0.3175 0.45037037037037037 0.31875 0.4537037037037037 0.32114583333333335 0.4325925925925926 0.3244791666666667 0.422962962962963