2 0.48602835185185184 0.6388957615740741 0.3035110138888889 0.7122271828703703 0.0725511087962963 0.8108326550925925 0.06876361111111111 0.8138695347222222 0.06970270601851852 0.8136179050925926 0.08029811111111111 0.8531604930555555 0.6269071574074074 0.6301836620370371 0.9828648194444445 0.3895429050925926 0.972111525462963 0.3526308125 0.9678667037037038 0.36040044675925925 0.9336751157407407 0.36802531712962966 0.6009180462962962 0.584170400462963 0.48602835185185184 0.6388957615740741
2 0.15968378472222222 1 0.2810454074074074 0.9471399166666666 0.3718110462962963 0.9021946944444444 0.5069530509259259 0.8151902662037037 0.7305352199074073 0.7024663425925927 0.6346018055555556 0.7184659097222222 0.4996108125 0.7802758981481481 0.38190526388888885 0.8593730046296296 0.2954936458333333 0.9092985231481481 0.11473002083333333 0.9902481342592593 0.11505547916666667 0.9930726412037038 0.11789098148148149 1 0.15968378472222222 1
2 1 0.828650101851852 0.9798118310185185 0.8380370162037037 0.8596255069444445 0.890703726851852 0.8078970763888889 0.9176670324074074 0.7661164375 0.9420457152777778 0.7650836249999999 0.9424842175925926 1 0.844457775462963 1 0.828650101851852
2 0.821064025462963 0.6614668657407408 0.8488663750000001 0.6358999143518518 0.8880319328703704 0.61303075 0.9818344814814814 0.5826391712962963 0.9600348310185185 0.5554809421296296 0.7103442268518518 0.6850680740740741 0.7100759143518518 0.6851399699074073 0.821064025462963 0.6614668657407408
3 0.3073532476851852 0.9455097754629629 0.31191069212962963 0.941053375 0.31150628703703703 0.9395441157407407 0.31358280787037035 0.9365612847222222 0.3120390416666667 0.936166125 0.2986234050925926 0.9397608356481482 0.29366155555555556 0.9427079768518518 0.28963686342592593 0.9437863912037037 0.2884975023148148 0.9449004907407407 0.2844728125 0.9459789027777779 0.2833334513888889 0.9470930046296296 0.27796719675925924 0.948530886574074 0.27682783564814817 0.949644988425926 0.27280314351851853 0.950723400462963 0.2716637824074074 0.9518375023148148 0.26113347685185184 0.9554678981481481 0.25999411574074077 0.9565819976851851 0.2559694236111111 0.957660412037037 0.2548300625 0.958774511574074 0.24698288194444445 0.9616859675925925 0.22327428240740743 0.9429655717592593 0.22823613194444445 0.9400184282407408 0.24279112962962962 0.9353096203703705 0.2502339050925926 0.9308889050925926 0.25425859490740743 0.9298104930555555 0.2553979560185185 0.9286963935185185 0.25942264814814814 0.9276179791666667 0.26056200925925926 0.9265038796296297 0.2645866990740741 0.9254254675925926 0.2657260601851852 0.9243113657407407 0.2697507523148148 0.9232329537037037 0.27089011342592595 0.9221188541666666 0.27491480324074075 0.9210404398148149 0.27605416435185187 0.9199263402777779 0.2800788564814815 0.9188479282407407 0.31233087962962963 0.8996915 0.32298953703703703 0.8911738541666666 0.32258513194444444 0.8896645949074075 0.3175494282407407 0.8869698611111111 0.28560859953703704 0.8858226666666666 0.27353452777777776 0.8890579050925926 0.2719907615740741 0.8886627453703704 0.2625998148148148 0.8911790416666667 0.23282871527777776 0.9088618981481481 0.22163730555555555 0.9207575324074073 0.22090234953703705 0.9233808912037037 0.21560994907407405 0.9304606527777778 0.21507719444444445 0.9338386412037037 0.2130006736111111 0.9368214722222222 0.2134050787037037 0.9383307314814815 0.2122657175925926 0.9394448310185185 0.21347893055555556 0.9439726087962964 0.21656646296296297 0.9447629259259259 0.21681865277777776 0.9472373240740741 0.23351725925925926 0.9635609074074074 0.2393379050925926 0.9653520509259259 0.2368569814814815 0.9668256226851852 0.23766578935185187 0.9698441412037037 0.24249929166666664 0.9717842453703703 0.2467261851851852 0.9714604629629631 0.25135748148148146 0.9726459398148148 0.25424281249999997 0.9726816273148148 0.2582675023148148 0.971603212962963 0.2598112685185185 0.9719983726851852 0.26517752314814813 0.9705604884259259 0.26672128935185185 0.970955648148148 0.2747706712962963 0.9687988217592592 0.2759100324074074 0.9676847222222222 0.2785931597222222 0.9669657800925926 0.28355500925925925 0.964018636574074 0.29380926157407405 0.9539917337962963 0.2964923888888889 0.9532727916666667 0.30641608796296294 0.9473785069444445 0.3073532476851852 0.9455097754629629
3 0.4243259837962963 0.9044613125 0.4427579652777778 0.8873903333333333 0.44443008101851855 0.8828982453703703 0.44670880324074075 0.8806700439814814 0.44838091898148147 0.8761779537037037 0.4506596412037037 0.8739497523148148 0.4525339583333334 0.8702122939814815 0.4498314745370371 0.8547602314814815 0.44828771064814815 0.8543650717592592 0.4461373356481481 0.8517060254629629 0.4396317199074074 0.8542580092592593 0.4276315 0.863135125 0.4238090115740741 0.8649681666666666 0.4051748263888889 0.8812845162037036 0.4038332638888889 0.8816439861111112 0.3705315138888889 0.8646852592592593 0.3739495972222222 0.8613429583333334 0.375291162037037 0.8609834861111111 0.3787092453703704 0.8576411851851852 0.38005081018518516 0.8572817152777779 0.3859498171296296 0.8524658425925926 0.38554541203703707 0.8509565833333333 0.38225567824074075 0.8494116365740741 0.3648153518518519 0.8540847569444444 0.3625366296296296 0.8563129583333333 0.36119506481481484 0.8566724282407407 0.3589163425925926 0.8589006296296297 0.3575747800925926 0.8592601018518518 0.35529605555555555 0.8614883009259259 0.3467139212962963 0.8670231157407408 0.33780123148148145 0.8766905486111112 0.33498975694444444 0.8822967384259259 0.33559636342592597 0.8845606273148149 0.3398232569444445 0.8842368449074074 0.3397048171296296 0.8872097060185185 0.3766808865740741 0.911051412037037 0.38225925231481483 0.9084537731481481 0.3826636574074074 0.9099630324074075 0.3807893402777778 0.9137004907407408 0.3820025532407407 0.9182282685185186 0.41554164583333336 0.9092414976851851 0.41916193055555556 0.906653824074074 0.4243259837962963 0.9044613125
3 0.24951473148148148 0.8906411319444445 0.2513890486111111 0.8869036712962962 0.2603017361111111 0.8772362384259259 0.25908852083333334 0.8727084606481482 0.26116504166666665 0.8697256319444444 0.2605584351851852 0.8674617430555556 0.2616977962962963 0.8663476412037037 0.26008017824074076 0.8603106064814815 0.25853641203703703 0.8599154467592592 0.25712099537037036 0.8546330393518519 0.2536290578703704 0.852333462962963 0.2500632685185185 0.8443920092592593 0.24851950231481482 0.8439968518518519 0.24811509722222222 0.8424875925925925 0.24657133101851852 0.8420924328703704 0.24442095833333333 0.8394333865740741 0.2260979675925926 0.8354461111111111 0.21288453472222224 0.839795449074074 0.1955180601851852 0.850110449074074 0.18947134490740739 0.8436425671296297 0.1883319837962963 0.8447566666666667 0.18390288657407405 0.8443258194444445 0.1756513032407407 0.8457280162037037 0.17337258101851852 0.8479562175925927 0.1596263935185185 0.8556835439814814 0.1598285949074074 0.8564381736111111 0.16466209490740738 0.8583782800925925 0.16352273379629628 0.8594923796296295 0.15815647916666667 0.8609302638888889 0.15683096064814814 0.8606788287037036 0.15701711805555554 0.8620443634259259 0.15413178935185187 0.8620086759259259 0.15383332407407407 0.8649194837962964 0.14783805324074073 0.8734007916666667 0.15314013425925926 0.8744065324074074 0.14951984722222222 0.8769942037037036 0.14484041898148148 0.8776414467592593 0.14589956018518518 0.8795818773148149 0.13845678703703704 0.8840025902777777 0.13884514814814816 0.8861227546296296 0.13617806481481481 0.8862307916666666 0.1352409050925926 0.8880995208333333 0.13584751157407407 0.8903634097222223 0.13739127777777776 0.8907585694444444 0.13820008796296296 0.8937770856481481 0.13974385416666668 0.8941722453703704 0.14055266203703703 0.8971907638888889 0.14209642824074076 0.8975859212962963 0.14290523842592592 0.9006044398148149 0.14444900462962962 0.900999599537037 0.1452578148148148 0.9040181180555555 0.14680158101851853 0.9044132754629629 0.1476103888888889 0.9074317939814814 0.14915415509259258 0.9078269537037037 0.14955856018518518 0.909336212962963 0.17466322222222222 0.9171680092592593 0.17734634953703704 0.9164490671296297 0.19043143287037037 0.9169869768518518 0.20787176157407408 0.9123138564814816 0.20901112268518518 0.9111997546296295 0.22376832175925923 0.9072455763888889 0.22490768287037036 0.906131474537037 0.23409642592592592 0.9028605486111111 0.24589444444444444 0.8932288032407407 0.24723600694444445 0.8928693333333334 0.24951473148148148 0.8906411319444445
3 0.337322974537037 0.8695394120370371 0.33846233564814815 0.8684253125 0.3524107268518519 0.8614526134259259 0.353550087962963 0.8603385138888889 0.36762682870370367 0.8484785671296295 0.367424625 0.8477239375000001 0.3732497824074074 0.8372661874999999 0.3730475787037037 0.8365115578703703 0.3724954675925926 0.8237185439814815 0.37229326620370373 0.8229639143518519 0.36804701620370367 0.8071166921296297 0.36650325 0.8067215347222222 0.3637462685185185 0.8017985972222222 0.36220250462962966 0.8014034398148148 0.35696459722222224 0.797954074074074 0.3554208333333333 0.7975589166666667 0.33904601388888894 0.7954760601851852 0.33770444907407404 0.7958355300925926 0.32388440740740737 0.7979209814814815 0.3227450462962963 0.7990350810185185 0.29403945601851855 0.8099619583333334 0.2929000949074074 0.8110760601851852 0.2778123425925926 0.8191628587962962 0.2766729814814815 0.8202769583333334 0.2652793680555555 0.8314179629629629 0.2654815717592593 0.8321725925925926 0.2605935740740741 0.8407616134259259 0.2607957777777778 0.8415162430555555 0.2651158796296296 0.8630053402777778 0.27237580787037036 0.8740009999999999 0.2739195740740741 0.8743961597222223 0.2776137152777778 0.8774503657407408 0.27915747916666667 0.8778455231481481 0.2982154259259259 0.8792094398148149 0.29955699074074077 0.8788499675925926 0.30801077777777774 0.8782024027777778 0.30935234027777775 0.8778429305555555 0.337322974537037 0.8695394120370371
3 0.47478485648148144 0.792266136574074 0.4732410902777777 0.7918709768518518 0.4685359398148148 0.785043625 0.4669921736111111 0.7846484652777778 0.45611195833333334 0.7762404768518519 0.4545681921296296 0.7758453171296297 0.4426224699074074 0.7741933078703703 0.4412809050925926 0.7745527800925927 0.4257148958333334 0.7754884398148149 0.4243733333333334 0.775847912037037 0.405187037037037 0.7793712453703704 0.40404767592592594 0.7804853449074074 0.40022518749999997 0.782318386574074 0.3990858263888889 0.7834324884259259 0.3717411550925926 0.8101708981481481 0.37194335648148147 0.8109255277777777 0.37788107870370374 0.838451662037037 0.38969845370370365 0.8449909212962963 0.39104001620370366 0.8446314513888888 0.39929160185185186 0.8432292546296296 0.400430962962963 0.8421151550925926 0.44696192824074077 0.8118534097222222 0.44830349305555556 0.8114939398148148 0.47445430555555557 0.7963987546296296 0.4742521041666667 0.7956441249999999 0.47478485648148144 0.792266136574074
3 0.620361337962963 0.8794333194444444 0.6188175717592592 0.879038162037037 0.6143146226851852 0.8729654375 0.6127708564814816 0.8725702777777777 0.5985464120370371 0.8731464699074074 0.5972048472222222 0.8735059398148147 0.5906992314814814 0.8760579236111111 0.5895598703703704 0.8771720254629629 0.5884205092592593 0.8782861249999999 0.588622712962963 0.8790407546296296 0.5865461921296297 0.8820235856481482 0.5867483935185185 0.8827782152777778 0.5899836319444445 0.894852287037037 0.6007899953703704 0.8976183981481481 0.6021315578703704 0.8972589282407407 0.6101809398148148 0.8951021018518518 0.6113203009259259 0.8939880023148148 0.6176237152777778 0.8906813888888889 0.6187630763888889 0.889567287037037 0.6219789583333333 0.8854703564814814 0.6217767546296296 0.884715726851852 0.620361337962963 0.8794333194444444
3 1 0.47892287499999997 0.9978556087962963 0.47983332407407403 0.9967162476851852 0.4809474236111111 0.9847160277777779 0.48982453935185183 0.9835766666666667 0.49093864120370373 0.969169375 0.5069312060185185 0.9693715787037037 0.5076858356481482 0.9595955833333334 0.524863875 0.9597977870370371 0.5256185046296297 0.9566557592592593 0.5353573148148149 0.9568579606481481 0.5361119444444444 0.9577406226851851 0.5447723402777778 0.9626479768518519 0.5523543217592592 0.9628501782407407 0.5531089513888889 0.9666920231481482 0.5674469143518519 0.9682357893518518 0.5678420717592593 0.9711949722222222 0.5735196388888889 0.972738738425926 0.5739147962962963 0.9826817962962963 0.5841915138888889 0.9842255601851853 0.584586673611111 1 0.5932296689814814 1 0.47892287499999997
3 1 0.5960190439814815 0.9981933078703704 0.5937849791666666 0.9842994143518519 0.590228550925926 0.9816162870370371 0.5909474930555556 0.9800725208333333 0.5905523356481481 0.9773893935185185 0.591271275462963 0.9716187337962963 0.591199900462963 0.9675940439814815 0.5922783125 0.9660502777777779 0.5918831550925926 0.963367150462963 0.5926020972222221 0.9575964907407408 0.5925307222222223 0.9428392916666667 0.5964849004629629 0.9412955254629629 0.5960897430555555 0.9292214513888889 0.5993249814814815 0.9280820902777778 0.6004390810185185 0.9227158356481482 0.6018769652777778 0.9215764745370371 0.6029910648148148 0.8976305324074074 0.6102161712962962 0.8964911689814814 0.6113302708333334 0.8911249143518518 0.6127681550925926 0.8875046296296296 0.6153558263888889 0.8834799375000001 0.6164342384259259 0.8823405763888889 0.6175483402777778 0.878315886574074 0.6186267523148148 0.877176525462963 0.6197408518518519 0.8693293449074074 0.6226523078703704 0.8519628703703703 0.6329673078703704 0.8496841481481482 0.6351955069444444 0.844722298611111 0.6381426504629629 0.8380883333333334 0.6455818819444444 0.8390993449074075 0.6493550300925925 0.8381753726851853 0.6497823425925925 0.8406431111111111 0.6497501898148149 0.8441350486111111 0.6520497662037037 0.8382624120370371 0.6539828055555555 0.8472225810185186 0.6528400833333334 0.8474247824074075 0.6535947129629629 0.8428107453703704 0.6564486597222222 0.838349449074074 0.6581832662037037 0.8446664444444444 0.659995474537037 0.838436488425926 0.6623837268518519 0.8386976018518518 0.6749851111111111 0.8369876851851852 0.6790379907407407 0.8302798680555555 0.6808353449074075 0.8280011435185185 0.6830635462962964 0.8241786550925926 0.6848965879629629 0.8247852638888888 0.6871604768518518 0.8236459027777777 0.6882745763888889 0.8242525092592593 0.6905384652777777 0.8275422430555556 0.692083412037037 0.8264825925925926 0.6943893703703703 0.829288212962963 0.6932332013888889 0.8310341805555557 0.6943829884259259 0.8312363819444444 0.6951376180555555 0.8287126736111111 0.6982402731481481 0.8331728402777778 0.7059420787037036 0.839306875 0.7043883379629631 0.8393939143518518 0.7085887986111111 0.8354029236111111 0.7097929837962963 0.8394809513888889 0.7127892615740741 0.8376330046296296 0.7136438865740741 0.8395679907407407 0.7169897222222222 0.8396550300925926 0.7211901828703704 0.8411987962962962 0.7215853402777778 0.8418054027777778 0.7238492291666667 0.8433491689814815 0.7242443888888889 0.8459039467592592 0.7284126944444445 0.8546337893518519 0.7341616365740741 0.8685276828703704 0.7377180625 0.8712108101851852 0.7369991226851852 0.8769814699074074 0.7370704976851852 0.8792601921296296 0.7348422962962963 0.8830826805555555 0.7330092546296295 0.8836361481481482 0.7344785717592592 0.888237298611111 0.7347356087962963 0.8854918495370371 0.7380253865740741 0.8886940833333333 0.7386998310185185 0.8873475486111111 0.7415722013888889 0.8901404074074074 0.7432502847222222 0.8896076527777778 0.7466282731481481 0.9092722060185184 0.7502560763888889 0.9119553333333333 0.7495371365740741 0.9192697592592592 0.7500036689814814 0.9206113240740741 0.7496441990740741 0.9253709699074074 0.7459424259259259 0.9254993194444444 0.7410551782407407 0.9266386805555555 0.7399410787037036 0.9260320740740741 0.7376771898148148 0.9271714351851851 0.7365630879629629 0.9254254675925926 0.7354133009259259 0.9248188587962963 0.7331494120370371 0.9217313287037037 0.7323590949074074 0.9305432129629629 0.727234525462963 0.945016763888889 0.7432395833333333 0.952808849537037 0.7410168981481482 0.9532132546296296 0.7425261574074074 0.9479114722222222 0.7464405949074074 0.9513389375000001 0.7462636157407407 0.9519455439814815 0.7485275046296296 0.951008386574074 0.7503962361111112 0.9538937152777778 0.7504319236111111 0.9579184074074075 0.7493535092592593 0.9594621736111111 0.7497486689814815 0.9809271898148147 0.7439971342592593 0.9820665532407408 0.7428830347222223 0.9981653148148149 0.7385693842592593 0.9993046782407407 0.7374552824074074 1 0.7371973055555556 1 0.7295665324074074 0.9870828981481481 0.7294067662037037 0.970303673611111 0.7258146504629629 0.9647352175925926 0.7264979027777778 0.9613171342592592 0.7298402060185185 0.9276485023148148 0.7240335138888889 0.9160696620370371 0.7112294675925925 0.9118427685185184 0.71155325 0.9112361597222223 0.7092893611111111 0.9131749513888889 0.7080284560185185 0.9092879907407407 0.7073849444444446 0.9102802407407408 0.7048274444444445 0.9015691597222222 0.705409150462963 0.9013669583333334 0.7046545208333334 0.9073855300925926 0.7016264328703704 0.8900172685185185 0.6824203634259258 0.891808949074074 0.6797160578703704 0.8935549166666666 0.6808658472222222 0.8997299814814815 0.6824464814814816 0.9001343865740741 0.6839557407407407 0.9051700902777777 0.6866504745370371 0.9055744930555556 0.6881597337962964 0.9090664305555556 0.6904593101851851 0.912153962962963 0.6912496273148149 0.9141021342592592 0.6931540462962963 0.9204794004629631 0.6954893101851852 0.9224275717592593 0.6973937268518519 0.9301464004629629 0.6993695208333334 0.9314879652777778 0.6990100509259259 0.9436358912037037 0.7014166898148148 0.9463190185185185 0.7006977476851852 0.9578603356481481 0.7008405000000001 0.9645681550925926 0.6990431435185186 0.9657075162037038 0.6979290439814814 0.9750984606481481 0.6954127476851852 0.9762378217592592 0.6942986481481482 0.980262513888889 0.6932202337962963 0.9926671388888889 0.6858523773148149 1 0.6924824907407408 1 0.6418294490740741 0.9821526157407408 0.6466116412037037 0.980608849537037 0.6462164814814815 0.968534775462963 0.6494517199074075 0.9669910092592593 0.6490565625 0.9602831921296295 0.6508539166666667 0.958739425925926 0.6504587569444444 0.9453237893518519 0.6540534675925926 0.9437800231481481 0.6536583078703703 0.930364386574074 0.6572530162037038 0.9288206203703704 0.6568578587962962 0.9154049837962963 0.6604525671296296 0.9138612175925926 0.6600574097222222 0.9004455810185185 0.6636521180555556 0.8989018148148148 0.6632569583333333 0.8881693055555556 0.6661327268518519 0.8848602152777778 0.648416775462963 0.9023005416666666 0.6437436527777778 0.9038443078703703 0.6441388125 0.9226261990740741 0.6391062199074073 0.9241699652777777 0.6395013796296296 0.9429518564814815 0.634468787037037 0.9444956226851852 0.6348639444444445 0.9565696967592593 0.6316287060185185 0.9676327569444445 0.6246203217592593 0.974340574074074 0.6228229675925926 0.985403636574074 0.6158145810185185 0.9947945810185185 0.6132982847222223 0.9959339421296297 0.6121841828703704 1 0.6110946851851852 1 0.5960190439814815
3 0.7628711319444444 0.7029415092592592 0.7613273680555556 0.702546349537037 0.7464963148148148 0.7008586527777778 0.7451547500000001 0.7012181226851851 0.730397550925926 0.7051723032407408 0.7292581898148148 0.7062864027777778 0.724296337962963 0.7092335462962963 0.7244985416666666 0.709988175925926 0.7224220208333334 0.7129710069444444 0.7226242245370371 0.7137256365740741 0.7235068865740741 0.7223860324074074 0.7254550578703705 0.7242904490740741 0.7269988217592592 0.7246856087962963 0.7298841527777777 0.7247212962962963 0.731023513888889 0.7236071944444444 0.737124724537037 0.7195459513888888 0.7384662893518518 0.7191864814814815 0.7589202939814815 0.7096617986111111 0.7587180925925926 0.7089071689814815 0.7628711319444444 0.7029415092592592
3 0.7869841388888889 0.723171162037037 0.7881235000000001 0.7220570625 0.7894650648148148 0.7216975902777778 0.790604425925926 0.7205834907407407 0.791945988425926 0.7202240185185185 0.793085349537037 0.7191099189814815 0.7944269143518519 0.7187504490740741 0.795566275462963 0.7176363472222222 0.7939486550925926 0.7115993101851852 0.7924048888888889 0.7112041527777777 0.7911916759259259 0.706676375 0.7896479097222223 0.7062812175925927 0.7892435046296297 0.7047719583333333 0.7846122060185186 0.7035864814814815 0.7844100046296296 0.7028318518518518 0.7813224722222223 0.7020415347222223 0.7799809097222222 0.7024010046296296 0.7784371435185186 0.7020058472222223 0.7770955787037037 0.7023653171296296 0.7740080462962963 0.701575 0.7726664837962963 0.7019344722222222 0.7711227175925927 0.7015393125 0.7688439953703704 0.7037675138888888 0.7675024305555556 0.7041269837962963 0.7677046342592592 0.7048816134259259 0.7642865486111111 0.708223914351852 0.7644887523148148 0.7089785439814814 0.7622100300925927 0.7112067453703703 0.7652975624999999 0.7119970625 0.7666391250000001 0.7116375925925925 0.7681828912037036 0.71203275 0.7683850925925926 0.7127873796296297 0.7699288587962962 0.7131825393518518 0.7701310625 0.7139371689814815 0.7678523402777778 0.7161653703703704 0.766510775462963 0.7165248402777777 0.7653714143518519 0.7176389398148147 0.7640298518518519 0.7179984120370371 0.7628904907407408 0.7191125115740741 0.7615489259259258 0.7194719837962963 0.7604095648148148 0.7205860833333333 0.7608139699074074 0.7220953425925926 0.7596746087962963 0.7232094421296296 0.7600790138888889 0.7247187013888889 0.7631665439814815 0.7255090185185185 0.7633687476851853 0.7262636481481481 0.7664562800925926 0.7270539675925926 0.7677978425925926 0.7266944953703705 0.7708853750000001 0.7274848125 0.7722269398148148 0.7271253425925926 0.7737707037037036 0.7275205 0.784503212962963 0.7246447337962962 0.7856425763888888 0.7235306319444444 0.7869841388888889 0.723171162037037
3 0.384463525462963 0.28346219212962964 0.3867422476851852 0.2812339930555555 0.39170409953703705 0.27828684953703703 0.3935784166666667 0.27454938888888886 0.3958571388888889 0.2723211875 0.39423952083333336 0.2662841527777778 0.3953788819444444 0.26517005092592594 0.39254804861111114 0.2546052384259259 0.3936874097222222 0.25349113657407407 0.39227199305555555 0.24820873148148148 0.3907282268518518 0.24781357175925928 0.38670353472222224 0.2488919837962963 0.3741705625 0.26114709027777777 0.3714874351851852 0.2618660324074074 0.37034807175925927 0.2629801319444444 0.3676649444444444 0.2636990740740741 0.36652558333333335 0.2648131736111111 0.36384245601851856 0.26553211574074076 0.36270309490740743 0.26664621527777776 0.35237499074074075 0.27103124305555554 0.34875470601851855 0.27361891435185187 0.34607157870370375 0.27433785648148146 0.34493221759259257 0.2754519560185185 0.3422490902777778 0.27617089814814816 0.3411097268518518 0.2772849976851852 0.3384266018518518 0.2780039398148148 0.33728723842592595 0.27911804166666665 0.33460411111111116 0.2798369837962963 0.3296422615740741 0.282784125 0.32561757175925926 0.28386253935185185 0.32447821064814814 0.2849766388888889 0.3152894675925926 0.28824756481481484 0.30729458101851853 0.2798752638888889 0.3219779282407408 0.2702792060185185 0.3246610555555556 0.2695602638888889 0.3307622662037037 0.2654990208333333 0.3334453935185185 0.26478007870370374 0.3370656805555555 0.2621924074074074 0.3397488078703704 0.26147346527777776 0.34719158333333333 0.25705275231481484 0.35402775 0.2503681481481482 0.35066416203703704 0.24318132407407408 0.3385162361111111 0.2407746851851852 0.3358331087962963 0.24149362731481483 0.32563335416666667 0.2409914050925926 0.31624240972222223 0.24350770138888891 0.31262212268518524 0.2460953726851852 0.30993899537037034 0.2468143148148148 0.30879963425925927 0.24792841435185184 0.3036355810185185 0.2501209282407407 0.2947228935185185 0.2597883611111111 0.29097425925925924 0.26726328240740743 0.2930701365740741 0.2804514537037037 0.29810583796296297 0.2831461898148148 0.29720076620370367 0.2837931087962963 0.30367429629629633 0.28246293518518517 0.30133139814814813 0.2871347615740741 0.3054620300925926 0.29047641435185184 0.3103276180555556 0.29119470833333333 0.3099970648148148 0.2953273263888889 0.3267762893518519 0.2989194421296296 0.32945941666666667 0.29820050000000003 0.34254450231481487 0.2987384097222222 0.36400951851851854 0.292986875 0.3676298055555556 0.2903992037037037 0.3716544976851852 0.2893207916666667 0.3727938587962963 0.28820668981481484 0.37681854861111114 0.2871282777777778 0.3779579097222222 0.28601417592592593 0.38198260185185184 0.2849357638888889 0.384463525462963 0.28346219212962964
3 0.5455759398148148 0.17639630092592593 0.5453737384259258 0.1756416712962963 0.5519338495370371 0.1625605601851852 0.5517316481481481 0.16180593055555553 0.552190548611111 0.15278606481481483 0.5506467824074074 0.1523909050925926 0.5494335671296297 0.14786312731481482 0.5478898009259259 0.1474679699074074 0.5437912569444444 0.14290450462962964 0.5422474930555555 0.1425093449074074 0.5266076296296296 0.13780312962962962 0.5254682685185186 0.13891722916666666 0.5164272314814815 0.15347191203703703 0.5152878703703704 0.15458601157407406 0.5038942569444445 0.1657270162037037 0.5025526944444445 0.16608648842592594 0.48733659259259254 0.17906053472222222 0.48599502777777775 0.17942000462962965 0.4650082685185185 0.19232267592592592 0.475410224537037 0.1935795277777778 0.47675178935185186 0.19322005787037036 0.4980884583333334 0.19235577083333336 0.4994300208333333 0.19199629861111112 0.5276767106481481 0.19008928935185185 0.529018275462963 0.1897298171296296 0.5328407638888889 0.18789677546296296 0.533980125 0.18678267592592593 0.5455759398148148 0.17639630092592593
3 0.576233275462963 0.22641597685185186 0.5773726365740741 0.2253018773148148 0.5792469537037037 0.22156441666666668 0.5777031875 0.22116925694444445 0.5548227523148148 0.22163838657407406 0.5534811898148148 0.2219978564814815 0.5158435532407407 0.22642116435185183 0.5145019907407408 0.22678063425925926 0.5037694814814815 0.2296564027777778 0.5026301203703704 0.23077050231481483 0.4950589953703704 0.2400784652777778 0.4952611990740741 0.2408330949074074 0.496474412037037 0.24536087037037038 0.505002050925926 0.2503551828703704 0.5065458171296296 0.2507503425925926 0.5111771157407408 0.25193581712962965 0.5125186805555556 0.2515763472222222 0.5180871365740741 0.2508930925925926 0.5192264976851851 0.24977899305555556 0.5661073726851852 0.23155563194444445 0.5672467337962963 0.23044153240740742 0.576233275462963 0.22641597685185186
3 0.757939361111111 0.8991860671296296 0.7567999999999999 0.9003001666666667 0.7480156597222222 0.9050803518518519 0.746876298611111 0.9061944513888889 0.7427232592592593 0.912160113425926 0.7429254606481481 0.9129147430555555 0.7432015162037038 0.91931125 0.7493765810185186 0.9208918842592593 0.7507181458333334 0.9205324143518518 0.7574259629629629 0.9187350601851852 0.7585653240740741 0.9176209583333333 0.7678085648148149 0.9038209074074074 0.7676063611111111 0.9030662777777778 0.7675325092592593 0.897424400462963 0.7661909444444445 0.8977838703703703 0.757939361111111 0.8991860671296296
3 0.8232557916666666 0.9229338657407408 0.8219142268518518 0.923293337962963 0.8159413657407407 0.9224673333333334 0.8145998032407407 0.9228268032407407 0.8090313449074074 0.9235100578703703 0.8078919837962963 0.9246241574074074 0.7887795416666668 0.9337893703703705 0.7876401805555555 0.9349034699074075 0.7863724699074074 0.9409048194444445 0.8346687615740741 0.9279638657407406 0.8344665578703704 0.9272092361111112 0.8342643564814815 0.9264546064814815 0.8327205902777778 0.9260594490740741 0.8232557916666666 0.9229338657407408
1 0.36294085416666666 0.6726857662037037 0.3699709768518518 0.6822871458333333 0.22707371990740743 0.7424950879629629 0.25593074074074074 0.7739901342592593 0.2887990486111111 0.7651830972222222 0.3971764583333333 0.7242539606481481 0.43214344212962963 0.7141566550925925 0.522503099537037 0.6719892870370371 0.5536289537037037 0.6593624490740742 0.5751076712962964 0.6370266481481481 0.6437556481481481 0.6243750277777778 0.6044924421296296 0.5824847152777778 0.6030112731481482 0.5839330439814815 0.54655625 0.614184861111111 0.47773087731481484 0.6411999444444445 0.4332481111111111 0.6560307800925926 0.4194739606481481 0.6572142430555556 0.40670271990740736 0.6497982384259259 0.26730487731481484 0.6232538263888889 0.24999942129629632 0.6396994282407407 0.36294085416666666 0.6726857662037037
1 0.8270472199074074 0.620474650462963 0.8195328842592593 0.6267748009259259 0.7178826527777779 0.6820775879629629 0.8245447060185185 0.6599680532407407 0.8444761412037037 0.6399071087962963 0.863821548611111 0.6235619513888889 0.9066096875 0.6056264282407406 0.9454726574074074 0.5934337453703704 0.967035261574074 0.5907295393518519 0.9789437013888889 0.5836563958333334 0.9735825393518518 0.5781371527777778 0.9640925763888889 0.5539892662037037 0.9645172013888889 0.5555739884259259 0.9024276111111111 0.5873355833333334 0.8705298726851851 0.5997648425925926 0.8519863958333334 0.596564574074074 0.7920232361111111 0.5997715833333332 0.7261731875 0.5954973125 0.721660412037037 0.6092430555555555 0.8147612662037038 0.6148697569444445 0.8270472199074074 0.620474650462963
1 0.44401981018518516 0.8148255347222223 0.47014516203703705 0.8345159814814814 0.6515714699074074 0.7410140208333333 0.7038477824074074 0.7177053148148148 0.6759553796296296 0.7128851574074074 0.637700236111111 0.7171504027777778 0.6375586944444445 0.7166221620370371 0.5732121805555556 0.7464003055555556 0.555214650462963 0.7452375393518518 0.3993344236111111 0.7612853773148148 0.39717228703703705 0.7768276944444444 0.4778270046296296 0.7719586851851852 0.5090951157407407 0.7716685162037037 0.5176593263888889 0.7735795532407408 0.44401981018518516 0.8148255347222223
1 0.30405383333333336 0.9358793263888889 0.3317355787037037 0.921668025462963 0.34251046296296295 0.9205602847222223 0.3433642986111111 0.9387723587962964 0.3224753356481482 0.9885305393518519 0.34631895601851853 0.9911194444444443 0.384381662037037 0.9045689560185186 0.3853993449074074 0.8970978634259259 0.3911346550925926 0.8900611875000001 0.4574041782407407 0.8411651550925926 0.4548552060185185 0.841848150462963 0.42113463888888886 0.8281560023148148 0.4038050925925926 0.8412919398148148 0.3550210740740741 0.8728044351851851 0.3315498726851852 0.8898506921296296 0.2891847824074074 0.9136580486111112 0.21842636805555557 0.9458013055555555 0.22719227314814816 0.9704667245370371 0.30405383333333336 0.9358793263888889
0 0.5372792986111111 0.6783018981481481 0.5160261620370371 0.6928935625 0.5145752476851851 0.7084070717592593 0.5305572754629629 0.7186832708333334 0.5635585208333334 0.7200316157407407 0.6271936643518518 0.7181862476851852 0.7154821018518519 0.7058527662037037 0.7125992152777778 0.6854344236111111 0.634549037037037 0.6968039537037037 0.5734997893518519 0.7007872638888889 0.5531314004629629 0.6977524583333333 0.5536050717592592 0.6898609675925926 0.5770579861111111 0.6743563495370369 0.6076783356481482 0.6598429375 0.6224110856481482 0.6466748796296296 0.6318526574074075 0.6303952569444445 0.6484196435185184 0.6192430277777778 0.6797781041666666 0.5935320300925926 0.7202813564814815 0.5670691921296297 0.6865713310185185 0.5453670046296296 0.6702937407407407 0.5404272615740741 0.5474070763888889 0.6130671921296297 0.36281866898148146 0.6883285300925926 0.42760779629629625 0.7144014074074073 0.5387084143518519 0.6670000393518519 0.5452288009259258 0.6655764305555556 0.5372792986111111 0.6783018981481481