2 0.6233593749999999 0.5479166666666666 0.62171875 0.5551388888888888 0.6153125 0.5547222222222222 0.6057812499999999 0.6348611111111111 0.6178906249999999 0.6425 0.6285937500000001 0.5398611111111111 0.657109375 0.34486111111111106 0.648984375 0.34402777777777777 0.6478125 0.34402777777777777 0.617421875 0.5411111111111111 0.6233593749999999 0.5479166666666666
2 0.5823437499999999 0.8194444444444444 0.5808593750000001 0.8284722222222222 0.577109375 0.8347222222222223 0.57875 0.8973611111111112 0.597578125 0.7809722222222222 0.585 0.7772222222222221 0.58421875 0.7756944444444445 0.57859375 0.8023611111111111 0.5823437499999999 0.8194444444444444
2 0.615859375 0.66 0.604296875 0.6604166666666667 0.5967187500000001 0.706388888888889 0.605703125 0.7166666666666667 0.615859375 0.66
3 0.67109375 0.2611111111111111 0.67109375 0.2625 0.66875 0.2708333333333333 0.66875 0.2722222222222222 0.66875 0.2861111111111111 0.66953125 0.28750000000000003 0.67109375 0.29305555555555557 0.671875 0.29305555555555557 0.675 0.2972222222222222 0.67578125 0.2972222222222222 0.68203125 0.3 0.6828125 0.2986111111111111 0.68984375 0.29583333333333334 0.690625 0.29444444444444445 0.69453125 0.28888888888888886 0.69453125 0.28750000000000003 0.6953125 0.2791666666666667 0.69453125 0.2777777777777778 0.68984375 0.2708333333333333 0.68984375 0.26944444444444443 0.68359375 0.25416666666666665 0.6828125 0.25416666666666665 0.67890625 0.25277777777777777 0.67578125 0.25416666666666665 0.675 0.2555555555555556 0.67109375 0.2611111111111111
3 0.69296875 0.2972222222222222 0.69296875 0.2986111111111111 0.69375 0.31527777777777777 0.69453125 0.3166666666666667 0.6984375 0.325 0.69921875 0.325 0.70078125 0.3263888888888889 0.7015625 0.3263888888888889 0.7109375 0.325 0.71171875 0.3236111111111111 0.71484375 0.3194444444444444 0.71484375 0.3180555555555556 0.71640625 0.3138888888888889 0.71640625 0.3125 0.71640625 0.3055555555555556 0.715625 0.3041666666666667 0.71484375 0.3 0.7140625 0.2986111111111111 0.70625 0.2861111111111111 0.70546875 0.2861111111111111 0.7 0.2847222222222222 0.69453125 0.2916666666666667 0.69453125 0.29305555555555557 0.69296875 0.2972222222222222
3 0.31640625 0.5875 0.315625 0.5888888888888889 0.31171875 0.6166666666666666 0.3125 0.6180555555555556 0.3203125 0.625 0.32109375 0.625 0.33046875 0.6222222222222222 0.33125 0.6208333333333333 0.3359375 0.6097222222222222 0.3359375 0.6083333333333334 0.3375 0.5958333333333333 0.3375 0.5944444444444444 0.3375 0.5791666666666666 0.33671875 0.5777777777777777 0.3359375 0.5736111111111112 0.33515625 0.5736111111111112 0.33046875 0.5694444444444444 0.3296875 0.5694444444444444 0.31875 0.5694444444444444 0.3171875 0.5736111111111112 0.3171875 0.5750000000000001 0.31640625 0.5875
3 0.2609375 0.6680555555555556 0.2609375 0.6694444444444444 0.2609375 0.6736111111111112 0.26171875 0.675 0.26718749999999997 0.6833333333333333 0.26718749999999997 0.6847222222222222 0.26718749999999997 0.688888888888889 0.26640625 0.6902777777777778 0.26406250000000003 0.6986111111111112 0.26484375 0.7 0.26718749999999997 0.7041666666666666 0.26796875000000003 0.7041666666666666 0.27968750000000003 0.7 0.28046875 0.6986111111111112 0.284375 0.6930555555555555 0.284375 0.6916666666666667 0.28671874999999997 0.6791666666666666 0.28671874999999997 0.6777777777777778 0.28671874999999997 0.6694444444444444 0.2859375 0.6680555555555556 0.28281249999999997 0.6611111111111112 0.28203125 0.6611111111111112 0.2765625 0.6541666666666667 0.27578125000000003 0.6541666666666667 0.27187500000000003 0.6541666666666667 0.2625 0.6638888888888889 0.26171875 0.6652777777777777 0.2609375 0.6680555555555556
3 0.26875 0.6069444444444444 0.26953125 0.6083333333333334 0.27187500000000003 0.6194444444444445 0.27265625 0.6208333333333333 0.27890624999999997 0.6319444444444444 0.27968750000000003 0.6305555555555555 0.284375 0.6208333333333333 0.284375 0.6194444444444445 0.284375 0.6097222222222222 0.28359375000000003 0.6083333333333334 0.27890624999999997 0.5972222222222222 0.278125 0.5972222222222222 0.27578125000000003 0.5944444444444444 0.27499999999999997 0.5944444444444444 0.27187500000000003 0.5944444444444444 0.26875 0.5986111111111112 0.26875 0.6 0.26875 0.6069444444444444
3 0.24765625 0.5722222222222222 0.24765625 0.5763888888888888 0.2484375 0.5791666666666666 0.25078125 0.5791666666666666 0.25390625 0.5736111111111112 0.25390625 0.5722222222222222 0.25703125 0.5652777777777778 0.25703125 0.5611111111111111 0.2609375 0.5541666666666667 0.27630208333333334 0.575462962962963 0.2734375 0.5805555555555556 0.27187500000000003 0.5861111111111111 0.27187500000000003 0.5875 0.27421875 0.5916666666666667 0.28203125 0.5819444444444445 0.2859375 0.5666666666666667 0.2859375 0.5652777777777778 0.28203125 0.5652777777777778 0.28236607175925926 0.5613095231481482 0.2680803564814815 0.5454365092592592 0.2625 0.5472222222222223 0.26328124999999997 0.5416666666666666 0.26450892824074074 0.5414682546296297 0.26328124999999997 0.5375 0.2609375 0.5375 0.26015625000000003 0.5388888888888889 0.25859375 0.5388888888888889 0.2578125 0.5402777777777777 0.25625000000000003 0.5402777777777777 0.25546874999999997 0.5416666666666666 0.25234375000000003 0.5430555555555555 0.24765625 0.5541666666666667 0.24765625 0.5583333333333333 0.246875 0.5597222222222222 0.24609375 0.5680555555555555 0.24765625 0.5722222222222222
3 0.19921875 0.6402777777777778 0.19921875 0.6416666666666666 0.2046875 0.6555555555555556 0.20546875 0.6555555555555556 0.21015625 0.6527777777777778 0.2109375 0.6513888888888888 0.21328125 0.6458333333333334 0.21328125 0.6444444444444444 0.21328125 0.6333333333333334 0.2125 0.6333333333333334 0.2078125 0.6333333333333334 0.20234375 0.6361111111111112 0.2015625 0.6375 0.19921875 0.6402777777777778
3 0.5421874999999999 0.8944444444444444 0.54140625 0.8958333333333334 0.5390625 0.8972222222222223 0.5382812499999999 0.8986111111111111 0.53125 0.9111111111111112 0.53125 0.9125 0.52890625 0.9333333333333333 0.5296875 0.9347222222222222 0.5304687499999999 0.9444444444444444 0.53125 0.9458333333333334 0.5328125 0.9513888888888888 0.53359375 0.9513888888888888 0.55625 0.9541666666666666 0.55703125 0.9527777777777778 0.56796875 0.9430555555555555 0.56875 0.9416666666666667 0.5710937500000001 0.9347222222222222 0.5710937500000001 0.9333333333333333 0.571875 0.9222222222222222 0.5710937500000001 0.9208333333333334 0.5695312499999999 0.9138888888888889 0.56875 0.9125 0.56484375 0.9069444444444444 0.56484375 0.9055555555555556 0.5609375 0.8944444444444444 0.56015625 0.8930555555555556 0.5484375 0.8916666666666666 0.546875 0.8944444444444444 0.5460937499999999 0.8944444444444444 0.5421874999999999 0.8944444444444444
2 0.3085234375 0.5244583333333334 0.3085234375 0.5253333333333333 0.2956953125 0.6054305555555556 0.30457812500000003 0.615375 0.3086875 0.6294027777777778 0.3313828125 0.4978472222222222 0.3085234375 0.5244583333333334
2 0.2762578125 0.8452083333333333 0.2695703125 0.8392638888888889 0.27090624999999996 0.8386805555555555 0.27325 0.8261944444444445 0.27659375 0.817875 0.27659375 0.8166805555555555 0.282609375 0.8071666666666667 0.28528125 0.8059861111111111 0.28595312500000003 0.8047916666666667 0.2856171875 0.8035972222222222 0.2822734375 0.7500972222222222 0.2819375 0.7495138888888889 0.2819375 0.7346527777777778 0.2822734375 0.7334583333333333 0.28328125 0.7144305555555556 0.25853906249999997 0.8570972222222223 0.269234375 0.8535416666666668 0.27525781250000003 0.8565138888888889 0.2762578125 0.8452083333333333
1 0.683359375 0.44875000000000004 0.68078125 0.44180555555555556 0.642109375 0.4583333333333333 0.641953125 0.44472222222222224 0.64515625 0.42444444444444446 0.636953125 0.42083333333333334 0.62171875 0.5122222222222222 0.630703125 0.5244444444444445 0.6335156249999999 0.5097222222222222 0.64125 0.47541666666666665 0.683359375 0.44875000000000004