2 0.26828433796296297 0.19345256944444444 0.28546131712962963 0.19590009722222224 0.3135302916666667 0.18816159953703704 0.31471583101851847 0.18830716666666666 0.26134699305555553 0.17633106018518518 0.22072402083333334 0.17337394907407408 0.22355559722222224 0.17982965046296295 0.26828433796296297 0.19345256944444444
2 0.6171479490740741 0.6547898981481481 0.5995069907407407 0.6443827453703704 0.540574025462963 0.6374930185185185 0.5404911944444445 0.6381676412037037 0.5466212523148148 0.6478462245370371 0.5765495694444445 0.6525442129629629 0.6177503703703704 0.6648130277777778 0.6171479490740741 0.6547898981481481
2 0.22953852546296294 0.5920926689814815 0.2201947476851852 0.5837432777777778 0.15850602546296297 0.5744529398148148 0.11796470833333333 0.5667280532407407 0.14040297222222223 0.5777242407407408 0.2231958240740741 0.5940609236111111 0.22953852546296294 0.5920926689814815
3 0.11625861342592592 0.6394292245370371 0.11497528703703705 0.6384845347222222 0.1100324050925926 0.6331549212962962 0.10865386805555556 0.6329856597222223 0.09339475925925926 0.6318991921296296 0.09192101157407408 0.6325053564814815 0.08307853009259258 0.6361423379629629 0.08298331944444444 0.6369177662037038 0.08084310185185185 0.6429519166666666 0.08706931018518518 0.6492262175925926 0.08844784490740741 0.6493954814814814 0.09377156944444444 0.651623386574074 0.09515010648148149 0.6517926481481482 0.10066425231481481 0.6524697013888889 0.10213799768518518 0.651863537037037 0.11383276157407407 0.6477896550925926 0.11392797222222223 0.647014226851852 0.11625861342592592 0.6394292245370371
3 0.11531053935185184 0.6243575902777778 0.11402721296296298 0.6234129004629629 0.11293430787037037 0.6209173587962963 0.11155577083333333 0.6207480949074075 0.10632725694444443 0.617744763888889 0.1049487199074074 0.6175755 0.09392043055555555 0.6162213958333334 0.09244668287037038 0.6168275601851853 0.08094234027777779 0.6193505902777778 0.08084712962962964 0.6201260162037037 0.07585462731481482 0.6265970671296296 0.07932376388888888 0.6325328425925926 0.08060709027777778 0.6334775324074073 0.08474269907407407 0.6339853217592593 0.08621644444444444 0.6333791574074075 0.09624704166666666 0.6314622916666667 0.09762557870370371 0.6316315555555555 0.1087490787037037 0.6322102314814815 0.11022282638888889 0.6316040694444445 0.11531053935185184 0.6243575902777778
3 0.18053094444444445 0.35530044675925926 0.18190947916666667 0.35546971064814814 0.1981662847222222 0.3598271458333333 0.19954481944444444 0.35999640972222224 0.21746579166666666 0.36219682870370373 0.21893953935185184 0.36159066435185183 0.23310574537037038 0.36018158796296296 0.2332009537037037 0.35940615972222223 0.17616738194444445 0.2996664768518518 0.17626259259259258 0.29889104861111115 0.15924813425925924 0.2779111273148148 0.1578695972222222 0.27774186342592594 0.15373398842592592 0.2772340740740741 0.15226024305555555 0.2778402384259259 0.1423248564814815 0.2789816782407407 0.1408511111111111 0.2795878425925926 0.1193161712962963 0.28402773842592594 0.11784242592592592 0.28463390046296294 0.11047369212962962 0.2876647199074074 0.11037848148148148 0.28844014583333333 0.1054811875 0.29413577083333337 0.10538597685185185 0.29491119675925925 0.10315054861111111 0.301720775462963 0.10695090509259259 0.3163555069444445 0.10823423148148148 0.3173001967592593 0.1155533449074074 0.32607004166666664 0.1168366712962963 0.32701473148148147 0.1297651412037037 0.3356862013888889 0.13114367592592593 0.335855462962963 0.14830296527777775 0.34425929629629626 0.1496815023148148 0.34442855787037036 0.18053094444444445 0.35530044675925926
3 0.7166153287037038 0.28573920138888886 0.7167105393518518 0.28496377314814814 0.7214174120370371 0.2808190023148148 0.7215126226851851 0.2800435763888889 0.7219886736111112 0.27616644212962965 0.7207053472222222 0.2752217523148148 0.7187099583333334 0.2686798125 0.7174266342592593 0.267735125 0.7110100046296296 0.26301167592592595 0.7096314675925925 0.262842412037037 0.7029292060185185 0.26044524537037034 0.7015506712962962 0.26027598148148146 0.6847226041666666 0.26057110648148146 0.6832488564814815 0.2611772685185185 0.6789228263888889 0.26222033333333333 0.6788276157407408 0.26299576157407406 0.6727422083333333 0.2669712685185185 0.6726469976851852 0.26774669444444443 0.6702211458333333 0.276107125 0.6753544513888889 0.27988588425925925 0.6767329861111112 0.28005514814814814 0.6903279282407406 0.28329862962962965 0.6916112546296297 0.2842433194444445 0.7009753773148149 0.28775444212962964 0.7023539143518519 0.2879237037037037 0.7107203425925925 0.2881638541666667 0.7121940902777778 0.2875576921296296 0.7166153287037038 0.28573920138888886
3 0.6455067337962963 0.24945906481481483 0.6456019444444444 0.2486836388888889 0.6487398587962964 0.24592045833333334 0.6488350694444444 0.2451450324074074 0.6500728032407408 0.23506448379629627 0.648789476851852 0.2341197962962963 0.6425632685185185 0.22784549305555557 0.6411847337962963 0.2276762314814815 0.6359562199074075 0.22467289814814814 0.6345776828703704 0.22450363657407404 0.6138996388888889 0.22196469212962963 0.6124258912037037 0.22257085416666667 0.5990669606481481 0.22880175462962965 0.5989717499999999 0.22957718055555554 0.5963554768518519 0.23948846527777778 0.5997294027777778 0.24619966666666665 0.6010127291666666 0.24714435648148148 0.6034841712962963 0.24980916435185185 0.6048627060185184 0.24997842592592592 0.6088078958333334 0.25203706944444443 0.6101864305555554 0.2522063310185185 0.6352857152777778 0.25292678472222224 0.6367594629629629 0.2523206203703704 0.6455067337962963 0.24945906481481483
3 0.564881125 0.26789569907407407 0.5649763333333333 0.2671202731481481 0.5682094583333334 0.26358166666666666 0.5683046689814815 0.26280623842592593 0.5699232476851852 0.2496239861111111 0.5686399212962963 0.2486792962962963 0.5676422268518518 0.24540832638888888 0.566358900462963 0.24446363657407405 0.5612255972222222 0.2406848773148148 0.5598470601851852 0.24051561574074073 0.5505781481481482 0.23622906712962963 0.5491996111111112 0.23605980324074075 0.5368879953703704 0.23376101157407408 0.5354142476851852 0.2343671736111111 0.5215336736111111 0.23344997222222222 0.5200599282407408 0.23405613425925928 0.5082699537037038 0.23890544444444442 0.5081747430555555 0.23968087037037036 0.5026109791666666 0.2508044814814815 0.5046063680555556 0.2573464212962963 0.5058896944444444 0.25829111111111114 0.5096444606481482 0.2619006064814815 0.5110229976851852 0.2620698703703704 0.5531863611111111 0.2719695833333333 0.5546601064814815 0.2713634189814815 0.5574171805555556 0.27170194444444445 0.5588909259259259 0.2710957800925926 0.564881125 0.26789569907407407
3 0.5471921342592593 0.2979955648148148 0.5486658796296296 0.2973894004629629 0.5530871203703703 0.2955709097222222 0.5531823310185185 0.2947954814814815 0.5577939907407408 0.29142613888888885 0.5578892013888889 0.2906507106481482 0.5613127476851852 0.28556125 0.5614079583333333 0.28478582407407405 0.555657800925926 0.27463438888888886 0.5542792662037037 0.274465125 0.5190085833333333 0.26541172916666667 0.5175348356481482 0.2660178912037037 0.5147777638888889 0.26567936574074075 0.5133040185185185 0.2662855300925926 0.504461537037037 0.2699225115740741 0.5043663263888889 0.2706979375 0.5023213171296297 0.27595666203703706 0.5078810532407407 0.28765895138888886 0.5091643796296297 0.2886036412037037 0.5130143564814814 0.2914377083333333 0.5143928935185185 0.2916069722222222 0.5267997199074075 0.2931303402777778 0.5280830462962963 0.2940750277777778 0.5345948865740741 0.2980230509259259 0.5359734212962963 0.29819231249999995 0.5471921342592593 0.2979955648148148
3 0 0.6254126666666666 0.007449453703703703 0.6252820208333333 0.008923201388888889 0.6246758587962963 0.022282131944444443 0.6184449583333333 0.02237734259259259 0.6176695300925926 0.022141331018518517 0.6081951481481481 0.02085800462962963 0.6072504583333334 0.008832020833333334 0.6026253842592593 0.007453483796296296 0.6024561226851852 0 0.601540949074074 0 0.6254126666666666
3 0.06525276851851852 0.6331664930555555 0.06534797916666667 0.6323910671296297 0.06848589351851853 0.6296278865740741 0.06858110416666667 0.6288524583333334 0.06896194675925926 0.6257507523148148 0.06767862037037037 0.6248060625 0.056033476851851845 0.6170792824074075 0.05465493981481481 0.6169100185185186 0.04785746990740741 0.6152882777777777 0.04638372222222222 0.6158944421296296 0.03792208333333333 0.6164297175925926 0.036448337962962964 0.6170358819444445 0.02760585648148148 0.6206728634259259 0.027510645833333333 0.6214482893518519 0.027034594907407408 0.6253254236111111 0.03012288888888889 0.6343629050925926 0.03140621296296296 0.6353075949074074 0.03525619212962963 0.6381416643518518 0.036634729166666664 0.6383109282407408 0.04618927083333334 0.6402711944444444 0.047663018518518514 0.6396650300925926 0.053272375000000004 0.6395666574074075 0.054746120370370376 0.6389604930555556 0.06525276851851852 0.6331664930555555
3 0.07566823611111112 0.6053220208333334 0.07576344675925926 0.6045465949074074 0.07899657175925927 0.6010079861111111 0.07909178240740741 0.6002325601851851 0.08013909722222222 0.5917028657407407 0.07885577083333334 0.5907581759259259 0.07234393055555556 0.5868101550925926 0.07096539351851852 0.5866408935185186 0.04871839351851852 0.585483537037037 0.047244645833333335 0.5860897013888889 0.03978070138888889 0.5898959467592593 0.039685490740740736 0.5906713726851852 0.03754527083333333 0.5967055231481482 0.03963587037037037 0.602472037037037 0.04091919675925926 0.6034167268518518 0.04752624768518518 0.6065893217592593 0.048904784722222226 0.6067585856481481 0.06269014814814815 0.6084512152777778 0.06416389351851852 0.607845050925926 0.06977325 0.6077466759259259 0.07124699537037037 0.607140511574074 0.07566823611111112 0.6053220208333334
3 0.08779219675925926 0.3242356342592593 0.08650887268518519 0.32329094444444445 0.0823732638888889 0.32278315740740743 0.0810899375 0.3218384675925926 0.07144018287037036 0.320653625 0.06120978240740741 0.3099520856481482 0.06185815277777778 0.3060961111111111 0.06350421527777778 0.30551110416666666 0.06744940509259259 0.30756974768518514 0.07434208564814815 0.3084160625 0.07562541203703704 0.3093607523148148 0.08527516666666667 0.3105455925925926 0.08655849305555555 0.31149028240740745 0.09620824537037037 0.31267512268518516 0.09749157175925927 0.3136198125 0.10162718055555556 0.31412760185185185 0.10466988425925926 0.3121398472222222 0.10338656018518518 0.3111951574074074 0.10376740046296297 0.3080934513888889 0.10248407407407407 0.30714876157407406 0.10315054861111111 0.301720775462963 0.10186722222222222 0.3007760856481482 0.10215285416666665 0.29844980555555556 0.10362659953703704 0.2978436412037037 0.10410265277777778 0.29396650694444443 0.10557639814814815 0.2933603449074074 0.10595724074074074 0.2902586365740741 0.10467391435185185 0.28931394675925926 0.10053830555555555 0.28880615972222223 0.0975908125 0.29001848611111114 0.09050771064814815 0.29072302546296297 0.08313897685185186 0.29375384259259263 0.08176043981481482 0.29358458101851853 0.07700797685185184 0.28670411574074073 0.07995547222222223 0.28549178703703704 0.08566003703703703 0.2846179861111111 0.09008127777777777 0.28279949537037036 0.10011187268518518 0.2808826296296296 0.11180663657407407 0.27680874537037037 0.11218747916666666 0.27370703935185187 0.1094304050925926 0.2733685138888889 0.10282335648148148 0.2701959189814815 0.07800970138888888 0.2671491851851852 0.0551914375 0.2706443912037037 0.04487521064814815 0.27488753703703706 0.044684789351851856 0.2764383888888889 0.043211041666666665 0.27704455324074073 0.04392310648148148 0.28264180324074073 0.04629933796296296 0.28608203703703705 0.045681018518518524 0.2880096875 0.048485148148148145 0.2910731226851852 0.04705882175925926 0.29232911342592593 0.053947842592592596 0.3139262476851852 0.060561414351851854 0.3138080625 0.059913043981481486 0.31766403703703705 0.06179042824074074 0.31946878472222223 0.06031668287037037 0.3200749490740741 0.055325643518518514 0.31824567129629633 0.05670344675925926 0.322565099537037 0.059554997685185185 0.3262783611111111 0.05808125231481481 0.3268845254629629 0.057319567129629635 0.3330879398148148 0.05988621990740741 0.3349773194444445 0.06254808333333334 0.33609127083333334 0.06402182870370371 0.33548510648148144 0.07495490972222223 0.3376146388888889 0.07642865509259258 0.33700847453703703 0.10133752083333333 0.3392797800925926 0.10566355092592593 0.33823671759259255 0.10604439120370371 0.33513500925925926 0.10347774074074075 0.3332456296296296 0.09872527777777779 0.32636516435185187 0.08779219675925926 0.3242356342592593
3 0.9031106643518518 0.2370102962962963 0.9018273379629629 0.23606560648148148 0.889325300925926 0.23531766666666665 0.8878515532407407 0.23592383101851852 0.8792947037037038 0.2372345324074074 0.8778209583333334 0.23784069675925926 0.8688832662037037 0.24225310416666665 0.8687880555555556 0.2430285324074074 0.8669334675925926 0.24673640277777778 0.8707834467592592 0.2495704722222222 0.8722571921296297 0.24896430787037038 0.8894661018518518 0.24556747685185185 0.890844636574074 0.24573674074074073 0.8978325300925926 0.2458076273148148 0.8979277407407408 0.24503220138888887 0.9041083587962964 0.24028126620370371 0.9042035694444445 0.23950584027777777 0.9031106643518518 0.2370102962962963
3 0.9723190810185185 0.2659730648148148 0.9724142916666666 0.2651976388888889 0.9741736689814815 0.26226519444444446 0.9742688796296297 0.2614897685185185 0.9752209837962963 0.2537355 0.9739376597222221 0.2527908125 0.968994775462963 0.24746119907407407 0.9676162407407408 0.2472919375 0.9611044004629629 0.24334391435185185 0.9597258634259259 0.24317465277777778 0.9529283912037038 0.24155290972222224 0.9514546458333334 0.24215907407407405 0.9458452893518519 0.2422574490740741 0.9443715439814815 0.2428636134259259 0.9399503032407408 0.24468210416666666 0.9398550925925926 0.2454575300925926 0.9374292407407407 0.25381796064814816 0.9359554953703703 0.254424125 0.9233086273148148 0.266252275462963 0.9232134166666667 0.2670277013888889 0.9230229953703704 0.26857855324074076 0.9282515092592593 0.27158188657407406 0.9296300462962963 0.27175114814814816 0.9488343449074074 0.2748962569444445 0.9503080902777777 0.2742900949074074 0.9572007731481482 0.27513640972222225 0.9586745185185186 0.27453024537037035 0.9630005486111111 0.27348718055555554 0.9630957592592593 0.2727117546296296 0.9723190810185185 0.2659730648148148
3 0.9792117638888889 0.26681937962962965 0.9778332268518518 0.26665011805555555 0.9722238703703704 0.26674849074074075 0.9721286597222223 0.2675239189814815 0.9553461828703703 0.2788442800925926 0.9552509745370371 0.27961970601851854 0.9534915949074074 0.28255215046296295 0.9864812569444444 0.2873898888888889 0.9879550046296296 0.28678372453703704 0.98942875 0.2861775601851852 0.9895239606481482 0.28540213425925925 0.9904760648148148 0.2776478680555555 0.9891927384259259 0.27670317824074075 0.9869117175925927 0.2724875185185185 0.9856283935185185 0.27154282870370366 0.9792117638888889 0.26681937962962965
3 0.4923683125 0.9154478657407408 0.4924635208333333 0.9146724398148147 0.4928443634259259 0.9115707337962964 0.491561037037037 0.9106260439814814 0.48709420601851855 0.9014192986111111 0.4858108819444445 0.9004746087962963 0.4806775763888889 0.8966958495370371 0.47929904166666665 0.8965265856481481 0.4725967800925926 0.8941294189814815 0.47121824305555554 0.8939601550925926 0.4670826342592593 0.8934523657407408 0.4656088888888889 0.8940585300925926 0.46128285879629627 0.8951015949074075 0.46118764814814817 0.8958770208333333 0.4547213981481481 0.9029542361111111 0.4589978078703703 0.9137118356481482 0.46028113425925926 0.9146565254629629 0.46688818518518516 0.9178291203703703 0.4682667199074074 0.9179983819444445 0.4834306203703704 0.919860275462963 0.4849043680555556 0.9192541111111111 0.48923039814814817 0.9182110462962962 0.4893256064814815 0.9174356203703703 0.4923683125 0.9154478657407408