2 0.5618053240740741 0.15708711342592593 0.47304940972222226 0.43518435648148146 0.45753499768518524 0.5215346921296297 0.45621053703703707 0.5225559027777777 0.4205539282407407 0.6684796412037037 0.372014875 0.8799143287037038 0.34059851157407406 0.9819992847222222 0.3678293472222222 0.9901687129629629 0.3715596689814815 0.9883411412037036 0.37100401157407403 0.9873276898148148 0.40384471527777777 0.8906329976851851 0.44097396064814814 0.7236495740740742 0.47767050231481484 0.5460545601851852 0.5614921666666667 0.2802820324074074 0.6632274120370371 0.01144607638888889 0.6326083402777778 0.008051930555555555 0.5618053240740741 0.15708711342592593
2 0.057868939814814814 0.3986337962962963 0.07074725694444445 0.42389924305555554 0.07216945833333334 0.42372023611111115 0.07187666898148148 0.4223074814814815 0.10046473842592593 0.4133075393518518 0.19633238657407406 0.4154167337962963 0.21805465046296296 0.41164503703703703 0.2145420324074074 0.39691969444444447 0.17988844907407409 0.38962349768518517 0.1425687037037037 0.3902160925925926 0.057868939814814814 0.3986337962962963
3 0.12019449074074073 0.8020195902777778 0.11941514351851852 0.8019650925925925 0.11629775694444444 0.8017471041666667 0.11542152546296297 0.8030781111111112 0.11055167592592594 0.8055221388888889 0.10977232870370371 0.8054676412037037 0.10509624768518518 0.8051406574074074 0.1042200162037037 0.8064716666666667 0.09546198379629629 0.8309202939814815 0.09614444675925926 0.8323602962962964 0.09410560648148147 0.8503173726851853 0.09322937731481483 0.8516483796296297 0.08680083333333333 0.8539834143518519 0.08670394907407407 0.8553689189814814 0.08582771759259258 0.8566999282407407 0.08573083333333333 0.8580854328703703 0.08544018287037038 0.862241949074074 0.08621953009259259 0.8622964467592593 0.08933691666666667 0.8625144351851852 0.09021314814814814 0.8611834282407408 0.09186872453703704 0.8599069166666666 0.09255118749999999 0.8613469189814815 0.09323365046296296 0.8627869212962963 0.09313676620370372 0.8641724282407408 0.0935285787037037 0.8697689467592592 0.09265234722222221 0.8710999560185185 0.0916792314814815 0.8738164699074075 0.09089988657407408 0.8737619722222222 0.0890462638888889 0.8666709537037037 0.08826691666666665 0.8666164560185186 0.08729380324074075 0.8693329699074075 0.0879762662037037 0.8707729722222223 0.0883680763888889 0.8763694930555554 0.08905053935185185 0.8778094953703705 0.09246285416666666 0.8850095092592594 0.09324220138888889 0.8850640069444444 0.10951587731481481 0.8987324976851851 0.11029522453703704 0.8987869930555555 0.13436237037037038 0.9130004560185185 0.13504483333333334 0.9144404583333333 0.14323011342592593 0.9205819513888889 0.1439125763888889 0.9220219537037038 0.15502575000000002 0.942290988425926 0.15492886574074075 0.9436764953703703 0.15590625694444443 0.9520985231481481 0.15658871990740741 0.953538525462963 0.15873299074074076 0.9564730277777778 0.15951233796296296 0.956527525462963 0.16340907407407407 0.956800011574074 0.16428530324074073 0.9554690046296296 0.17977108333333333 0.946805912037037 0.18064731481481483 0.9454749027777778 0.18824274074074074 0.9376523449074073 0.1891189722222222 0.9363213379629629 0.19885439583333334 0.9202947384259259 0.19895128009259258 0.9189092337962963 0.20615489583333332 0.9054901550925926 0.20625177777777778 0.904104650462963 0.21384293055555556 0.885143548611111 0.2139398148148148 0.8837580439814815 0.21812292592592594 0.8687354699074074 0.21821981018518516 0.8673499652777777 0.2198711134259259 0.8549349120370371 0.21996799537037037 0.8535494050925926 0.2202543726851852 0.8382543472222223 0.2195719097222222 0.8368143425925927 0.21810155092592592 0.8130427592592592 0.21741908796296294 0.8116027569444445 0.20863967824074073 0.7803586712962962 0.2079572152777778 0.7789186689814814 0.2024006273148148 0.768784150462963 0.2016212824074074 0.7687296527777777 0.19801519907407406 0.764300650462963 0.19723585185185186 0.7642461527777777 0.1911948449074074 0.7610391643518518 0.19041549768518518 0.7609846666666668 0.17716659953703703 0.7600582129629629 0.16489509259259258 0.7675537893518518 0.1640188611111111 0.7688847962962962 0.15048358796296296 0.7832534027777778 0.14970424074074073 0.7831989050925926 0.14308192824074076 0.7883049513888888 0.14230258101851853 0.7882504537037037 0.13343911342592593 0.7918075 0.13256288194444443 0.7931385092592592 0.12019449074074073 0.8020195902777778
3 0.21104467824074075 0.7011668611111112 0.20636859722222223 0.7008398773148149 0.20373990509259257 0.7048329027777778 0.20306171527777778 0.7145314421296297 0.20374417824074073 0.7159714444444445 0.2026784560185185 0.7312120069444444 0.20336091898148148 0.7326520092592593 0.20287649768518518 0.739579537037037 0.2040476550925926 0.7452305555555555 0.20375700462962965 0.7493870717592592 0.2044394675925926 0.7508270740740741 0.20424569907407408 0.7535980856481481 0.20561062500000002 0.7564780925925926 0.2079529398148148 0.767780125 0.2105859074074074 0.7749256435185186 0.21107460416666668 0.7791366574074075 0.2124395300925926 0.782016662037037 0.21478184490740743 0.7933186967592593 0.2174148125 0.800464212962963 0.21790350694444444 0.8046752291666667 0.22063335879629628 0.8104352384259259 0.2214127060185185 0.8104897361111112 0.23194030092592594 0.8279332638888889 0.23349899537037036 0.8280422569444444 0.2429523171296296 0.8384492615740741 0.24606970601851852 0.8386672500000001 0.24675216898148147 0.8401072523148149 0.24909020833333334 0.8402707453703704 0.2497726712962963 0.8417107476851852 0.25678679398148146 0.8422012222222222 0.257663025462963 0.8408702152777778 0.2631184537037037 0.8412516944444444 0.2639946851851852 0.8399206874999999 0.26876765046296297 0.8388621643518519 0.27626619212962966 0.8324251111111111 0.27782488657407406 0.8325341064814815 0.28532342824074075 0.8260970532407407 0.2868821226851852 0.8262060486111111 0.29350443287037037 0.8211000023148147 0.3105446319444444 0.801407363425926 0.3124908611111111 0.7959743356481481 0.3213500532407408 0.7812787453703705 0.32621562962962963 0.7676961759259259 0.3279680902777778 0.7650341597222222 0.32991431944444444 0.7596011319444445 0.33127497222222224 0.7513425949074074 0.3332212013888889 0.7459095671296296 0.3340931574074074 0.7334400162037037 0.3349693888888889 0.7321090069444445 0.3355506921296296 0.723795974537037 0.33486822916666664 0.7223559722222221 0.33535264814814814 0.7154284421296296 0.33467018518518515 0.7139884398148149 0.33525149074074073 0.7056754074074073 0.33349475231481485 0.6971988819444443 0.3336885208333333 0.6944278703703703 0.3330060578703704 0.6929878657407408 0.3331998263888889 0.6902168564814815 0.3325173634259259 0.6887768518518519 0.33271113194444446 0.6860058425925927 0.3315399722222222 0.680354824074074 0.331830625 0.6761983078703703 0.331148162037037 0.6747583055555556 0.33134193055555555 0.6719872939814815 0.33065946759259257 0.6705472916666666 0.3298758449074074 0.6593542523148147 0.32792534027777775 0.6536487361111112 0.32685106712962964 0.6466122152777778 0.3201233217592592 0.6308266805555556 0.3149585462962963 0.6262886828703704 0.31359362037037036 0.6234086759259259 0.311352462962963 0.6218596782407407 0.309987537037037 0.6189796736111112 0.30560210648148145 0.6144961736111112 0.30249856018518523 0.6140802546296297 0.30151303009259256 0.6207075462962963 0.2978689050925926 0.6186891689814815 0.2987125509259259 0.6122243356481482 0.29492653935185187 0.610368412037037 0.29274074537037037 0.6080276967592592 0.2918645138888889 0.6093587060185185 0.2911405300925926 0.6085124907407407 0.29137581944444446 0.6051476921296297 0.28991400925925925 0.6036531921296296 0.28735452083333335 0.6066565694444445 0.2797825 0.6029447268518519 0.2789062685185185 0.6042757361111112 0.2765682291666667 0.6041122430555556 0.2756919976851852 0.6054432523148149 0.2725746087962963 0.6052252638888889 0.2716983796296296 0.6065562708333333 0.27013968518518516 0.6064472777777778 0.2683872222222222 0.6091092939814815 0.2650760671296296 0.6116623171296296 0.26488657407407407 0.6255718703703704 0.26693610185185185 0.635461150462963 0.23213669444444443 0.6543296296296296 0.22895255787037036 0.6578661296296296 0.2282700949074074 0.6564261273148148 0.22671140046296295 0.6563171319444444 0.2241795925925926 0.6589246504629629 0.22310959259259258 0.6630266712962963 0.22135713194444445 0.6656886875 0.21941090046296297 0.6711217152777778 0.2217532175925926 0.68242375 0.22409125694444446 0.6825872407407407 0.2247737199074074 0.6840272430555556 0.22292865046296295 0.6992133078703704 0.22205241898148145 0.7005443171296297 0.21192090972222224 0.6998358541666667 0.21104467824074075 0.7011668611111112
3 0.21955764583333334 0.5458267407407408 0.22765031481481482 0.5644922800925927 0.22755343287037036 0.5658777847222223 0.2302832824074074 0.5716377962962963 0.23398625 0.5746812939814815 0.23535117592592592 0.577561300925926 0.24041906944444444 0.5834848032407408 0.24285399305555555 0.5822627893518518 0.2462620324074074 0.5783242615740741 0.25181434490740745 0.5773202361111112 0.26340338888888887 0.5683846597222222 0.2651558518518518 0.5657226412037036 0.26759077546296295 0.5645006273148149 0.2722796828703704 0.598243238425926 0.27296214583333334 0.5996832407407408 0.2732527986111111 0.595526724537037 0.27773083564814816 0.5874861759259259 0.2785101828703704 0.5875406736111111 0.2791969212962963 0.6001192199074075 0.2800731527777778 0.5987882106481481 0.28630792824074075 0.5992241875 0.2912746597222222 0.5953946550925926 0.30169254861111106 0.5808080601851852 0.30997043750000003 0.5744255046296296 0.31347536111111113 0.5691014699074074 0.3135722453703704 0.5677159652777778 0.31707716898148147 0.5623919328703704 0.31717405092592593 0.5610064259259259 0.3206789745370371 0.5556823935185184 0.32077585879629633 0.554296886574074 0.3261301296296296 0.5449253310185186 0.3264207800925926 0.5407688148148149 0.3272970115740741 0.5394378055555555 0.3275876643518519 0.5352812893518518 0.3284638958333333 0.5339502800925926 0.3278783148148148 0.5311247731481481 0.3122871018518519 0.5188962847222223 0.3149157962962963 0.5149032592592593 0.3182269513888889 0.512350238425926 0.31920006481481483 0.509633724537037 0.32620991203703703 0.4989856574074074 0.32669433333333336 0.4920581273148148 0.3253294074074074 0.4891781226851852 0.31997086342592596 0.4874111365740741 0.3186059375 0.4845311296296297 0.3226921643518519 0.4708940625 0.32892693981481486 0.47133004166666664 0.32912070833333334 0.4685590300925926 0.3279495509259259 0.46290801388888886 0.322392962962963 0.45277349537037037 0.32015180555555556 0.45122449768518513 0.31878687962962965 0.44834449305555557 0.3165457222222222 0.4467954953703704 0.31303652546296296 0.4409809861111111 0.3107953680555556 0.43943198842592596 0.3094304421296296 0.4365519837962963 0.3043625486111111 0.43062847916666663 0.2972856087962963 0.4279819050925926 0.2971546597222222 0.4329090162037037 0.2954757824074074 0.4332011134259259 0.2932291689814815 0.42693882870370375 0.29140430324074074 0.4255455092592592 0.291888724537037 0.4186179814814815 0.2912062615740741 0.41717797916666666 0.27815113194444446 0.4134805138888889 0.2756193217592593 0.4160880347222222 0.2735730023148148 0.414552662037037 0.268994875 0.41562480787037037 0.26889054166666665 0.42068034953703703 0.26483410416666664 0.4196372685185185 0.26441674537037035 0.4166969537037037 0.2597417314814815 0.4191546064814815 0.25983861574074074 0.417769099537037 0.2567212291666667 0.4175511111111111 0.24377153240740743 0.43474522685185185 0.2435777662037037 0.4375162384259259 0.24552827083333334 0.4432217523148148 0.2407595787037037 0.4554188171296296 0.23856808564814816 0.4563595046296296 0.23861530787037036 0.4524843125 0.23715349768518518 0.4509898125 0.2351330763888889 0.4534839189814815 0.23169806944444443 0.45060833333333333 0.22731691435185186 0.457263375 0.22712314583333335 0.4600343842592593 0.22031134259259258 0.47904998379629626 0.22002068981481482 0.4832065 0.21914445833333332 0.48453750925925926 0.21885380787037037 0.4886940254629629 0.2179775763888889 0.4900250347222222 0.2176869236111111 0.49418155092592597 0.2168106921296296 0.4955125601851852 0.21535743287037037 0.5162951435185185 0.2165285902777778 0.5219461597222222 0.21662975 0.5316991967592593 0.21955764583333334 0.5458267407407408
3 0.11078247916666666 0.6454260300925926 0.11098052083333333 0.6537935625000001 0.11332283796296297 0.6650955949074074 0.11741761574074074 0.6737356134259259 0.12472666435185185 0.6812081134259259 0.12940274537037036 0.6815350972222222 0.13145013425925928 0.6858551064814814 0.13612621527777777 0.6861820902777778 0.13700244675925927 0.6848510810185184 0.14011983333333333 0.6850690694444445 0.1443072199074074 0.6811850393518518 0.14830084027777776 0.6800720208333333 0.16008365277777778 0.6683654305555555 0.16320103935185185 0.6685834189814814 0.16407727083333334 0.667252412037037 0.1656359652777778 0.6673614050925926 0.17079646527777778 0.6607608611111111 0.1741076226851852 0.6582078379629629 0.1767363148148148 0.6542148124999999 0.18004746990740741 0.6516617916666667 0.18267616203703702 0.6476687662037037 0.19310687499999998 0.6664977986111111 0.192036875 0.6705998171296296 0.1944760763888889 0.6805163449074074 0.19837281018518518 0.6807888333333333 0.19953969212962963 0.6753013078703703 0.20031903935185186 0.6753558032407407 0.20226954398148148 0.6810613194444444 0.2048982361111111 0.6770682939814814 0.2051888888888889 0.6729117754629629 0.2068444675925926 0.6716352662037037 0.2062588888888889 0.6688097569444444 0.20654953935185183 0.6646532407407407 0.20742577083333333 0.6633222314814815 0.20577019212962963 0.6645987430555556 0.20350581712962962 0.6683594143518519 0.2028802939814815 0.6648607546296297 0.20016716898148149 0.6650835625 0.1983348148148148 0.6663992777777777 0.19682852083333333 0.6618077083333334 0.1834739259259259 0.6487043032407407 0.1852079722222222 0.6450612476851851 0.18598731944444444 0.6451157430555555 0.18861601157407407 0.6411227199074074 0.1893953587962963 0.6411772152777778 0.19377651157407408 0.6345221736111112 0.19387339583333335 0.6331366689814815 0.2018563587962963 0.6197720879629629 0.20204585185185184 0.6058625347222223 0.19473680324074075 0.5983900324074075 0.18772268055555555 0.5978995578703704 0.19025021296296296 0.5841534953703703 0.1963881041666667 0.5859749791666666 0.19707056712962961 0.5874149837962963 0.20096730324074075 0.5876874699074074 0.20164976620370373 0.5891274722222223 0.2047671527777778 0.5893454606481482 0.20544961574074072 0.590785462962963 0.22493328935185186 0.5921478958333334 0.22990002314814817 0.5883183611111111 0.23087313657407407 0.5856018472222222 0.22794524305555555 0.5714743055555556 0.2231680023148148 0.5613942847222222 0.2223886550925926 0.561339787037037 0.21537025925925926 0.5497107708333333 0.21459091203703703 0.5496562731481481 0.20571889351851855 0.5309362361111111 0.20416019907407407 0.5308272407407407 0.2034777361111111 0.5293872384259259 0.2019190416666667 0.5292782430555556 0.2010428125 0.5306092523148148 0.19950469675925928 0.527717136574074 0.1977927175925926 0.5290891504629629 0.19553165972222222 0.5260470347222223 0.1936663912037037 0.5289000578703704 0.19266376388888887 0.5272387708333333 0.19383064583333331 0.5217512453703703 0.19032144907407408 0.5159367384259259 0.19155862037037039 0.5243769305555556 0.19091130092592593 0.529900787037037 0.18954006481481483 0.5287109675925926 0.1875855810185185 0.5227068287037037 0.18541374074074074 0.528521875 0.18128741435185186 0.5283327847222222 0.18361254166666666 0.5210367268518519 0.16772038657407407 0.5143563171296296 0.16684415740740743 0.5156873263888889 0.1629474212962963 0.5154148402777777 0.16207119212962962 0.5167458472222223 0.16051249768518516 0.5166368541666666 0.15963626620370372 0.517967861111111 0.15905496296296295 0.5262808958333334 0.15652946296296297 0.5271982291666667 0.14827681018518518 0.5268200462962963 0.14707410648148148 0.5296199537037037 0.1433711412037037 0.5265764560185185 0.14078205555555556 0.5322429884259259 0.13908687037037037 0.5318459930555556 0.13819297222222224 0.5379095185185185 0.13560388888888888 0.5435760509259259 0.13217390740740742 0.5411085532407407 0.1286689837962963 0.5464325879629629 0.12662586805555556 0.5532511203703704 0.1248734074074074 0.555913136574074 0.12292717824074073 0.5613461666666667 0.1252475509259259 0.566242175925926 0.12468391435185185 0.5698226921296295 0.12244275694444445 0.5682736944444444 0.1226584675925926 0.5719087060185185 0.12006938194444444 0.577575238425926 0.11972145601851852 0.5847907662037037 0.11670095138888889 0.5831872731481481 0.11241668055555555 0.5884568078703704 0.11047045138888889 0.5938898356481481 0.10959849537037038 0.6063593865740741 0.10872226388888889 0.6076903958333333 0.10794719212962962 0.6187744398148148 0.10862965509259259 0.6202144444444444 0.10814523611111111 0.6271419722222222 0.10941327777777778 0.6314074837962963 0.109122625 0.635564 0.10980508796296296 0.6370040023148148 0.10961132175925926 0.6397750138888889 0.11078247916666666 0.6454260300925926
3 0.011288240740740741 0.8138960486111111 0.01109447222222222 0.8166670601851851 0.012362516203703704 0.8209325717592593 0.012168747685185185 0.8237035810185185 0.012851210648148148 0.825143585648148 0.01265744212962963 0.8279145972222223 0.013925483796296297 0.8321801064814814 0.014317293981481481 0.8377766273148148 0.017729608796296297 0.8449766412037036 0.01928830324074074 0.8450856365740741 0.019970766203703704 0.8465256388888889 0.02152946064814815 0.8466346342592593 0.02221192361111111 0.8480746365740741 0.028252930555555555 0.851281625 0.02893539351851852 0.8527216296296296 0.03974936574074074 0.8548700949074074 0.04043182870370371 0.8563100995370371 0.043549217592592594 0.856528087962963 0.04647283564814814 0.8595170879629629 0.054169421296296295 0.8614475648148149 0.05485188425925926 0.8628875694444444 0.0564105787037037 0.8629965624999999 0.05855485185185185 0.8659310671296296 0.06235470138888889 0.8675890578703703 0.06674013194444445 0.8720725578703704 0.06985751851851851 0.8722905462962963 0.07053998148148148 0.8737305509259259 0.07365737037037037 0.8739485393518519 0.07433983333333333 0.8753885416666667 0.0774572199074074 0.8756065300925926 0.07813968287037037 0.8770465347222222 0.0850569212962963 0.8789225138888889 0.08573938425925925 0.8803625185185184 0.08729807870370371 0.8804715115740741 0.09012481250000001 0.8848460185185186 0.09246285416666666 0.8850095092592594 0.09314531712962963 0.886449511574074 0.09704205092592592 0.8867219976851851 0.09772451388888889 0.8881620023148149 0.10084190277777777 0.8883799907407407 0.10152436574074074 0.8898199930555556 0.10308306018518519 0.8899289884259259 0.11253638194444443 0.9003359907407408 0.1210123125 0.9023209675925926 0.12539774305555554 0.9068044675925926 0.1269564375 0.9069134606481482 0.12988005555555557 0.909902462962963 0.13221809722222222 0.9100659537037037 0.13290056018518517 0.9115059560185186 0.13894156712962963 0.9147129467592593 0.14625061574074075 0.9221854467592593 0.15024850925925926 0.9322109699074075 0.1532690138888889 0.933814462962963 0.15599886574074073 0.939574474537037 0.15570821296296294 0.9437309930555556 0.15639067592592593 0.9451709953703704 0.15658871990740741 0.953538525462963 0.15814741203703703 0.9536475208333334 0.158829875 0.9550875231481482 0.16350595833333334 0.9554145069444444 0.1643821875 0.9540834976851852 0.16672022916666668 0.9542469907407407 0.16925203703703703 0.9516394699074074 0.17081073148148146 0.9517484652777777 0.17334253935185184 0.9491409444444444 0.1765568125 0.9479734282407407 0.17830927314814815 0.9453114120370371 0.1841522384259259 0.9401508703703704 0.20177374074074075 0.9121451967592592 0.20761243055555556 0.8958461134259259 0.20799996527777778 0.8903040902777777 0.20663503935185185 0.8874240856481482 0.20779764814814816 0.8707980185185186 0.21042634027777776 0.8668049930555556 0.21315619212962963 0.8725650046296296 0.21412930787037038 0.8698484907407407 0.21461372685185187 0.8629209606481482 0.21548995833333334 0.8615899537037037 0.21626503009259257 0.8505059074074074 0.21714126157407407 0.849174900462963 0.21752879629629632 0.8436328773148148 0.21616387037037035 0.8407528726851852 0.21626075462962963 0.8393673657407407 0.21275155555555555 0.8335528564814815 0.21625647916666665 0.828228824074074 0.21557401620370373 0.8267888217592593 0.2162522037037037 0.8170902824074074 0.21488727777777777 0.8142102754629629 0.21254496296296296 0.8029082407407407 0.21283561574074075 0.798751724537037 0.21215315277777777 0.7973117222222222 0.21195510879629628 0.7889441921296296 0.20025635648148146 0.765849648148148 0.19869766203703704 0.7657406527777778 0.19655338888888887 0.762806150462963 0.19499469444444445 0.7626971550925925 0.18768564583333333 0.7552246550925926 0.1830095648148148 0.7548976712962963 0.18213333333333334 0.7562286805555556 0.17823659953703702 0.7559561944444445 0.17385544444444445 0.7626112361111111 0.16557755555555556 0.7689937916666666 0.1615839375 0.7701068101851852 0.15895524305555556 0.7740998356481482 0.15817589814814814 0.7740453379629629 0.15639193287037034 0.7848731967592593 0.15379474305555554 0.7807003796296296 0.1529789861111111 0.7816643425925925 0.15301539583333332 0.7806458842592592 0.15126293287037035 0.783307900462963 0.14717243055555557 0.7858064259259259 0.14956603703703703 0.7784554884259259 0.07789413888888888 0.7110695393518519 0.08955916898148147 0.6801412430555556 0.09189721064814815 0.6803047361111111 0.09335901851851852 0.681799236111111 0.09608887037037038 0.6875592476851852 0.10397922453703703 0.6867187129629629 0.10485545601851852 0.6853877060185185 0.10641414814814815 0.6854966990740741 0.1085584212962963 0.6884312013888889 0.11391269212962962 0.6790596458333333 0.11108595601851852 0.6746851412037037 0.09871328935185185 0.6724276782407408 0.09783705787037036 0.6737586875 0.0954990162037037 0.6735951967592593 0.09462278703703703 0.6749262037037037 0.09150539814814815 0.6747082152777778 0.09092153009259259 0.6763381226851851 0.08907047453703704 0.6759302291666667 0.08887670601851852 0.6787012407407408 0.08702565046296297 0.6782933449074073 0.06365037268518518 0.6900246782407408 0.06258122916666667 0.6963544074074074 0.06082940046296296 0.695025263888889 0.05975449305555555 0.691979900462963 0.05741645138888889 0.6918164097222222 0.05654022222222222 0.6931474189814815 0.054202180555555556 0.692983925925926 0.05332594907407407 0.6943149351851852 0.0485529837962963 0.6953734560185185 0.04660675462962963 0.7008064837962963 0.05138399537037037 0.7108865046296297 0.05596319212962963 0.7125989930555555 0.05664565509259259 0.7140389976851852 0.059666159722222216 0.7156424907407407 0.05831001157407407 0.7305564444444445 0.04753501851851852 0.7233706481481482 0.047592694444444444 0.7315055972222223 0.04681334722222222 0.731451099537037 0.04330414814814815 0.7256365925925926 0.043943356481481476 0.7209753819444444 0.04252480092592593 0.7255820949074073 0.039601182870370365 0.7225930949074074 0.04035169212962963 0.7185801157407407 0.037456909722222216 0.7196585902777778 0.03676002777777777 0.7161848518518519 0.035312636574074074 0.7167240879629629 0.033168363425925926 0.7137895856481481 0.028492282407407407 0.7134626018518518 0.023331780092592593 0.7200631458333333 0.022261782407407407 0.7241651666666667 0.01593439814814815 0.7362532361111112 0.014767513888888887 0.7417407615740741 0.013891284722222222 0.7430717685185185 0.013697516203703705 0.7458427800925925 0.012821284722222223 0.7471737893518517 0.012530634259259259 0.7513303055555556 0.01165440277777778 0.7526613148148149 0.009426069444444444 0.7845279444444444 0.010108532407407408 0.7859679467592593 0.009720997685185185 0.7915099699074074 0.010403460648148148 0.7929499722222223 0.009725273148148148 0.802648511574074 0.01040773611111111 0.8040885138888889 0.010020199074074074 0.8096305370370371 0.011288240740740741 0.8138960486111111
3 0.7452363842592592 0.35285950925925924 0.7460157314814815 0.35291400694444447 0.7492300046296297 0.35174649074074077 0.7501062337962963 0.3504154814814815 0.7637383935185185 0.33466137037037036 0.764614625 0.33333036111111114 0.7675339699074074 0.32518081944444444 0.7676308518518519 0.32379531481481477 0.7682121574074074 0.31548228009259255 0.7675296944444445 0.3140422777777778 0.7648967268518518 0.30689676157407403 0.7641173796296296 0.3068422638888889 0.7567114467592592 0.3007552685185185 0.7479448611111111 0.3029268101851852 0.7470686319444445 0.30425781944444447 0.7429781296296296 0.3067563425925926 0.7421018981481481 0.3080873518518519 0.7366507453703703 0.3188444143518519 0.7365538611111111 0.3202299189814815 0.7360737152777778 0.33829598842592595 0.7367561782407407 0.3397359930555556 0.7452363842592592 0.35285950925925924
3 0.7799109097222222 0.3385768240740741 0.7807871412037037 0.3372458148148148 0.7928648819444445 0.33252125231481483 0.7937411111111111 0.33119024305555556 0.7994871921296296 0.3274152060185185 0.8003634236111111 0.32608419907407404 0.8021158842592593 0.32342218287037033 0.8022127685185185 0.32203667592592594 0.8040621157407407 0.3179891527777778 0.8041589976851852 0.3166036481481481 0.8045465347222222 0.311061625 0.8038640717592592 0.30962162268518517 0.7978187893518518 0.2952760902777778 0.7970394421296296 0.2952215949074074 0.7792113472222222 0.2925826527777778 0.7749270763888889 0.2978521875 0.7748301921296297 0.2992376944444444 0.7715233125 0.31292925925925924 0.7714264282407407 0.31431476388888885 0.7712369351851852 0.32822431712962963 0.7719193981481481 0.32966431944444446 0.7745523657407408 0.33680983796296293 0.775331712962963 0.33686433564814816 0.7799109097222222 0.3385768240740741
3 0.7599641921296296 0.39983463194444446 0.7607435393518519 0.39988912962962964 0.7670751990740741 0.39893960185185184 0.7679514305555556 0.39760859259259257 0.7780786643518518 0.38717851620370375 0.7789548958333333 0.3858475069444445 0.7825567037037038 0.37913796759259255 0.782653587962963 0.37775246296296294 0.7824555439814815 0.36938493055555555 0.7817730810185185 0.36794492824074077 0.7786556944444444 0.3677269398148148 0.7705715717592592 0.3713384837962963 0.7696953425925926 0.3726694930555556 0.7588856435185185 0.3816595671296297 0.7581062962962962 0.38160506944444444 0.7525539837962962 0.3826090949074074 0.752457099537037 0.3839945995370371 0.752166449074074 0.3881511180555556 0.7528489120370371 0.38959112037037036 0.7599641921296296 0.39983463194444446
3 0.7318065439814815 0.38811969444444444 0.7279098101851852 0.3878472083333333 0.7270335787037037 0.3891782175925926 0.7254748842592592 0.3890692222222222 0.7227493078703704 0.3944477523148148 0.7234317708333333 0.3958877569444445 0.7263553912037037 0.39887675694444447 0.7279140856481482 0.39898575 0.7300583587962963 0.4019202546296296 0.7355137870370371 0.4023017337962963 0.7363900162037038 0.40097072685185187 0.7395074050925926 0.4011887152777778 0.7437916759259259 0.39591917824074074 0.7439854444444444 0.3931481666666667 0.7448616736111111 0.39181715972222225 0.7460285578703704 0.3863296342592593 0.7431049375000001 0.38334063425925924 0.7399875509259259 0.38312264351851855 0.7414788032407408 0.37672961574074076 0.738226537037037 0.36350757638888886 0.7385171898148148 0.35935106018518514 0.7393934212962963 0.3580200509259259 0.7409521157407407 0.35812904629629627 0.7436776921296295 0.35275051620370373 0.7423127662037038 0.3498705092592593 0.7415334189814815 0.3498160115740741 0.7387066828703703 0.3454415069444444 0.733348138888889 0.34367452083333333 0.7324719074074074 0.34500552777777777 0.730913212962963 0.34489653472222226 0.7283814050925926 0.34750405324074074 0.7251671342592593 0.34867156944444444 0.7241940185185185 0.3513880833333334 0.7183510532407408 0.356548625 0.717474824074074 0.3578796342592593 0.7171841712962963 0.362036150462963 0.7178666342592592 0.3634761550925926 0.7256601041666667 0.3640211273148148 0.7289712592592593 0.3614681041666667 0.7353029189814815 0.3605185763888889 0.7383319722222222 0.38439915509259265 0.7358001643518519 0.3870066759259259 0.7326827754629629 0.3867886851851852 0.7318065439814815 0.38811969444444444
3 0.4769287847222222 0.796334712962963 0.47770813194444445 0.7963892083333334 0.4845284861111111 0.7996506967592593 0.4854047175925926 0.7983196874999999 0.4913445648148148 0.791773638888889 0.49144144907407405 0.7903881342592592 0.4951401412037037 0.7822930902777778 0.495237025462963 0.7809075833333333 0.4954307939814815 0.7781365717592592 0.4947483310185185 0.7766965694444444 0.49435651851851853 0.7711000509259259 0.49367405555555555 0.7696600462962963 0.49162666666666666 0.7653400393518518 0.49084732175925927 0.7652855416666667 0.48870304861111113 0.7623510393518518 0.4879237013888889 0.7622965416666667 0.48256515740740746 0.7605295555555556 0.4801302314814815 0.7617515694444444 0.47925399999999996 0.7630825763888889 0.474775962962963 0.7711231249999999 0.4746790787037037 0.7725086296296296 0.47585023611111116 0.7781596481481481 0.47575335185185186 0.7795451527777778 0.4747845115740741 0.7934002083333334 0.4755638587962963 0.7934547060185184 0.4769287847222222 0.796334712962963
3 0.4634775694444444 0.7759021851851853 0.46435380092592593 0.7745711782407407 0.4670793773148148 0.7691926458333334 0.46785872453703703 0.7692471435185185 0.4725348055555556 0.7695741273148149 0.473411037037037 0.7682431180555556 0.4752603819444445 0.7641955972222222 0.4753572662037037 0.7628100902777777 0.4753529907407408 0.7516715486111111 0.4746705277777778 0.7502315462962963 0.4734024861111111 0.7459660347222221 0.47262313888888885 0.745911537037037 0.4682377106481482 0.7414280370370371 0.46745836342592595 0.7413735393518519 0.46434097453703704 0.7411555509259259 0.46015358796296296 0.7450395810185185 0.4592773587962963 0.7463705902777777 0.4574280115740741 0.7504181111111111 0.45733112731481484 0.7518036180555555 0.4551954050925926 0.771146199074074 0.4558778680555555 0.772586201388889 0.4571459097222222 0.776851712962963 0.45792525694444447 0.7769062106481482 0.4634775694444444 0.7759021851851853
3 0.4554019976851852 0.8017908148148147 0.4562782291666667 0.8004598055555555 0.45773576388888887 0.7908157638888889 0.4570533009259259 0.7893757615740741 0.4551954050925926 0.771146199074074 0.4545129421296296 0.7697061967592593 0.4498368611111111 0.769379212962963 0.4446763587962963 0.7759797569444444 0.44457947685185184 0.7773652638888889 0.4437075208333333 0.7898348148148148 0.4443899837962963 0.7912748171296295 0.44487867824074073 0.7954858310185186 0.4455611412037037 0.7969258333333333 0.4490703402777778 0.8027403425925926 0.44984968518518514 0.8027948402777777 0.4554019976851852 0.8017908148148147
3 0.46038155787037033 0.8313769074074074 0.461257787037037 0.830045900462963 0.46495647916666666 0.8219508541666666 0.4650533634259259 0.8205653495370371 0.46426974074074073 0.8093723101851852 0.46358727777777775 0.8079323078703703 0.4592018495370371 0.8034488055555555 0.4584225023148148 0.8033943101851853 0.4521877268518519 0.8029583310185185 0.4487796875 0.8068968587962964 0.4486828032407408 0.8082823657407407 0.4468334583333333 0.8123298865740741 0.446736574074074 0.8137153935185185 0.44742331018518516 0.8262939375 0.44810577314814815 0.8277339398148148 0.45093250925925926 0.8321084467592592 0.4517118564814815 0.8321629444444445 0.46038155787037033 0.8313769074074074
3 0.46573155092592594 0.8108668101851852 0.46651089814814817 0.8109213078703704 0.46806959259259256 0.811030300925926 0.4689458240740741 0.8096992939814815 0.47420320833333335 0.8017132430555556 0.4743000925925926 0.8003277361111111 0.4718608935185185 0.7904112083333333 0.4719577777777778 0.7890257037037037 0.47185661805555557 0.7792726666666666 0.4711741550925926 0.7778326643518518 0.46961546064814813 0.7777236689814815 0.4663043055555555 0.7802766921296296 0.46552495833333335 0.7802221944444445 0.46250445370370374 0.778618699074074 0.46162822453703706 0.7799497083333333 0.45812330092592596 0.7852737407407407 0.4588057638888889 0.7867137453703704 0.4592987337962963 0.8020633009259259 0.4600780810185185 0.8021177986111111 0.46573155092592594 0.8108668101851852
3 0.5320387222222223 0.7250052314814815 0.5328180694444444 0.7250597291666666 0.5360323425925926 0.7238922129629629 0.5361292268518518 0.7225067060185185 0.536516761574074 0.7169646851851852 0.5358342986111111 0.7155246805555555 0.534368212962963 0.7028916388888888 0.5335888680555555 0.7028371412037038 0.5296921319444444 0.7025646550925926 0.5253109768518518 0.7092196967592592 0.5252140949074074 0.7106052037037037 0.5246327893518519 0.718918236111111 0.5253152523148148 0.7203582407407407 0.5258039467592592 0.7245692546296296 0.5265832939814815 0.7246237523148148 0.5293131458333333 0.7303837638888888 0.5294100300925926 0.7289982569444445 0.5320387222222223 0.7250052314814815
3 0.5468377638888889 0.7037635949074074 0.5469346481481482 0.7023780902777779 0.5463490694444444 0.6995525810185185 0.5455697222222222 0.6994980833333334 0.5435223333333333 0.6951780740740742 0.542742986111111 0.6951235787037037 0.5381637893518518 0.6934110879629629 0.53475575 0.6973496157407408 0.5346588657407407 0.6987351226851851 0.5342713310185185 0.7042771458333333 0.5349537939814815 0.7057171481481481 0.5379785717592592 0.7184591851851851 0.5387579189814815 0.7185136828703704 0.5426546527777778 0.7187861689814815 0.5435308842592592 0.7174551597222222 0.5468377638888889 0.7037635949074074
3 0.9281179074074074 0.4366541319444444 0.9280210231481482 0.4380396388888889 0.9250047962962964 0.4475746851851852 0.924907912037037 0.4489601921296296 0.9245203750000001 0.45450221296296295 0.9252997222222222 0.4545567106481482 0.9259821851851852 0.45599671527777774 0.9267615324074073 0.4560512106481482 0.9347487685185185 0.4538251736111111 0.935625 0.4524941643518518 0.944972888888889 0.4420095879629629 0.9458491180555555 0.4406785810185185 0.949450925925926 0.43396904166666667 0.9495478101851852 0.4325835347222223 0.9506135347222222 0.41734297453703706 0.9499310717592593 0.4159029722222222 0.9495392615740741 0.4103064513888889 0.9488567986111112 0.40886644907407405 0.9443702083333334 0.394629912037037 0.9435908634259259 0.39457541435185184 0.9420321689814815 0.3944664189814815 0.9395972430555555 0.39568843287037037 0.9387210138888888 0.3970194421296296 0.9377478981481482 0.3997359560185185 0.9376510138888889 0.40112146064814813 0.9364884050925926 0.41774753009259263 0.9356121759259259 0.41907853703703707 0.9325959467592592 0.42861358564814817 0.9317197152777779 0.4299445925925926 0.9281179074074074 0.4366541319444444
3 0.5870346782407407 0.6105070879629629 0.5877171412037037 0.6119470902777778 0.5897645300925926 0.6162670995370371 0.590543875 0.6163215972222221 0.594735537037037 0.6235761087962963 0.5955148842592592 0.6236306064814814 0.599217851851852 0.6266741041666667 0.6000940810185185 0.6253430949074074 0.6032114699074074 0.6255610833333334 0.6040877013888889 0.6242300763888889 0.6122687060185186 0.619233025462963 0.6130480532407406 0.6192875231481482 0.6153860925925926 0.6194510138888889 0.6162623240740741 0.6181200069444445 0.6218103611111111 0.6059774398148149 0.6219072453703703 0.6045919328703704 0.6226823171296296 0.5935078888888888 0.6219998541666667 0.592067886574074 0.6202431180555555 0.5835913611111111 0.6195606550925925 0.5821513564814814 0.6136122569444444 0.5664203194444445 0.6128329097222222 0.5663658240740741 0.6100061736111111 0.5619913171296296 0.6092268263888889 0.5619368194444445 0.6022127037037037 0.5614463449074074 0.5973428541666667 0.5638903726851852 0.596466625 0.5652213819444444 0.5912092384259259 0.5732074305555556 0.5911123541666666 0.5745929375000001 0.5865374328703704 0.5840189907407407 0.5864405486111112 0.5854044953703704 0.5847892453703704 0.5978195486111111 0.5854717083333333 0.599259550925926 0.5870346782407407 0.6105070879629629
3 0.5271902476851852 0.7831419699074075 0.5272871319444444 0.7817564652777778 0.5273797407407407 0.7692324166666666 0.5266972777777778 0.7677924143518519 0.5216293865740741 0.761868912037037 0.5208500393518518 0.7618144143518519 0.5192913449074075 0.7617054189814815 0.5141308449074073 0.7683059652777778 0.5140339606481481 0.7696914699074073 0.510823962962963 0.7819975277777778 0.5115064259259259 0.7834375324074074 0.5157949722222223 0.7893065370370371 0.5165743194444444 0.7893610347222222 0.5244646712962963 0.7885205023148147 0.5253409027777778 0.7871894930555555 0.5271902476851852 0.7831419699074075
3 0.5117970787037037 0.7792810138888889 0.511893962962963 0.7778955092592592 0.5152008425925926 0.7642039444444444 0.5160770740740741 0.7628729375 0.5178295347222223 0.7602109189814814 0.5171470717592592 0.7587709166666667 0.5159759143518519 0.753119900462963 0.5151965671296297 0.7530654027777778 0.5112998333333333 0.7527929166666667 0.5060424490740741 0.7607789675925927 0.5059455648148149 0.7621644722222222 0.5039993333333334 0.7675975 0.5039024490740741 0.7689830069444444 0.5055623032407408 0.778845037037037 0.5062447662037037 0.7802850393518519 0.5083890393518519 0.7832195416666666 0.509168386574074 0.7832740393518519 0.5117970787037037 0.7792810138888889
3 0.5147249722222222 0.7934085578703703 0.5140425092592592 0.7919685555555556 0.5127744675925926 0.7877030439814815 0.5119951203703704 0.7876485462962962 0.5090715023148148 0.7846595462962962 0.5082921550925926 0.7846050486111111 0.5043954189814814 0.7843325624999999 0.5006967291666666 0.7924276064814815 0.5005998449074074 0.7938131134259259 0.5013834652777778 0.8050061527777778 0.5021628125 0.8050606504629629 0.5045008541666667 0.8052241412037037 0.5053770856481482 0.8038931319444445 0.5135580902777778 0.7988960833333333 0.513654974537037 0.7975105763888889 0.5147249722222222 0.7934085578703703
3 0.4968085439814815 0.8144322060185186 0.49768477546296297 0.8131011967592593 0.4993360787037037 0.8006861435185185 0.49865361574074074 0.7992461412037037 0.49845557175925925 0.7908786087962963 0.49777310879629627 0.7894386064814816 0.4955319513888889 0.7878896087962963 0.4930970277777778 0.7891116226851852 0.49300014351851856 0.7904971296296296 0.4878396412037037 0.7970976736111112 0.4877427569444444 0.7984831782407407 0.48667275925925924 0.8025851990740741 0.4873552222222222 0.8040252013888889 0.4891119583333334 0.8125017268518518 0.4898913055555556 0.812556224537037 0.4968085439814815 0.8144322060185186
3 0.48600312037037036 0.8345608217592593 0.4868793518518519 0.8332298148148148 0.4887286967592593 0.8291822916666667 0.48882558101851853 0.827796787037037 0.4885306550925926 0.8208147615740741 0.4878481921296296 0.8193747569444445 0.486580150462963 0.8151092476851851 0.48580080324074076 0.81505475 0.48355964583333333 0.8135057523148148 0.4783022615740741 0.8214918032407407 0.47820537731481483 0.8228773078703704 0.4777209560185185 0.8298048356481481 0.4784034189814815 0.831244837962963 0.4789889976851852 0.8340703472222223 0.47976834490740744 0.8341248449074073 0.4835681967592593 0.8357828356481481 0.48444442824074074 0.8344518287037036 0.48600312037037036 0.8345608217592593
3 0.4481370925925926 0.40169832407407413 0.4489164398148148 0.40175282175925925 0.4533987523148148 0.40485081712962967 0.454178099537037 0.4049053125 0.46362714814814815 0.40417377546296296 0.46450337731481484 0.4028427662037037 0.47813553703703704 0.38708865509259255 0.4782324212962963 0.38570314814814816 0.4796899560185185 0.3760591064814815 0.47900749305555557 0.37461910416666666 0.4749127152777778 0.36597908796296297 0.47413336805555556 0.36592459027777774 0.46409874305555554 0.36383062037037034 0.4566970833333333 0.3688821666666667 0.4559177361111111 0.36882766898148145 0.4431575347222222 0.3721122314814815 0.4422813032407408 0.37344323842592597 0.4386794953703704 0.3801527777777778 0.4393619583333333 0.3815927800925926 0.4412155787037037 0.38868380092592597 0.4418980416666667 0.3901238032407407 0.4481370925925926 0.40169832407407413
3 0.47451662962962965 0.349244025462963 0.47519909259259263 0.35068402777777774 0.48153502546296295 0.36087304166666667 0.48231437268518523 0.36092753935185184 0.48806472916666666 0.3682910462962963 0.4888440763888889 0.36834554398148145 0.4934232731481481 0.3700580324074074 0.4942995046296296 0.36872702314814815 0.5046162314814815 0.3443873912037037 0.5047131157407407 0.3430018865740741 0.5067562291666666 0.3361833518518519 0.5068531134259259 0.3347978472222222 0.5073375324074074 0.3278703194444445 0.5066550694444444 0.32643031712962967 0.5027583356481481 0.32615783101851853 0.5020758726851852 0.32471782638888885 0.4969110972222222 0.3201798287037037 0.4962286342592592 0.31873982638888887 0.49242450925925924 0.3059432916666667 0.49164516203703706 0.3058887962962963 0.4872597314814815 0.30140529398148147 0.48063742129629633 0.3065113402777778 0.4797611898148148 0.30784234722222226 0.47703561342592593 0.31322087962962963 0.4769387291666667 0.31460638425925924 0.4758730046296296 0.32984694675925924 0.4749967731481482 0.3311779537037037 0.47344235416666663 0.34220750231481484 0.4741248171296296 0.3436475046296297 0.47451662962962965 0.349244025462963
3 0.44509093981481485 0.33326357638888887 0.44577340277777777 0.3347035787037037 0.44791767592592596 0.33763808101851855 0.4486970208333333 0.3376925787037037 0.45103506250000003 0.33785607175925925 0.4519112939814815 0.3365250625 0.4567811435185185 0.3340810347222222 0.45765737500000003 0.33275002546296295 0.4597004884259259 0.3259314930555555 0.4605767175925926 0.3246004837962963 0.4647641041666667 0.3207164537037037 0.46486098842592594 0.3193309490740741 0.4652485254629629 0.31378892592592594 0.46456606250000004 0.3123489236111111 0.46388359953703706 0.3109089189814815 0.46310425231481483 0.3108544236111111 0.45647766666666667 0.30482192592592594 0.45569831944444444 0.3047674282407407 0.45151093287037036 0.30865145833333335 0.45082846990740744 0.3072114560185185 0.4479048495370371 0.30422245601851855 0.4422556527777778 0.3066119861111111 0.44137942361111115 0.30794299305555556 0.4341758078703704 0.3213620717592593 0.4340789236111111 0.3227475787037037 0.4335945046296296 0.32967510648148146 0.4342769675925926 0.3311151087962963 0.43573877546296297 0.3326096087962963 0.4365181226851852 0.3326641064814815 0.44509093981481485 0.33326357638888887
3 0.15377476157407408 0.22100225694444445 0.15465099305555555 0.2196712476851852 0.1567824398148148 0.18919012500000001 0.15609997685185187 0.18775012268518518 0.15220324305555555 0.1874776365740741 0.14967143287037035 0.1900851550925926 0.14957455092592595 0.19147066203703705 0.1477252037037037 0.19551818287037037 0.14762831944444443 0.19690368981481482 0.14607390046296295 0.2079332361111111 0.14675636342592593 0.20937324074074073 0.15007179398148146 0.21795875925925928 0.15085114120370371 0.21801325694444443 0.15377476157407408 0.22100225694444445
3 0.14501245138888888 0.23431234027777778 0.14588868287037038 0.23298133333333335 0.15046360648148147 0.2235552800925926 0.15056049074074074 0.22216977314814812 0.15094802546296296 0.21662775231481482 0.15026556249999998 0.21518774768518517 0.14548832175925927 0.20510772916666667 0.14470897453703704 0.20505323148148147 0.14246781944444445 0.2035042337962963 0.13818354861111112 0.20877377083333334 0.13808666435185185 0.21015927546296298 0.13497355092592592 0.22107982870370368 0.1356560138888889 0.22251983101851852 0.1362415925925926 0.22534534027777778 0.1370209398148148 0.22539983796296298 0.14150325462962965 0.2284978310185185 0.1421857175925926 0.22993783564814815 0.14501245138888888 0.23431234027777778
3 0.18682363425925924 0.2859658773148148 0.18614117129629631 0.284525875 0.18497001388888887 0.2788748587962963 0.18428755092592594 0.27743485416666663 0.182922625 0.27455484953703707 0.18214327777777778 0.27450035185185184 0.18058458333333333 0.2743913587962963 0.17795589120370373 0.2783843819444444 0.17785900694444445 0.2797698888888889 0.17747146990740742 0.28531191203703704 0.17815393287037035 0.2867519143518519 0.18020132175925926 0.2910719236111111 0.1809806689814815 0.2911264189814815 0.18487740277777776 0.2913989050925926 0.18575363425925925 0.29006789814814815 0.18682363425925924 0.2859658773148148
3 0.19705630324074072 0.2964273796296296 0.1979325324074074 0.2950963703703704 0.20221680324074073 0.2898268333333333 0.2023136875 0.2884413287037037 0.20328680324074075 0.2857248148148148 0.20260434027777777 0.2842848125 0.19987448842592592 0.27852480092592596 0.1990951412037037 0.27847030324074074 0.19675709953703702 0.2783068101851852 0.1918872523148148 0.28075083796296296 0.19101102083333335 0.28208184722222224 0.18925855787037038 0.28474386342592595 0.1891616736111111 0.2861293703703704 0.1889679074074074 0.28890038194444445 0.18965037037037039 0.2903403842592593 0.19393891435185184 0.29620938888888887 0.1947182615740741 0.2962638865740741 0.19705630324074072 0.2964273796296296
3 0.20621469675925927 0.29985235648148145 0.20631158101851851 0.29846685185185184 0.20728469675925926 0.29575033796296296 0.2073815810185185 0.2943648310185185 0.20387238194444443 0.28855032407407405 0.1979325324074074 0.2950963703703704 0.19783565046296298 0.296481875 0.19744811342592591 0.3020238981481481 0.1981305763888889 0.30346390046296295 0.1994955023148148 0.3063439074074074 0.20027484953703706 0.3063984050925926 0.20183354398148148 0.30650739814814815 0.20193042592592592 0.30512189351851854 0.20621469675925927 0.29985235648148145
3 0.12156081018518519 0.3008941828703704 0.12087834722222222 0.29945418055555556 0.12038965277777779 0.29524316666666667 0.11961030555555556 0.2951886689814815 0.1174660324074074 0.29225416435185186 0.1166866875 0.2921996689814815 0.10967256481481481 0.29170919212962965 0.10460894675925926 0.29692423148148145 0.1045120625 0.29830973842592595 0.10364010648148148 0.31077928935185184 0.10432256944444444 0.3122192916666667 0.10500503240740741 0.31365929398148146 0.10578437962962964 0.3137137916666667 0.11932392824074073 0.3104837268518519 0.1194208125 0.3090982222222222 0.12156081018518519 0.3008941828703704
3 0.08003173148148149 0.2228070439814815 0.08012861574074073 0.22142153935185185 0.07973680555555555 0.2158250185185185 0.07895745833333334 0.2157705208333333 0.07613072222222222 0.2113960162037037 0.075351375 0.21134151851851854 0.07077217824074074 0.2096290300925926 0.06580544444444444 0.2134585625 0.06570856018518519 0.21484406944444445 0.06532102314814815 0.22038609027777778 0.0660034861111111 0.2218260949074074 0.0745805787037037 0.2335641064814815 0.07545681018518519 0.2322330972222222 0.07711238657407407 0.23095658564814817 0.07720927083333333 0.2295710810185185 0.08003173148148149 0.2228070439814815
3 0.20714650231481482 0.44332239814814817 0.2080227337962963 0.4419913888888889 0.20977519675925926 0.4393293726851852 0.2098720810185185 0.4379438680555556 0.21055026851851852 0.4282453287037037 0.20986780555555556 0.42680532407407407 0.20869664814814815 0.42115430787037034 0.20791730092592592 0.4210998101851852 0.20109694675925927 0.41783832407407406 0.20031759953703704 0.41778382638888883 0.19330347685185187 0.41729335185185185 0.18979855324074074 0.42261738425925927 0.18970166898148147 0.4240028912037037 0.18931413425925925 0.4295449143518518 0.18999659722222223 0.43098491666666666 0.19613876157407406 0.4439449421296296 0.19691810879629632 0.4439994398148148 0.20471157870370368 0.44454441203703704 0.20558781018518518 0.44321340277777777 0.20714650231481482 0.44332239814814817
3 0.29732138425925925 0.8673121643518519 0.2974182685185185 0.8659266574074074 0.30024072916666666 0.8591626226851852 0.3003376134259259 0.8577771157407407 0.3011126851851852 0.8466930717592592 0.3004302222222222 0.8452530694444443 0.29545921296296296 0.8379440601851852 0.29467986574074073 0.8378895625 0.2892244375 0.8375080810185186 0.2813383587962963 0.8494871574074074 0.2812414745370371 0.850872662037037 0.2803695185185185 0.863342212962963 0.28105198148148147 0.8647822152777778 0.28319625462962966 0.8677167199074075 0.28397560185185183 0.8677712152777778 0.2947895740740741 0.8699196828703704 0.29566580555555555 0.8685886759259259 0.29732138425925925 0.8673121643518519
3 0.30756260185185186 0.90005075 0.3076594861111111 0.8986652430555556 0.3096057152777778 0.8932322152777777 0.30970259953703705 0.8918467106481481 0.3096983263888889 0.8807081666666667 0.30901586342592596 0.8792681643518518 0.30706535879629626 0.873562650462963 0.3062860115740741 0.8735081527777778 0.3041417384259259 0.8705736504629629 0.3033623912037037 0.8705191527777778 0.29946565740740744 0.8702466666666666 0.29586384953703704 0.8769562060185185 0.29576696527777774 0.8783417106481481 0.2952825439814815 0.8852692407407408 0.29596500694444444 0.8867092430555557 0.30181652314814816 0.9038257847222222 0.30259586805555555 0.9038802824074075 0.3041545625 0.9039892777777778 0.3050307939814815 0.9026582685185185 0.30756260185185186 0.90005075
3 0.2897259583333333 0.8751347222222222 0.2890434953703704 0.8736947199074074 0.2863136435185185 0.8679347083333333 0.2855342962962963 0.8678802106481482 0.2803695185185185 0.863342212962963 0.27520901851851853 0.8699427569444445 0.2751121342592593 0.871328263888889 0.27491836574074074 0.874099275462963 0.27560082870370367 0.8755392777777778 0.27979249074074075 0.8827937893518518 0.2805718379629629 0.8828482870370371 0.2891446527777778 0.8834477569444444 0.28924153703703703 0.8820622499999999 0.2897259583333333 0.8751347222222222
1 0.5511589212962963 0.43925402546296294 0.5868390462962962 0.43075000694444443 0.5872765902777778 0.40321345138888887 0.5209403472222223 0.4133329421296296 0.5248588796296296 0.3942542546296296 0.531007599537037 0.37352155324074077 0.5372945185185185 0.3575322685185185 0.554651724537037 0.30082713657407406 0.526472136574074 0.28270617592592595 0.5002494675925926 0.3631562800925926 0.4868006782407407 0.3998074189814815 0.47915738194444446 0.4351937824074074 0.447375849537037 0.5503406412037036 0.47643964814814815 0.5625366273148148 0.5081369768518519 0.45643370370370373 0.5136682037037037 0.4512513634259259 0.5511589212962963 0.43925402546296294
1 0.3633246597222222 0.9033930995370371 0.3526857939814815 0.9513789722222222 0.38097608796296295 0.9533572222222223 0.39621309953703704 0.9056928842592592 0.4281302708333334 0.7886063171296297 0.40305125694444444 0.7776635717592593 0.4025158287037037 0.7786007268518519 0.39014430555555557 0.8300853703703703 0.38340573379629633 0.8368540208333334 0.38515234953703703 0.7681975046296295 0.3740675300925926 0.7710423078703704 0.3712899513888889 0.818603298611111 0.3654408634259259 0.8585704212962963 0.3619858078703704 0.892300462962963 0.3633246597222222 0.9033930995370371
1 0.5882348634259259 0.006480541666666667 0.5749758495370371 0.004578784722222222 0.5662220949074074 0.11632369212962963 0.5604462384259259 0.14404387037037036 0.5614427222222222 0.17683214120370372 0.5353658078703704 0.25631784027777776 0.5358426759259259 0.25509813425925926 0.5637497083333334 0.27375694907407405 0.5976343379629631 0.18117286805555555 0.6038058541666667 0.16907390046296294 0.6474300393518518 0.045844567129629636 0.6242458194444445 0.022364564814814816 0.5868309050925926 0.10495582175925927 0.5887521944444445 0.009162050925925926 0.5882348634259259 0.006480541666666667
0 0.4608636759259259 0.4884919560185185 0.4575137662037037 0.49159918055555557 0.4502374861111111 0.4679785185185185 0.437997037037037 0.4548705138888889 0.4238803148148148 0.45179495601851855 0.4026353472222222 0.4554608009259259 0.3554942638888889 0.4766685115740741 0.33694666203703705 0.4775991851851852 0.3366595740740741 0.5164237337962964 0.3922895532407407 0.4802160833333333 0.41903881944444443 0.47735282175925925 0.43517130092592593 0.47848091435185186 0.44349606712962963 0.4927073865740741 0.44426886111111114 0.5264546111111111 0.44627293749999997 0.544833625 0.43487168055555553 0.6115619699074074 0.44425461805555555 0.6162557037037037 0.4620148958333334 0.6198645 0.4829291712962963 0.5414100717592593 0.5072932314814815 0.4662598935185185 0.5074271597222222 0.4598647685185185 0.5102395046296296 0.45212543055555554 0.4795761203703704 0.4348053796296296 0.4608636759259259 0.4884919560185185