2 1 0.25109955324074074 0.8958845092592592 0.24388442129629628 0.5703816064814815 0.24093771064814817 0.2569200856481481 0.20846290972222223 0.25331172453703704 0.20957620601851853 0.03129096527777778 0.1867122175925926 0.027697578703703703 0.23684561574074076 0.31685253935185187 0.27469978472222223 0.42338332175925925 0.28291151851851853 1 0.2953337337962963 1 0.25109955324074074
2 0.5455389652777778 0.09064261574074074 0.6004141342592592 0.17842199768518519 0.6158121967592592 0.24052800694444446 0.639408988425926 0.24057291435185185 0.6240342476851851 0.16495783796296296 0.5704545046296295 0.08611280787037037 0.5455389652777778 0.09064261574074074
3 1 0.4574310833333333 0.984150363425926 0.45112097916666666 0.9800065231481482 0.4506854444444444 0.9787069050925926 0.4497632962962963 0.9745630648148148 0.4493277592592592 0.9732634467592592 0.4484056111111111 0.9691196064814815 0.4479700763888889 0.9678199884259259 0.44704792824074074 0.9622948657407407 0.446467212962963 0.9609952476851852 0.4455450648148148 0.9568514074074074 0.4451095300925926 0.9555517893518519 0.44418738194444446 0.9514079490740741 0.4437518449074074 0.9501083310185185 0.44282969675925926 0.9459644907407407 0.4423941620370371 0.9446648726851853 0.4414720138888889 0.9391397499999999 0.44089129861111115 0.9378401342592592 0.439969150462963 0.9336962916666667 0.43953361574074074 0.9323966736111111 0.43861146759259256 0.9282528333333333 0.4381759328703704 0.9269532152777777 0.43725378240740737 0.9034714490740741 0.43478575 0.9020085046296296 0.4354175416666667 0.8964833842592592 0.4348368287037037 0.8950204398148147 0.4354686203703704 0.8881140393518518 0.43474272685185184 0.8824255902777778 0.4357159537037037 0.8769004699074074 0.4351352407407407 0.8754375254629629 0.43576703240740744 0.8629243402777779 0.43523739814814816 0.8543916689814814 0.43669723842592595 0.8516291087962963 0.43640687962962965 0.8501661643518519 0.43703867129629625 0.8389525949074075 0.43743118518518515 0.824568150462963 0.4414181921296296 0.8203426481481481 0.44175962731481483 0.795880925925926 0.44861523842592593 0.7916554212962963 0.4489566712962963 0.7887295347222222 0.45022025694444445 0.783041087962963 0.45119348379629626 0.7684933171296295 0.4567344305555555 0.767112037037037 0.4565892523148148 0.7436232824074074 0.46747489120370367 0.7389078009259259 0.47247814814814815 0.7314297592592593 0.47719104629629633 0.7267959398148148 0.4814173333333333 0.7266326157407407 0.48297127314814814 0.7236250648148148 0.48501182870370374 0.7234617407407408 0.4865657685185185 0.7219987962962963 0.4871975601851852 0.7216721458333333 0.4903054398148148 0.7202092013888889 0.49093723379629634 0.719964212962963 0.4932681435185185 0.7185012708333333 0.49389993518518516 0.7182562824074075 0.4962308449074074 0.716793337962963 0.49686263657407403 0.7165483495370369 0.4991935486111111 0.7150854050925927 0.49982534027777775 0.7148404166666666 0.50215625 0.7133774745370371 0.5027880416666667 0.7119075416666667 0.5167735069444445 0.7144251157407407 0.519394775462963 0.7135847592592592 0.5207466296296297 0.7156430694444444 0.5210938935185185 0.7168610254629629 0.5227930115740741 0.7152619768518519 0.5247197546296296 0.7207598773148148 0.5255594583333333 0.7169391921296296 0.5286928773148148 0.7202936273148148 0.536639125 0.723433787037037 0.5399804583333333 0.7219708425925927 0.54061225 0.7218075185185185 0.5421661898148148 0.7266793356481481 0.5489626643518518 0.7292785717592593 0.5508069629629629 0.7328507731481482 0.5566812893518519 0.7445473310185186 0.5649806273148148 0.7473098912037037 0.5652709837962964 0.7539713055555555 0.568327787037037 0.7638852569444444 0.567013125 0.7673427939814815 0.5701820740740741 0.8280564930555556 0.607536587962963 0.8274031898148148 0.613752349537037 0.8286211458333334 0.6154514675925926 0.8313837060185185 0.6157418263888889 0.8434069166666667 0.6209332824074074 0.8516945972222223 0.6218043518518519 0.8531575416666667 0.6211725601851852 0.8573013819444445 0.6216080972222222 0.8577096967592593 0.6177232453703704 0.8830627222222222 0.6156746342592593 0.8843623379629629 0.6165967847222222 0.884117349537037 0.6189276944444444 0.8854169675925926 0.6198498425925926 0.8863082708333333 0.6246568425925927 0.8889075069444444 0.6265011412037036 0.8912617523148149 0.630676349537037 0.9202686412037038 0.6337250949074075 0.9259570879629629 0.6327518680555556 0.9384702754629629 0.6332815046296296 0.9526913935185185 0.6308484375 0.9554539537037037 0.6311387939814814 0.9597611203703704 0.6300203888888889 0.9625236828703704 0.6303107453703704 0.9710563541666667 0.6288509050925926 0.9855224606481481 0.6240869282407407 0.985685787037037 0.622532988425926 0.9871487291666667 0.6219011944444445 1 0.49962952546296296 1 0.4574310833333333
3 0.8971392824074074 0.7342015902777779 0.8986022268518519 0.7335697986111112 0.8930024305555555 0.7204123819444445 0.8958466527777779 0.7199257685185185 0.8959283171296297 0.7191487986111111 0.9018617523148149 0.715844662037037 0.9032430324074073 0.7159898402777778 0.9104760856481482 0.713607849537037 0.9091764675925925 0.7126857013888889 0.9095031203703704 0.7095778217592593 0.9152732291666666 0.7078276250000001 0.9154365555555556 0.7062736828703704 0.9030866944444443 0.7041901064814815 0.9033316828703704 0.7018591967592592 0.9007324490740741 0.7000149004629629 0.9063392337962962 0.6998186435185185 0.9064208958333333 0.699041673611111 0.8993511689814815 0.6998697222222222 0.8986231898148148 0.6935087800925926 0.8945610115740741 0.692296275462963 0.8879812615740741 0.6884625023148148 0.8855453518518518 0.685064263888889 0.8816465 0.6822978194444445 0.8792922523148149 0.678122611111111 0.8766930185185186 0.6762783124999999 0.8755567268518518 0.6738022245370371 0.8729574907407408 0.671957925925926 0.8680856736111111 0.6651614513888888 0.8550894976851852 0.6559399652777778 0.8682764027777778 0.6500595949074074 0.8891385185185186 0.650877574074074 0.8904381365740741 0.6517997222222222 0.8901931481481482 0.6541306342592592 0.8914111018518518 0.6558297523148148 0.8992904699074075 0.6605856736111112 0.90067175 0.6607308518518518 0.9187847337962963 0.6744179050925927 0.9241465300925925 0.6765525578703704 0.9280453819444445 0.6793190046296296 0.9334888402777778 0.6806766875 0.9428311527777778 0.6848008171296297 0.9676941990740742 0.6874140300925925 0.9691571435185184 0.686782238425926 0.9746822638888889 0.6873629513888888 0.9789894305555555 0.6862445462962964 0.9822559467592592 0.6551657361111111 0.9797383726851853 0.6525444699074073 0.9788470694444444 0.6477374699074074 0.9775474537037037 0.6468153217592593 0.9777107777777778 0.6452613796296297 0.976411162037037 0.6443392314814815 0.9753565324074074 0.6410861736111111 0.9649595925925927 0.6337089837962963 0.96081575 0.6332734490740741 0.9593528078703704 0.6339052407407407 0.9552089652777779 0.6334697037037037 0.9537460231481482 0.6341014953703704 0.9496021805555556 0.6336659606481482 0.948139238425926 0.6342977523148149 0.9439953958333334 0.6338622175925926 0.9425324537037036 0.6344940092592593 0.9383886134259258 0.634058474537037 0.9369256689814814 0.6346902662037037 0.9327818287037037 0.6342547314814815 0.9313188842592593 0.6348865231481482 0.9271750439814815 0.634450988425926 0.925712099537037 0.6350827800925926 0.9215682592592592 0.6346472430555556 0.9201053148148148 0.6352790347222222 0.915961474537037 0.6348435 0.9144985300925925 0.6354752916666667 0.9103546898148148 0.6350397569444445 0.9088917476851852 0.6356715486111112 0.9047479050925925 0.635236013888889 0.903284962962963 0.6358678055555556 0.8949156157407407 0.6357737060185186 0.8919080671296297 0.6378142592592592 0.8916630787037036 0.6401451689814814 0.890200136574074 0.6407769606481482 0.889669326388889 0.6458272685185186 0.8847192013888888 0.6430976203703703 0.8537082175925925 0.6557947870370371 0.8377044907407408 0.6486138541666667 0.8294168101851852 0.6477427824074075 0.8205574861111111 0.6523105046296296 0.8084526134259259 0.6478960185185185 0.8086159398148148 0.646342076388889 0.8131680949074074 0.642892761574074 0.8136580717592593 0.6382309398148147 0.8057787037037037 0.6334750185185185 0.8002535833333333 0.6328943055555556 0.7959464166666668 0.6340127106481481 0.7847328472222223 0.6344052222222223 0.7818886226851852 0.6348918356481482 0.7788810740740741 0.6369323912037037 0.7738018703703703 0.646872587962963 0.7775744675925926 0.6493639143518519 0.7820504097222222 0.6510687939814815 0.7785474351851852 0.6533939444444444 0.7720754027777778 0.6507498217592592 0.7651695324074075 0.6662587546296296 0.7567666111111111 0.6613168796296297 0.7577465648148148 0.651993236111111 0.7592095092592592 0.6513614444444444 0.7600261365740741 0.6435917430555556 0.7587265208333334 0.6426695949074074 0.7584068564814814 0.6324238032407408 0.7558892847222223 0.6298025347222223 0.7561342731481482 0.627471625 0.7548346550925926 0.6265494768518519 0.7550796435185185 0.6242185648148149 0.753780025462963 0.6232964166666667 0.7529703865740741 0.6177124467592593 0.7429817592592592 0.6064504074074074 0.7346940763888888 0.6055793356481481 0.7274610231481482 0.6079613240740741 0.7273793611111111 0.6087382939814815 0.7229905300925926 0.6106336712962963 0.7152675000000001 0.6176774814814815 0.712341613425926 0.6189410648148148 0.7106336828703703 0.6219037662037037 0.7076261319444443 0.6239443194444445 0.7074628078703704 0.625498261574074 0.7044552569444446 0.6275388148148148 0.7042919328703704 0.6290927546296297 0.7012843819444444 0.6311333101851851 0.7011210578703704 0.63268725 0.6981135069444444 0.6347278032407407 0.6977051921296296 0.6386126550925927 0.6962422500000001 0.6392444467592592 0.6958339351851852 0.6431292986111111 0.6971335532407408 0.6440514467592593 0.6954256203703705 0.6470141481481482 0.6946089930555556 0.6547838518518518 0.6959086111111111 0.655706 0.6944456666666666 0.6563377916666667 0.6937923634259259 0.6625535532407407 0.6950919814814815 0.6634757013888889 0.6959832847222223 0.6682827013888889 0.6985825208333333 0.670127 0.7033726759259259 0.6777004444444444 0.7201043773148148 0.6912423171296297 0.725547837962963 0.6926000023148148 0.7312362847222222 0.6916267754629629 0.7385510000000001 0.6884678148148148 0.7445643518518518 0.6877251273148148 0.7486252199074074 0.6914414444444444 0.753084261574074 0.693399388888889 0.7513577939814815 0.6972766203703704 0.7567469560185186 0.6988740833333333 0.760807824074074 0.7025904027777777 0.7496313263888889 0.7011538541666666 0.7461783912037037 0.7089083217592593 0.7618554652777777 0.7191971342592592 0.7659176435185185 0.720409638888889 0.7685168796296297 0.7222539375000001 0.7738786736111111 0.7243885902777778 0.7780225162037037 0.7248241273148148 0.7793221342592593 0.725746275462963 0.7875281527777778 0.7273943148148149 0.7919986458333333 0.7247219699074073 0.7923252962962963 0.7216140902777778 0.7910256805555556 0.7206919398148147 0.7915156574074074 0.7160301203703704 0.8236117569444444 0.7162613425925926 0.8226318032407407 0.7255849837962963 0.8239314212962964 0.7265071342592593 0.8236864328703704 0.7288380439814814 0.8275036226851852 0.7323814606481482 0.8371725856481481 0.7333977083333333 0.8408264490740741 0.7384950648148149 0.8600827129629629 0.7413045347222222 0.8615456550925926 0.7406727430555555 0.8712962800925926 0.7409120208333333 0.8829181643518518 0.7366346574074074 0.8856807245370371 0.7369250138888889 0.8871436689814814 0.7362932222222222 0.8899062291666666 0.7365835787037037 0.8913691736111111 0.735951787037037 0.8969759560185184 0.7357555300925925 0.8971392824074074 0.7342015902777779
3 0.6956915740740741 0.6046222199074074 0.6973995069444444 0.6016595185185186 0.7179623749999999 0.592037462962963 0.7184523518518519 0.5873756412037037 0.7120359282407407 0.5819879282407407 0.7121175902777778 0.5812109583333334 0.7068374560185186 0.5782993333333333 0.7054561759259259 0.5781541550925926 0.7015573240740741 0.5753877083333333 0.7001760439814815 0.5752425300925926 0.6872615300925925 0.5652440740740741 0.6831993518518518 0.5640315694444444 0.6806001180555555 0.5621872708333333 0.6752383217592592 0.5600526180555556 0.6713394699074073 0.5572861712962963 0.6619971574074074 0.5531620416666667 0.6465650717592593 0.5405423171296296 0.6700538287037037 0.5296566782407408 0.6714351087962962 0.5298018564814815 0.6819137106481482 0.536402074074074 0.6915010115740741 0.5381952939814815 0.7020612777777778 0.5440185439814814 0.7158740810185186 0.5454703263888889 0.7159557453703704 0.5446933564814815 0.7032862199074074 0.5323639884259259 0.6950802013888889 0.5307159490740742 0.6897184050925925 0.5285812939814815 0.6786681620370371 0.5274198680555555 0.6729797152777778 0.5283930949074074 0.6703804791666668 0.5265487962962963 0.6676179189814815 0.5262584398148148 0.6676995810185185 0.5254814699074074 0.6620940277777778 0.5233211967592593 0.6455223657407407 0.514509462962963 0.6509678796296297 0.5119395972222223 0.6661619629629629 0.5135365601851851 0.6674615810185186 0.5144587083333333 0.6757492638888889 0.5153297777777778 0.6810293958333333 0.5182414027777779 0.6934609212962962 0.5195480092592593 0.694760537037037 0.5204701574074074 0.7044294999999999 0.5214864074074074 0.7072737245370371 0.5209997939814814 0.7087366666666667 0.520368 0.7102882615740741 0.5056055671296297 0.7077706898148148 0.5029842986111112 0.7067160601851852 0.4997312407407407 0.7013542638888889 0.4975965856481481 0.6987550300925925 0.49575228935185184 0.6963191203703704 0.4923540509259259 0.6924202685185186 0.4895876041666667 0.6896577060185185 0.4892972476851852 0.6829962939814814 0.4862404444444444 0.6802337337962963 0.48595008796296296 0.6762532175925926 0.48396061342592595 0.6734906574074074 0.48367025462962965 0.6574052685185185 0.47726629398148146 0.6532614282407407 0.47683075694444443 0.6519618101851852 0.4759086087962963 0.64919925 0.4756182523148148 0.6438374537037037 0.4734835972222222 0.6245811898148148 0.4706741296296296 0.6232815717592592 0.46975198148148145 0.6108500486111111 0.468445375 0.6093871064814814 0.46907716666666666 0.6024807037037037 0.46835127546296296 0.6010177592592593 0.4689830671296296 0.5968739189814815 0.4685475324074074 0.5954109768518518 0.46917932407407403 0.5898858541666667 0.46859861111111106 0.5756647361111111 0.47103167592592593 0.5754197476851852 0.473362587962963 0.5739568032407407 0.4739943796296296 0.5737118148148148 0.47632528935185187 0.5749297708333333 0.4780244097222222 0.5731141851851852 0.47788775925925925 0.5680910555555555 0.5032288912037037 0.5653284930555555 0.5029385347222223 0.5600483611111111 0.5000269097222222 0.5602116851851852 0.4984729699074074 0.5565578217592593 0.4933756134259259 0.5525773055555555 0.49138613657407404 0.5455892407407407 0.4914372152777778 0.5455075787037037 0.49221418518518517 0.5396558055555555 0.49474135416666665 0.5394924791666666 0.4962952939814815 0.5349403240740741 0.4997446087962963 0.5304558564814814 0.5291242986111111 0.5317554722222222 0.530046449074074 0.5319221365740741 0.5332061782407407 0.5366272916666667 0.5368429236111111 0.5333884166666667 0.5372880578703704 0.5393081898148148 0.53791025 0.5417440995370371 0.5413084884259259 0.5416624351851852 0.5420854583333333 0.5348546967592592 0.5413699375 0.5465849421296296 0.5740249699074075 0.5520486967592593 0.5752222569444444 0.5480512199074075 0.5781068472222222 0.5512060787037038 0.579115636574074 0.5559442523148148 0.5789364398148148 0.5539913333333333 0.584230050925926 0.5495175023148148 0.5821887268518519 0.5510654467592593 0.585493636574074 0.5495208402777778 0.5869023981481482 0.555692275462963 0.5946210208333333 0.5565019166666667 0.6002049930555556 0.5608907453703703 0.5983096157407408 0.5663342037037037 0.5996673009259259 0.5749485393518519 0.5974304907407407 0.5774661111111111 0.6000517569444445 0.5715326759259259 0.6033558958333333 0.5714510115740741 0.6041328657407407 0.5740502476851852 0.605977162037037 0.5849371643518518 0.6086925300925926 0.5954974305555555 0.6145157800925927 0.6010225532407408 0.6150964930555555 0.6023221712962963 0.6160186412037036 0.6106098518518519 0.6168897129629629 0.6119094699074075 0.6178118611111111 0.6160533125000001 0.6182473958333333 0.6213334444444444 0.6211590208333333 0.6282398472222221 0.6218849120370371 0.6295394629629629 0.6228070601851853 0.6460331666666667 0.6253261712962962 0.6474961087962963 0.6246943796296297 0.6502586712962963 0.624984738425926 0.6517216134259259 0.6243529444444443 0.6573283981481481 0.6241566898148149 0.6691952708333333 0.6175484143518518 0.6692769328703704 0.6167714444444444 0.6823617592592592 0.611862287037037 0.6869955787037036 0.6076360023148148 0.6956915740740741 0.6046222199074074
3 0.6892637685185186 0.931522375 0.6879641527777778 0.9306002268518518 0.6814660648148149 0.9259894837962963 0.6800847847222222 0.9258443055555555 0.6676532592592592 0.924537699074074 0.6661903171296296 0.9251694907407407 0.6613931736111112 0.9309497175925926 0.6613115092592593 0.9317266875 0.6608215324074074 0.9363885092592592 0.661876162037037 0.9396415694444444 0.6631757800925926 0.9405637175925926 0.6670746319444445 0.9433301643518519 0.6684559120370371 0.9434753425925926 0.6793428287037038 0.9461907106481482 0.6808057731481482 0.9455589189814815 0.6866575462962963 0.9430317500000001 0.6867392083333334 0.9422547800925926 0.6892637685185186 0.931522375
3 0.664890699074074 0.9242473425925927 0.6635910810185186 0.9233251944444445 0.6628631041666666 0.9169642546296296 0.6615634861111112 0.9160421041666666 0.6552287245370371 0.9098774212962963 0.6538474444444444 0.9097322430555556 0.6371904166666666 0.9087670717592593 0.6357274722222223 0.9093988634259259 0.6326382615740741 0.9122163888888889 0.6325565972222222 0.9129933587962964 0.6322299467592593 0.916101238425926 0.6354754953703704 0.9250834467592592 0.6367751134259259 0.9260055949074074 0.6432732013888889 0.930616337962963 0.6446544814814815 0.9307615162037037 0.6543234444444445 0.9317777662037037 0.6557863888888888 0.9311459745370371 0.6615564976851852 0.9293957777777778 0.6616381620370371 0.9286188078703703 0.664890699074074 0.9242473425925927
3 0.6348361689814815 0.9045918634259259 0.6335365532407408 0.9036697152777777 0.6311823055555555 0.8994945069444445 0.6298826875000001 0.8985723587962964 0.620458712962963 0.895225199074074 0.6190774328703703 0.8950800208333334 0.6066459097222222 0.8937734143518519 0.6051829675925925 0.8944052060185186 0.5993311944444444 0.896932375 0.5992495300925925 0.8977093449074074 0.5973782731481481 0.902225986111111 0.598024587962963 0.9093638981481482 0.5994058680555555 0.9095090763888889 0.6115107407407407 0.9139235625 0.6128920208333334 0.9140687407407407 0.6281677685185185 0.9148887337962963 0.6296307106481481 0.9142569421296296 0.6341828657407407 0.9108076249999999 0.6342645300925925 0.9100306550925926 0.6348361689814815 0.9045918634259259
3 0.6307670023148149 0.9167330300925925 0.6294673865740741 0.9158108819444444 0.626786488425926 0.9147435555555555 0.6254052083333334 0.9145983773148147 0.6073668981481481 0.9134880277777777 0.6060672824074074 0.9125658796296295 0.5994058680555555 0.9095090763888889 0.5979429236111111 0.9101408680555556 0.5950987013888889 0.9106274814814815 0.5950170370370371 0.9114044513888889 0.5946903865740741 0.9145123333333333 0.5967996435185186 0.9210184513888889 0.598099261574074 0.9219405995370371 0.6072782476851851 0.9276186712962963 0.6086595277777778 0.927763849537037 0.6169472106481481 0.9286349189814814 0.6184101550925926 0.9280031273148148 0.6327945972222222 0.9240161203703704 0.6328762615740741 0.923239150462963 0.6307670023148149 0.9167330300925925
3 0.6064218865740741 0.8560433078703703 0.6051222685185186 0.8551211597222222 0.5999237986111111 0.8514325648148149 0.5985425185185185 0.8512873865740741 0.5902548356481482 0.8504163171296296 0.5887918912037037 0.8510481087962963 0.5857843425925926 0.8530886620370371 0.5857026805555555 0.8538656319444444 0.5852127013888889 0.8585274537037038 0.5915474652777778 0.8646921365740741 0.5929287453703703 0.8648373148148147 0.5969909236111112 0.8660498217592593 0.5984538657407407 0.8654180300925925 0.6028426967592593 0.8635226550925926 0.6029243587962964 0.8627456828703705 0.6075581782407407 0.8585193981481481 0.6062585601851852 0.85759725 0.6064218865740741 0.8560433078703703
3 0.5895268587962963 0.8440553773148147 0.5882272407407407 0.8431332268518519 0.5870909490740741 0.8406571388888889 0.5857096689814815 0.840511960648148 0.5805111967592592 0.8368233657407408 0.5791299166666667 0.8366781875 0.5708422337962963 0.8358071157407407 0.5693792916666667 0.8364389074074075 0.565636775462963 0.8454721944444444 0.5667730671296296 0.8479482824074074 0.5680726851851852 0.8488704328703703 0.5733528194444445 0.8517820555555556 0.574734099537037 0.8519272337962962 0.5844030625 0.8529434837962963 0.5858660046296296 0.8523116921296295 0.5890368796296296 0.8487171967592593 0.5891185439814814 0.8479402268518519 0.5895268587962963 0.8440553773148147
3 0.5657184398148148 0.844695224537037 0.5658001018518518 0.8439182546296295 0.5664534050925926 0.8377024907407408 0.565153787037037 0.8367803425925926 0.5601186435185185 0.8315378078703703 0.558737363425926 0.8313926296296296 0.5520759490740741 0.8283358263888888 0.5506946689814814 0.8281906481481482 0.5424069861111112 0.8273195787037038 0.5409440439814814 0.8279513703703704 0.5367185393518519 0.8282928055555556 0.5352555949074074 0.8289245972222221 0.5337109884259259 0.8303333587962962 0.5336293263888889 0.8311103287037037 0.5314314166666667 0.8387348518518519 0.5365482245370371 0.8432004166666667 0.5379295046296296 0.8433455949074073 0.5432096388888888 0.8462572199074074 0.5445909189814815 0.8464023981481481 0.5570224421296296 0.8477090046296296 0.5584853865740741 0.847077212962963 0.5627108888888889 0.8467357777777778 0.5641738333333334 0.8461039861111112 0.5657184398148148 0.844695224537037
3 0.5463198148148148 0.8033786782407408 0.5450201967592593 0.8024565300925927 0.5428292777777778 0.7967273819444445 0.5415296597222222 0.7958052337962963 0.5333236388888889 0.7941571921296295 0.5318606967592593 0.7947889837962963 0.5276351921296296 0.7951304189814814 0.52617225 0.7957622106481481 0.5186125439814815 0.8012520810185185 0.5185308819444444 0.8020290509259259 0.5183675555555556 0.8035829907407407 0.5208034652777778 0.8069812291666666 0.5221847453703704 0.8071264074074074 0.5261652615740741 0.8091158842592593 0.5275465416666667 0.8092610625 0.5412776828703704 0.8114898171296296 0.542740625 0.8108580254629629 0.545748175925926 0.8088174699074074 0.5458298379629629 0.8080404999999999 0.5463198148148148 0.8033786782407408
3 0.5205724537037038 0.7826047962962962 0.5191911736111111 0.7824596180555555 0.5165919375 0.7806153194444444 0.5152106574074073 0.7804701412037036 0.5042420763888888 0.7785317430555556 0.5027791342592592 0.7791635347222223 0.4962740578703703 0.7879064652777777 0.5015541898148148 0.790818087962963 0.5029354699074075 0.7909632685185185 0.5166666111111111 0.7931920208333333 0.5181295555555555 0.7925602291666666 0.5237363402777778 0.7923639745370371 0.5238180023148148 0.7915870023148147 0.5241446550925926 0.7884791226851852 0.522845037037037 0.787556974537037 0.5205724537037038 0.7826047962962962
3 0.4980706412037037 0.7708131203703703 0.4967710231481482 0.7698909699074074 0.4927905069444445 0.7679014953703704 0.49140922685185184 0.7677563171296297 0.4858841041666667 0.7671756041666667 0.484421162037037 0.7678073958333334 0.47597015277777777 0.7684902638888889 0.47588849074074074 0.7692672361111111 0.47133633564814814 0.772716550925926 0.4712546736111111 0.7734935208333333 0.4693834143518519 0.7780101643518519 0.47060137037037036 0.7797092824074073 0.47198265046296295 0.7798544606481482 0.4813249606481481 0.7839785902777777 0.4827062430555556 0.7841237708333333 0.4951377662037037 0.785430375 0.49660070833333336 0.7847985833333333 0.5014795162037037 0.7782413865740742 0.5001798981481481 0.777319238425926 0.4980706412037037 0.7708131203703703
3 0.5019087939814815 0.7342955185185185 0.5018271319444444 0.7350724884259259 0.5012554930555555 0.7405112800925926 0.5038547268518518 0.7423555787037037 0.5052360069444445 0.7425007569444445 0.5163679143518519 0.7428852129629631 0.5164495763888889 0.7421082430555556 0.5173478680555555 0.7335615717592593 0.515966587962963 0.7334163912037036 0.5090601851851851 0.7326904999999999 0.5075972430555555 0.7333222916666666 0.5019087939814815 0.7342955185185185
3 0.49914623379629625 0.734005162037037 0.49784661574074074 0.733083013888889 0.4924848217592593 0.7309483587962964 0.49110353935185186 0.7308031805555556 0.48143457638888887 0.7297869328703703 0.47997163425925926 0.730418724537037 0.47541947916666666 0.7338680393518519 0.4753378148148148 0.7346450092592592 0.47501116435185187 0.7377528912037037 0.4828905324074074 0.7425088125 0.4842718125 0.7426539907407408 0.4897969351851852 0.7432347037037036 0.4912598773148148 0.7426029120370371 0.49548538194444447 0.7422614768518518 0.49556704398148144 0.7414845069444445 0.500037537037037 0.738812162037037 0.5001191990740741 0.7380351921296296 0.49914623379629625 0.734005162037037
3 0.4729835694444444 0.730469800925926 0.4716839513888889 0.7295476527777778 0.4652675277777778 0.7241599398148147 0.4638862453703703 0.7240147615740741 0.4569798449074074 0.7232888680555555 0.45551690046296295 0.7239206597222222 0.45112807175925923 0.725816037037037 0.4510464074074074 0.7265930069444444 0.4494201388888889 0.728778738425926 0.45039310648148145 0.7328087685185186 0.45169272222222223 0.7337309166666667 0.46095337268518516 0.7386320162037037 0.46233465277777774 0.7387771944444445 0.4707856597222222 0.7380943263888888 0.47086732407407406 0.7373173564814814 0.4739565347222222 0.7344998310185185 0.4726569166666667 0.7335776828703703 0.4729835694444444 0.730469800925926
3 0.4838962430555555 0.8392375787037037 0.482596625 0.8383154282407408 0.4775614814814815 0.8330728935185185 0.4761802013888889 0.8329277152777778 0.4721996851851852 0.8309382407407407 0.4708184050925926 0.8307930625 0.46391200231481483 0.8300671689814815 0.4624490601851852 0.8306989606481481 0.45342641203703704 0.8368206226851852 0.45334475 0.8375975925925926 0.4529364351851852 0.8414824444444444 0.45415438888888887 0.8431815625 0.45553566898148146 0.8433267407407408 0.4608974652777778 0.8454613958333334 0.4622787453703704 0.845606574074074 0.4732473263888889 0.8475449722222222 0.47471027083333334 0.8469131805555555 0.48039871759259256 0.8459399537037037 0.4804803796296296 0.8451629837962963 0.4838962430555555 0.8392375787037037
3 0.4750299328703704 0.8571589722222221 0.4737303148148148 0.8562368217592593 0.4684501828703703 0.853325199074074 0.46706890277777774 0.8531800208333334 0.4559369953703704 0.8527955625 0.45585533333333333 0.8535725324074074 0.44975857175925926 0.8584306111111111 0.4496769074074074 0.8592075810185186 0.4490236064814815 0.8654233425925926 0.45300412037037036 0.8674128194444444 0.45438540046296294 0.8675579976851852 0.4599105231481481 0.8681387106481482 0.46137346527777773 0.8675069189814815 0.4655989699074074 0.8671654837962963 0.46706191435185185 0.8665336921296296 0.47153240740740743 0.8638613472222223 0.47161406944444445 0.8630843773148148 0.4750299328703704 0.8571589722222221
3 0.9881003310185186 0.20094462037037036 0.9881819930555555 0.20016765046296298 0.9886719699074074 0.1955058287037037 0.9873723541666666 0.19458368055555553 0.982663861111111 0.1862332638888889 0.9813642430555555 0.18531111574074074 0.9707223125 0.18026483796296297 0.9693410324074074 0.18011965972222224 0.9609716875 0.18002555787037036 0.9595087453703703 0.18065734953703705 0.9493498055555556 0.1843029236111111 0.9492681412037037 0.18507989351851853 0.9447159861111111 0.18852920833333334 0.944634324074074 0.18930617824074075 0.9428447291666666 0.19304585185185186 0.9451173125 0.1979980300925926 0.9464169305555555 0.19892017824074074 0.9570588587962964 0.20396645833333335 0.9584401388888888 0.20411163657407408 0.9694903819444444 0.20527306250000002 0.9709533263888889 0.20464127083333333 0.986555724537037 0.20235338194444447 0.9866373865740741 0.20157641203703705 0.9881003310185186 0.20094462037037036
3 1 0.19872863194444446 0.999477224537037 0.19899816666666667 0.9980959444444445 0.19885298842592591 0.9880186666666667 0.20172159027777778 0.9879370046296296 0.20249856018518517 0.9835481759259259 0.2043939375 0.983466511574074 0.2051709074074074 0.9832215231481481 0.20750181712962962 0.9923188472222222 0.21395685879629628 0.9937001273148148 0.21410203703703704 1 0.21476418055555554 1 0.19872863194444446
3 1 0.1562872962962963 0.9998248425925925 0.15582926851851853 0.998525224537037 0.15490712037037038 0.9878016319444444 0.1506378125 0.986420351851852 0.15049263425925924 0.9767513888888888 0.14947638425925924 0.9752884444444445 0.15010817592592593 0.9710629421296296 0.1504496111111111 0.9695999976851852 0.1510814027777778 0.9622036180555555 0.15501733333333334 0.9621219560185185 0.15579430324074076 0.9574881365740742 0.1600205902777778 0.9574064745370371 0.16079756018518518 0.9565898472222222 0.16856726157407406 0.9589440925925926 0.1727424699074074 0.9602437106481482 0.17366461805555555 0.9695043587962963 0.17856571759259257 0.9708856388888889 0.17871089583333333 0.9978649328703704 0.17447655555555558 0.999327875 0.1738447638888889 1 0.1730828449074074 1 0.1562872962962963
3 1 0.13646934722222223 0.9990221898148148 0.13689162731481483 0.9843927569444445 0.14320954398148147 0.9843110949074074 0.1439865162037037 0.9811402175925926 0.14758100925925927 0.9945447083333333 0.15291764583333334 0.995925988425926 0.1530628240740741 1 0.15395995370370372 1 0.13646934722222223
3 0.9598563611111111 0.13748845138888888 0.9599380231481481 0.1367114814814815 0.9643268541666666 0.13481610648148148 0.9644085162037037 0.13403913657407407 0.9661981111111111 0.13029946296296296 0.9648984930555555 0.12937731481481482 0.9655517962962963 0.12316155324074074 0.9642521782407407 0.1222394050925926 0.9620612569444444 0.11651025694444445 0.9621429212962963 0.11573328703703704 0.9644224930555555 0.10733179166666666 0.9631228749999999 0.10640964351851852 0.9619049212962963 0.10471052546296296 0.9605236412037037 0.10456534490740742 0.9494733958333333 0.10340391898148148 0.9480104537037037 0.10403571064814815 0.9365518958333333 0.10675913425925926 0.9364702337962962 0.10753610416666666 0.931673087962963 0.11331633101851851 0.9315914259259259 0.11409330092592593 0.9294751805555556 0.12094085416666667 0.931829425925926 0.1251160625 0.9317477638888889 0.1258930324074074 0.9311761226851851 0.13133182407407407 0.9324757407407408 0.13225397453703702 0.9375108865740741 0.13749650925925924 0.9388921666666666 0.1376416875 0.95408625 0.13923865046296297 0.9555491944444445 0.1386068587962963 0.9598563611111111 0.13748845138888888
3 0.9139614328703703 0.10909810185185186 0.9126618148148148 0.10817595138888889 0.9032378402777779 0.10482879166666666 0.9018565601851852 0.10468361342592593 0.8963314374999999 0.10410290046296297 0.8948684953703704 0.10473469212962963 0.8821919837962964 0.1057589976851852 0.8807290393518519 0.10639078935185185 0.8804840509259259 0.10872169907407407 0.8827566342592592 0.11367387731481482 0.8840562523148149 0.11459602546296296 0.8930719120370371 0.12182803703703703 0.8945348564814815 0.12119624537037037 0.9043671435185184 0.12065855324074075 0.9058300879629629 0.12002676157407406 0.9116818611111112 0.11749959490740741 0.9117635231481481 0.116722625 0.9139614328703703 0.10909810185185186
3 0.8894997106481481 0.11595371064814815 0.8895813726851851 0.11517674074074075 0.887063800925926 0.11255547222222223 0.8856825208333333 0.11241029398148149 0.8802390625000001 0.1110526111111111 0.8787761180555556 0.11168440277777777 0.8771498495370371 0.11387013425925926 0.8756869074074074 0.11450192592592592 0.8626020810185184 0.11941108333333333 0.8625204166666666 0.12018805324074074 0.8621937662037037 0.12329593287037037 0.8700731342592593 0.12805185416666667 0.8714544143518518 0.1281970324074074 0.8825046574074074 0.12935846064814815 0.8839676018518519 0.12872666898148147 0.8927452615740741 0.12493591898148147 0.8928269236111112 0.12415894907407407 0.8974607407407407 0.11993266203703704 0.8960794606481483 0.11978748379629629 0.8894997106481481 0.11595371064814815
3 0.8789394444444445 0.11013046064814815 0.8790211064814815 0.10935349074074073 0.8794294212962962 0.1054686412037037 0.8781298032407407 0.10454649074074075 0.8769935115740741 0.10207040277777778 0.8756938958333333 0.10114825462962963 0.8676512013888888 0.09794627314814815 0.8662699212962963 0.0978010949074074 0.8535117453703704 0.09960237037037037 0.8520488032407407 0.10023416203703704 0.8475783101851853 0.10290650694444443 0.8500142199074074 0.10630474537037038 0.8499325555555556 0.10708171527777778 0.8491159282407408 0.11485141666666666 0.8504972083333333 0.1149965949074074 0.8585399027777777 0.11819857638888889 0.8600028449074074 0.11756678472222222 0.8712980763888889 0.11639730092592593 0.8727610208333333 0.11576550925925926 0.8789394444444445 0.11013046064814815
3 0.7785959513888889 0.09487061574074074 0.7786776157407408 0.09409364583333334 0.7864823078703703 0.08627286574074074 0.7865639722222222 0.08549589583333334 0.7871356111111111 0.08005710416666666 0.7858359930555556 0.07913495370370371 0.7834817476851852 0.07495974537037037 0.7821821296296295 0.07403759722222222 0.7756840416666667 0.06942685416666666 0.7743027615740741 0.06928167592592593 0.7647154606481481 0.06748845601851852 0.7632525185185186 0.06812024768518518 0.7586186990740741 0.07234653472222223 0.7571557569444445 0.07297832638888889 0.7454522106481482 0.07803266203703704 0.7453705486111111 0.07880963194444444 0.7319590694444444 0.08682666898148149 0.7318774074074074 0.08760363888888889 0.7243993634259259 0.09231653703703703 0.7243177013888888 0.09309350925925927 0.7226914328703704 0.09527924074074073 0.7250456782407407 0.09945444907407408 0.7264269606481482 0.09959962731481482 0.7412943935185184 0.10430446990740741 0.7426756736111111 0.10444964814814815 0.752344636574074 0.10546589814814815 0.7538075787037037 0.10483410648148148 0.7623402499999999 0.1033742662037037 0.7638031944444444 0.10274247453703704 0.7785959513888889 0.09487061574074074
3 0.675422212962963 0.053390037037037034 0.675503875 0.052613067129629626 0.6792463888888889 0.043579782407407404 0.6779467731481481 0.04265763425925925 0.6747828865740741 0.03289845601851852 0.6734832685185185 0.031976305555555556 0.6656855625 0.02644341435185185 0.6657672245370371 0.025666444444444443 0.6582145092592592 0.017802641203703704 0.6568332291666666 0.01765746296296296 0.6459463101851852 0.014942094907407407 0.6446466944444444 0.01401994675925926 0.6447283564814815 0.013242976851851851 0.6433470763888889 0.01309779861111111 0.6350593935185186 0.012226726851851851 0.6349777314814815 0.013003699074074074 0.620838275462963 0.014659793981481482 0.6193753310185185 0.01529158564814815 0.6136052222222221 0.017041784722222224 0.6135235578703703 0.01781875462962963 0.5987308009259259 0.025690613425925928 0.598649136574074 0.026467583333333336 0.5909261064814815 0.03351139351851852 0.5908444444444444 0.03428836342592593 0.5905177916666667 0.03739624305555555 0.5931170277777779 0.03924054166666666 0.5944983078703703 0.03938571990740741 0.6068481689814815 0.0414692962962963 0.6081477870370371 0.04239144444444444 0.6555126458333334 0.05679633101851852 0.6568939259259259 0.056941509259259254 0.6665628888888889 0.057957759259259264 0.6680258333333333 0.0573259675925926 0.675422212962963 0.053390037037037034
3 0.13679093750000001 0.4877484490740741 0.1354096574074074 0.4876032708333333 0.1284215925925926 0.487654349537037 0.12695865046296295 0.4882861412037037 0.11972559722222222 0.49066812962962963 0.11964393287037038 0.491445099537037 0.11785433796296296 0.4951847731481482 0.12557038194444445 0.5014946342592592 0.12695166203703703 0.5016398125 0.13377640046296296 0.503142675925926 0.1352393449074074 0.5025108842592593 0.14255406018518518 0.4993519259259259 0.1426357222222222 0.4985749537037037 0.1447519699074074 0.4917274004629629 0.14345235185185184 0.4908052523148148 0.13679093750000001 0.4877484490740741
3 0.1499063148148148 0.7350051273148148 0.14998797685185183 0.7342281574074073 0.15299552546296294 0.7321876041666667 0.1530771898148148 0.7314106342592593 0.15681970370370368 0.7223773472222221 0.155520087962963 0.7214551990740742 0.152192875 0.7132499606481482 0.15089325694444444 0.7123278125 0.1321269699074074 0.7048565231481482 0.13074568981481482 0.7047113449074074 0.11685122453703703 0.7040365300925926 0.1153882800925926 0.7046683217592593 0.10831855324074074 0.7054963703703704 0.1068556087962963 0.7061281620370371 0.09799628703703703 0.7106958842592592 0.097914625 0.7114728541666666 0.08116894444444445 0.7246383263888889 0.0810872824074074 0.7254152962962963 0.08084229398148148 0.7277462060185186 0.08579577546296296 0.7337657129629629 0.08717705555555556 0.7339108912037037 0.1017995 0.7409466435185186 0.1031807800925926 0.741091824074074 0.11975614583333333 0.7428339629629629 0.12121908796296298 0.7422021712962964 0.13096971527777776 0.742441451388889 0.13243265740740742 0.7418096597222222 0.1499063148148148 0.7350051273148148
3 0.0634433125 0.7471274398148148 0.06490625462962962 0.7464956481481482 0.07522852083333334 0.7412961365740741 0.07531018287037038 0.7405191643518518 0.07864438425925925 0.7353707314814815 0.0773447662037037 0.7344485810185185 0.06645784953703704 0.7317332129629629 0.0663761875 0.7325101851851851 0.06052441435185186 0.7350373518518518 0.05914313425925926 0.734892173611111 0.050692125 0.7355750439814814 0.04922918287037037 0.7362068356481482 0.04484035185185185 0.7381022106481482 0.0435407337962963 0.7371800625 0.043302733796296296 0.7261573009259259 0.04476567824074074 0.7255255092592593 0.04818154166666667 0.7196001041666668 0.04688192361111111 0.7186779537037038 0.043956037037037037 0.719941537037037 0.042574756944444445 0.7197963587962962 0.023155168981481483 0.7185408310185186 0.021692224537037036 0.7191726226851851 0.018848 0.719659236111111 0.018766337962962964 0.7204362083333332 0.009743689814814814 0.7265578680555556 0.009662027777777778 0.7273348402777777 0.00868207175925926 0.7366584814814815 0.012172611111111111 0.7433097800925926 0.013472229166666667 0.7442319282407408 0.018670699074074076 0.7479205231481482 0.020051979166666664 0.7480657013888888 0.039226578703703704 0.7516521388888889 0.04068952314814815 0.7510203472222222 0.04938551851851852 0.7480065671296297 0.05076679861111111 0.7481517453703703 0.0634433125 0.7471274398148148
3 0.09029202546296296 0.837145775462963 0.09175496759259259 0.8365139837962963 0.09622546064814815 0.8338416365740741 0.0963071226851852 0.8330646666666667 0.10346550231481481 0.8181059768518518 0.10216588425925927 0.8171838263888889 0.09956665046296297 0.8153395300925926 0.09818537037037037 0.8151943518518517 0.09266024768518519 0.8146136388888889 0.09119730555555555 0.8152454305555557 0.0853455324074074 0.8177725972222222 0.08396425 0.8176274189814814 0.07258735648148149 0.8195738726851851 0.07112441203703704 0.8202056643518518 0.059420868055555555 0.8252599976851852 0.059339203703703707 0.8260369699074074 0.055923340277777775 0.8319623726851851 0.05827758796296296 0.8361375810185185 0.05957720370370371 0.8370597314814815 0.06355771990740741 0.8390492060185186 0.064939 0.8391943842592592 0.07176373842592593 0.8406972476851853 0.07322668287037037 0.8400654560185186 0.08712115046296295 0.8407402685185185 0.08858409259259259 0.840108476851852 0.09029202546296296 0.837145775462963
3 0.7031813981481482 0.732669074074074 0.7018001157407409 0.7325238958333334 0.6783183495370371 0.730055863425926 0.6768554074074075 0.7306876550925926 0.6746574976851852 0.7383121782407407 0.6822918773148148 0.7453990115740742 0.6836731574074074 0.7455441898148147 0.6917975138888889 0.7479692013888889 0.6932604583333334 0.7473374097222222 0.7088628564814814 0.7450495208333334 0.7089445185185185 0.7442725509259259 0.7109791018518519 0.7382019675925926 0.7096794837962963 0.7372798171296296 0.7031813981481482 0.732669074074074
3 0.6987995555555556 0.7212107777777779 0.6973366111111111 0.7218425694444444 0.6844151111111111 0.7251977847222222 0.6829521689814816 0.7258295763888889 0.6798629560185185 0.7286471018518519 0.6892869305555556 0.7319942615740741 0.6906682106481482 0.7321394398148149 0.7032630601851851 0.7318921041666667 0.7047260023148149 0.7312603125 0.7091964953703703 0.7285879675925926 0.7092781597222222 0.7278109976851852 0.7098497986111111 0.7223722060185186 0.7085501805555556 0.7214500555555555 0.6987995555555556 0.7212107777777779
3 0.7313786458333333 0.7301338518518519 0.7300790277777778 0.7292117037037037 0.7280514328703703 0.7219286134259258 0.729514375 0.7212968217592594 0.7338215439814815 0.7201784166666667 0.7325219259259259 0.7192562685185185 0.7311406458333333 0.7191110902777778 0.7202537268518518 0.7163957222222223 0.7187907847222222 0.7170275138888889 0.7086318449074075 0.7206730856481482 0.7085501805555556 0.7214500555555555 0.7084685185185186 0.7222270277777777 0.7091148333333334 0.7293649375 0.7104144513888889 0.7302870856481481 0.7140683148148148 0.7353844421296296 0.7154495949074074 0.7355296203703704 0.726663164351852 0.7351371087962962 0.7281261064814815 0.7345053171296295 0.729589050925926 0.7338735231481481 0.7296707129629629 0.7330965532407409 0.7313786458333333 0.7301338518518519
3 0.7295073865740741 0.7346504953703703 0.7309703310185185 0.7340187037037036 0.7440551574074074 0.7291095462962963 0.7441368194444444 0.7283325763888889 0.7444634722222223 0.7252246944444445 0.7431638541666666 0.7243025462962963 0.7372304189814815 0.7276066851851852 0.7359308009259259 0.7266845347222223 0.7334132291666667 0.7240632685185184 0.7348761712962962 0.7234314768518518 0.7379653842592592 0.7206139513888888 0.7365841041666668 0.7204687731481481 0.7298410277777777 0.7181889421296297 0.7283780833333333 0.7188207337962963 0.7255338611111112 0.7193073472222222 0.7293510509259259 0.722850761574074 0.729269386574074 0.7236277337962963 0.7276431180555556 0.7258134652777778 0.728942736111111 0.726735613425926 0.7313786458333333 0.7301338518518519 0.7312969814814815 0.7309108217592593 0.7282077708333333 0.7337283449074073 0.7281261064814815 0.7345053171296295 0.7295073865740741 0.7346504953703703
3 0.7081161087962963 0.6192825 0.7068164930555555 0.618360349537037 0.6986104722222223 0.6167123101851851 0.6971475300925926 0.6173441018518518 0.6929220254629629 0.617685537037037 0.6914590810185186 0.6183173287037037 0.6856889722222222 0.620067525462963 0.6856073101851853 0.6208444953703703 0.6810551527777777 0.6242938125 0.6860902986111111 0.6295363472222222 0.6874715787037038 0.629681525462963 0.6983584953703704 0.6323968935185185 0.6998214398148148 0.6317651018518519 0.7059182013888888 0.6269070231481481 0.7059998634259259 0.6261300532407407 0.7092524027777778 0.621758587962963 0.7079527847222222 0.6208364398148148 0.7081161087962963 0.6192825
3 0.39133168749999997 0.7101045439814814 0.391250025462963 0.7108815138888889 0.3879974861111111 0.7152529768518519 0.39327762037037034 0.7181646018518519 0.394658900462963 0.7183097800925926 0.4002656851851852 0.7181135231481481 0.4017286273148148 0.7174817314814815 0.40611745833333335 0.7155863564814815 0.4048178402777778 0.7146642083333333 0.40514449074074077 0.7115563263888889 0.403844875 0.7106341782407407 0.39133168749999997 0.7101045439814814
3 0.3891407662037037 0.7043753935185185 0.3877594861111111 0.7042302152777778 0.38645986805555554 0.7033080671296297 0.38507858796296296 0.7031628888888889 0.3823160277777778 0.7028725324074074 0.38085308333333334 0.703504324074074 0.3763825925925926 0.7061766689814816 0.3750013101851852 0.7060314907407408 0.37102079629629625 0.7040420162037037 0.36955785185185186 0.7046738078703704 0.3694761898148148 0.7054507777777778 0.3744296712962963 0.7114702824074074 0.37572928935185185 0.7123924305555556 0.3797098032407408 0.7143819074074074 0.38109108564814814 0.7145270856481482 0.3838536458333333 0.7148174421296296 0.3853165879629629 0.714185650462963 0.391250025462963 0.7108815138888889 0.39133168749999997 0.7101045439814814 0.3891407662037037 0.7043753935185185
3 0.36848924768518515 0.7281280925925926 0.36840758333333334 0.7289050625 0.36808093287037036 0.7320129444444445 0.3718164606481481 0.7363333310185185 0.37319774074074075 0.7364785092592593 0.38018580555555553 0.7364274305555555 0.3816487476851852 0.7357956388888889 0.382383712962963 0.7288029074074074 0.38108409722222225 0.7278807569444444 0.3739327060185185 0.729485775462963 0.37255142592592594 0.7293405972222222 0.36848924768518515 0.7281280925925926
3 0.37653892824074076 0.717976400462963 0.37515764814814817 0.7178312222222223 0.37239508796296295 0.7175408657407407 0.3709321435185185 0.7181726574074074 0.36800625694444444 0.7194362407407406 0.36792459490740737 0.720213212962963 0.36605333796296297 0.7247298541666667 0.36987052777777774 0.7282732708333334 0.3712518078703704 0.728418449074074 0.3767769305555555 0.7289991620370371 0.37807654629629633 0.7299213125 0.38067578240740746 0.7317656087962964 0.3807574444444444 0.7309886388888889 0.38295535416666665 0.7233641157407407 0.38165573611111114 0.7224419652777777 0.37653892824074076 0.717976400462963
3 0.3871808587962963 0.7230226805555555 0.38709919444444446 0.7237996504629629 0.385146275462963 0.729093263888889 0.3889634652777778 0.7326366805555556 0.3904264074074074 0.7320048888888889 0.39887741666666665 0.7313220185185185 0.39895907870370373 0.7305450486111111 0.39928572916666666 0.7274371666666667 0.39798611342592594 0.7265150185185185 0.3955502037037037 0.7231167800925926 0.39416892361111117 0.7229716018518518 0.3871808587962963 0.7230226805555555
3 0.39871409027777777 0.7328759583333334 0.4041575486111111 0.7342336412037037 0.40562049305555553 0.733601849537037 0.4084647152777778 0.7331152361111111 0.40854637962962964 0.7323382662037038 0.40895469212962965 0.7284534166666666 0.407573412037037 0.728308238425926 0.3993673935185185 0.7266601967592593 0.39928572916666666 0.7274371666666667 0.39871409027777777 0.7328759583333334
3 0.1990817337962963 0.705609326388889 0.19916339583333334 0.7048323541666667 0.2052601574074074 0.6999742777777778 0.20534182175925927 0.6991973078703704 0.20648510185185187 0.688319724537037 0.2051854837962963 0.6873975740740741 0.20413085416666665 0.6841445162037038 0.2028312361111111 0.6832223680555556 0.1846365902777778 0.670312287037037 0.18325531018518518 0.6701671064814815 0.17781185185185183 0.6688094236111112 0.1763489097222222 0.6694412152777778 0.1665982824074074 0.6692019375 0.16513534027777776 0.6698337291666667 0.1578206226851852 0.6729926875 0.15773896064814816 0.6737696574074074 0.15017925462962964 0.6792595277777778 0.15009759259259262 0.6800364976851851 0.14781802083333334 0.6884379930555555 0.14911763888888888 0.6893601412037037 0.15009060416666667 0.6933901712962963 0.14862766203703703 0.694021962962963 0.13399822916666665 0.7003398796296296 0.1378154189814815 0.7038832962962963 0.13919669907407406 0.7040284745370371 0.1484573472222222 0.708929574074074 0.14983862731481482 0.7090747523148148 0.16625066666666669 0.7123708356481481 0.1677136111111111 0.7117390439814815 0.18445230092592593 0.7119272430555555 0.18591524305555557 0.7112954513888888 0.1990817337962963 0.705609326388889
3 0.9840080023148148 0.41261390277777776 0.9827083865740741 0.41169175462962965 0.9801908125 0.4090704861111111 0.9788095324074073 0.40892530787037035 0.9665413356481481 0.40606476157407406 0.9650783912037036 0.4066965532407408 0.9632071342592593 0.41121319675925927 0.9640167754629629 0.41679716666666666 0.9653980555555556 0.4169423449074074 0.9745770416666667 0.4226204143518519 0.9759583217592592 0.4227655925925926 0.9787208819444444 0.4230559513888889 0.9788025439814815 0.42227898148148146 0.9833547013888889 0.41882966435185187 0.983436363425926 0.41805269444444443 0.9840080023148148 0.41261390277777776
3 0.9759583217592592 0.4227655925925926 0.9746587037037038 0.42184344444444444 0.9655613796296296 0.41538840509259256 0.9640984375 0.4160201967592592 0.9541028240740741 0.4181118287037037 0.9540211597222222 0.4188887986111111 0.947842736111111 0.42452384722222225 0.9489790277777778 0.4269999351851852 0.9503603078703704 0.4271451134259259 0.9665273587962964 0.43277210648148146 0.9679086388888889 0.4329172847222222 0.9720524791666667 0.4333528194444444 0.9721341435185186 0.43257584953703704 0.9753050185185186 0.42898135648148145 0.9753866805555556 0.4282043842592593 0.9759583217592592 0.4227655925925926
3 0.9530481944444444 0.4148587685185185 0.951748576388889 0.4139366203703703 0.9427329166666667 0.40670460879629633 0.9413516365740741 0.4065594305555556 0.9372077939814815 0.40612389583333336 0.9357448518518519 0.4067556875 0.9200607893518518 0.4098205462962963 0.9185978472222223 0.410452337962963 0.9142090162037037 0.41234771296296296 0.9141273541666666 0.41312468287037035 0.9123377592592592 0.41686435648148146 0.9148553310185186 0.41948562500000003 0.9162366111111111 0.41963080324074076 0.9255789236111112 0.42375493287037036 0.9269602037037037 0.4239001111111111 0.9365475046296297 0.42569333101851853 0.9380104467592593 0.42506153935185187 0.9493873425925926 0.42311508564814815 0.9494690046296297 0.4223381134259259 0.9530481944444444 0.4148587685185185
3 0.9530551828703703 0.4015050972222222 0.951592238425926 0.40213688888888893 0.944440849537037 0.4037419074074074 0.9429779050925925 0.40437369907407406 0.9412699722222222 0.40733640046296293 0.9529665324074074 0.41563573842592594 0.9543478125 0.41578091666666667 0.9628804837962962 0.4143210763888889 0.9629621458333333 0.41354410648148143 0.9623974930555556 0.4056292268518519 0.9610978773148148 0.4047070787037037 0.9585803032407407 0.40208581018518513 0.9571990231481481 0.40194063194444446 0.9530551828703703 0.4015050972222222
3 0.8973816759259259 0.42629015509259255 0.8960003958333334 0.4261449768518518 0.8838955231481482 0.4217304907407407 0.8825142430555556 0.4215853125 0.8660205393518519 0.4190662013888889 0.8645575972222223 0.41969799305555555 0.8575695324074074 0.4197490717592593 0.856106587962963 0.42038086342592595 0.8460293125 0.4232494652777778 0.8459476481481482 0.4240264351851852 0.840014212962963 0.42733057175925926 0.8399325486111111 0.42810754166666665 0.839524236111111 0.4319923935185185 0.84350475 0.43398187037037034 0.8448860324074075 0.4341270486111111 0.855936275462963 0.43528847453703706 0.8573992175925925 0.43465668287037035 0.8980279907407407 0.4334280671296296 0.8994909328703704 0.4327962731481481 0.9011988657407407 0.4298335717592593 0.8998992476851853 0.4289114236111111 0.8973816759259259 0.42629015509259255
3 0.7964805185185185 0.3897617569444445 0.795180900462963 0.3888396087962963 0.7818580740740741 0.38272600231481485 0.7804767939814815 0.38258082407407407 0.7763329537037037 0.3821452893518519 0.7748700092592593 0.38277708101851854 0.7734070671296296 0.3834088726851852 0.7733254027777777 0.38418584259259264 0.7687732476851852 0.38763515740740745 0.7686915856481482 0.38841212731481484 0.7684465972222222 0.39074303935185184 0.7730734259259259 0.3998704259259259 0.7743730439814814 0.4007925740740741 0.7770539421296296 0.40185990046296294 0.7784352222222223 0.40200507870370367 0.7896487916666667 0.40161256712962967 0.7911117337962963 0.40098077546296296 0.7972084953703704 0.3961226967592592 0.7972901597222223 0.3953457268518519 0.7964805185185185 0.3897617569444445
3 0.7682832708333334 0.39229697916666667 0.7669836527777777 0.3913748310185185 0.7658473611111112 0.3888987407407407 0.7645477430555556 0.3879765925925926 0.7591859467592592 0.3858419398148148 0.7578046666666667 0.38569676157407407 0.7508982662037037 0.3849708680555555 0.7494353217592592 0.38560265972222224 0.7423655949074074 0.3864307083333333 0.740902650462963 0.38706250000000003 0.7408209884259259 0.3878394699074074 0.7432568981481481 0.3912377083333333 0.7446381782407407 0.39138288657407405 0.7499183101851853 0.3942945115740741 0.7512995902777777 0.3944396898148148 0.7608052291666667 0.3970098796296296 0.7621865092592592 0.39715505787037036 0.7677932939814816 0.3969588009259259 0.7678749560185186 0.39618183101851856 0.7682832708333334 0.39229697916666667
3 0.7764962777777777 0.3805913472222222 0.775196662037037 0.37966919907407404 0.7644730694444445 0.3753998912037037 0.7630917893518517 0.375254712962963 0.7491973217592592 0.3745798981481481 0.7477343773148148 0.37521168981481484 0.7441551898148148 0.38269103703703705 0.7591859467592592 0.3858419398148148 0.7604855648148148 0.38676408796296297 0.7671469791666666 0.3898208912037037 0.7686099212962964 0.38918909953703706 0.7718624606481482 0.38481763425925924 0.7733254027777777 0.38418584259259264 0.7762512893518518 0.38292225925925927 0.7763329537037037 0.3821452893518519 0.7764962777777777 0.3805913472222222
3 0.7885845787037037 0.1061326550925926 0.787203298611111 0.10598747685185185 0.781759837962963 0.10462979398148148 0.7802968958333333 0.10526158564814815 0.7716008981481481 0.10827536574074073 0.7715192361111112 0.10905233564814815 0.7695663148148149 0.11434594907407407 0.7786636388888889 0.12080099074074074 0.7800449189814814 0.12094616898148149 0.7868696574074073 0.1224490300925926 0.7883326018518518 0.12181723842592593 0.7926397685185186 0.12069883333333334 0.7927214305555557 0.11992186342592592 0.7948376782407407 0.11307431018518518 0.7935380601851852 0.11215216203703704 0.7885845787037037 0.1061326550925926
2 0.2082214513888889 0.9291721990740741 0.23576808564814816 0.9401350995370371 0.25700266666666666 0.9512279861111111 0.20866637962962964 0.9050082083333334 0.11835685416666666 0.8252406944444445 0.09860149768518518 0.836746539351852 0.16265897453703704 0.8865904189814815 0.2082214513888889 0.9291721990740741
2 0.9256926643518518 1 0.9263000393518518 0.9975438981481481 0.9301444907407408 0.9039643634259259 0.9095835324074074 0.9083862569444444 0.9101068310185185 0.9347651504629629 0.9037655439814815 0.9923081574074074 0.9021008032407407 1 0.9256926643518518 1
1 0.2645527662037037 0.14115766203703706 0.20976139814814815 0.09509996990740742 0.17029809027777779 0.10517072453703705 0.18149999768518518 0.11153274537037038 0.25442046296296295 0.18706880324074074 0.2741594953703704 0.21451683333333335 0.1941098611111111 0.20681027546296296 0.08936120601851852 0.19360119907407405 0.08679188194444444 0.24329234490740742 0.09342202777777778 0.24398920138888888 0.18506555092592591 0.25432832175925923 0.29328980787037034 0.27167335416666666 0.4002044074074074 0.2762333287037037 0.5336836944444444 0.2924621157407407 0.5238079583333333 0.23627828935185186 0.3414054490740741 0.21781401157407407 0.32011294444444444 0.19318780787037038 0.2645527662037037 0.14115766203703706
0 0.4332860925925926 0.30296273148148145 0.4204441574074074 0.3095470787037037 0.4127782916666667 0.31604700925925927 0.40453519444444447 0.3386686712962963 0.40463157175925923 0.35635374999999997 0.4215270787037037 0.382953025462963 0.4693208194444444 0.4318102268518519 0.5022172175925926 0.42442714120370373 0.46835575925925926 0.3971444467592593 0.45705188194444446 0.3837802847222222 0.4415287916666667 0.3587392523148148 0.4390618333333333 0.3370343587962963 0.4443428842592593 0.3226639074074074 0.45021238888888887 0.3173106111111111 0.47413723148148146 0.3115769027777778 0.5067478078703703 0.306913212962963 0.5333495763888889 0.2943123263888889 0.6530659745370371 0.2913410717592593 0.6472319328703704 0.29104210879629633 0.6357835972222223 0.24317697222222223 0.47911840509259257 0.23362366666666667 0.3326483148148148 0.21343716435185184 0.3157549837962963 0.2758413125 0.4197443935185185 0.2803295023148148 0.4378051041666667 0.2852128611111111 0.4445549490740741 0.2900857314814815 0.4332860925925926 0.30296273148148145