2 0.765 0.5429166666666666 0.76453125 0.2277777777777778 0.763046875 0.22430555555555556 0.762578125 0.0011111111111111111 0.71234375 0.002777777777777778 0.704921875 0.29430555555555554 0.707890625 0.40111111111111114 0.757578125 0.9970833333333333 0.79875 0.9918055555555555 0.800546875 0.9952777777777777 0.800546875 0.9922222222222222 0.79609375 0.8669444444444444 0.765 0.5429166666666666
2 0.911875 0.5025000000000001 0.8303125 0.56625 0.77015625 0.5880555555555556 0.772578125 0.6115277777777778 0.846171875 0.5883333333333334 0.9189843750000001 0.5268055555555556 0.911875 0.5025000000000001
3 0.4203125 0.8680555555555556 0.425 0.8930555555555556 0.42421875 0.8944444444444444 0.421875 0.8944444444444444 0.42109375 0.8958333333333334 0.41640625 0.8972222222222223 0.41484375 0.9 0.4109375 0.9027777777777778 0.4109375 0.9319444444444445 0.4125 0.9375 0.41328125 0.95 0.4171875 0.9638888888888888 0.4171875 0.9666666666666667 0.41875 0.9708333333333333 0.41875 0.9736111111111112 0.42109375 0.9819444444444444 0.42734375 0.9958333333333333 0.42890625 0.9958333333333333 0.4296875 0.9972222222222222 0.5890624999999999 0.9972222222222222 0.58984375 0.9958333333333333 0.59140625 0.9958333333333333 0.59453125 0.9930555555555556 0.59921875 0.9763888888888889 0.59921875 0.9722222222222222 0.6 0.9708333333333333 0.6 0.9666666666666667 0.60078125 0.9652777777777778 0.60078125 0.9611111111111111 0.6015625 0.9597222222222223 0.6015625 0.9541666666666666 0.60234375 0.9527777777777778 0.60234375 0.9486111111111112 0.603125 0.9472222222222222 0.603125 0.9430555555555555 0.60390625 0.9416666666666667 0.60390625 0.9375 0.6046875 0.936111111111111 0.6046875 0.9305555555555556 0.60546875 0.9291666666666666 0.60546875 0.925 0.60625 0.9236111111111112 0.60625 0.9194444444444444 0.60703125 0.9180555555555556 0.60703125 0.8944444444444444 0.60625 0.8930555555555556 0.60625 0.8875 0.60546875 0.8861111111111112 0.60546875 0.8791666666666667 0.60390625 0.873611111111111 0.60390625 0.8680555555555556 0.603125 0.8666666666666666 0.60234375 0.8541666666666666 0.6 0.8458333333333333 0.6 0.8430555555555556 0.59921875 0.8416666666666667 0.59765625 0.8305555555555556 0.5921875 0.8166666666666667 0.59140625 0.8125 0.58203125 0.7888888888888889 0.5812499999999999 0.7847222222222222 0.5796875 0.7819444444444444 0.578125 0.7763888888888888 0.5710937500000001 0.7625 0.5710937500000001 0.7611111111111112 0.5578124999999999 0.7388888888888888 0.55234375 0.7347222222222222 0.546875 0.7277777777777777 0.5421874999999999 0.7236111111111112 0.540625 0.7236111111111112 0.5382812499999999 0.7208333333333333 0.53671875 0.7208333333333333 0.5359375000000001 0.7194444444444444 0.5328125 0.7194444444444444 0.5320312500000001 0.7180555555555556 0.5296875 0.7180555555555556 0.52890625 0.7166666666666667 0.5265624999999999 0.7166666666666667 0.52578125 0.7152777777777778 0.5234375 0.7152777777777778 0.5226562499999999 0.7138888888888888 0.5203125000000001 0.7138888888888888 0.51953125 0.7125 0.50546875 0.7125 0.5031249999999999 0.7152777777777778 0.5016927083333333 0.7145833333333333 0.5015625 0.7166666666666667 0.5 0.7180555555555556 0.4979166666666667 0.7166666666666667 0.49765625 0.7222222222222222 0.494140625 0.71875 0.4865885416666667 0.7229166666666667 0.48359375 0.7263888888888889 0.4828125 0.725 0.48125 0.725 0.475 0.7305555555555556 0.4734375 0.7333333333333334 0.46796875 0.7375 0.4609375 0.75 0.4609375 0.7527777777777778 0.45859375 0.7597222222222222 0.4609375 0.7694444444444444 0.45814732175925926 0.773214287037037 0.42734375 0.8375 0.42109375 0.8375 0.41953125 0.8388888888888888 0.41953125 0.8416666666666667 0.415625 0.8541666666666666 0.415625 0.8625 0.41640625 0.8638888888888888 0.41640625 0.8680555555555556 0.4203125 0.8680555555555556
3 0.3046875 0.9055555555555556 0.3046875 0.9083333333333333 0.30546875 0.9097222222222222 0.30546875 0.9125 0.30625 0.9138888888888889 0.30703125 0.9194444444444444 0.30859375 0.9194444444444444 0.309375 0.9208333333333334 0.321875 0.9138888888888889 0.32265625 0.9166666666666666 0.3234375 0.9166666666666666 0.32734375 0.9222222222222222 0.32734375 0.9236111111111112 0.33046875 0.9305555555555556 0.33125 0.9291666666666666 0.334375 0.9291666666666666 0.33671875 0.9347222222222222 0.33828125 0.9347222222222222 0.3390625 0.9222222222222222 0.34140625 0.9222222222222222 0.34296875 0.9194444444444444 0.34375 0.925 0.34453125 0.925 0.34296875 0.9180555555555556 0.34921875 0.9166666666666666 0.35 0.9125 0.353125 0.9055555555555556 0.35625 0.9027777777777778 0.35859375 0.8986111111111111 0.3625 0.8958333333333334 0.3640625 0.8930555555555556 0.36640625 0.8916666666666666 0.36796875 0.8888888888888888 0.37421875 0.8833333333333334 0.38203125 0.8694444444444445 0.3892578125 0.8819444444444444 0.390625 0.9027777777777778 0.38984375 0.9041666666666667 0.3875 0.9041666666666667 0.3859375 0.9055555555555556 0.38203125 0.9138888888888889 0.38203125 0.9152777777777777 0.3703125 0.9347222222222222 0.36875 0.9402777777777778 0.36640625 0.9444444444444444 0.365625 0.95 0.3625 0.9597222222222223 0.3625 0.9847222222222222 0.36328125 0.9861111111111112 0.36328125 0.9916666666666666 0.36484375 0.9958333333333333 0.39609375 0.9958333333333333 0.3984375 0.9930555555555556 0.403125 0.9916666666666666 0.40390625 0.9902777777777778 0.40546875 0.9902777777777778 0.40625 0.9888888888888888 0.409375 0.9875 0.415625 0.9763888888888889 0.415625 0.9722222222222222 0.41484375 0.9708333333333333 0.41484375 0.9666666666666667 0.4140625 0.9652777777777778 0.4140625 0.9611111111111111 0.41328125 0.9597222222222223 0.41328125 0.9555555555555556 0.4125 0.9541666666666666 0.4125 0.95 0.41171875 0.9486111111111112 0.41171875 0.9444444444444444 0.4109375 0.9430555555555555 0.4109375 0.938888888888889 0.41015625 0.9375 0.41015625 0.9333333333333333 0.409375 0.9319444444444445 0.409375 0.9277777777777778 0.40859375 0.9263888888888888 0.40859375 0.9222222222222222 0.4078125 0.9208333333333334 0.4078125 0.9166666666666666 0.40703125 0.9152777777777777 0.40625 0.9069444444444444 0.40390625 0.9041666666666667 0.4015625 0.9041666666666667 0.40078125 0.9027777777777778 0.395703125 0.9027777777777778 0.3979003912037037 0.8975694444444444 0.38203125 0.8680555555555556 0.3875 0.8513888888888889 0.3875 0.8430555555555556 0.38203125 0.8347222222222223 0.38515625 0.8222222222222222 0.38671875 0.8222222222222222 0.390625 0.8263888888888888 0.3953125 0.8263888888888888 0.39921875 0.8180555555555555 0.39921875 0.8125 0.39765625 0.8083333333333333 0.39609375 0.7972222222222222 0.3953125 0.7944444444444444 0.39296875 0.7916666666666666 0.3825520833333333 0.7876543217592592 0.38046875 0.7916666666666666 0.37924107175925925 0.7962962962962963 0.3765625 0.7930555555555556 0.378515625 0.7863425925925925 0.36236979166666666 0.7810956782407408 0.36640625 0.7722222222222223 0.37578125 0.7722222222222223 0.3765625 0.7736111111111111 0.384375 0.7736111111111111 0.38515625 0.7722222222222223 0.3953125 0.7708333333333334 0.39765625 0.7680555555555556 0.4 0.7680555555555556 0.40078125 0.7666666666666666 0.403125 0.7666666666666666 0.40390625 0.7652777777777778 0.409375 0.7638888888888888 0.41953125 0.7527777777777778 0.41953125 0.7444444444444445 0.41640625 0.7375 0.415625 0.7375 0.41328125 0.7333333333333334 0.40546875 0.7263888888888889 0.40390625 0.7236111111111112 0.40078125 0.7222222222222222 0.3984375 0.7194444444444444 0.396875 0.7194444444444444 0.39453125 0.7166666666666667 0.39296875 0.7166666666666667 0.390625 0.7138888888888888 0.3890625 0.7138888888888888 0.38671875 0.7111111111111111 0.3828125 0.7111111111111111 0.38203125 0.7097222222222223 0.378125 0.7097222222222223 0.37734375 0.7111111111111111 0.37421875 0.7097222222222223 0.36640625 0.7097222222222223 0.365625 0.7111111111111111 0.36484375 0.7097222222222223 0.35859375 0.7097222222222223 0.3578125 0.7111111111111111 0.353125 0.7125 0.3515625 0.7152777777777778 0.34453125 0.7208333333333333 0.3328125 0.7388888888888888 0.33203125 0.7444444444444445 0.33359375 0.75 0.3375 0.7569444444444444 0.3388671875 0.7628472222222222 0.3355957037037037 0.7672743055555555 0.3341145833333333 0.7719135810185185 0.330078125 0.7706018518518518 0.3290527337962963 0.7761284722222223 0.32578125 0.7805555555555556 0.3260416666666667 0.7692901226851852 0.31796875 0.7666666666666666 0.309375 0.7833333333333333 0.30859375 0.7875 0.30703125 0.7902777777777777 0.30546875 0.7958333333333334 0.30546875 0.8 0.3046875 0.8013888888888888 0.30390625 0.8097222222222222 0.30703125 0.813888888888889 0.31015625 0.813888888888889 0.3109375 0.8125 0.315625 0.8125 0.31875 0.8444444444444444 0.309375 0.8444444444444444 0.30859375 0.8458333333333333 0.30625 0.8458333333333333 0.303125 0.85 0.303125 0.8597222222222222 0.2984375 0.8638888888888888 0.29765625 0.8833333333333334 0.2984375 0.8847222222222222 0.29921875 0.8944444444444444 0.3046875 0.9055555555555556
3 0.3921875 0.6638888888888889 0.39296875 0.6694444444444444 0.40078125 0.6805555555555556 0.4015625 0.6805555555555556 0.4078125 0.6930555555555555 0.4125 0.6972222222222222 0.41640625 0.7055555555555556 0.41953125 0.7069444444444444 0.43125 0.7263888888888889 0.4359375 0.7263888888888889 0.440625 0.7194444444444444 0.44140625 0.7194444444444444 0.44375 0.7138888888888888 0.44375 0.7125 0.44609375 0.7083333333333334 0.44609375 0.7069444444444444 0.4546875 0.6930555555555555 0.45546875 0.688888888888889 0.45703125 0.686111111111111 0.45859375 0.6805555555555556 0.4609375 0.6763888888888888 0.4640625 0.6666666666666666 0.475 0.65 0.48828125 0.6722222222222222 0.48828125 0.6736111111111112 0.4828125 0.6847222222222222 0.48203125 0.6944444444444444 0.47734375 0.7055555555555556 0.47734375 0.7194444444444444 0.478125 0.7194444444444444 0.4890625 0.7055555555555556 0.48984375 0.6972222222222222 0.49140625 0.6916666666666667 0.49140625 0.6805555555555556 0.48984375 0.675 0.49140625 0.6722222222222222 0.49140625 0.6694444444444444 0.4921875 0.6694444444444444 0.49375 0.6636437893518519 0.5007812500000001 0.6462418310185185 0.50390625 0.6513888888888888 0.50390625 0.6666666666666666 0.5031249999999999 0.6680555555555556 0.5031249999999999 0.6763888888888888 0.5007812500000001 0.6819444444444445 0.5007812500000001 0.6944444444444444 0.5 0.6958333333333334 0.5 0.7055555555555556 0.5007812500000001 0.7083333333333334 0.5015625 0.7097222222222223 0.5164062500000001 0.7097222222222223 0.5187499999999999 0.7069444444444444 0.521875 0.7055555555555556 0.5234375 0.7 0.525 0.6972222222222222 0.5281250000000001 0.6944444444444444 0.5304687499999999 0.6902777777777778 0.5304687499999999 0.6875 0.5328125 0.6805555555555556 0.5328125 0.6777777777777778 0.5343749999999999 0.6736111111111112 0.5343749999999999 0.6708333333333334 0.5390625 0.6541666666666667 0.5390625 0.65 0.5398437500000001 0.6486111111111111 0.5398437500000001 0.6458333333333334 0.54140625 0.6402777777777778 0.5421874999999999 0.6208333333333333 0.54296875 0.6194444444444445 0.54296875 0.6069444444444444 0.5421874999999999 0.6055555555555556 0.5421874999999999 0.5986111111111112 0.54140625 0.5972222222222222 0.54140625 0.5930555555555556 0.540625 0.5916666666666667 0.540625 0.5861111111111111 0.53671875 0.5722222222222222 0.5343749999999999 0.5722222222222222 0.53359375 0.5708333333333333 0.53125 0.5708333333333333 0.5296875 0.5722222222222222 0.5296336203703704 0.5704022986111111 0.50390625 0.5680555555555555 0.50390625 0.5652777777777778 0.50625 0.5597222222222222 0.5078125 0.5597222222222222 0.5125000000000001 0.5555555555555556 0.5140625 0.5513888888888888 0.51328125 0.5444444444444444 0.5125000000000001 0.5444444444444444 0.509375 0.5388888888888889 0.5078125 0.5388888888888889 0.50390625 0.5347222222222222 0.47421875 0.5333333333333333 0.4734375 0.5347222222222222 0.4703125 0.5352182546296296 0.4671875 0.5402777777777777 0.46640625 0.5371031759259259 0.46640625 0.5430555555555555 0.46328125 0.5458333333333334 0.4625 0.5458333333333334 0.4625 0.5389880949074074 0.43125 0.5540674606481482 0.4306303888888889 0.5596264351851852 0.42734375 0.5559523796296296 0.4266702592592593 0.5591954027777778 0.42734375 0.5638888888888889 0.421875 0.5625 0.4234375 0.557837300925926 0.4203125 0.5597222222222222 0.41875 0.5583333333333333 0.41171875 0.5652777777777778 0.40625 0.5666666666666667 0.40859375 0.5708333333333333 0.4078125 0.5763888888888888 0.4109375 0.5847222222222223 0.40859375 0.5875 0.4046875 0.5819444444444445 0.40390625 0.5819444444444445 0.40234375 0.5847222222222223 0.40078125 0.5958333333333333 0.39609375 0.6069444444444444 0.39609375 0.6125 0.3953125 0.6138888888888888 0.3953125 0.6222222222222222 0.39453125 0.623611111111111 0.39453125 0.6277777777777778 0.3921875 0.6333333333333334 0.3921875 0.6402777777777778 0.39140625 0.6416666666666666 0.390625 0.6583333333333333 0.39140625 0.6597222222222222 0.39140625 0.6625 0.3921875 0.6638888888888889
3 0.0765625 0.7125 0.0765625 0.7138888888888888 0.075 0.725 0.07578125 0.7263888888888889 0.07890625 0.7319444444444444 0.0796875 0.7319444444444444 0.090625 0.7333333333333334 0.09140625 0.7319444444444444 0.0953125 0.725 0.0953125 0.7236111111111112 0.0953125 0.7111111111111111 0.09453125 0.7097222222222223 0.08828125 0.7055555555555556 0.0875 0.7055555555555556 0.0828125 0.7055555555555556 0.0796875 0.7069444444444444 0.07890625 0.7083333333333334 0.0765625 0.7125
3 0.08671875 0.6875 0.08671875 0.688888888888889 0.08671875 0.6986111111111112 0.0875 0.7 0.08984375 0.7055555555555556 0.090625 0.7055555555555556 0.0953125 0.7083333333333334 0.09609375 0.7069444444444444 0.10234375 0.7055555555555556 0.103125 0.7041666666666666 0.10859375 0.6972222222222222 0.10859375 0.6958333333333334 0.1078125 0.6791666666666666 0.10703125 0.6777777777777778 0.10390625 0.675 0.103125 0.675 0.1 0.675 0.09140625 0.6791666666666666 0.090625 0.6805555555555556 0.08671875 0.6875
3 0.1 0.6541666666666667 0.1 0.6555555555555556 0.10078125 0.6708333333333334 0.1015625 0.6722222222222222 0.10546875 0.6763888888888888 0.10625 0.6763888888888888 0.11171875 0.6763888888888888 0.1125 0.675 0.11640625 0.6722222222222222 0.1171875 0.6708333333333334 0.11953125 0.6611111111111112 0.11953125 0.6597222222222222 0.11953125 0.6472222222222223 0.11875 0.6458333333333334 0.115625 0.6402777777777778 0.11484375 0.6402777777777778 0.11015625 0.6388888888888888 0.103125 0.6402777777777778 0.103125 0.6416666666666666 0.1 0.6541666666666667
3 0.0859375 0.6513888888888888 0.0859375 0.6527777777777778 0.0859375 0.6611111111111112 0.08671875 0.6625 0.0921875 0.6763888888888888 0.09296875 0.6763888888888888 0.09921875 0.6736111111111112 0.1 0.6722222222222222 0.10078125 0.6694444444444444 0.10078125 0.6680555555555556 0.1 0.65 0.10078125 0.6486111111111111 0.103125 0.6416666666666666 0.10234375 0.6402777777777778 0.1015625 0.6375 0.10078125 0.6375 0.09765625 0.6375 0.09140625 0.6402777777777778 0.090625 0.6416666666666666 0.0859375 0.6513888888888888
3 0.14609375 0.6347222222222222 0.146875 0.6361111111111112 0.14921875 0.6402777777777778 0.15 0.6402777777777778 0.1546875 0.6444444444444444 0.15546875 0.6430555555555556 0.15703125 0.6430555555555556 0.1578125 0.6416666666666666 0.1609375 0.6361111111111112 0.1609375 0.6347222222222222 0.1609375 0.626388888888889 0.16015625 0.625 0.1578125 0.6222222222222222 0.15703125 0.6222222222222222 0.15234375 0.6222222222222222 0.146875 0.6291666666666667 0.146875 0.6305555555555555 0.14609375 0.6347222222222222
3 0.1578125 0.6097222222222222 0.1578125 0.6111111111111112 0.1578125 0.6208333333333333 0.15859375 0.6222222222222222 0.1625 0.625 0.16328125 0.625 0.1671875 0.625 0.16796875 0.623611111111111 0.1703125 0.6222222222222222 0.1703125 0.6208333333333333 0.1734375 0.6152777777777778 0.1734375 0.6138888888888888 0.1734375 0.6055555555555556 0.17265625 0.6041666666666666 0.16328125 0.6013888888888889 0.1609375 0.6027777777777777 0.16015625 0.6041666666666666 0.1578125 0.6097222222222222
3 0.16015625 0.5791666666666666 0.16015625 0.5805555555555556 0.16015625 0.5930555555555556 0.1609375 0.5944444444444444 0.16171875 0.5986111111111112 0.1625 0.6 0.1640625 0.6013888888888889 0.16484375 0.6013888888888889 0.17109375 0.6013888888888889 0.171875 0.6 0.1765625 0.5944444444444444 0.1765625 0.5930555555555556 0.17890625 0.5861111111111111 0.17890625 0.5847222222222223 0.17890625 0.5763888888888888 0.178125 0.5750000000000001 0.17734375 0.5708333333333333 0.1765625 0.5694444444444444 0.175 0.5680555555555555 0.17421875 0.5680555555555555 0.16640625 0.5666666666666667 0.1625 0.5722222222222222 0.1625 0.5736111111111112 0.16015625 0.5791666666666666
3 0.1953125 0.5583333333333333 0.1953125 0.5597222222222222 0.19453125 0.5736111111111112 0.1953125 0.5750000000000001 0.19765625 0.5777777777777777 0.1984375 0.5777777777777777 0.203125 0.5777777777777777 0.20390625 0.5763888888888888 0.209375 0.5736111111111112 0.21015625 0.5722222222222222 0.2109375 0.5638888888888889 0.21015625 0.5625 0.209375 0.5583333333333333 0.20859375 0.5569444444444445 0.20234375 0.5499999999999999 0.2015625 0.5499999999999999 0.2 0.5499999999999999 0.196875 0.5527777777777778 0.196875 0.5541666666666667 0.1953125 0.5583333333333333
3 0.21015625 0.5472222222222223 0.2109375 0.5486111111111112 0.21171875 0.5541666666666667 0.2125 0.5541666666666667 0.215625 0.5541666666666667 0.21640625 0.5527777777777778 0.22109375 0.5499999999999999 0.22109375 0.5486111111111112 0.22265625 0.5458333333333334 0.22265625 0.5444444444444444 0.2234375 0.5333333333333333 0.22265625 0.5319444444444444 0.21328125 0.5263888888888889 0.2109375 0.5319444444444444 0.2109375 0.5333333333333333 0.21015625 0.5472222222222223
3 0.215625 0.5111111111111112 0.215625 0.5125000000000001 0.215625 0.525 0.21640625 0.5263888888888889 0.2234375 0.5305555555555556 0.22421875 0.5291666666666667 0.23046875 0.5263888888888889 0.23125 0.525 0.2328125 0.5208333333333334 0.2328125 0.5194444444444445 0.2328125 0.5138888888888888 0.23203125 0.5125000000000001 0.23046875 0.5041666666666667 0.2296875 0.5041666666666667 0.22578125 0.5 0.225 0.5 0.2203125 0.4986111111111111 0.21875 0.5 0.21875 0.5013888888888889 0.215625 0.5111111111111112
3 0.26015625000000003 0.5416666666666666 0.2609375 0.5416666666666666 0.26953125 0.5416666666666666 0.26953125 0.5402777777777777 0.26953125 0.5333333333333333 0.26875 0.5319444444444444 0.26718749999999997 0.5263888888888889 0.26640625 0.5263888888888889 0.2609375 0.5263888888888889 0.25937499999999997 0.5291666666666667 0.25937499999999997 0.5305555555555556 0.26015625000000003 0.5416666666666666
3 0.25703125 0.5152777777777777 0.2578125 0.5166666666666666 0.25859375 0.5208333333333334 0.25937499999999997 0.5208333333333334 0.2625 0.525 0.26328124999999997 0.525 0.26718749999999997 0.5236111111111111 0.26796875000000003 0.5222222222222223 0.26953125 0.5166666666666666 0.26953125 0.5152777777777777 0.26953125 0.5055555555555555 0.26875 0.5041666666666667 0.26484375 0.5 0.26406250000000003 0.5 0.2609375 0.5 0.25703125 0.5083333333333333 0.25703125 0.5097222222222222 0.25703125 0.5152777777777777
3 0.25859375 0.4861111111111111 0.25859375 0.4875 0.26015625000000003 0.4958333333333333 0.2609375 0.4958333333333333 0.26406250000000003 0.4986111111111111 0.26484375 0.49722222222222223 0.26796875000000003 0.49722222222222223 0.26875 0.4958333333333333 0.2734375 0.4888888888888889 0.2734375 0.4875 0.2734375 0.48055555555555557 0.27265625 0.4791666666666667 0.2703125 0.475 0.26953125 0.475 0.26718749999999997 0.4736111111111111 0.26328124999999997 0.475 0.2625 0.4763888888888889 0.25859375 0.4861111111111111
3 0.15234375 0.49722222222222223 0.15234375 0.4986111111111111 0.1515625 0.5097222222222222 0.15234375 0.5111111111111112 0.15390625 0.5166666666666666 0.1546875 0.5166666666666666 0.1609375 0.5194444444444445 0.16171875 0.5180555555555556 0.16640625 0.5125000000000001 0.16640625 0.5111111111111112 0.16796875 0.5069444444444444 0.16796875 0.5055555555555555 0.16796875 0.4986111111111111 0.1671875 0.49722222222222223 0.16015625 0.4888888888888889 0.159375 0.4888888888888889 0.15546875 0.4888888888888889 0.15390625 0.4902777777777778 0.15390625 0.4916666666666667 0.15234375 0.49722222222222223
3 0.12968749999999998 0.4986111111111111 0.13046875 0.5 0.13125 0.5041666666666667 0.13203125000000002 0.5055555555555555 0.13515625 0.5097222222222222 0.13593750000000002 0.5097222222222222 0.1421875 0.5125000000000001 0.14296875 0.5111111111111112 0.14531249999999998 0.5055555555555555 0.14531249999999998 0.5041666666666667 0.14453125 0.4930555555555556 0.14375000000000002 0.4930555555555556 0.13828125 0.4875 0.13749999999999998 0.4875 0.13125 0.4875 0.12968749999999998 0.4916666666666667 0.12968749999999998 0.4930555555555556 0.12968749999999998 0.4986111111111111
3 0.8421875 0.9236111111111112 0.8421875 0.925 0.8421875 0.936111111111111 0.84296875 0.9375 0.846875 0.9527777777777778 0.84765625 0.9527777777777778 0.8484375 0.9541666666666666 0.84921875 0.9541666666666666 0.85390625 0.9541666666666666 0.8546875 0.9527777777777778 0.8625 0.9472222222222222 0.86328125 0.9458333333333334 0.8671875 0.9347222222222222 0.8671875 0.9333333333333333 0.86640625 0.925 0.865625 0.9236111111111112 0.8609375 0.9138888888888889 0.86015625 0.9138888888888889 0.85625 0.9097222222222222 0.85546875 0.9097222222222222 0.8515625 0.9083333333333333 0.846875 0.9111111111111112 0.84609375 0.9125 0.8421875 0.9236111111111112
3 0.8359375 0.9694444444444444 0.83671875 0.9708333333333333 0.83828125 0.9777777777777777 0.8390625 0.9791666666666666 0.84453125 0.9875 0.8453125 0.9875 0.8484375 0.9902777777777778 0.84921875 0.9902777777777778 0.853125 0.9916666666666666 0.85390625 0.9902777777777778 0.8578125 0.9875 0.8578125 0.9861111111111112 0.859375 0.9805555555555556 0.85859375 0.9791666666666666 0.8578125 0.975 0.85703125 0.9736111111111112 0.8515625 0.9652777777777778 0.8515625 0.9638888888888888 0.84765625 0.9541666666666666 0.846875 0.9541666666666666 0.84453125 0.95 0.84375 0.95 0.84140625 0.95 0.8359375 0.9597222222222223 0.8359375 0.9611111111111111 0.8359375 0.9694444444444444
3 0.85390625 0.998611111111111 0.8546875 0.998611111111111 0.87421875 0.9972222222222222 0.87421875 0.9958333333333333 0.86796875 0.9861111111111112 0.8671875 0.9861111111111112 0.86171875 0.9847222222222222 0.85390625 0.9916666666666666 0.85390625 0.9930555555555556 0.85390625 0.998611111111111
3 0.8640625 0.9583333333333334 0.8640625 0.9597222222222223 0.86484375 0.9819444444444444 0.865625 0.9833333333333334 0.87265625 0.9916666666666666 0.8734375 0.9916666666666666 0.88125 0.9875 0.88203125 0.9861111111111112 0.8859375 0.975 0.8859375 0.9736111111111112 0.88515625 0.9694444444444444 0.884375 0.9680555555555556 0.878125 0.9638888888888888 0.87734375 0.9625 0.871875 0.9527777777777778 0.87109375 0.9527777777777778 0.86796875 0.9527777777777778 0.865625 0.9541666666666666 0.86484375 0.9555555555555556 0.8640625 0.9583333333333334
3 0.86875 0.9333333333333333 0.86875 0.9347222222222222 0.87578125 0.9611111111111111 0.8765625 0.9625 0.88046875 0.9652777777777778 0.88125 0.9652777777777778 0.88828125 0.9652777777777778 0.8890625 0.9638888888888888 0.89453125 0.9611111111111111 0.8953125 0.9597222222222223 0.8984375 0.9486111111111112 0.8984375 0.9472222222222222 0.8984375 0.9375 0.89765625 0.936111111111111 0.896875 0.9319444444444445 0.89609375 0.9305555555555556 0.89140625 0.9236111111111112 0.890625 0.9236111111111112 0.8859375 0.9194444444444444 0.88515625 0.9194444444444444 0.87734375 0.9194444444444444 0.8734375 0.9222222222222222 0.87265625 0.9236111111111112 0.86875 0.9333333333333333
3 0.89609375 0.9638888888888888 0.896875 0.9652777777777778 0.9046875 0.975 0.90546875 0.975 0.91328125 0.9736111111111112 0.9140625 0.9722222222222222 0.9140625 0.9597222222222223 0.91328125 0.9583333333333334 0.90546875 0.9444444444444444 0.9046875 0.9444444444444444 0.90078125 0.9416666666666667 0.896875 0.9555555555555556 0.896875 0.9569444444444444 0.89609375 0.9638888888888888
3 0.91171875 0.8902777777777778 0.9109375 0.8916666666666666 0.90625 0.8972222222222223 0.90625 0.8986111111111111 0.90625 0.9138888888888889 0.90703125 0.9152777777777777 0.90859375 0.9194444444444444 0.909375 0.9194444444444444 0.91171875 0.9236111111111112 0.9125 0.9236111111111112 0.91640625 0.925 0.9171875 0.9236111111111112 0.9234375 0.9236111111111112 0.92421875 0.9222222222222222 0.9296875 0.9194444444444444 0.93046875 0.9194444444444444 0.9390625 0.9208333333333334 0.93984375 0.9194444444444444 0.94140625 0.9180555555555556 0.94140625 0.9166666666666666 0.94140625 0.9055555555555556 0.940625 0.9041666666666667 0.93671875 0.8930555555555556 0.9359375 0.8930555555555556 0.9296875 0.8888888888888888 0.92890625 0.8888888888888888 0.921875 0.8875 0.91796875 0.8902777777777778 0.9171875 0.8902777777777778 0.91171875 0.8902777777777778
3 0.9171875 0.8513888888888889 0.91796875 0.8527777777777777 0.91953125 0.8625 0.9203125 0.8638888888888888 0.9234375 0.8694444444444445 0.92421875 0.8694444444444445 0.93203125 0.8708333333333333 0.9328125 0.8694444444444445 0.93515625 0.8597222222222222 0.93515625 0.8583333333333334 0.93515625 0.8527777777777777 0.934375 0.8513888888888889 0.93203125 0.8388888888888888 0.93125 0.8375 0.92890625 0.8375 0.92421875 0.8402777777777778 0.9234375 0.8416666666666667 0.9171875 0.8513888888888889
3 0.90859375 0.8416666666666667 0.909375 0.8430555555555556 0.9140625 0.8513888888888889 0.91484375 0.8513888888888889 0.91953125 0.8555555555555556 0.91953125 0.8541666666666666 0.92265625 0.8472222222222222 0.9234375 0.8472222222222222 0.92578125 0.8444444444444444 0.92578125 0.8430555555555556 0.9265625 0.8375 0.92578125 0.8361111111111111 0.9234375 0.8347222222222223 0.92265625 0.8333333333333334 0.91640625 0.8208333333333334 0.915625 0.8208333333333334 0.9125 0.8208333333333334 0.90859375 0.8291666666666666 0.90859375 0.8305555555555556 0.90859375 0.8416666666666667
3 0.91953125 0.8069444444444445 0.91953125 0.8083333333333333 0.9171875 0.8166666666666667 0.91796875 0.8180555555555555 0.9203125 0.8291666666666666 0.92109375 0.8305555555555556 0.92734375 0.8361111111111111 0.928125 0.8361111111111111 0.93203125 0.8361111111111111 0.9328125 0.8347222222222223 0.93515625 0.8333333333333334 0.9359375 0.8319444444444444 0.93828125 0.8236111111111112 0.93828125 0.8222222222222222 0.93515625 0.8097222222222222 0.934375 0.8083333333333333 0.93125 0.8041666666666666 0.928125 0.8069444444444445 0.92734375 0.8069444444444445 0.91953125 0.8069444444444445
3 0.91875 0.6986111111111112 0.91875 0.7 0.91875 0.7097222222222223 0.91953125 0.7111111111111111 0.921875 0.7194444444444444 0.92265625 0.7208333333333333 0.93203125 0.7347222222222222 0.9328125 0.7347222222222222 0.94140625 0.7416666666666666 0.9421875 0.7416666666666666 0.94765625 0.7416666666666666 0.9484375 0.7402777777777778 0.95234375 0.7375 0.953125 0.7361111111111112 0.95703125 0.7291666666666666 0.95703125 0.7277777777777777 0.9578125 0.7180555555555556 0.95703125 0.7166666666666667 0.95234375 0.7125 0.9515625 0.7111111111111111 0.9453125 0.7 0.94453125 0.7 0.93515625 0.6875 0.934375 0.6875 0.92890625 0.6805555555555556 0.928125 0.6805555555555556 0.92578125 0.6791666666666666 0.921875 0.6819444444444445 0.921875 0.6833333333333333 0.91875 0.6986111111111112
3 0.9671875 0.5583333333333333 0.96640625 0.5597222222222222 0.95703125 0.6083333333333334 0.95703125 0.6097222222222222 0.95703125 0.6194444444444445 0.9578125 0.6208333333333333 0.9625 0.6277777777777778 0.96328125 0.6277777777777778 0.97265625 0.6305555555555555 0.9734375 0.6291666666666667 0.9828125 0.625 0.98359375 0.623611111111111 0.98828125 0.6152777777777778 0.9890625 0.6152777777777778 0.99609375 0.6069444444444444 0.99609375 0.6055555555555556 0.99765625 0.5944444444444444 0.9984375 0.5930555555555556 0.99921875 0.5930555555555556 0.99921875 0.5916666666666667 0.99921875 0.5833333333333334 0.9984375 0.5833333333333334 0.9953125 0.5694444444444444 0.99453125 0.5680555555555555 0.9921875 0.5625 0.99140625 0.5625 0.98203125 0.5486111111111112 0.98125 0.5486111111111112 0.9734375 0.5416666666666666 0.97265625 0.5416666666666666 0.96953125 0.5416666666666666 0.96796875 0.5444444444444444 0.96796875 0.5458333333333334 0.9671875 0.5583333333333333
3 0.45859375 0.1361111111111111 0.459375 0.13749999999999998 0.46328125 0.14444444444444443 0.4640625 0.14444444444444443 0.47109375 0.14583333333333334 0.471875 0.14444444444444443 0.47421875 0.13749999999999998 0.47421875 0.1361111111111111 0.4734375 0.12916666666666665 0.47265625 0.1277777777777778 0.46953125 0.12083333333333333 0.46875 0.12083333333333333 0.46484375 0.11944444444444445 0.459375 0.1277777777777778 0.459375 0.12916666666666665 0.45859375 0.1361111111111111
3 0.21875 0.12916666666666665 0.21875 0.13055555555555556 0.21875 0.14722222222222223 0.21953125 0.1486111111111111 0.2203125 0.15833333333333335 0.22109375 0.1597222222222222 0.2296875 0.1763888888888889 0.23046875 0.1763888888888889 0.2328125 0.17916666666666667 0.23359375 0.17916666666666667 0.24296875 0.18194444444444444 0.24375 0.18055555555555555 0.25156249999999997 0.1763888888888889 0.25234375000000003 0.175 0.2578125 0.15555555555555556 0.2578125 0.15416666666666665 0.25703125 0.14027777777777778 0.25625000000000003 0.1388888888888889 0.2546875 0.13194444444444445 0.25390625 0.13055555555555556 0.2484375 0.12222222222222222 0.24765625 0.12222222222222222 0.2328125 0.10694444444444445 0.23203125 0.10694444444444445 0.2296875 0.10694444444444445 0.22421875 0.1125 0.22421875 0.1138888888888889 0.21875 0.12916666666666665
3 0.203125 0.04722222222222222 0.203125 0.04861111111111111 0.2015625 0.06805555555555555 0.20234375 0.06944444444444445 0.20625 0.07777777777777778 0.20625 0.07916666666666668 0.20859375 0.09166666666666667 0.209375 0.09305555555555556 0.215625 0.10277777777777777 0.21640625 0.10277777777777777 0.221875 0.10555555555555556 0.22265625 0.10416666666666667 0.22421875 0.09305555555555556 0.2234375 0.09305555555555556 0.2203125 0.0875 0.2203125 0.08611111111111112 0.21875 0.07777777777777778 0.21796875 0.0763888888888889 0.215625 0.07222222222222222 0.21640625 0.07083333333333333 0.22734375 0.06944444444444445 0.228125 0.07083333333333333 0.234375 0.07361111111111111 0.23515625 0.07222222222222222 0.23359375 0.06944444444444445 0.23359375 0.06805555555555555 0.2328125 0.04861111111111111 0.23203125 0.04722222222222222 0.23125 0.044444444444444446 0.23046875 0.044444444444444446 0.2234375 0.03611111111111111 0.22265625 0.03611111111111111 0.21328125 0.03611111111111111 0.20703125 0.04027777777777777 0.20625 0.041666666666666664 0.203125 0.04722222222222222
3 0.1171875 0.10138888888888888 0.1171875 0.10277777777777777 0.11640625 0.10972222222222222 0.1171875 0.1111111111111111 0.11796875 0.125 0.11875 0.12638888888888888 0.121875 0.1277777777777778 0.12265625 0.12916666666666665 0.12578124999999998 0.13333333333333333 0.1265625 0.13333333333333333 0.1421875 0.1388888888888889 0.14296875 0.13749999999999998 0.14453125 0.13472222222222222 0.14453125 0.13333333333333333 0.14453125 0.1277777777777778 0.14375000000000002 0.12638888888888888 0.140625 0.12083333333333333 0.140625 0.11944444444444445 0.13749999999999998 0.10833333333333332 0.13671875 0.10694444444444445 0.13046875 0.09583333333333333 0.12968749999999998 0.09583333333333333 0.1234375 0.09305555555555556 0.11953125 0.09583333333333333 0.11875 0.09722222222222222 0.1171875 0.10138888888888888
3 0.2734375 0.7166666666666667 0.27421875 0.7180555555555556 0.278125 0.7333333333333334 0.27890624999999997 0.7333333333333334 0.28515625 0.7347222222222222 0.2859375 0.7333333333333334 0.28984375 0.7263888888888889 0.28984375 0.725 0.28984375 0.7013888888888888 0.2890625 0.7 0.28125 0.6986111111111112 0.27499999999999997 0.7069444444444444 0.27499999999999997 0.7083333333333334 0.2734375 0.7166666666666667
3 0.29062499999999997 0.7263888888888889 0.29140625000000003 0.7277777777777777 0.29453124999999997 0.7319444444444444 0.29531250000000003 0.7319444444444444 0.30078125 0.7319444444444444 0.3015625 0.7305555555555556 0.30078125 0.7208333333333333 0.3 0.7194444444444444 0.29531250000000003 0.7069444444444444 0.29453124999999997 0.7055555555555556 0.29140625000000003 0.7027777777777778 0.2890625 0.7125 0.2890625 0.7138888888888888 0.29062499999999997 0.7263888888888889
3 0.28828125 0.7375 0.28828125 0.7388888888888888 0.28984375 0.75 0.29062499999999997 0.751388888888889 0.29140625000000003 0.7527777777777778 0.2921875 0.7527777777777778 0.29531250000000003 0.7541666666666667 0.29609375 0.7527777777777778 0.303125 0.75 0.30390625 0.751388888888889 0.30546875 0.7555555555555555 0.30625 0.7541666666666667 0.30625 0.7527777777777778 0.3078125 0.7416666666666666 0.30703125 0.7402777777777778 0.30234375 0.7305555555555556 0.3015625 0.7305555555555556 0.30078125 0.7305555555555556 0.29375 0.7319444444444444 0.29296875 0.7333333333333334 0.28828125 0.7375
3 0.29921875 0.75 0.2984375 0.751388888888889 0.29531250000000003 0.7541666666666667 0.29453124999999997 0.7541666666666667 0.29140625000000003 0.751388888888889 0.29062499999999997 0.751388888888889 0.29062499999999997 0.7527777777777778 0.29140625000000003 0.7541666666666667 0.29765625 0.7666666666666666 0.2984375 0.7666666666666666 0.3015625 0.7666666666666666 0.30234375 0.7652777777777778 0.2984375 0.7597222222222222 0.29921875 0.7583333333333334 0.3015625 0.7555555555555555 0.30234375 0.7569444444444444 0.30546875 0.7597222222222222 0.30546875 0.7583333333333334 0.30703125 0.751388888888889 0.30625 0.75 0.30546875 0.7472222222222222 0.30234375 0.751388888888889 0.3015625 0.751388888888889 0.29921875 0.75
3 0.3890625 0.7111111111111111 0.38984375 0.7125 0.3953125 0.7180555555555556 0.39609375 0.7180555555555556 0.40078125 0.7208333333333333 0.4015625 0.7194444444444444 0.403125 0.7194444444444444 0.40390625 0.7180555555555556 0.4046875 0.7097222222222223 0.40390625 0.7083333333333334 0.403125 0.7041666666666666 0.40234375 0.7027777777777778 0.4 0.6972222222222222 0.39921875 0.6972222222222222 0.3953125 0.6930555555555555 0.390625 0.6986111111111112 0.390625 0.7 0.3890625 0.7111111111111111
3 0.27265625 0.4236111111111111 0.2734375 0.425 0.27578125000000003 0.4291666666666667 0.2765625 0.4277777777777778 0.27968750000000003 0.4277777777777778 0.28046875 0.4263888888888889 0.27968750000000003 0.4138888888888889 0.27890624999999997 0.4138888888888889 0.27421875 0.4111111111111111 0.27187500000000003 0.4166666666666667 0.27187500000000003 0.41805555555555557 0.27265625 0.4236111111111111
3 0.27421875 0.4027777777777778 0.27421875 0.4041666666666667 0.27421875 0.4069444444444445 0.27499999999999997 0.4083333333333333 0.27890624999999997 0.4138888888888889 0.27968750000000003 0.4138888888888889 0.28515625 0.4111111111111111 0.28515625 0.4097222222222222 0.2859375 0.4083333333333333 0.2859375 0.4069444444444445 0.2859375 0.4041666666666667 0.28515625 0.4027777777777778 0.28203125 0.3986111111111111 0.28203125 0.3972222222222222 0.28359375000000003 0.3930555555555556 0.28281249999999997 0.39166666666666666 0.28203125 0.39166666666666666 0.2765625 0.3972222222222222 0.27578125000000003 0.3986111111111111 0.27421875 0.4027777777777778
3 0.25234375000000003 0.4055555555555555 0.253125 0.4069444444444445 0.26015625000000003 0.4069444444444445 0.2609375 0.4055555555555555 0.25859375 0.3986111111111111 0.25859375 0.3972222222222222 0.25937499999999997 0.3930555555555556 0.25859375 0.3930555555555556 0.25546874999999997 0.3930555555555556 0.25156249999999997 0.3972222222222222 0.25156249999999997 0.3986111111111111 0.25234375000000003 0.4055555555555555
3 0.25937499999999997 0.4013888888888889 0.25859375 0.4027777777777778 0.25703125 0.4055555555555555 0.2578125 0.4055555555555555 0.265625 0.4069444444444445 0.26640625 0.4055555555555555 0.2703125 0.4 0.2703125 0.3986111111111111 0.2703125 0.3958333333333333 0.26953125 0.39444444444444443 0.26796875000000003 0.39166666666666666 0.26718749999999997 0.39166666666666666 0.2625 0.3902777777777778 0.25937499999999997 0.39444444444444443 0.25937499999999997 0.3958333333333333 0.25937499999999997 0.4013888888888889
3 0.25937499999999997 0.4236111111111111 0.26015625000000003 0.4236111111111111 0.26328124999999997 0.4236111111111111 0.26406250000000003 0.4222222222222222 0.26718749999999997 0.4194444444444444 0.26718749999999997 0.41805555555555557 0.26640625 0.4111111111111111 0.265625 0.4111111111111111 0.26015625000000003 0.4097222222222222 0.25703125 0.4138888888888889 0.2578125 0.4152777777777778 0.25937499999999997 0.4236111111111111
3 0.25859375 0.4333333333333333 0.25937499999999997 0.4333333333333333 0.26328124999999997 0.4333333333333333 0.26328124999999997 0.4319444444444444 0.26406250000000003 0.4236111111111111 0.26328124999999997 0.4236111111111111 0.2578125 0.4236111111111111 0.25703125 0.4291666666666667 0.2578125 0.4305555555555556 0.25859375 0.4333333333333333
3 0.25546874999999997 0.17222222222222225 0.25546874999999997 0.1736111111111111 0.25390625 0.1902777777777778 0.2546875 0.19166666666666665 0.25625000000000003 0.20833333333333334 0.25703125 0.2097222222222222 0.26406250000000003 0.2222222222222222 0.26484375 0.2222222222222222 0.2703125 0.2277777777777778 0.27109374999999997 0.2277777777777778 0.28203125 0.2277777777777778 0.28281249999999997 0.2263888888888889 0.2859375 0.225 0.28671874999999997 0.2236111111111111 0.29765625 0.20416666666666666 0.29765625 0.20277777777777775 0.2984375 0.19722222222222222 0.29765625 0.19583333333333333 0.296875 0.18611111111111112 0.29609375 0.1847222222222222 0.2921875 0.17777777777777778 0.29140625000000003 0.17777777777777778 0.28515625 0.17083333333333334 0.284375 0.17083333333333334 0.27578125000000003 0.16944444444444445 0.27499999999999997 0.17083333333333334 0.27109374999999997 0.17222222222222225 0.2703125 0.17083333333333334 0.2625 0.15694444444444444 0.25937499999999997 0.1611111111111111 0.25937499999999997 0.1625 0.25546874999999997 0.17222222222222225
3 0.6265625 0.9638888888888888 0.6265625 0.9652777777777778 0.6265625 0.9680555555555556 0.62734375 0.9680555555555556 0.63125 0.9722222222222222 0.63203125 0.9722222222222222 0.6375 0.9722222222222222 0.63828125 0.9708333333333333 0.640625 0.9680555555555556 0.640625 0.9666666666666667 0.6421875 0.9541666666666666 0.64140625 0.9527777777777778 0.63671875 0.9513888888888888 0.63125 0.9527777777777778 0.63125 0.9541666666666666 0.6265625 0.9638888888888888
3 0.615625 0.9569444444444444 0.615625 0.9583333333333334 0.615625 0.9625 0.61640625 0.9625 0.6203125 0.9652777777777778 0.62109375 0.9652777777777778 0.6265625 0.9652777777777778 0.62734375 0.9638888888888888 0.6328125 0.9541666666666666 0.63203125 0.9527777777777778 0.62890625 0.9430555555555555 0.628125 0.9430555555555555 0.621875 0.9375 0.61953125 0.938888888888889 0.61953125 0.9402777777777778 0.615625 0.9569444444444444
3 0.6203125 0.9152777777777777 0.6203125 0.9166666666666666 0.61953125 0.9263888888888888 0.6203125 0.9277777777777778 0.6234375 0.938888888888889 0.62421875 0.938888888888889 0.63203125 0.9416666666666667 0.6328125 0.9402777777777778 0.6390625 0.9305555555555556 0.6390625 0.9291666666666666 0.6390625 0.925 0.63828125 0.9236111111111112 0.63359375 0.9083333333333333 0.6328125 0.9069444444444444 0.63046875 0.9027777777777778 0.6296875 0.9027777777777778 0.62578125 0.9013888888888888 0.6234375 0.9041666666666667 0.6234375 0.9055555555555556 0.6203125 0.9152777777777777
3 0.63359375 0.9513888888888888 0.634375 0.9513888888888888 0.6421875 0.95 0.64296875 0.9486111111111112 0.6453125 0.9458333333333334 0.6453125 0.9444444444444444 0.6453125 0.9402777777777778 0.64453125 0.938888888888889 0.6421875 0.9319444444444445 0.64140625 0.9305555555555556 0.63828125 0.9291666666666666 0.63125 0.9416666666666667 0.63125 0.9430555555555555 0.63359375 0.9513888888888888
3 0.6015625 0.8472222222222222 0.60234375 0.8486111111111112 0.6078125 0.8888888888888888 0.60859375 0.8902777777777778 0.61171875 0.8916666666666666 0.6125 0.8902777777777778 0.61484375 0.8875 0.61484375 0.8861111111111112 0.61796875 0.873611111111111 0.61796875 0.8722222222222222 0.61875 0.8555555555555556 0.61796875 0.8541666666666666 0.6171875 0.8472222222222222 0.61640625 0.8458333333333333 0.6125 0.8361111111111111 0.61171875 0.8361111111111111 0.6078125 0.8305555555555556 0.60703125 0.8305555555555556 0.603125 0.8305555555555556 0.6015625 0.8347222222222223 0.6015625 0.8361111111111111 0.6015625 0.8472222222222222
3 0.6265625 0.7652777777777778 0.6265625 0.7666666666666666 0.628125 0.7777777777777778 0.62890625 0.7791666666666667 0.634375 0.7847222222222222 0.63515625 0.7847222222222222 0.640625 0.7833333333333333 0.64140625 0.7819444444444444 0.64609375 0.7680555555555556 0.64609375 0.7666666666666666 0.64609375 0.7625 0.6453125 0.7611111111111112 0.64453125 0.7597222222222222 0.64375 0.7597222222222222 0.63984375 0.7555555555555555 0.6390625 0.7555555555555555 0.63671875 0.7555555555555555 0.628125 0.7611111111111112 0.62734375 0.7625 0.6265625 0.7652777777777778
3 0.63125 0.7375 0.63125 0.7388888888888888 0.6296875 0.748611111111111 0.6296875 0.75 0.63046875 0.7555555555555555 0.63125 0.7555555555555555 0.63515625 0.7555555555555555 0.6359375 0.7541666666666667 0.63828125 0.7527777777777778 0.6390625 0.751388888888889 0.640625 0.7458333333333333 0.640625 0.7444444444444445 0.640625 0.7375 0.63984375 0.7361111111111112 0.63828125 0.7291666666666666 0.6375 0.7277777777777777 0.63671875 0.7277777777777777 0.63359375 0.7305555555555556 0.63359375 0.7319444444444444 0.63125 0.7375
3 0.6375 0.7541666666666667 0.63828125 0.7555555555555555 0.64296875 0.7583333333333334 0.64375 0.7597222222222222 0.6453125 0.7625 0.64609375 0.7625 0.64765625 0.7625 0.6484375 0.7611111111111112 0.6515625 0.75 0.6515625 0.748611111111111 0.65078125 0.7347222222222222 0.65 0.7333333333333334 0.6421875 0.7305555555555556 0.640625 0.7458333333333333 0.63984375 0.7472222222222222 0.6375 0.7541666666666667
3 0.90546875 0.7458333333333333 0.90625 0.7472222222222222 0.9078125 0.751388888888889 0.90859375 0.751388888888889 0.915625 0.7527777777777778 0.91640625 0.751388888888889 0.921875 0.7458333333333333 0.921875 0.7444444444444445 0.92265625 0.7388888888888888 0.921875 0.7375 0.91796875 0.7291666666666666 0.9171875 0.7291666666666666 0.91171875 0.7277777777777777 0.90625 0.7375 0.90625 0.7388888888888888 0.90546875 0.7458333333333333
2 0.03465625 0.2832222222222222 0.025843750000000002 0.3055 0.0667578125 0.2525972222222222 0.1366484375 0.15444444444444444 0.123140625 0.136 0.08026562500000001 0.20491666666666666 0.0426796875 0.2546805555555556 0.03465625 0.2832222222222222
2 0.1432109375 0.9700138888888888 0.1366640625 0.9500277777777777 0.110484375 0.9533055555555555 0.05259375 0.9530138888888889 0.00040625 0.9473333333333334 0.00023437500000000002 0.9691111111111111 0.0497421875 0.9759722222222222 0.1432109375 0.9700138888888888
1 0.70546875 0.27055555555555555 0.712109375 0.37736111111111115 0.7099218749999999 0.5118055555555555 0.764765625 0.4961111111111111 0.7640625 0.31277777777777777 0.786328125 0.2890277777777778 0.832265625 0.22833333333333333 0.8723437500000001 0.16902777777777778 0.858203125 0.13083333333333333 0.853046875 0.14263888888888887 0.785546875 0.22305555555555556 0.7603125 0.24555555555555555 0.759609375 0.1651388888888889 0.761796875 0.05958333333333333 0.712109375 0.06222222222222222 0.712109375 0.06888888888888889 0.71140625 0.1611111111111111 0.70546875 0.27055555555555555
0 0.7627343750000001 0.4513888888888889 0.7675 0.3036111111111111 0.703671875 0.29333333333333333 0.710078125 0.3972222222222222 0.707109375 0.4156944444444445 0.70296875 0.42291666666666666 0.688984375 0.41305555555555556 0.68109375 0.40097222222222223 0.673828125 0.39402777777777775 0.65046875 0.3881944444444444 0.632890625 0.39013888888888887 0.608203125 0.4097222222222222 0.564609375 0.4623611111111111 0.5753906249999999 0.49430555555555555 0.598984375 0.4577777777777778 0.61109375 0.4451388888888889 0.634375 0.4270833333333333 0.655703125 0.42236111111111113 0.670546875 0.42611111111111116 0.6764843749999999 0.43138888888888893 0.6846875 0.45458333333333334 0.692734375 0.4865277777777778 0.7080468750000001 0.5116666666666666 0.723515625 0.6304166666666666 0.723203125 0.6245833333333333 0.769609375 0.6081944444444445 0.7627343750000001 0.4513888888888889