2 0.48135416666666664 0.5635185185185185 0.46416666666666667 0.7366666666666667 0.4760416666666667 0.7338888888888889 0.4951041666666666 0.5564814814814815 0.49562500000000004 0.4672222222222222 0.4958333333333333 0.46574074074074073 0.4885416666666667 0.45666666666666667 0.48135416666666664 0.5635185185185185
2 0.0778125 0.6257407407407407 0.07510416666666667 0.6687037037037037 0.05489583333333333 0.7977777777777777 0.050312499999999996 0.8390740740740741 0.06322916666666667 0.8418518518518519 0.08791666666666666 0.6761111111111111 0.08875000000000001 0.49388888888888893 0.08739583333333334 0.49592592592592594 0.07885416666666666 0.5083333333333333 0.0778125 0.6257407407407407
2 0.49197916666666663 0.11833333333333333 0.4972916666666667 0.15296296296296297 0.4953125 0.2690740740740741 0.49239583333333337 0.332037037037037 0.5005208333333333 0.3333333333333333 0.5045833333333333 0.26925925925925925 0.5034375 0.13314814814814815 0.4990625 0.12222222222222222 0.5014583333333333 0.00962962962962963 0.500625 0.007592592592592592 0.4948958333333333 0.008333333333333333 0.49197916666666663 0.11833333333333333
3 0.5104166666666666 0.28888888888888886 0.5114583333333333 0.28703703703703703 0.5197916666666667 0.2833333333333333 0.5208333333333334 0.28148148148148144 0.5270833333333333 0.2722222222222222 0.5270833333333333 0.27037037037037037 0.53125 0.2537037037037037 0.53125 0.2518518518518518 0.53125 0.23703703703703705 0.5302083333333334 0.23518518518518516 0.5239583333333333 0.21851851851851853 0.5229166666666667 0.21851851851851853 0.5177083333333333 0.21296296296296297 0.5166666666666666 0.21296296296296297 0.50625 0.2111111111111111 0.5031249999999999 0.2851851851851852 0.5041666666666667 0.28703703703703703 0.5104166666666666 0.28888888888888886
3 0.4864583333333333 0.33148148148148143 0.4875 0.32962962962962966 0.4895833333333333 0.32962962962962966 0.4916666666666667 0.3277777777777778 0.4916666666666667 0.32037037037037036 0.5010416666666666 0.3197530879629629 0.5010416666666666 0.32962962962962966 0.5052083333333334 0.32962962962962966 0.50625 0.33148148148148143 0.5083333333333333 0.33148148148148143 0.5166666666666666 0.32407407407407407 0.5177083333333333 0.3166666666666667 0.5145833333333334 0.3074074074074074 0.5145833333333334 0.3037037037037037 0.5125000000000001 0.2962962962962963 0.5104166666666666 0.2925925925925926 0.5052083333333334 0.28888888888888886 0.5031249999999999 0.29074074074074074 0.5031249999999999 0.29444444444444445 0.5020833333333333 0.2962962962962963 0.4996527777777778 0.29074074074074074 0.4940972222222222 0.2925925925925926 0.4895833333333333 0.2962962962962963 0.4885416666666667 0.29444444444444445 0.48541666666666666 0.29444444444444445 0.48125 0.31296296296296294 0.4770833333333333 0.32037037037037036 0.478125 0.33148148148148143 0.4864583333333333 0.33148148148148143
3 0.45 0.26666666666666666 0.4489583333333333 0.26851851851851855 0.4395833333333333 0.2851851851851852 0.4395833333333333 0.28703703703703703 0.4395833333333333 0.30185185185185187 0.440625 0.3037037037037037 0.4416666666666667 0.30925925925925923 0.4427083333333333 0.3111111111111111 0.4510416666666667 0.32592592592592595 0.45208333333333334 0.32592592592592595 0.465625 0.33148148148148143 0.4666666666666667 0.32962962962962966 0.4760416666666667 0.32037037037037036 0.4770833333333333 0.3185185185185185 0.48125 0.30925925925925923 0.48125 0.3074074074074074 0.48333333333333334 0.3 0.48333333333333334 0.29814814814814816 0.4822916666666667 0.2777777777777778 0.48125 0.2759259259259259 0.48125 0.2722222222222222 0.4802083333333333 0.27037037037037037 0.4739583333333333 0.25925925925925924 0.4729166666666667 0.25925925925925924 0.46875 0.2537037037037037 0.46770833333333334 0.2537037037037037 0.45416666666666666 0.2537037037037037 0.4510416666666667 0.25925925925925924 0.4510416666666667 0.2611111111111111 0.45 0.26666666666666666
3 0.6541666666666667 0.3925925925925926 0.65625 0.3925925925925926 0.6572916666666666 0.39444444444444443 0.6591145833333334 0.3925925925925926 0.6604166666666667 0.39629629629629626 0.6625 0.39814814814814814 0.6587239583333334 0.4027777777777778 0.6583333333333333 0.412962962962963 0.6427083333333333 0.412962962962963 0.640625 0.41851851851851857 0.640625 0.4222222222222222 0.6416666666666666 0.42407407407407405 0.6447916666666667 0.42592592592592593 0.6510416666666666 0.4351851851851852 0.6520833333333333 0.4351851851851852 0.65625 0.44074074074074077 0.6614583333333334 0.44074074074074077 0.671875 0.42592592592592593 0.671875 0.42407407407407405 0.6697916666666667 0.42037037037037034 0.6677083333333333 0.42037037037037034 0.6635416666666666 0.4166666666666667 0.6677083333333333 0.40185185185185185 0.6708333333333334 0.40185185185185185 0.675 0.4055555555555555 0.678125 0.4055555555555555 0.6791666666666666 0.4074074074074074 0.68125 0.4074074074074074 0.6854166666666667 0.4111111111111111 0.6885416666666666 0.4111111111111111 0.6927083333333334 0.4148148148148148 0.7010416666666667 0.4148148148148148 0.7020833333333334 0.40370370370370373 0.696875 0.39444444444444443 0.6958333333333334 0.39444444444444443 0.6916666666666667 0.387037037037037 0.6885416666666666 0.3851851851851852 0.68125 0.37592592592592594 0.6666666666666666 0.3666666666666667 0.6625 0.3592592592592592 0.6625 0.3574074074074074 0.6604166666666667 0.35370370370370374 0.6606770833333334 0.35185185185185186 0.659375 0.35 0.659375 0.3425925925925926 0.6610677083333334 0.3416666666666667 0.6635416666666666 0.3351851851851852 0.6614583333333334 0.33148148148148143 0.6510416666666666 0.34074074074074073 0.6447916666666667 0.35185185185185186 0.64375 0.3574074074074074 0.6416666666666666 0.3611111111111111 0.6395833333333334 0.36851851851851847 0.6385416666666667 0.37962962962962965 0.6489583333333334 0.3888888888888889 0.6510416666666666 0.3888888888888889 0.6541666666666667 0.3925925925925926
3 0.6739583333333333 0.28888888888888886 0.675 0.28888888888888886 0.678125 0.2833333333333333 0.6791666666666666 0.2833333333333333 0.6864583333333334 0.30185185185185187 0.6760416666666667 0.3148148148148148 0.6729166666666666 0.3166666666666667 0.6708333333333334 0.32037037037037036 0.6666666666666666 0.32407407407407407 0.6645833333333334 0.3277777777777778 0.665625 0.337037037037037 0.6739583333333333 0.3351851851851852 0.675 0.3333333333333333 0.6927083333333334 0.3333333333333333 0.69375 0.3351851851851852 0.696875 0.3351851851851852 0.6979166666666666 0.337037037037037 0.703125 0.337037037037037 0.7041666666666666 0.3388888888888889 0.70625 0.3388888888888889 0.7083333333333334 0.3351851851851852 0.709375 0.3351851851851852 0.7166666666666667 0.3222222222222222 0.715625 0.3 0.7135416666666666 0.2962962962962963 0.7125 0.29074074074074074 0.7114583333333334 0.29074074074074074 0.709375 0.28703703703703703 0.703125 0.28703703703703703 0.7044642847222222 0.2817460324074074 0.6848214282407407 0.26058201157407407 0.6802083333333334 0.25 0.675 0.25 0.6739583333333333 0.2518518518518518 0.6697916666666667 0.2537037037037037 0.6645833333333334 0.26481481481481484 0.6572916666666666 0.29074074074074074 0.65625 0.3055555555555556 0.6583333333333333 0.3055555555555556 0.6708333333333334 0.29444444444444445 0.6739583333333333 0.28888888888888886
3 0.04895833333333333 0.1259259259259259 0.04791666666666666 0.1259259259259259 0.03125 0.11851851851851852 0.030208333333333334 0.12037037037037036 0.0125 0.12962962962962962 0.011458333333333334 0.13148148148148148 0.00625 0.13518518518518519 0.005208333333333333 0.13703703703703704 0.004166666666666667 0.14074074074074072 0.004166666666666667 0.1425925925925926 0.003125 0.23333333333333334 0.004166666666666667 0.23518518518518516 0.005208333333333333 0.24629629629629632 0.00625 0.24629629629629632 0.015625 0.25925925925925924 0.016666666666666666 0.25925925925925924 0.04583333333333334 0.2777777777777778 0.046875 0.2777777777777778 0.0625 0.2740740740740741 0.06354166666666666 0.2722222222222222 0.07187500000000001 0.26481481481481484 0.07291666666666667 0.26481481481481484 0.084375 0.2611111111111111 0.08541666666666667 0.25925925925925924 0.09375 0.24814814814814815 0.09375 0.24629629629629632 0.09895833333333333 0.23148148148148148 0.09895833333333333 0.22962962962962963 0.1 0.18888888888888888 0.09895833333333333 0.18703703703703703 0.09895833333333333 0.1814814814814815 0.09791666666666667 0.1796296296296296 0.08854166666666667 0.13703703703703704 0.0875 0.13518518518518519 0.07083333333333333 0.10740740740740741 0.06979166666666667 0.10740740740740741 0.06354166666666666 0.1 0.0625 0.1 0.058333333333333334 0.1 0.06041666666666667 0.10555555555555556 0.059375 0.10740740740740741 0.04895833333333333 0.1259259259259259
3 0.07083333333333333 0.35185185185185186 0.07708333333333332 0.37407407407407406 0.08333333333333333 0.3833333333333333 0.08541666666666667 0.3833333333333333 0.08645833333333333 0.3851851851851852 0.09479166666666668 0.3888888888888889 0.09895833333333333 0.39444444444444443 0.10520833333333333 0.3925925925925926 0.10625 0.3907407407407408 0.109375 0.3907407407407408 0.11354166666666667 0.3851851851851852 0.11458333333333333 0.3851851851851852 0.11770833333333333 0.37962962962962965 0.11770833333333333 0.37777777777777777 0.12812500000000002 0.35185185185185186 0.13854166666666667 0.3648148148148148 0.13854166666666667 0.3666666666666667 0.13229166666666667 0.37962962962962965 0.13229166666666667 0.38148148148148153 0.12604166666666666 0.39444444444444443 0.12291666666666667 0.4055555555555555 0.12395833333333332 0.4074074074074074 0.12916666666666665 0.4055555555555555 0.13229166666666667 0.40185185185185185 0.134375 0.40185185185185185 0.13541666666666666 0.4 0.13749999999999998 0.4 0.14166666666666666 0.39629629629629626 0.15625 0.37037037037037035 0.15625 0.3666666666666667 0.159375 0.3574074074074074 0.159375 0.337037037037037 0.15833333333333335 0.3351851851851852 0.15729166666666666 0.32592592592592595 0.15296474305555557 0.32393162499999995 0.14431089814814815 0.31253561342592595 0.14583333333333334 0.3074074074074074 0.14895833333333333 0.30185185185185187 0.14895833333333333 0.29444444444444445 0.146875 0.29074074074074074 0.14583333333333334 0.2851851851851852 0.13645833333333335 0.2722222222222222 0.11770833333333333 0.2555555555555556 0.11402243518518518 0.27264957175925925 0.10536859027777777 0.2612535601851852 0.10104166666666667 0.26666666666666666 0.09895833333333333 0.26296296296296295 0.10104166666666667 0.2555555555555556 0.1 0.2574074074074074 0.09895833333333333 0.2611111111111111 0.09479166666666668 0.3055555555555556 0.090625 0.31296296296296294 0.08854166666666667 0.3148148148148148 0.06979166666666667 0.3148148148148148 0.06770833333333333 0.3185185185185185 0.065625 0.32592592592592595 0.065625 0.33148148148148143 0.07083333333333333 0.34814814814814815 0.07083333333333333 0.35185185185185186
3 0.13020833333333334 0.40925925925925927 0.12916666666666665 0.40925925925925927 0.11875 0.4148148148148148 0.11875 0.4166666666666667 0.10729166666666667 0.44074074074074077 0.10729166666666667 0.4425925925925926 0.10625 0.45185185185185184 0.10729166666666667 0.4537037037037037 0.11979166666666667 0.45925925925925926 0.12083333333333333 0.4574074074074074 0.13854166666666667 0.4537037037037037 0.13958333333333334 0.45185185185185184 0.14166666666666666 0.45185185185185184 0.14270833333333333 0.45 0.15208333333333335 0.43703703703703706 0.153125 0.4351851851851852 0.159375 0.4222222222222222 0.159375 0.42037037037037034 0.16354166666666667 0.40370370370370373 0.16354166666666667 0.40185185185185185 0.16354166666666667 0.3851851851851852 0.1625 0.3833333333333333 0.16145833333333334 0.37592592592592594 0.16041666666666665 0.37407407407407406 0.15729166666666666 0.37222222222222223 0.14166666666666666 0.4 0.140625 0.4 0.13020833333333334 0.40925925925925927
3 0.005208333333333333 0.046296296296296294 0.005208333333333333 0.04814814814814815 0.00625 0.07222222222222222 0.007291666666666667 0.07222222222222222 0.01979166666666667 0.08148148148148149 0.020833333333333332 0.08148148148148149 0.03333333333333333 0.08703703703703704 0.034374999999999996 0.08518518518518518 0.04583333333333334 0.07037037037037036 0.04583333333333334 0.06851851851851852 0.04895833333333333 0.05925925925925926 0.04895833333333333 0.05740740740740741 0.05 0.04814814814814815 0.051041666666666666 0.046296296296296294 0.06041666666666667 0.03333333333333333 0.06041666666666667 0.03148148148148148 0.06041666666666667 0.02962962962962963 0.059375 0.027777777777777776 0.053125 0.022222222222222223 0.052083333333333336 0.020370370370370372 0.04895833333333333 0.009259259259259259 0.04791666666666666 0.007407407407407408 0.04583333333333334 0.005555555555555556 0.04479166666666667 0.005555555555555556 0.016666666666666666 0.005555555555555556 0.007291666666666667 0.016666666666666666 0.007291666666666667 0.018518518518518517 0.005208333333333333 0.046296296296296294
3 0.004166666666666667 0.9444444444444444 0.004166666666666667 0.9462962962962963 0.005208333333333333 0.9907407407407407 0.00625 0.9925925925925926 0.029166666666666667 0.9944444444444445 0.030208333333333334 0.9925925925925926 0.03333333333333333 0.9740740740740741 0.03229166666666666 0.9722222222222222 0.03229166666666666 0.9611111111111111 0.03125 0.9592592592592593 0.030208333333333334 0.9518518518518518 0.029166666666666667 0.95 0.026041666666666668 0.9425925925925925 0.025 0.9425925925925925 0.01979166666666667 0.9370370370370371 0.01875 0.9370370370370371 0.011458333333333334 0.9351851851851852 0.00625 0.9370370370370371 0.005208333333333333 0.938888888888889 0.004166666666666667 0.9444444444444444
3 0.05 0.975925925925926 0.05 0.9777777777777777 0.04791666666666666 0.9888888888888888 0.04791666666666666 0.9907407407407407 0.04895833333333333 0.9962962962962962 0.05 0.9962962962962962 0.07604166666666667 0.9962962962962962 0.07604166666666667 0.9944444444444445 0.075 0.9833333333333334 0.07395833333333333 0.9814814814814815 0.06770833333333333 0.9703703703703703 0.06666666666666667 0.9703703703703703 0.059375 0.9666666666666667 0.052083333333333336 0.9703703703703703 0.052083333333333336 0.9722222222222222 0.05 0.975925925925926
3 0.28125 0.6814814814814815 0.28229166666666666 0.6833333333333333 0.28541666666666665 0.688888888888889 0.2864583333333333 0.688888888888889 0.29375 0.6907407407407407 0.2947916666666667 0.688888888888889 0.3020833333333333 0.6814814814814815 0.3020833333333333 0.6796296296296297 0.3010416666666667 0.6666666666666666 0.3 0.6648148148148147 0.2989583333333333 0.6629629629629629 0.29791666666666666 0.6629629629629629 0.29375 0.6574074074074074 0.29270833333333335 0.6574074074074074 0.2864583333333333 0.6574074074074074 0.28125 0.6648148148148147 0.28125 0.6666666666666666 0.28125 0.6814814814814815
3 0.28020833333333334 0.7092592592592593 0.28125 0.7111111111111111 0.28541666666666665 0.7203703703703703 0.2864583333333333 0.7203703703703703 0.28750000000000003 0.7203703703703703 0.2885416666666667 0.7185185185185184 0.29583333333333334 0.7055555555555556 0.29583333333333334 0.7037037037037037 0.29583333333333334 0.6981481481481482 0.2947916666666667 0.6962962962962963 0.2864583333333333 0.6925925925925925 0.28125 0.7 0.28125 0.7018518518518518 0.28020833333333334 0.7092592592592593
3 0.7552083333333334 0.32407407407407407 0.7541666666666667 0.32407407407407407 0.7458333333333333 0.3277777777777778 0.7447916666666666 0.32962962962962966 0.7395833333333334 0.3425925925925926 0.7395833333333334 0.3444444444444445 0.7395833333333334 0.3925925925925926 0.740625 0.39444444444444443 0.74375 0.4 0.7447916666666666 0.4 0.75 0.39814814814814814 0.75 0.39629629629629626 0.746875 0.3666666666666667 0.746875 0.3648148148148148 0.7489583333333334 0.3574074074074074 0.75 0.3574074074074074 0.7541666666666667 0.3574074074074074 0.7552083333333334 0.3592592592592592 0.7614583333333333 0.3648148148148148 0.7625 0.3666666666666667 0.790625 0.40185185185185185 0.7916666666666666 0.40185185185185185 0.8104166666666667 0.387037037037037 0.8104166666666667 0.3851851851851852 0.8145833333333333 0.35370370370370374 0.8145833333333333 0.35185185185185186 0.8145833333333333 0.337037037037037 0.8135416666666666 0.3351851851851852 0.8125 0.33148148148148143 0.8114583333333334 0.33148148148148143 0.8 0.3277777777777778 0.7989583333333333 0.32592592592592595 0.7760416666666666 0.3148148148148148 0.775 0.31296296296296294 0.7697916666666667 0.30925925925925923 0.76875 0.30925925925925923 0.7635416666666667 0.30925925925925923 0.7583333333333334 0.31296296296296294 0.7583333333333334 0.3148148148148148 0.7552083333333334 0.32407407407407407
3 0.14270833333333333 0.4759259259259259 0.14375000000000002 0.4777777777777778 0.14791666666666667 0.48148148148148145 0.14895833333333333 0.48148148148148145 0.15729166666666666 0.48333333333333334 0.15833333333333335 0.48148148148148145 0.16354166666666667 0.46851851851851856 0.16354166666666667 0.4666666666666667 0.16145833333333334 0.45185185185185184 0.16041666666666665 0.45 0.14895833333333333 0.44814814814814813 0.14270833333333333 0.4611111111111111 0.14270833333333333 0.46296296296296297 0.14270833333333333 0.4759259259259259
3 0.3489583333333333 0.7370370370370369 0.35 0.7388888888888888 0.359375 0.7388888888888888 0.36041666666666666 0.7370370370370369 0.3625 0.7333333333333334 0.3625 0.7314814814814815 0.3614583333333333 0.7203703703703703 0.36041666666666666 0.7203703703703703 0.3520833333333333 0.7185185185185184 0.3489583333333333 0.7222222222222222 0.3489583333333333 0.7240740740740741 0.3489583333333333 0.7370370370370369
1 0.06291666666666666 0.8407407407407407 0.06979166666666667 0.7922222222222223 0.0696875 0.7875925925925926 0.06302083333333333 0.789074074074074 0.06427083333333333 0.7838888888888889 0.07010416666666666 0.7809259259259259 0.07208333333333333 0.7751851851851852 0.07333333333333333 0.7507407407407407 0.06302083333333333 0.7477777777777779 0.05822916666666667 0.7837037037037037 0.05177083333333333 0.7927777777777778 0.007083333333333334 0.7825925925925925 0.005833333333333334 0.7909259259259259 0.034791666666666665 0.7972222222222222 0.052187500000000005 0.8094444444444444 0.05427083333333333 0.8261111111111111 0.05395833333333333 0.8307407407407408 0.0546875 0.8403703703703704 0.06291666666666666 0.8407407407407407
1 0.12489583333333333 0.6890740740740741 0.12479166666666666 0.6812962962962963 0.08729166666666667 0.695925925925926 0.08583333333333333 0.6950000000000001 0.08614583333333334 0.6685185185185185 0.07572916666666668 0.6659259259259259 0.06541666666666666 0.7416666666666666 0.07260416666666666 0.7464814814814815 0.0734375 0.7479629629629629 0.08010416666666666 0.7175925925925926 0.12489583333333333 0.6890740740740741
1 0.48333333333333334 0.6420370370370371 0.4740625 0.6368518518518519 0.46937500000000004 0.674074074074074 0.4675 0.6742592592592592 0.4423958333333334 0.63 0.4388541666666667 0.6320370370370371 0.4678125 0.6914814814814816 0.46625 0.7285185185185186 0.4663541666666667 0.7274074074074074 0.47583333333333333 0.7229629629629629 0.48333333333333334 0.6420370370370371
1 0.5319791666666667 0.5157407407407407 0.5317708333333333 0.5068518518518519 0.5020833333333333 0.5287037037037037 0.4973958333333333 0.5285185185185185 0.4944791666666667 0.5238888888888888 0.49520833333333336 0.48148148148148145 0.4864583333333333 0.4835185185185185 0.48031250000000003 0.5766666666666667 0.49114583333333334 0.577037037037037 0.49197916666666663 0.5781481481481481 0.49385416666666665 0.5464814814814815 0.5319791666666667 0.5157407407407407