2 0.5441327152777778 0.6223711041666667 0.544428337962963 0.6237619074074074 0.5298613634259259 0.6423642453703704 0.5301077175925926 0.6435232476851852 0.5235768101851852 0.6492724629629629 0.5193392638888888 0.6516268217592592 0.5045843032407408 0.6571859259259258 0.49762768287037035 0.658906875 0.4905234305555556 0.6599323842592594 0.48281000462962964 0.6601182824074073 0.36280318055555555 0.7338402083333334 0.3214182662037037 0.7559623078703703 0.27961677777777777 0.7842298958333332 0.19277516203703704 0.8518715393518519 0.1900383449074074 0.853180087962963 0.18612779166666668 0.8590991504629629 0.1862756041666667 0.8597945532407407 0.16725625462962962 0.8817660046296296 0.19205403009259261 0.8687421134259259 0.19772938657407407 0.8609941828703703 0.19891638657407407 0.8604996041666667 0.20931753935185185 0.8587733194444445 0.2853414560185185 0.7990035486111111 0.37388968749999996 0.7414172291666666 0.5327415138888889 0.6478089930555555 0.7502550972222223 0.5485156828703703 0.7383625138888888 0.5391718101851852 0.737076974537037 0.5392027870370371 0.6408376990740741 0.5889750138888888 0.6008592245370371 0.6035296435185186 0.5951929861111112 0.5991616435185185 0.5441327152777778 0.6223711041666667
2 0.8970885162037037 0.1849912291666667 0.8938635277777778 0.18705017129629628 0.8768310185185185 0.1930742152777778 0.8680702569444444 0.19493637268518518 0.8670419236111111 0.1958416226851852 0.8408298263888889 0.2017565138888889 0.8363668541666667 0.20373526157407407 0.8144525439814815 0.20976674305555554 0.812795574074074 0.2077153773148148 0.8120972708333334 0.204430125 0.8075201666666666 0.2029994537037037 0.8022638935185186 0.20411671064814815 0.8007910787037038 0.2058033240740741 0.7892243148148148 0.2116955949074074 0.7888497962962964 0.21280521064814814 0.7804383773148148 0.21631000462962963 0.7775180625 0.2169307361111111 0.7738996296296295 0.21426617824074073 0.7726616435185185 0.2141859837962963 0.7646247013888889 0.21658096064814814 0.7477952754629629 0.23217609953703705 0.7474906018518518 0.23361431018518516 0.7410597546296296 0.243565375 0.6335445462962963 0.33509193287037037 0.6323763842592592 0.3353402337962963 0.644216076388889 0.3393476527777778 0.7136794444444445 0.281318474537037 0.7669416388888889 0.24184102777777777 0.8119194699074074 0.22369654861111113 0.8151444583333333 0.22163760416666667 0.8894641712962963 0.19794298842592592 0.9342578472222223 0.17606052777777778 0.9268811481481483 0.17007446296296294 0.9257129861111111 0.1703227638888889 0.9226276689814815 0.1730387962962963 0.8970885162037037 0.1849912291666667
3 0.34733141203703705 0.6368146458333334 0.34530345138888885 0.6361807638888889 0.34059781018518515 0.6318562893518519 0.33878642592592595 0.6322413101851851 0.3272683958333333 0.6314947291666667 0.3254570115740741 0.6318797500000001 0.3200228564814815 0.6330348148148148 0.31842804861111107 0.6344387407407408 0.30161365046296296 0.6444023796296295 0.2998022662037037 0.644787400462963 0.2909619189814815 0.6477314143518519 0.2893671087962963 0.649135337962963 0.2845826805555556 0.6533471157407407 0.28479925462962963 0.6543660185185186 0.2806645486111111 0.6616345069444444 0.280881125 0.6626534097222222 0.28326344675925924 0.6738613518518519 0.2852914050925926 0.6744952337962963 0.3068704444444444 0.6869474768518518 0.3086818287037037 0.6865624560185185 0.32222781944444445 0.6879429189814815 0.3240392037037037 0.6875578958333334 0.3385302777777778 0.6844777245370369 0.3401250879629629 0.6830737986111111 0.3609954027777778 0.674377923611111 0.36077882870370376 0.6733590208333333 0.36375187268518516 0.6695322662037037 0.3543405879629629 0.6608833148148149 0.35412401388888887 0.6598644097222222 0.3521748425925926 0.6506942777777778 0.35014688194444443 0.6500603958333334 0.3420350462962963 0.6475248657407408 0.3418184722222222 0.6465059629629629 0.34841428472222224 0.6419091643518519 0.34819771064814814 0.6408902615740741 0.34733141203703705 0.6368146458333334
3 0.39123778703703704 0.6296119328703703 0.38942640277777774 0.6299969560185185 0.37782958564814817 0.6377866249999999 0.3760182013888889 0.6381716481481482 0.3535530763888889 0.6482714467592593 0.35376965046296294 0.6492903518518518 0.3561519722222222 0.6604982916666666 0.35817993287037037 0.6611321736111111 0.3680243657407407 0.6718189328703703 0.36983575 0.6714339120370371 0.37389166898148146 0.6727016759259259 0.37570305324074077 0.6723166550925925 0.38294859027777783 0.6707765671296296 0.3827320162037037 0.6697576643518518 0.4080323981481481 0.6462759537037037 0.4078158240740741 0.6452570509259259 0.420082150462963 0.6138964328703703 0.39929062268518517 0.6140560555555555 0.3974792384259259 0.6144410763888888 0.3850161226851852 0.6181551319444445 0.38704408101851856 0.6187890138888889 0.38769380555555555 0.6218457245370371 0.3897217638888889 0.6224796064814814 0.39174972453703705 0.6231134907407407 0.3919662986111111 0.6241323935185186 0.39123778703703704 0.6296119328703703
3 0.3195307083333333 0.6129056018518518 0.3199638564814815 0.6149434074074074 0.3219918148148148 0.6155772893518519 0.32561458564814816 0.6148072476851851 0.3319938240740741 0.6091915462962963 0.33475029398148143 0.6043458865740741 0.33656167824074074 0.6039608657407407 0.3446735138888889 0.6064963935185185 0.35735320601851855 0.6038012430555555 0.3623542106481481 0.6006083703703703 0.36597697916666666 0.5998383263888889 0.3729271550925926 0.605815587962963 0.37401002777777775 0.6109101064814815 0.3800939050925926 0.6128117523148148 0.3855280601851852 0.6116566874999999 0.3923404467592593 0.6080787939814815 0.39712487731481483 0.6038670185185184 0.39582542824074074 0.5977535949074074 0.3917695115740741 0.5964858310185185 0.3915529351851852 0.5954669282407408 0.3873985648148148 0.5967049444444444 0.3874970185185185 0.5941991620370369 0.3838742476851852 0.5949692060185185 0.3822794398148148 0.5963731319444444 0.3789716967592593 0.5956562962962962 0.3718442824074074 0.6007210694444445 0.3657604050925926 0.5988194236111112 0.3705448333333333 0.5946076458333333 0.36989510879629633 0.5915509351851852 0.367867150462963 0.5909170532407407 0.360188462962963 0.5904193333333333 0.34750877314814815 0.5931144837962963 0.34591396296296295 0.5945184097222223 0.3386684236111111 0.5960584953703704 0.33547880555555554 0.5988663472222222 0.3302612268518519 0.6010403148148148 0.32707160648148154 0.6038481666666667 0.32025921759259257 0.6074260601851852 0.3175027476851852 0.6122717175925926 0.3195307083333333 0.6129056018518518
3 0.4945654884259259 0.5991294490740741 0.4927541041666667 0.5995144699074074 0.47826302777777774 0.6025946435185184 0.4766682175925926 0.6039985694444445 0.46804444444444443 0.6079614837962963 0.4664496365740741 0.6093654097222222 0.45325800925925924 0.6185590046296296 0.4534745833333333 0.6195779097222222 0.450501537037037 0.6234046643518518 0.45071811342592594 0.6244235671296297 0.44642583333333336 0.6487645578703704 0.44845379166666666 0.6493984398148148 0.44888694212962965 0.6514362476851852 0.45091490046296295 0.6520701296296296 0.4671385740740741 0.6571411875000001 0.4689499583333333 0.6567561643518518 0.4824959490740741 0.6581366273148148 0.4843073333333333 0.6577516064814815 0.5044491365740741 0.6545352731481481 0.5060439467592592 0.6531313472222222 0.5266976851851852 0.6434165694444445 0.5282924953703704 0.6420126435185186 0.5364831203703704 0.6360119189814816 0.5362665439814814 0.6349930162037037 0.5419960601851852 0.6263206041666666 0.541779486111111 0.6253016990740741 0.5412085486111111 0.6137087361111111 0.5385308657407407 0.6100181435185185 0.5365029050925926 0.6093842615740741 0.5283910694444445 0.6068487314814816 0.5281744953703703 0.6058298287037037 0.525063662037037 0.6001014282407406 0.5230357037037037 0.5994675462962964 0.5169518263888889 0.5975659004629629 0.5151404421296296 0.5979509212962962 0.4945654884259259 0.5991294490740741
3 0.5690304722222222 0.21909259027777778 0.567435662037037 0.22049651620370372 0.5644626180555555 0.22432327083333334 0.5646791921296296 0.2253421736111111 0.5577880185185186 0.23745631944444445 0.5580045925925926 0.23847522222222223 0.5601703379629629 0.24866426157407406 0.5621982986111111 0.24929814351851853 0.5669039398148148 0.2536226180555556 0.5689319004629629 0.2542565 0.5750157777777778 0.25615814583333335 0.576827162037037 0.255773125 0.5994300740740741 0.2552284814814815 0.6012414583333333 0.25484345833333333 0.6155159583333334 0.2507443819444444 0.6171107685185185 0.2493404560185185 0.627112775462963 0.24295471064814814 0.6268962013888889 0.24193580787037036 0.6328422916666667 0.2342822986111111 0.6326257175925926 0.23326339583333333 0.6377055069444445 0.22153427083333332 0.6374889328703703 0.22051536805555555 0.6361894861111111 0.21440194444444444 0.6292393078703704 0.20842468287037036 0.627211349537037 0.20779080092592592 0.6190995138888888 0.20525527314814815 0.6172881296296296 0.20564029398148148 0.6037421388888888 0.20425983101851852 0.6019307546296296 0.20464485185185186 0.5840334837962963 0.20951397222222223 0.5824386759259259 0.21091789814814815 0.5690304722222222 0.21909259027777778
3 0.5716095833333333 0.2579470949074074 0.5718261574074074 0.2589659976851852 0.5702313472222222 0.2603699236111111 0.5704479212962963 0.2613888263888889 0.5721805185185185 0.2695400578703704 0.5742084791666667 0.2701739398148148 0.576886162037037 0.2738645324074074 0.5789141203703704 0.27449841435185185 0.5947046435185185 0.2775316643518519 0.5965160300925926 0.2771466412037037 0.6116568287037037 0.27712318055555557 0.6134682129629629 0.2767381574074074 0.6259313287037037 0.27302410416666667 0.6275261388888889 0.27162017824074075 0.6389063819444445 0.26281160416666666 0.6386898078703703 0.2617926990740741 0.6430410879629629 0.25554311574074073 0.642824513888889 0.25452421296296296 0.6419582152777777 0.25044859722222224 0.6293573101851853 0.2446074976851852 0.6275459259259258 0.24499251851851853 0.6139211481481481 0.25214830787037035 0.6121097638888889 0.2525333287037037 0.5921845347222222 0.25676856712962964 0.5901565763888889 0.2561346851851852 0.5770437361111111 0.25679202777777776 0.5752323518518518 0.2571770509259259 0.5716095833333333 0.2579470949074074
3 0.6305189699074073 0.24116576388888888 0.6307355462962962 0.2421846689814815 0.6354411874999999 0.24650914351851852 0.6374691458333333 0.24714302546296296 0.6435530231481481 0.24904467129629632 0.643769599537037 0.25006357638888893 0.6462307083333334 0.2527352662037037 0.6480420925925926 0.25235024305555553 0.6633994652777778 0.2533456851851852 0.665210849537037 0.2529606643518518 0.6776739675925926 0.24924660879629632 0.679268775462963 0.24784268287037037 0.6826749699074074 0.24605373611111112 0.6842697800925925 0.24464981018518517 0.6868096759259259 0.23878524768518516 0.6884044861111112 0.23738132407407408 0.6997847291666667 0.22857275 0.6995681550925925 0.22755384490740743 0.7030531365740741 0.21722864583333334 0.7028365601851851 0.21620974305555554 0.701320537037037 0.20907741666666665 0.6907475925925927 0.20387019907407408 0.6889362083333334 0.2042552199074074 0.679012988425926 0.20210471296296295 0.6772016041666666 0.20248973611111112 0.6414070625 0.21222797685185185 0.6398122546296295 0.213631900462963 0.6385718055555556 0.22560988657407408 0.6369769976851851 0.22701381018518518 0.6305189699074073 0.24116576388888888
3 0.6524523726851852 0.2641920671296296 0.6542637569444445 0.2638070462962963 0.6760003703703703 0.25918678472222223 0.6775951805555556 0.2577828611111111 0.6910033819444444 0.2496081689814815 0.6907868078703703 0.24858926388888888 0.6915153194444444 0.24310972453703705 0.6760791574074074 0.2506505347222222 0.6742677731481481 0.25103555555555557 0.6597766967592592 0.2541157291666667 0.6577487384259258 0.2534818472222222 0.6446358981481481 0.2541391898148148 0.6448524722222223 0.25515809490740743 0.6425291504629629 0.2620415601851852 0.6445571111111111 0.2626754421296296 0.6524523726851852 0.2641920671296296
3 0.6207141087962964 0.17722368749999998 0.6191192986111111 0.17862761342592592 0.6104955277777777 0.1825905300925926 0.6089007175925927 0.18399445601851852 0.6011432430555556 0.19203298611111114 0.6013598171296296 0.19305188888888888 0.6035255648148149 0.20324092824074075 0.6053369490740741 0.2028559050925926 0.6247502407407408 0.2051191111111111 0.626778201388889 0.20575299305555556 0.6391625300925926 0.2105751898148148 0.6409739143518519 0.2101901689814815 0.6554649907407407 0.20710999537037036 0.6570597986111111 0.20570606944444444 0.6677115324074074 0.20237703703703702 0.6693063402777777 0.20097311111111113 0.6734410462962963 0.19370462268518518 0.6630846759259259 0.18951630787037035 0.6612732916666666 0.1899013310185185 0.6515666458333333 0.18876972685185187 0.6513500717592593 0.18775082407407406 0.6457781296296297 0.1793507337962963 0.6437501712962963 0.17871685185185185 0.6352051851851852 0.17414351620370372 0.6333938009259259 0.17452853703703702 0.6207141087962964 0.17722368749999998
3 0.5189614328703703 0.2329299074074074 0.5191780069444444 0.2339488101851852 0.5219146898148148 0.2557308125 0.523942650462963 0.25636469444444443 0.5329207847222223 0.262975837962963 0.5349487453703704 0.26360971990740745 0.5446553912037038 0.26474132175925924 0.546466775462963 0.26435630092592594 0.5682033888888889 0.25973604166666664 0.5679868148148148 0.2587171365740741 0.5581423796296296 0.24803037962962962 0.5579258055555555 0.24701147453703703 0.5557600578703704 0.2368224375 0.5573548680555556 0.23541851157407406 0.5654077037037036 0.21986263425925928 0.5591072523148148 0.21694208333333334 0.5572958680555555 0.21732710416666667 0.5514285648148148 0.2164443634259259 0.5496171805555555 0.21682938425925927 0.5369374884259259 0.21952453472222222 0.5353426805555556 0.22092846064814817 0.523529287037037 0.22769922685185187 0.5219344768518519 0.22910315277777776 0.5189614328703703 0.2329299074074074
3 0.516618324074074 0.2664410324074074 0.5121292569444444 0.26313546064814813 0.5103178726851852 0.2635204814814815 0.4815522962962963 0.27069973148148146 0.4817688703703704 0.2717186365740741 0.5061043819444444 0.2793252222222222 0.5079157662037037 0.2789401990740741 0.5181343472222222 0.2735733587962963 0.5179177731481481 0.2725544537037037 0.516618324074074 0.2664410324074074
3 0.37850124768518517 0.026369379629629628 0.3787178217592593 0.027388282407407406 0.38074578009259263 0.028022164351851852 0.3813955046296296 0.031078875 0.383423462962963 0.03171275925925926 0.3836400393518518 0.03273166203703704 0.38566799768518517 0.03336554398148148 0.3874793819444445 0.03298052314814815 0.38950734259259256 0.03361440509259259 0.39856426388888894 0.0316892962962963 0.4001590740740741 0.030285370370370372 0.40740461111111115 0.028745284722222222 0.4094325694444444 0.029379166666666668 0.414866724537037 0.02822410185185185 0.4164615324074074 0.026820175925925924 0.4182729189814815 0.026435155092592595 0.41762319444444446 0.02337844212962963 0.41559523379629626 0.022744560185185184 0.41386263657407407 0.014593331018518518 0.4154574467592593 0.013189405092592591 0.41502429861111106 0.011151597222222222 0.412996337962963 0.010517715277777777 0.41256318981481477 0.008479907407407408 0.4035062662037037 0.010405016203703703 0.40191145833333336 0.01180894212962963 0.3856089976851852 0.015274136574074074 0.3840141875 0.0166780625 0.376768650462963 0.018218148148148147 0.3751738402777778 0.019622074074074076 0.37647328703703703 0.025735497685185186 0.37850124768518517 0.026369379629629628
3 0.5901163495370371 0 0.5833844768518519 0.010508495370370371 0.5836010532407407 0.011527398148148148 0.5844673518518518 0.01560301388888889 0.5864953101851852 0.016236895833333334 0.5943905717592592 0.01775352083333333 0.5962019560185184 0.017368500000000002 0.6140992268518518 0.01249937962962963 0.6156940370370371 0.011095453703703705 0.622801787037037 2.1064814814814816e-7 0.6228017430555555 0 0.5901163495370371 0
3 0.6253994027777778 0 0.6193955925925926 0.0017891574074074075 0.6176473449074074 0.0033521064814814815 0.6184098449074074 0.004872101851851851 0.6177711273148148 0.0074785208333333335 0.6148506712962963 0.01197576388888889 0.6112390740740741 0.014879912037037037 0.6146701643518518 0.024092342592592592 0.616481548611111 0.023707319444444444 0.6275664282407407 0.022416094907407407 0.629161238425926 0.02101216898148148 0.629456599537037 0.013494819444444443 0.6342410300925926 0.009283043981481482 0.6573558773148148 0.0022399560185185183 0.6589506875 0.0008360300925925926 0.6591278194444444 0 0.6253994027777778 0
3 0.8029746412037037 0.18853510879629629 0.8050026018518518 0.18916899074074073 0.8090585185185185 0.1904367546296296 0.8108699027777777 0.1900517337962963 0.8276055138888888 0.1886243449074074 0.8294168981481482 0.1882393240740741 0.8382572453703704 0.18529531249999998 0.8329018796296296 0.177914125 0.8308739189814814 0.17728024305555556 0.8266014259259259 0.17499357407407407 0.8247900416666667 0.1753785972222222 0.8121103518518519 0.1780737476851852 0.8105155416666667 0.1794776736111111 0.8039197268518519 0.18407447222222223 0.8041363009259259 0.18509337499999998 0.8029746412037037 0.18853510879629629
3 0.8379816689814815 0.166185 0.8381982430555555 0.16720390509259261 0.8338469652777777 0.17345348842592592 0.8340635393518518 0.1744723912037037 0.8362292847222222 0.18466143055555553 0.8382572453703704 0.18529531249999998 0.8481804652777777 0.18744581944444447 0.8499918495370371 0.1870607962962963 0.8662943101851852 0.18359560185185184 0.8678891203703704 0.18219167592592594 0.8731066990740741 0.18001770833333333 0.8747015092592593 0.1786137824074074 0.8824589814814815 0.1705752523148148 0.8822424074074073 0.1695563472222222 0.8847823032407407 0.16369178703703702 0.8776155532407407 0.15669562037037038 0.8755875925925927 0.15606173842592594 0.871531675925926 0.15479397453703705 0.8697202916666666 0.15517899537037036 0.8620416041666666 0.15468127546296295 0.8604467939814815 0.1560852013888889 0.8461722939814814 0.16018427777777777 0.8445774837962964 0.16158820370370372 0.8379816689814815 0.166185
3 0.894331375 0.1818958912037037 0.8961427592592592 0.18151087037037036 0.9174462245370371 0.17485280324074073 0.9190410347222223 0.17344887731481481 0.9324492361111111 0.1652741851851852 0.932232662037037 0.1642552824074074 0.930795425925926 0.14858670370370372 0.9118152824074074 0.14836130555555554 0.9102204722222221 0.1497652314814815 0.8963791203703703 0.15590211574074075 0.8947843125 0.15730604166666667 0.8849988773148149 0.16471068981481482 0.8852154537037037 0.1657295925925926 0.8851366666666666 0.1742658449074074 0.8871646249999999 0.17489972685185184 0.894331375 0.1818958912037037
3 0.9091760972222223 0.3853385439814815 0.907581287037037 0.3867424699074074 0.8909834652777777 0.39772501388888887 0.8912000393518519 0.3987439166666667 0.884958587962963 0.4139147731481482 0.885175162037037 0.41493367824074073 0.8858248865740741 0.41799038888888884 0.8878528472222222 0.41862427083333337 0.8954527453703703 0.42765824305555555 0.8974807060185185 0.428292125 0.9055925416666667 0.4308276527777778 0.9074039259259259 0.4304426319444445 0.9302234120370371 0.4309168912037037 0.9320347962962963 0.4305318703703704 0.9410917199074075 0.42860676157407407 0.9426865300925926 0.42720283564814815 0.9653682291666668 0.4181219398148148 0.9669630393518518 0.41671801388888885 0.9701526574074074 0.41391016203703707 0.9699360833333333 0.41289125925925924 0.974720511574074 0.40867948379629626 0.9745039375 0.40766057870370376 0.9786386435185185 0.40039209259259256 0.9784220694444444 0.39937318749999995 0.9769060462962963 0.39224086111111106 0.9717672546296297 0.3858785787037037 0.9697392939814814 0.38524469675925926 0.9537321967592592 0.3811925439814815 0.9519208124999999 0.3815775648148148 0.9422141666666667 0.38044596296296296 0.9404027824074075 0.38083098379629626 0.921639212962963 0.38162448842592595 0.9200444027777778 0.38302841435185186 0.9091760972222223 0.3853385439814815
3 0.8667069560185184 0.40820983564814817 0.8687349143518518 0.4088437175925926 0.8691680648148149 0.41088152546296297 0.8711960231481481 0.4115154074074074 0.8833637777777779 0.41531869907407404 0.8831472037037037 0.41429979629629626 0.8880104189814815 0.4015517685185185 0.8896052291666666 0.40014784259259256 0.9005523240740742 0.3893014606481482 0.9023637083333333 0.3889164398148148 0.9268567916666667 0.37945052083333336 0.9207729143518518 0.377548875 0.9189615300925925 0.3779338958333333 0.9044704537037037 0.38101406944444444 0.9028756435185186 0.3824179953703704 0.8820053287037036 0.3911138703703704 0.8804105208333334 0.3925177939814815 0.8708416620370371 0.4009413472222222 0.8710582361111112 0.40196025 0.8667069560185184 0.40820983564814817
3 0.8218554953703704 0.41987318287037034 0.8202606851851852 0.4212771087962963 0.8075022060185185 0.4325085115740741 0.8077187800925926 0.43352741666666667 0.8035052893518518 0.4493321550925926 0.8055332476851852 0.449966037037037 0.8086440810185186 0.4556944375 0.810672039351852 0.45632831944444446 0.8194335995370371 0.4619205601851852 0.8214615601851852 0.46255444212962965 0.8325464398148148 0.46126321527777775 0.83414125 0.45985928935185183 0.8529836064814815 0.4505295324074074 0.8509556458333334 0.4498956504629629 0.8440054699074074 0.44391838888888885 0.8456002800925927 0.44251446527777777 0.8471950902777777 0.44111053935185185 0.849006474537037 0.44072551851851854 0.8675534675925926 0.4389131087962963 0.8695814282407407 0.4395469907407407 0.8831274166666667 0.44092745370370373 0.8849388009259259 0.44054243287037037 0.8885615717592593 0.4397723888888889 0.8883449953703704 0.4387534861111111 0.8911802523148148 0.4253715763888889 0.8793078611111111 0.41405093518518515 0.877279900462963 0.41341705324074074 0.8651121458333334 0.4096137592592593 0.863300761574074 0.4099987824074074 0.8501879212962963 0.410656125 0.8483765370370371 0.4110411481481481 0.8356968449074074 0.4137362986111111 0.8341020370370371 0.41514022453703703 0.8218554953703704 0.41987318287037034
3 0.7775551828703704 0.4697571527777778 0.7777717569444443 0.47077605787037036 0.7795043541666666 0.4789272870370371 0.7815323148148148 0.4795611689814815 0.7837768472222222 0.4812139560185185 0.7855882337962963 0.4808289328703704 0.7946451550925926 0.47890382638888884 0.7962399652777777 0.477499900462963 0.8237060925925925 0.46420722685185184 0.8090772291666667 0.4577322453703704 0.8088606550925925 0.4567133425925926 0.803721863425926 0.4503510578703704 0.8019104791666666 0.45073608101851853 0.798071136574074 0.4504872199074074 0.7964763263888889 0.4518911458333333 0.7828515486111111 0.4590469328703704 0.7830681226851852 0.46006583796296296 0.7775551828703704 0.4697571527777778
3 0.9359331412037037 0.4488721365740741 0.9477465347222223 0.4421013703703704 0.9513693032407408 0.4413313263888889 0.9597765 0.4363495069444444 0.9633992708333333 0.4355794652777778 0.9730271296296296 0.44524731944444446 0.961213736111111 0.45201808564814816 0.9575909675925927 0.4527881296296296 0.9525899629629629 0.4559810023148148 0.9489671944444444 0.4567510439814815 0.9421548055555555 0.4603289398148148 0.9391817615740741 0.4641556921296296 0.9501878564814815 0.47140071759259256 0.9601110763888889 0.473551224537037 0.9893098032407408 0.4684097824074074 0.9972838518518518 0.4613901550925926 0.9766498981481482 0.44447727546296295 0.9868684814814814 0.43911043518518517 0.9927357824074073 0.43999317592592596 0.990707824074074 0.4393592939814815 0.9877217106481482 0.42827969444444447 0.9822416249999999 0.4262497083333333 0.9852146712962963 0.4224229537037037 0.9829701365740741 0.4207701666666667 0.9714521064814815 0.4200235856481481 0.9533382615740741 0.42387380324074075 0.9483372569444444 0.4270666736111111 0.9413082939814814 0.42962566435185184 0.9365238657407408 0.43383744212962966 0.9347124814814814 0.43422246296296296 0.929928050925926 0.43843423842592594 0.9257933449074074 0.44570272685185186 0.9268762199074074 0.45079724537037036 0.9359331412037037 0.4488721365740741
3 0.3386079907407407 0.9698646226851851 0.33882456481481477 0.9708835254629629 0.3380960532407407 0.9763630648148148 0.34012401157407407 0.9769969490740741 0.3434514189814815 0.9837442523148148 0.34547937962962966 0.9843781342592592 0.3542409398148148 0.989970375 0.35605232407407406 0.9895853518518519 0.3619196273148148 0.9904680949074075 0.3635144351851852 0.9890641689814814 0.3743827430555556 0.9867540393518518 0.3759775532407407 0.9853501134259259 0.3793837476851852 0.9835611666666666 0.3791671712962963 0.9825422638888889 0.38830288194444446 0.9720809027777777 0.3880863078703704 0.971062 0.3870822199074074 0.9574312291666667 0.3812149166666667 0.9565484861111111 0.3794035324074074 0.9569335092592594 0.3554223865740741 0.9599009837962963 0.3536110023148148 0.9602860046296295 0.3481768472222222 0.9614410694444444 0.3465820393518519 0.9628449953703703 0.34158103472222223 0.9660378680555555 0.3417976087962963 0.9670567708333334 0.3386079907407407 0.9698646226851851
3 0.38235679166666664 0.979734412037037 0.38257336574074075 0.9807533171296297 0.378438662037037 0.9880218032407407 0.37865523611111107 0.9890407083333334 0.3844437523148148 0.9984597013888888 0.3862551365740741 0.9980746805555556 0.3979897407407407 0.9998401666666666 0.39980112500000003 0.9994551435185185 0.41588701157407404 0.9949710462962963 0.41748182175925924 0.9935671203703704 0.4250227199074074 0.9845096851851851 0.4172062453703704 0.9744568101851853 0.41698967129629627 0.9734379050925925 0.41815133101851854 0.9699961712962962 0.4161233726851852 0.9693622893518518 0.40801153472222224 0.966826761574074 0.406200150462963 0.9672117847222222 0.3917090763888889 0.9702919560185186 0.39011426620370365 0.9716958819444445 0.38235679166666664 0.979734412037037
3 0.42366427083333336 0.9603048564814815 0.4238808472222222 0.9613237592592592 0.41815133101851854 0.9699961712962962 0.4183679050925926 0.971015076388889 0.4198839282407408 0.9781474027777778 0.4219118888888889 0.9787812847222221 0.42705068055555556 0.9851435671296296 0.42886206481481487 0.9847585462962962 0.4387852847222222 0.9869090532407407 0.4405966689814815 0.9865240300925926 0.45168155092592593 0.9852328055555555 0.45327636111111114 0.9838288796296296 0.4603053240740741 0.9812698888888889 0.46190013425925924 0.979865962962963 0.4666845625 0.9756541875000001 0.46646798842592596 0.9746352847222222 0.47263065277777777 0.9680006782407408 0.4724140787037037 0.9669817754629629 0.47314258796296293 0.9615022337962963 0.4682203726851852 0.9561588541666667 0.466192412037037 0.9555249722222222 0.4513469745370371 0.9480310879629629 0.4495355902777778 0.9484161087962962 0.4386672847222222 0.9507262384259259 0.43707247453703707 0.9521301643518518 0.4334497060185185 0.9529002083333333 0.43185489583333336 0.9543041319444444 0.42366427083333336 0.9603048564814815
3 0.39389460879629634 0.9538533356481481 0.3888936041666667 0.9570462083333333 0.4012779351851852 0.9618684050925926 0.4085234722222222 0.9603283171296296 0.41055143055555554 0.9609621990740741 0.41417419907407405 0.9601921574074075 0.42098658796296295 0.956614261574074 0.42642074074074077 0.9554591967592593 0.4309885972222222 0.9502285185185185 0.4307720208333333 0.9492096134259259 0.42671610416666667 0.947941849537037 0.42826498148148145 0.9433528726851852 0.4193327777777778 0.9399267800925926 0.4257579490740741 0.9374961296296297 0.4220892476851852 0.9350811226851852 0.4228177592592593 0.9296015810185184 0.412677962962963 0.9264321712962963 0.39978169907407407 0.9281084189814814 0.39202422453703706 0.936146949074074 0.39245737268518516 0.9381847569444445 0.38970090277777775 0.9430304166666666 0.3899174768518518 0.9440493194444444 0.39556820601851855 0.9439131574074074 0.399624125 0.9451809236111111 0.40868104629629626 0.9432558148148148 0.4120084537037037 0.9500031180555555 0.39389460879629634 0.9538533356481481
3 0.7141552939814815 0.8751304444444444 0.7159666782407407 0.8747454236111111 0.7277012824074075 0.8765109074074074 0.7279178587962962 0.8775298125 0.7342183101851851 0.8804503611111111 0.7360296944444444 0.8800653402777777 0.7428420833333333 0.8764874467592593 0.7426255092592592 0.8754685416666667 0.7505995578703704 0.8684489143518519 0.7503829814814815 0.8674300115740741 0.7488669606481482 0.8602976851851851 0.7366992060185185 0.8564943935185185 0.7348878194444445 0.8568794143518518 0.7125014837962963 0.858442962962963 0.710690099537037 0.8588279837962963 0.7027160486111111 0.8658476111111112 0.702932625 0.8668665162037037 0.703582349537037 0.8699232268518519 0.7056103078703703 0.8705571087962963 0.7141552939814815 0.8751304444444444
3 0.7583570300925926 0.8604103842592593 0.7585736064814815 0.861429287037037 0.7448700416666667 0.8771213287037036 0.7468980000000001 0.8777552106481481 0.7500088333333332 0.8834836111111111 0.7723163842592592 0.8904563148148148 0.7831846898148148 0.8881461851851852 0.7807235833333332 0.8854744953703704 0.7789121967592593 0.8858595162037036 0.769205550925926 0.8847279143518518 0.7689889768518519 0.8837090092592592 0.7642833356481482 0.8793845347222222 0.7610347152777778 0.8641009768518519 0.7658191435185185 0.8598892013888888 0.7637911851851852 0.8592553194444444 0.7583570300925926 0.8604103842592593
3 0.8105720324074075 0.8833897638888888 0.8123834166666667 0.8830047407407408 0.8325252199074074 0.8797884074074075 0.8341200300925926 0.8783844814814814 0.8443386134259259 0.8730176412037037 0.8459334212962963 0.8716137152777778 0.8489064675925926 0.8677869606481481 0.8486898935185185 0.8667680578703704 0.8476070185185185 0.8616735370370371 0.8341398171296297 0.8517568240740742 0.8323284328703703 0.8521418449074074 0.8221886365740741 0.8489724351851853 0.8203772523148147 0.8493574560185185 0.8058861759259259 0.8524376296296297 0.80610275 0.8534565324074074 0.8040550046296296 0.8794503101851852 0.8042715810185185 0.880469212962963 0.8105720324074075 0.8833897638888888
3 0.22945542824074075 0.16241398148148148 0.22967200231481483 0.1634328865740741 0.2342988564814815 0.17629361342592592 0.23632681712962963 0.17692749537037036 0.23675996527777776 0.17896530324074075 0.23878792592592593 0.1795991851851852 0.24689976157407406 0.18213471296296296 0.2487111458333333 0.18174969212962963 0.2604457523148148 0.18351517592592592 0.26225713657407407 0.1831301550925926 0.2726922939814815 0.1787822175925926 0.2724757175925926 0.1777633125 0.2664706273148148 0.16732541435185183 0.2680654375 0.16592149074074072 0.27901253240740737 0.1550751087962963 0.27879595601851853 0.15405620370370368 0.2774965092592592 0.1479427824074074 0.2711960578703704 0.14502223148148147 0.2693846736111111 0.14540725462962964 0.259678025462963 0.14427565046296295 0.2578666412037037 0.14466067129629628 0.24518695138888888 0.14735582407407408 0.24359214120370368 0.14875975 0.23359013194444445 0.15514549537037037 0.23380670833333334 0.15616439814814814 0.22945542824074075 0.16241398148148148
3 0.18917181944444447 0.168846650462963 0.18938839583333333 0.16986555324074074 0.1904712685185185 0.17496007407407407 0.19249922685185186 0.17559395601851852 0.19720487037037038 0.17991843055555556 0.1992328287037037 0.1805523125 0.22067408101851851 0.18344940046296296 0.22248546527777777 0.18306437962962963 0.23313719675925929 0.1797353449074074 0.23292062268518518 0.17871644212962962 0.230754875 0.1685274050925926 0.22807719212962962 0.16483681018518517 0.2260492337962963 0.16420292824074073 0.21793739583333332 0.16166740046296296 0.21612601157407407 0.1620524212962963 0.19939040277777775 0.16347981018518518 0.19779559259259258 0.16488373379629628 0.19236143981481482 0.16603879861111112 0.19076662962962965 0.16744272453703704 0.18917181944444447 0.168846650462963
3 0.16471795138888887 0.22303163425925926 0.16674590972222222 0.2236655162037037 0.18296958333333335 0.22873657407407408 0.1847809675925926 0.22835155092592593 0.19043169675925925 0.2282153912037037 0.19202650462962964 0.22681146527777776 0.1990554675925926 0.22425247453703706 0.20065027777777777 0.2228485486111111 0.20681294212962964 0.21621394444444444 0.20659636805555553 0.21519503935185186 0.2069705162037037 0.1991414398148148 0.1880691597222222 0.19037978935185185 0.18625777546296296 0.1907648125 0.1806070486111111 0.19090097222222224 0.17901223842592592 0.19230489814814813 0.17198327546296296 0.1948638888888889 0.17038846527777776 0.1962678148148148 0.1576299884259259 0.2074992175925926 0.1578465625 0.20851812037037037 0.16471795138888887 0.22303163425925926
3 0.006162990740740741 0.18964243055555555 0.004784754629629629 0.19206525925925927 0.0042728194444444445 0.19856370370370371 0.0026780092592592593 0.19996762962962963 0.0044106064814814815 0.2081188587962963 0.012305868055555556 0.2096354837962963 0.019118256944444443 0.20605759027777779 0.02925805324074074 0.20922700000000002 0.029474627314814813 0.21024590277777777 0.024690199074074076 0.21445768055555556 0.025339921296296298 0.2175143912037037 0.029395840277777776 0.2187821550925926 0.035046569444444446 0.21864599305555554 0.04294183101851852 0.22016261805555556 0.05381013657407407 0.21785248842592592 0.058811141203703704 0.21465961574074074 0.06584010416666666 0.21210062500000001 0.06902972453703704 0.20929277546296296 0.07316442824074075 0.20202428703703704 0.07056553240740741 0.18979744212962965 0.05934286342592592 0.1815335138888889 0.049203067129629637 0.17836410185185184 0.040146145833333334 0.18028921064814815 0.04498957638888889 0.1941688425925926 0.04109115972222222 0.1954234513888889 0.03861033796296297 0.1997845439814815 0.031266368055555556 0.19729878703703704 0.021441578703703706 0.1991741226851852 0.019275831018518517 0.18898508564814817 0.013191953703703704 0.18708343981481482 0.006162990740740741 0.18964243055555555
3 0 0.2127905787037037 0.002258833333333333 0.21388281944444446 0.0046041134259259256 0.21370358333333334 0.005516606481481481 0.2131903587962963 0.005834134259259259 0.21254833101851853 0.005835219907407407 0.21095197222222223 0.005653449074074074 0.21009680555555554 0.0048295694444444445 0.20835663425925924 0.002893775462962963 0.2067250162037037 0.0007372708333333333 0.20405503472222222 0.00035612268518518523 0.20279539814814815 0.00047888657407407407 0.20123707175925926 0.002824236111111111 0.1951840486111111 0.0032467175925925927 0.19343432870370372 0.004142712962962963 0.19177554166666666 0.005142555555555556 0.19060531944444445 0.0075540092592592594 0.18913505092592595 0.008783849537037038 0.18797983796296297 0.010648905092592593 0.18554043055555555 0.01084138888888889 0.18377570138888888 0.009894747685185184 0.18359385648148147 0.008782673611111111 0.18370255092592594 0.006892937500000001 0.18442349305555553 0.0006406087962962963 0.18811471296296298 0 0.18858843518518517 0 0.2127905787037037
3 0.3875955555555556 0.938208712962963 0.38590654166666666 0.9347836805555555 0.3849695995370371 0.9337665671296297 0.3837378240740741 0.9336229675925927 0.38199968055555555 0.9344879374999999 0.38081518981481477 0.9364514907407409 0.3778494467592593 0.9398298449074074 0.3758720949074074 0.9407006134259258 0.3725865277777778 0.9414440277777778 0.3716978865740741 0.9414076805555555 0.37106992361111113 0.9410906898148148 0.3707001458333333 0.939727787037037 0.3723424837962963 0.9357747337962963 0.37232499768518523 0.9345621851851852 0.3703495 0.9331802152777777 0.3693475925925926 0.9329877546296296 0.3666106689814815 0.9332991180555555 0.36383981944444443 0.9342035162037037 0.36167840740740737 0.9353386412037037 0.3595904675925926 0.936818525462963 0.35715839814814815 0.9393176458333333 0.3556551087962963 0.9416642893518519 0.35520039351851856 0.9432926435185186 0.3558491736111111 0.944461099537037 0.36006687962962963 0.9473486435185186 0.36113958101851856 0.9471206342592593 0.3602909143518519 0.9468956018518518 0.36386047685185186 0.947488275462963 0.3650556041666667 0.947459476851852 0.3719342476851852 0.9489255300925926 0.3773279166666667 0.9486800069444444 0.37985661111111113 0.9481425162037037 0.38228434953703705 0.9471309699074074 0.38663197916666664 0.9442247893518518 0.38720247916666667 0.9435179166666666 0.3876172175925926 0.9420782476851852 0.3875955555555556 0.938208712962963