2 0.6559375000000001 0.006296296296296296 0.66625 0.19666666666666666 0.6725 0.2661111111111111 0.6864583333333334 0.31074074074074076 0.8323958333333334 0.8612962962962962 0.8372916666666667 0.8961111111111111 0.8564583333333333 0.9368518518518519 0.8584375000000001 0.9461111111111111 0.8645833333333334 0.9535185185185185 0.8855450555555555 0.9616987037037037 0.8607291666666667 0.9061111111111111 0.8132291666666667 0.6987037037037036 0.6884374999999999 0.24092592592592593 0.6738541666666668 0.06759259259259259 0.675 0.008148148148148147 0.6559375000000001 0.006296296296296296
2 0.15739583333333335 0.7501851851851852 0.23177083333333334 0.8396296296296297 0.23916666666666664 0.8242592592592592 0.23760416666666664 0.8096296296296296 0.18583333333333332 0.7477777777777779 0.17260416666666667 0.7272222222222223 0.1640625 0.7190740740740741 0.14947916666666666 0.6759259259259259 0.10135416666666666 0.5757407407407408 0.10072916666666666 0.5764814814814815 0.07958333333333334 0.570925925925926 0.15739583333333335 0.7501851851851852
2 0.515 0.9651851851851851 0.5147916666666666 0.9648148148148148 0.5138541666666667 0.9661111111111111 0.515 0.9651851851851851
3 0.7010416666666667 0.7481481481481481 0.7 0.7481481481481481 0.6916666666666667 0.7481481481481481 0.690625 0.75 0.6864583333333334 0.7518518518518519 0.6864583333333334 0.7537037037037038 0.6833333333333333 0.7611111111111112 0.6833333333333333 0.7629629629629631 0.68125 0.7796296296296297 0.68125 0.7814814814814816 0.68125 0.811111111111111 0.6822916666666666 0.8129629629629629 0.6864583333333334 0.8351851851851853 0.6875 0.8370370370370371 0.6916666666666667 0.85 0.6927083333333334 0.8518518518518519 0.7041666666666666 0.8703703703703703 0.7052083333333333 0.8703703703703703 0.7135416666666666 0.8796296296296297 0.7145833333333333 0.8796296296296297 0.7229166666666667 0.8851851851851852 0.7239583333333334 0.8851851851851852 0.7510416666666666 0.8833333333333334 0.7520833333333333 0.8814814814814815 0.7708333333333334 0.8648148148148148 0.771875 0.862962962962963 0.7822916666666666 0.8444444444444444 0.7822916666666666 0.8425925925925926 0.7875 0.8222222222222222 0.7875 0.8203703703703703 0.7885416666666666 0.7685185185185185 0.7875 0.7666666666666666 0.7791666666666667 0.7370370370370369 0.778125 0.7351851851851853 0.7708333333333334 0.7240740740740741 0.7697916666666667 0.7240740740740741 0.7552083333333334 0.7129629629629629 0.7541666666666667 0.7129629629629629 0.7385416666666667 0.7074074074074075 0.7375 0.7074074074074075 0.7291666666666666 0.7074074074074075 0.70625 0.7444444444444445 0.7052083333333333 0.7444444444444445 0.7010416666666667 0.7481481481481481
3 0.6791666666666666 0.9314814814814815 0.678125 0.9314814814814815 0.6666666666666666 0.9425925925925925 0.665625 0.9444444444444444 0.6625 0.95 0.6625 0.9518518518518518 0.653125 0.9870370370370369 0.653125 0.9888888888888888 0.6552083333333334 0.9925925925925926 0.65625 0.9925925925925926 0.6916666666666667 0.9907407407407407 0.6916666666666667 0.9888888888888888 0.6927083333333334 0.9833333333333334 0.69375 0.9814814814814815 0.7 0.9722222222222222 0.7 0.9703703703703703 0.703125 0.9518518518518518 0.7041666666666666 0.95 0.7208333333333333 0.9277777777777778 0.721875 0.9277777777777778 0.7291666666666666 0.9203703703703704 0.728125 0.9185185185185185 0.715625 0.9074074074074074 0.7145833333333333 0.9074074074074074 0.7010416666666667 0.9074074074074074 0.6916666666666667 0.9148148148148147 0.690625 0.9166666666666666 0.6791666666666666 0.9314814814814815
3 0.634375 0.9611111111111111 0.634375 0.9666666666666667 0.6354166666666666 0.9685185185185184 0.6354166666666666 0.9740740740740741 0.6364583333333333 0.975925925925926 0.6385416666666667 0.9907407407407407 0.6541666666666667 0.9907407407407407 0.6552083333333334 0.9925925925925926 0.659375 0.9925925925925926 0.6604166666666667 0.9944444444444445 0.6770833333333334 0.9944444444444445 0.678125 0.9925925925925926 0.6895833333333333 0.9925925925925926 0.7010416666666667 0.9685185185185184 0.7010416666666667 0.9611111111111111 0.7041666666666666 0.95 0.7072916666666667 0.9444444444444444 0.7083333333333334 0.9444444444444444 0.7104166666666666 0.9407407407407407 0.7114583333333334 0.9407407407407407 0.7135416666666666 0.9370370370370371 0.7145833333333333 0.9370370370370371 0.7166666666666667 0.9333333333333333 0.7177083333333334 0.9333333333333333 0.7197916666666666 0.9296296296296297 0.7270833333333334 0.9222222222222222 0.728125 0.9185185185185185 0.7229166666666667 0.9111111111111112 0.71875 0.9092592592592593 0.7166666666666667 0.9055555555555556 0.715625 0.9 0.7052083333333333 0.8833333333333334 0.690625 0.8703703703703703 0.6791666666666666 0.8685185185185185 0.675 0.8722222222222222 0.6739583333333333 0.8851851851851852 0.665625 0.8851851851851852 0.665625 0.8833333333333334 0.6625 0.8814814814814815 0.659375 0.8851851851851852 0.6572916666666666 0.8851851851851852 0.6572916666666666 0.8907407407407407 0.6552083333333334 0.8944444444444444 0.653125 0.8962962962962963 0.6520833333333333 0.8944444444444444 0.65 0.8944444444444444 0.640625 0.9129629629629629 0.640625 0.9166666666666666 0.6354166666666666 0.9333333333333333 0.634375 0.95 0.6333333333333334 0.9518518518518518 0.6333333333333334 0.9592592592592593 0.634375 0.9611111111111111
3 0.6125 0.825925925925926 0.6135416666666667 0.8370370370370371 0.621875 0.8574074074074074 0.625 0.8592592592592593 0.6333333333333334 0.8703703703703703 0.6364583333333333 0.8703703703703703 0.6375 0.8722222222222222 0.640625 0.8722222222222222 0.6416666666666666 0.8740740740740741 0.6447916666666667 0.8740740740740741 0.6458333333333334 0.8759259259259259 0.6479166666666666 0.8759259259259259 0.6489583333333334 0.8740740740740741 0.653125 0.8740740740740741 0.6541666666666667 0.8722222222222222 0.6583333333333333 0.8722222222222222 0.6635416666666666 0.8666666666666666 0.6635416666666666 0.8425925925925926 0.659375 0.8388888888888888 0.659375 0.8333333333333334 0.6645833333333334 0.825925925925926 0.6645833333333334 0.8222222222222222 0.665625 0.8203703703703703 0.6625 0.8148148148148148 0.6625 0.8092592592592593 0.6708333333333334 0.7944444444444444 0.6708333333333334 0.7907407407407407 0.671875 0.7888888888888889 0.6708333333333334 0.7851851851851852 0.6677083333333333 0.7851851851851852 0.6666666666666666 0.7833333333333333 0.659375 0.7833333333333333 0.6583333333333333 0.7814814814814816 0.6520833333333333 0.7814814814814816 0.6510416666666666 0.7833333333333333 0.6489583333333334 0.7833333333333333 0.6447916666666667 0.7907407407407407 0.6385416666666667 0.7888888888888889 0.6375 0.7870370370370371 0.6270833333333333 0.7870370370370371 0.6239583333333334 0.7833333333333333 0.6166666666666666 0.7833333333333333 0.6145833333333334 0.7870370370370371 0.6145833333333334 0.7907407407407407 0.6114583333333333 0.8 0.6114583333333333 0.8240740740740741 0.6125 0.825925925925926
3 0.6427083333333333 0.6870370370370371 0.6427083333333333 0.7185185185185184 0.6447916666666667 0.7240740740740741 0.646875 0.7388888888888888 0.65 0.7462962962962962 0.65625 0.7351851851851853 0.659375 0.7407407407407407 0.659375 0.7518518518518519 0.665625 0.75 0.6666666666666666 0.7481481481481481 0.6697916666666667 0.7481481481481481 0.6770833333333334 0.7388888888888888 0.68125 0.7388888888888888 0.6801136365740741 0.7569023564814814 0.6873106064814815 0.7434343425925926 0.6854166666666667 0.7370370370370369 0.6864583333333334 0.7314814814814815 0.6875 0.7296296296296296 0.6909090902777778 0.736700337962963 0.7089015162037037 0.7030303032407408 0.7114583333333334 0.7018518518518518 0.7114583333333334 0.7074074074074075 0.7125 0.7055555555555556 0.7125 0.6962962962962963 0.7154166666666667 0.6977777777777777 0.72125 0.6822222222222223 0.7229166666666667 0.6864197546296297 0.7229166666666667 0.7074074074074075 0.7291666666666666 0.7055555555555556 0.7302083333333333 0.7037037037037037 0.734375 0.7018518518518518 0.734375 0.6944444444444444 0.7333333333333334 0.6925925925925925 0.7333333333333334 0.6833333333333333 0.7322916666666667 0.6814814814814815 0.7322916666666667 0.6759259259259259 0.7269345231481481 0.673544974537037 0.7239583333333334 0.674074074074074 0.725 0.6685185185185185 0.7270833333333334 0.6666666666666666 0.7215773819444444 0.6711640208333334 0.7108630949074074 0.6664021157407407 0.709375 0.6611111111111112 0.7166666666666667 0.6481481481481481 0.7177083333333334 0.6425925925925926 0.7125 0.6351851851851852 0.7104166666666666 0.6351851851851852 0.7020833333333334 0.6277777777777778 0.7072916666666667 0.6481481481481481 0.7041666666666666 0.6592592592592593 0.7001488101851853 0.6616402106481482 0.6979166666666666 0.6462962962962963 0.696875 0.6444444444444444 0.6988425925925925 0.6582304513888888 0.6947916666666666 0.6592592592592593 0.69375 0.6611111111111112 0.6935185185185185 0.6572016458333333 0.6881944444444444 0.6561728379629629 0.6864583333333334 0.6629629629629629 0.6791666666666666 0.6666666666666666 0.6775462962962963 0.6541152268518519 0.6828703703703703 0.6551440324074074 0.6885416666666666 0.6444444444444444 0.6875 0.6425925925925926 0.6822916666666666 0.6425925925925926 0.68125 0.6407407407407407 0.684375 0.6277777777777778 0.6802083333333334 0.6351851851851852 0.6760416666666667 0.6333333333333334 0.6760416666666667 0.6388888888888888 0.66875 0.6481481481481481 0.6677083333333333 0.6481481481481481 0.6666666666666666 0.6444444444444444 0.6697916666666667 0.6333333333333334 0.665625 0.6388888888888888 0.665625 0.6425925925925926 0.6614583333333334 0.6444444444444444 0.6615740740740741 0.6510288078703703 0.6583333333333333 0.6518518518518519 0.65625 0.65 0.6645833333333334 0.6611111111111112 0.6645833333333334 0.6666666666666666 0.6625 0.6666666666666666 0.6614583333333334 0.6685185185185185 0.6572916666666666 0.6685185185185185 0.653125 0.6722222222222222 0.65 0.6685185185185185 0.6489583333333334 0.6629629629629629 0.6510416666666666 0.6796296296296297 0.6458333333333334 0.6796296296296297 0.6427083333333333 0.6870370370370371
3 0.603125 0.5888888888888889 0.6020833333333334 0.5888888888888889 0.5947916666666666 0.5962962962962963 0.5947916666666666 0.5981481481481481 0.5947916666666666 0.6055555555555556 0.5958333333333333 0.6074074074074074 0.5979166666666667 0.6185185185185185 0.5989583333333334 0.6203703703703703 0.6072916666666667 0.6296296296296297 0.6083333333333334 0.6296296296296297 0.6177083333333334 0.6296296296296297 0.61875 0.6277777777777778 0.6208333333333333 0.6259259259259259 0.6197916666666666 0.6240740740740741 0.6145833333333334 0.6148148148148148 0.6145833333333334 0.612962962962963 0.6135416666666667 0.6074074074074074 0.6145833333333334 0.6055555555555556 0.6145833333333334 0.5962962962962963 0.615625 0.5944444444444444 0.6208333333333333 0.575925925925926 0.6197916666666666 0.5740740740740741 0.6145833333333334 0.5722222222222222 0.6114583333333333 0.5740740740740741 0.6104166666666666 0.575925925925926 0.603125 0.5888888888888889
3 0.5947916666666666 0.5425925925925926 0.5958333333333333 0.5425925925925926 0.603125 0.5444444444444444 0.603125 0.5462962962962963 0.603125 0.5518518518518518 0.6020833333333334 0.5537037037037037 0.5958333333333333 0.5722222222222222 0.5947916666666666 0.5740740740740741 0.5875 0.587037037037037 0.5885416666666666 0.5888888888888889 0.5947916666666666 0.5944444444444444 0.5947916666666666 0.5962962962962963 0.5958333333333333 0.6092592592592593 0.596875 0.6111111111111112 0.5989583333333334 0.6203703703703703 0.6 0.6203703703703703 0.6083333333333334 0.6296296296296297 0.609375 0.6296296296296297 0.61875 0.6277777777777778 0.6197916666666666 0.6259259259259259 0.6197916666666666 0.6222222222222222 0.61875 0.6203703703703703 0.6145833333333334 0.6148148148148148 0.6145833333333334 0.612962962962963 0.615625 0.5925925925925926 0.6166666666666666 0.5907407407407407 0.6208333333333333 0.5796296296296296 0.6208333333333333 0.5777777777777777 0.61875 0.5648148148148148 0.6177083333333334 0.5629629629629629 0.6125 0.5518518518518518 0.6114583333333333 0.5518518518518518 0.6041666666666666 0.5425925925925926 0.6041666666666666 0.5407407407407407 0.603125 0.5370370370370371 0.6020833333333334 0.5370370370370371 0.5791666666666666 0.5259259259259259 0.5791666666666666 0.5537037037037037 0.5802083333333333 0.5537037037037037 0.5947916666666666 0.5425925925925926
3 0.8083333333333333 0.5259259259259259 0.8083333333333333 0.5277777777777778 0.8072916666666666 0.5425925925925926 0.8083333333333333 0.5444444444444444 0.809375 0.5518518518518518 0.8104166666666667 0.5537037037037037 0.815625 0.5629629629629629 0.8166666666666667 0.5629629629629629 0.8239583333333333 0.5648148148148148 0.8239583333333333 0.5629629629629629 0.821875 0.5518518518518518 0.8229166666666666 0.5499999999999999 0.8375 0.5425925925925926 0.8375 0.5407407407407407 0.8385416666666666 0.5314814814814814 0.8375 0.5296296296296297 0.8260416666666667 0.5148148148148148 0.825 0.5148148148148148 0.8197916666666666 0.5148148148148148 0.8114583333333334 0.5203703703703704 0.8104166666666667 0.5222222222222223 0.8083333333333333 0.5259259259259259
3 0.8 0.5018518518518519 0.8041666666666666 0.5092592592592593 0.8041666666666666 0.5148148148148148 0.809375 0.5203703703703704 0.8135416666666666 0.5166666666666666 0.8166666666666667 0.5166666666666666 0.8177083333333334 0.5148148148148148 0.821875 0.512962962962963 0.8229166666666666 0.5111111111111112 0.8239583333333333 0.5037037037037037 0.83125 0.49259259259259264 0.83125 0.49074074074074076 0.825 0.4888888888888889 0.8260416666666667 0.48333333333333334 0.81875 0.4740740740740741 0.81328125 0.4777777777777778 0.8083333333333333 0.4740740740740741 0.80625 0.4759259259259259 0.8 0.48703703703703705 0.803125 0.5 0.8020833333333334 0.5018518518518519 0.8 0.5018518518518519
3 0.8177083333333334 0.4166666666666667 0.8177083333333334 0.41851851851851857 0.815625 0.42592592592592593 0.815625 0.4277777777777778 0.815625 0.4388888888888889 0.8166666666666667 0.44074074074074077 0.828125 0.4462962962962963 0.8291666666666666 0.4462962962962963 0.8489583333333334 0.4462962962962963 0.85 0.4444444444444444 0.8520833333333334 0.42037037037037034 0.8510416666666666 0.41851851851851857 0.8510416666666666 0.4166666666666667 0.85 0.4166666666666667 0.8427083333333334 0.4074074074074074 0.8416666666666667 0.4074074074074074 0.8322916666666667 0.4055555555555555 0.825 0.4148148148148148 0.8239583333333333 0.4148148148148148 0.8177083333333334 0.4166666666666667
3 0.12916666666666665 0.8277777777777778 0.13645833333333335 0.8370370370370371 0.13958333333333334 0.8370370370370371 0.14479166666666665 0.8296296296296296 0.14583333333333334 0.8296296296296296 0.15208333333333335 0.8444444444444444 0.15 0.8481481481481481 0.14895833333333333 0.8481481481481481 0.13645833333333335 0.8703703703703703 0.13645833333333335 0.8777777777777778 0.14479166666666665 0.8814814814814815 0.14895833333333333 0.8777777777777778 0.15520833333333334 0.8759259259259259 0.15833333333333335 0.8833333333333334 0.16354166666666667 0.8833333333333334 0.17083333333333334 0.8759259259259259 0.17291666666666666 0.8759259259259259 0.17916666666666667 0.8703703703703703 0.19375 0.8444444444444444 0.19375 0.8407407407407407 0.19895833333333335 0.8240740740740741 0.19895833333333335 0.8166666666666667 0.196875 0.8129629629629629 0.190625 0.8129629629629629 0.1928030300925926 0.8065656574074075 0.1846590902777778 0.7937710439814815 0.17916666666666667 0.7944444444444444 0.1805871203703704 0.7873737361111111 0.17651515046296296 0.7809764305555555 0.17708333333333334 0.7796296296296297 0.1724431828703704 0.7745791249999999 0.171875 0.7703703703703704 0.16837121296296295 0.7681818194444445 0.16666666666666666 0.7611111111111112 0.16429924305555554 0.7617845115740741 0.16022727314814814 0.7553872060185185 0.1609375 0.7527777777777778 0.15615530324074076 0.7489898981481481 0.15625 0.7444444444444445 0.15208333333333335 0.7425925925925926 0.13541666666666666 0.7574074074074074 0.13333333333333333 0.7611111111111112 0.13125 0.7703703703703704 0.12916666666666665 0.774074074074074 0.12604166666666666 0.7851851851851852 0.12604166666666666 0.7962962962962963 0.12916666666666665 0.8055555555555556 0.12916666666666665 0.8277777777777778
3 0.18333333333333335 0.9462962962962963 0.18333333333333335 0.9444444444444444 0.18229166666666666 0.9185185185185185 0.18125 0.9166666666666666 0.17708333333333334 0.9018518518518519 0.17604166666666665 0.9 0.171875 0.8925925925925926 0.17083333333333334 0.8925925925925926 0.165625 0.887037037037037 0.16458333333333333 0.887037037037037 0.16041666666666665 0.887037037037037 0.15833333333333335 0.8907407407407407 0.15833333333333335 0.8925925925925926 0.15520833333333334 0.9111111111111112 0.15625 0.9129629629629629 0.16770833333333335 0.9296296296296297 0.16770833333333335 0.9314814814814815 0.17395833333333335 0.9481481481481482 0.17395833333333335 0.95 0.17395833333333335 0.9796296296296296 0.18125 0.9611111111111111 0.18125 0.9592592592592593 0.18333333333333335 0.9462962962962963
3 0.14583333333333334 0.9370370370370371 0.14479166666666665 0.9370370370370371 0.13854166666666667 0.938888888888889 0.13749999999999998 0.9370370370370371 0.12916666666666665 0.9351851851851852 0.12812500000000002 0.9370370370370371 0.12291666666666667 0.9407407407407407 0.121875 0.9425925925925925 0.11666666666666667 0.9537037037037037 0.11770833333333333 0.9537037037037037 0.12916666666666665 0.9537037037037037 0.13020833333333334 0.9555555555555556 0.13645833333333335 0.9574074074074075 0.13749999999999998 0.9592592592592593 0.14479166666666665 0.9685185185185184 0.14479166666666665 0.9703703703703703 0.153125 0.9944444444444445 0.15416666666666665 0.9944444444444445 0.165625 0.9944444444444445 0.16666666666666666 0.9925925925925926 0.16979166666666665 0.9907407407407407 0.16979166666666665 0.9888888888888888 0.17604166666666665 0.9740740740740741 0.17604166666666665 0.9722222222222222 0.175 0.9555555555555556 0.17395833333333335 0.9537037037037037 0.17083333333333334 0.938888888888889 0.16979166666666665 0.9370370370370371 0.165625 0.9259259259259259 0.16458333333333333 0.9259259259259259 0.153125 0.9129629629629629 0.15 0.9185185185185185 0.15 0.9203703703703704 0.14583333333333334 0.9370370370370371
3 0.10833333333333332 0.9740740740740741 0.10833333333333332 0.975925925925926 0.10833333333333332 0.9851851851851853 0.109375 0.9870370370370369 0.1125 0.9944444444444445 0.11354166666666667 0.9944444444444445 0.15 0.9944444444444445 0.15 0.9925925925925926 0.15 0.9870370370370369 0.14895833333333333 0.9851851851851853 0.14479166666666665 0.9703703703703703 0.14375000000000002 0.9685185185185184 0.13958333333333334 0.9611111111111111 0.13854166666666667 0.9611111111111111 0.13020833333333334 0.9555555555555556 0.12916666666666665 0.9555555555555556 0.115625 0.9537037037037037 0.11145833333333333 0.9574074074074075 0.11145833333333333 0.9592592592592593 0.10833333333333332 0.9740740740740741
3 0.26458333333333334 0.5222222222222223 0.265625 0.5240740740740741 0.2833333333333333 0.5407407407407407 0.284375 0.5407407407407407 0.2885416666666667 0.5407407407407407 0.2895833333333333 0.5388888888888889 0.2947916666666667 0.5259259259259259 0.2947916666666667 0.5240740740740741 0.29375 0.5092592592592593 0.29270833333333335 0.5074074074074074 0.29062499999999997 0.5018518518518519 0.2895833333333333 0.5 0.27708333333333335 0.4981481481481481 0.2760416666666667 0.4962962962962963 0.26666666666666666 0.49074074074074076 0.2625 0.4962962962962963 0.2635416666666667 0.4981481481481481 0.26458333333333334 0.5222222222222223
3 0.28229166666666666 0.4962962962962963 0.28125 0.4981481481481481 0.278125 0.5 0.27708333333333335 0.4981481481481481 0.27187500000000003 0.4944444444444444 0.2708333333333333 0.49259259259259264 0.2708333333333333 0.49074074074074076 0.26979166666666665 0.49074074074074076 0.26666666666666666 0.49074074074074076 0.26666666666666666 0.49259259259259264 0.2635416666666667 0.4962962962962963 0.2635416666666667 0.4981481481481481 0.2635416666666667 0.5166666666666666 0.26458333333333334 0.5185185185185185 0.2677083333333333 0.5259259259259259 0.26875 0.5259259259259259 0.2729166666666667 0.5314814814814814 0.2739583333333333 0.5314814814814814 0.284375 0.5407407407407407 0.28541666666666665 0.5407407407407407 0.28750000000000003 0.5407407407407407 0.2885416666666667 0.5388888888888889 0.29375 0.5314814814814814 0.29375 0.5296296296296297 0.2947916666666667 0.5148148148148148 0.29375 0.512962962962963 0.29062499999999997 0.5037037037037037 0.29062499999999997 0.5018518518518519 0.29270833333333335 0.49074074074074076 0.29270833333333335 0.4888888888888889 0.2916666666666667 0.47962962962962963 0.29062499999999997 0.4777777777777778 0.2864583333333333 0.46851851851851856 0.28541666666666665 0.46851851851851856 0.284375 0.46851851851851856 0.27708333333333335 0.47962962962962963 0.27708333333333335 0.48148148148148145 0.28229166666666666 0.4962962962962963
3 0.22708333333333333 0.4333333333333333 0.22604166666666667 0.4351851851851852 0.221875 0.44074074074074077 0.221875 0.4425925925925926 0.22395833333333334 0.4462962962962963 0.225 0.4462962962962963 0.228125 0.4444444444444444 0.22916666666666666 0.4462962962962963 0.23333333333333334 0.45185185185185184 0.234375 0.45185185185185184 0.23854166666666665 0.45185185185185184 0.23958333333333334 0.4537037037037037 0.24166666666666667 0.4555555555555556 0.240625 0.4574074074074074 0.23854166666666665 0.45925925925925926 0.23854166666666665 0.4611111111111111 0.23854166666666665 0.46296296296296297 0.23958333333333334 0.46481481481481485 0.240625 0.48148148148148145 0.24166666666666667 0.48148148148148145 0.2572916666666667 0.4703703703703703 0.2572916666666667 0.46851851851851856 0.25416666666666665 0.45925925925925926 0.25416666666666665 0.4574074074074074 0.253125 0.42592592592592593 0.2520833333333333 0.42592592592592593 0.24375 0.42407407407407405 0.234375 0.4333333333333333 0.23333333333333334 0.4333333333333333 0.22708333333333333 0.4333333333333333
3 0.24270833333333333 0.11851851851851852 0.24375 0.12037037037037036 0.253125 0.14814814814814814 0.25416666666666665 0.15 0.25625000000000003 0.15185185185185185 0.2572916666666667 0.15 0.27499999999999997 0.14074074074074072 0.2760416666666667 0.1388888888888889 0.27708333333333335 0.1111111111111111 0.2760416666666667 0.10925925925925926 0.27499999999999997 0.1037037037037037 0.2739583333333333 0.10185185185185185 0.265625 0.09074074074074075 0.26458333333333334 0.09074074074074075 0.253125 0.08888888888888889 0.246875 0.0962962962962963 0.246875 0.09814814814814815 0.24270833333333333 0.11851851851851852
3 0.2604166666666667 0.1611111111111111 0.2635416666666667 0.16481481481481483 0.26875 0.16666666666666666 0.27187500000000003 0.17037037037037037 0.26875 0.18333333333333335 0.26979166666666665 0.18518518518518517 0.2708333333333333 0.1796296296296296 0.2729166666666667 0.1796296296296296 0.27499999999999997 0.18703703703703703 0.2791666666666667 0.18703703703703703 0.28020833333333334 0.18518518518518517 0.28020833333333334 0.1796296296296296 0.28541666666666665 0.17037037037037037 0.284375 0.1574074074074074 0.28229166666666666 0.1537037037037037 0.28229166666666666 0.15185185185185185 0.28020833333333334 0.14814814814814814 0.2739583333333333 0.1425925925925926 0.26145833333333335 0.14814814814814814 0.2572916666666667 0.1537037037037037 0.25625000000000003 0.1537037037037037 0.2552083333333333 0.15555555555555556 0.2552083333333333 0.15925925925925924 0.25625000000000003 0.1611111111111111 0.2604166666666667 0.1611111111111111
3 0.2791666666666667 0.2111111111111111 0.28020833333333334 0.21296296296296297 0.2864583333333333 0.22037037037037038 0.28750000000000003 0.22037037037037038 0.29270833333333335 0.22037037037037038 0.29375 0.21851851851851853 0.2947916666666667 0.20185185185185187 0.29375 0.2 0.2916666666666667 0.1925925925925926 0.29062499999999997 0.1925925925925926 0.2895833333333333 0.1925925925925926 0.2791666666666667 0.2 0.2791666666666667 0.20185185185185187 0.2791666666666667 0.2111111111111111
3 0.225 0.15925925925925924 0.23541666666666666 0.15185185185185185 0.23645833333333335 0.1537037037037037 0.23958333333333334 0.1537037037037037 0.240625 0.15555555555555556 0.24583333333333335 0.15555555555555556 0.246875 0.1574074074074074 0.24895833333333334 0.1574074074074074 0.25 0.15555555555555556 0.25 0.1425925925925926 0.24791666666666665 0.13703703703703704 0.246875 0.12962962962962962 0.24479166666666666 0.1259259259259259 0.23958333333333334 0.12222222222222222 0.2375 0.1277777777777778 0.23472222222222225 0.12160493981481482 0.22881944444444444 0.12098765277777777 0.228125 0.12407407407407407 0.225 0.12037037037037036 0.22291666666666665 0.12037037037037036 0.22083333333333335 0.12407407407407407 0.21979166666666666 0.15 0.22604166666666667 0.15 0.22604166666666667 0.1574074074074074 0.225 0.15925925925925924
3 0.21979166666666666 0.1111111111111111 0.21979166666666666 0.11481481481481481 0.221875 0.12222222222222222 0.22708333333333333 0.12222222222222222 0.228125 0.12037037037037036 0.22916666666666666 0.11666666666666667 0.22916666666666666 0.1111111111111111 0.23020833333333335 0.10925925925925926 0.23020833333333335 0.1037037037037037 0.23125 0.10185185185185185 0.23125 0.09197531018518518 0.240625 0.0962962962962963 0.23958333333333334 0.09814814814814815 0.23958333333333334 0.10925925925925926 0.240625 0.1111111111111111 0.24270833333333333 0.10925925925925926 0.24375 0.10185185185185185 0.24479166666666666 0.1 0.24270833333333333 0.09259259259259259 0.24270833333333333 0.08888888888888889 0.23671875 0.08287037037037036 0.23125 0.08209876388888888 0.23125 0.07222222222222222 0.23020833333333335 0.07037037037037036 0.22682291666666665 0.07453703703703704 0.221875 0.07037037037037036 0.21354166666666666 0.07962962962962962 0.2125 0.0962962962962963 0.21875 0.10555555555555556 0.21875 0.10925925925925926 0.21979166666666666 0.1111111111111111
3 0.5816964282407407 0.08703703703703704 0.5791666666666666 0.08703703703703704 0.5750000000000001 0.09074074074074075 0.5729166666666666 0.09814814814814815 0.5729166666666666 0.1111111111111111 0.5760416666666667 0.11851851851851852 0.5739583333333333 0.12037037037037036 0.5770833333333334 0.11851851851851852 0.5791666666666666 0.11481481481481481 0.5808035717592592 0.11481481481481481 0.5791666666666666 0.13518518518518519 0.5802083333333333 0.13333333333333333 0.5812499999999999 0.11296296296296296 0.5822916666666667 0.11296296296296296 0.5864583333333333 0.10740740740740741 0.5927083333333334 0.10555555555555556 0.5947916666666666 0.1 0.5947916666666666 0.09074074074074075 0.59375 0.08888888888888889 0.59375 0.08148148148148149 0.5895833333333333 0.06851851851851852 0.5822916666666667 0.06851851851851852 0.578125 0.07222222222222222 0.578125 0.07777777777777778 0.5791666666666666 0.07777777777777778 0.5822916666666667 0.08518518518518518 0.5816964282407407 0.08703703703703704
3 0.525 0.13148148148148148 0.5260416666666666 0.13333333333333333 0.5302083333333334 0.14444444444444443 0.53125 0.14444444444444443 0.5385416666666667 0.1462962962962963 0.5395833333333333 0.14444444444444443 0.5479166666666666 0.11851851851851852 0.546875 0.11666666666666667 0.5395833333333333 0.11296296296296296 0.5385416666666667 0.11296296296296296 0.53125 0.11296296296296296 0.525 0.12407407407407407 0.525 0.1259259259259259 0.525 0.13148148148148148
0 0.8115625000000001 0.7053703703703704 0.7736458333333333 0.5549999999999999 0.7563541666666667 0.5692592592592592 0.7689583333333333 0.6227777777777779 0.7677083333333333 0.627962962962963 0.7591666666666667 0.6244444444444445 0.7307291666666667 0.6379629629629631 0.7214583333333334 0.6464814814814814 0.7043750000000001 0.6725925925925926 0.7090625 0.6788888888888889 0.7122916666666667 0.6911111111111111 0.7174999999999999 0.6759259259259259 0.7267708333333333 0.664074074074074 0.7480208333333332 0.6485185185185186 0.7589583333333333 0.6472222222222223 0.7745833333333333 0.6561111111111111 0.7977083333333334 0.7268518518518519 0.8088541666666667 0.7127777777777778 0.8115625000000001 0.7053703703703704
0 0.19562500000000002 0.7655555555555557 0.18135416666666668 0.7398148148148148 0.16697916666666668 0.7635185185185185 0.18572916666666667 0.792962962962963 0.18479166666666666 0.7953703703703704 0.15062499999999998 0.8211111111111111 0.12093749999999999 0.8785185185185185 0.1275 0.8909259259259259 0.1434375 0.8501851851851852 0.18156250000000002 0.8109259259259259 0.19875 0.8118518518518519 0.22895833333333332 0.8448148148148148 0.2304166666666667 0.8438888888888889 0.23708333333333334 0.8098148148148148 0.19562500000000002 0.7655555555555557
1 0.19541666666666668 0.7633333333333333 0.17020833333333332 0.7125925925925926 0.16354166666666667 0.6277777777777778 0.15697916666666667 0.6283333333333333 0.16354166666666667 0.710925925925926 0.15104166666666666 0.6816666666666668 0.13739583333333333 0.7012962962962962 0.16177083333333334 0.7512962962962964 0.18135416666666668 0.782962962962963 0.1821875 0.7824074074074074 0.18718749999999998 0.770925925925926 0.19541666666666668 0.7633333333333333
1 0.7791666666666667 0.48629629629629634 0.8066666666666668 0.4275925925925926 0.79875 0.41962962962962963 0.7628125 0.49777777777777776 0.7488541666666667 0.4538888888888889 0.7330208333333333 0.47 0.7577083333333333 0.5774074074074074 0.7758333333333334 0.5724074074074074 0.7769791666666666 0.572962962962963 0.7676041666666668 0.5235185185185185 0.7791666666666667 0.48629629629629634
1 0.683125 0.15611111111111112 0.6630208333333334 0.16925925925925928 0.6704166666666667 0.22240740740740741 0.6673958333333333 0.24074074074074073 0.6021875 0.24074074074074073 0.6018749999999999 0.2551851851851852 0.6686458333333334 0.26055555555555554 0.6728124999999999 0.2644444444444444 0.6907291666666666 0.31833333333333336 0.7105208333333333 0.3140740740740741 0.7096874999999999 0.3118518518518518 0.6901041666666666 0.24203703703703705 0.683125 0.15611111111111112