3 0.3416666666666667 0.4074074074074074 0.3416666666666667 0.40925925925925927 0.3395833333333333 0.4148148148148148 0.3395833333333333 0.4166666666666667 0.3385416666666667 0.42962962962962964 0.3395833333333333 0.4314814814814815 0.34375 0.4666666666666667 0.34479166666666666 0.4666666666666667 0.353125 0.4759259259259259 0.3541666666666667 0.4759259259259259 0.36041666666666666 0.4777777777777778 0.3614583333333333 0.4759259259259259 0.36875 0.4740740740740741 0.3697916666666667 0.4722222222222222 0.37604166666666666 0.46481481481481485 0.37604166666666666 0.46296296296296297 0.38125 0.4462962962962963 0.38125 0.4444444444444444 0.38125 0.42962962962962964 0.3802083333333333 0.4277777777777778 0.378125 0.4148148148148148 0.3770833333333333 0.412962962962963 0.37395833333333334 0.4055555555555555 0.3729166666666667 0.4055555555555555 0.365625 0.39629629629629626 0.3645833333333333 0.39629629629629626 0.3552083333333333 0.39444444444444443 0.3458333333333333 0.4 0.34479166666666666 0.40185185185185185 0.3416666666666667 0.4074074074074074
3 0.3145833333333333 0.48703703703703705 0.3145833333333333 0.4888888888888889 0.3145833333333333 0.5111111111111112 0.315625 0.512962962962963 0.31875 0.5277777777777778 0.3197916666666667 0.5296296296296297 0.32708333333333334 0.5407407407407407 0.328125 0.5407407407407407 0.3364583333333333 0.5444444444444444 0.3375 0.5444444444444444 0.346875 0.5425925925925926 0.3479166666666667 0.5407407407407407 0.3541666666666667 0.5370370370370371 0.3552083333333333 0.5351851851851852 0.36041666666666666 0.5277777777777778 0.36041666666666666 0.5259259259259259 0.3625 0.5203703703703704 0.3625 0.5185185185185185 0.3625 0.4944444444444444 0.3614583333333333 0.49259259259259264 0.35625 0.47962962962962963 0.3552083333333333 0.47962962962962963 0.3416666666666667 0.4666666666666667 0.340625 0.4666666666666667 0.32916666666666666 0.46481481481481485 0.31875 0.4759259259259259 0.3177083333333333 0.4777777777777778 0.3145833333333333 0.48703703703703705
3 0.3552083333333333 0.37222222222222223 0.35625 0.37407407407407406 0.3625 0.3925925925925926 0.3635416666666667 0.3925925925925926 0.3770833333333333 0.4074074074074074 0.378125 0.4074074074074074 0.384375 0.4074074074074074 0.3854166666666667 0.4055555555555555 0.39166666666666666 0.39814814814814814 0.39166666666666666 0.39629629629629626 0.3958333333333333 0.3833333333333333 0.3958333333333333 0.38148148148148153 0.3958333333333333 0.3648148148148148 0.3947916666666667 0.362962962962963 0.39375 0.35555555555555557 0.3927083333333333 0.35370370370370374 0.3864583333333333 0.3388888888888889 0.3854166666666667 0.3388888888888889 0.3791666666666667 0.33148148148148143 0.378125 0.33148148148148143 0.3645833333333333 0.32962962962962966 0.3541666666666667 0.3425925925925926 0.3541666666666667 0.3444444444444445 0.3552083333333333 0.37222222222222223
3 0.3145833333333333 0.3907407407407408 0.321875 0.40370370370370373 0.325 0.40370370370370373 0.3260416666666667 0.4055555555555555 0.32916666666666666 0.4055555555555555 0.3302083333333333 0.4074074074074074 0.334375 0.4055555555555555 0.3385416666666667 0.39814814814814814 0.3385416666666667 0.39444444444444443 0.3395833333333333 0.3925925925925926 0.3395833333333333 0.38209876388888886 0.346875 0.3851851851851852 0.353125 0.37222222222222223 0.353125 0.3592592592592592 0.3520833333333333 0.3574074074074074 0.3520833333333333 0.35 0.35 0.34629629629629627 0.340625 0.3388888888888889 0.3375 0.33148148148148143 0.3354166666666667 0.3351851851851852 0.3302083333333333 0.33148148148148143 0.3197916666666667 0.34074074074074073 0.3197916666666667 0.3425925925925926 0.3166666666666667 0.34814814814814815 0.3125 0.362962962962963 0.3125 0.37962962962962965 0.31354166666666666 0.38148148148148153 0.3145833333333333 0.3907407407407408
3 0.45 0.6240740740740741 0.4510416666666667 0.6259259259259259 0.45208333333333334 0.6351851851851852 0.453125 0.637037037037037 0.45625 0.6444444444444444 0.4572916666666667 0.6444444444444444 0.465625 0.6481481481481481 0.4666666666666667 0.6462962962962963 0.4791666666666667 0.6296296296296297 0.4791666666666667 0.6277777777777778 0.4802083333333333 0.6185185185185185 0.4791666666666667 0.6166666666666666 0.4760416666666667 0.6055555555555556 0.475 0.6037037037037037 0.46875 0.5962962962962963 0.46770833333333334 0.5962962962962963 0.459375 0.5962962962962963 0.45208333333333334 0.6055555555555556 0.45208333333333334 0.6074074074074074 0.45 0.6240740740740741
3 0.4666666666666667 0.6481481481481481 0.4666666666666667 0.65 0.4708333333333333 0.6666666666666666 0.471875 0.6685185185185185 0.4770833333333333 0.674074074074074 0.478125 0.674074074074074 0.4875 0.6722222222222222 0.4885416666666667 0.6703703703703704 0.4947916666666667 0.6574074074074074 0.4947916666666667 0.6555555555555556 0.4927083333333333 0.6351851851851852 0.4916666666666667 0.6333333333333334 0.4822916666666667 0.6240740740740741 0.471875 0.6425925925925926 0.4708333333333333 0.6425925925925926 0.4666666666666667 0.6481481481481481
3 0.4614583333333333 0.6666666666666666 0.4625 0.6666666666666666 0.46875 0.6648148148148147 0.46875 0.6629629629629629 0.4645833333333333 0.6518518518518519 0.4635416666666667 0.6518518518518519 0.4572916666666667 0.6481481481481481 0.45625 0.6462962962962963 0.45416666666666666 0.6425925925925926 0.4447916666666667 0.6555555555555556 0.4458333333333333 0.6555555555555556 0.4614583333333333 0.6666666666666666
3 0.4802083333333333 0.5888888888888889 0.4802083333333333 0.5907407407407407 0.4770833333333333 0.6055555555555556 0.478125 0.6074074074074074 0.4791666666666667 0.6148148148148148 0.4802083333333333 0.6166666666666666 0.48333333333333334 0.6240740740740741 0.484375 0.6240740740740741 0.490625 0.6314814814814815 0.4916666666666667 0.6314814814814815 0.4947916666666667 0.6314814814814815 0.4958333333333333 0.6296296296296297 0.5 0.6277777777777778 0.5010416666666666 0.6259259259259259 0.5041666666666667 0.6203703703703703 0.5041666666666667 0.6185185185185185 0.50625 0.612962962962963 0.50625 0.6111111111111112 0.50625 0.5981481481481481 0.5052083333333334 0.5962962962962963 0.5031249999999999 0.5888888888888889 0.5020833333333333 0.5888888888888889 0.49895833333333334 0.5833333333333334 0.4979166666666667 0.5833333333333334 0.4895833333333333 0.5777777777777777 0.484375 0.5814814814814815 0.48333333333333334 0.5833333333333334 0.4802083333333333 0.5888888888888889
3 0.3052083333333333 0.6833333333333333 0.30625 0.6851851851851852 0.31145833333333334 0.6925925925925925 0.3125 0.6925925925925925 0.3197916666666667 0.6925925925925925 0.3208333333333333 0.6907407407407407 0.325 0.6851851851851852 0.325 0.6833333333333333 0.3229166666666667 0.6759259259259259 0.321875 0.6759259259259259 0.3177083333333333 0.6722222222222222 0.3166666666666667 0.6722222222222222 0.30625 0.6722222222222222 0.3041666666666667 0.6759259259259259 0.3041666666666667 0.6777777777777778 0.3052083333333333 0.6833333333333333
3 0.2833333333333333 0.6703703703703704 0.284375 0.6703703703703704 0.2885416666666667 0.6759259259259259 0.2895833333333333 0.6759259259259259 0.2947916666666667 0.6777777777777778 0.29583333333333334 0.6759259259259259 0.29791666666666666 0.6759259259259259 0.2989583333333333 0.674074074074074 0.3010416666666667 0.6703703703703704 0.3 0.6685185185185185 0.2916666666666667 0.6592592592592593 0.29062499999999997 0.6592592592592593 0.28541666666666665 0.6574074074074074 0.2833333333333333 0.6592592592592593 0.2833333333333333 0.6611111111111112 0.2833333333333333 0.6703703703703704
3 0.2989583333333333 0.637037037037037 0.3 0.637037037037037 0.3145833333333333 0.6444444444444444 0.315625 0.6444444444444444 0.3208333333333333 0.6444444444444444 0.3208333333333333 0.6425925925925926 0.3208333333333333 0.6314814814814815 0.3197916666666667 0.6296296296296297 0.31875 0.6277777777777778 0.3177083333333333 0.6277777777777778 0.3104166666666667 0.6277777777777778 0.3 0.6314814814814815 0.2989583333333333 0.6333333333333334 0.2989583333333333 0.637037037037037
3 0.296875 0.5907407407407407 0.29791666666666666 0.5925925925925926 0.3125 0.5944444444444444 0.31354166666666666 0.5925925925925926 0.31354166666666666 0.5796296296296296 0.3125 0.5777777777777777 0.3052083333333333 0.5740740740740741 0.296875 0.5851851851851853 0.296875 0.587037037037037 0.296875 0.5907407407407407
3 0.284375 0.5703703703703704 0.284375 0.5722222222222222 0.284375 0.5851851851851853 0.28541666666666665 0.587037037037037 0.29583333333333334 0.5888888888888889 0.296875 0.587037037037037 0.3 0.5777777777777777 0.3010416666666667 0.5777777777777777 0.30625 0.5703703703703704 0.3052083333333333 0.5685185185185185 0.3 0.5611111111111111 0.2989583333333333 0.5611111111111111 0.2916666666666667 0.5592592592592592 0.28750000000000003 0.5629629629629629 0.2864583333333333 0.5648148148148148 0.284375 0.5703703703703704
3 0.20625 0.5518518518518518 0.20625 0.5537037037037037 0.20729166666666665 0.5611111111111111 0.20833333333333334 0.5611111111111111 0.21770833333333334 0.5666666666666667 0.21875 0.5666666666666667 0.228125 0.5685185185185185 0.22916666666666666 0.5666666666666667 0.234375 0.5666666666666667 0.23541666666666666 0.5648148148148148 0.23958333333333334 0.5592592592592592 0.23958333333333334 0.5574074074074075 0.24166666666666667 0.5499999999999999 0.24166666666666667 0.5481481481481482 0.240625 0.5314814814814814 0.23958333333333334 0.5296296296296297 0.23333333333333334 0.5203703703703704 0.23229166666666665 0.5203703703703704 0.225 0.5185185185185185 0.21145833333333333 0.5370370370370371 0.21145833333333333 0.5388888888888889 0.20625 0.5518518518518518
3 0.21875 0.512962962962963 0.221875 0.512962962962963 0.22604166666666667 0.5166666666666666 0.228125 0.5166666666666666 0.22916666666666666 0.5185185185185185 0.23541666666666666 0.5203703703703704 0.24166666666666667 0.5148148148148148 0.246875 0.5055555555555555 0.246875 0.5018518518518519 0.24895833333333334 0.4944444444444444 0.24895833333333334 0.4888888888888889 0.24791666666666665 0.48518518518518516 0.24479166666666666 0.48518518518518516 0.24291666666666667 0.48074074074074075 0.2329166666666667 0.47185185185185186 0.22604166666666667 0.4759259259259259 0.22791666666666666 0.4674074074074074 0.225 0.46296296296296297 0.22083333333333335 0.46481481481481485 0.21875 0.46851851851851856 0.215625 0.4703703703703703 0.2125 0.4759259259259259 0.21145833333333333 0.47962962962962963 0.21145833333333333 0.5 0.21354166666666666 0.5074074074074074 0.21875 0.512962962962963
3 0.4041666666666667 0.4111111111111111 0.40520833333333334 0.412962962962963 0.409375 0.41851851851851857 0.4104166666666667 0.41851851851851857 0.42083333333333334 0.41851851851851857 0.421875 0.4166666666666667 0.425 0.4 0.4239583333333333 0.39814814814814814 0.4125 0.387037037037037 0.40520833333333334 0.40185185185185185 0.40520833333333334 0.40370370370370373 0.4041666666666667 0.4111111111111111
3 0.4114583333333333 0.387037037037037 0.4104166666666667 0.3888888888888889 0.4104166666666667 0.3925925925925926 0.409375 0.39444444444444443 0.4041666666666667 0.4055555555555555 0.4041666666666667 0.4074074074074074 0.40520833333333334 0.412962962962963 0.40625 0.412962962962963 0.4114583333333333 0.41851851851851857 0.4125 0.41851851851851857 0.4197916666666667 0.41851851851851857 0.42083333333333334 0.4166666666666667 0.4270833333333333 0.40370370370370373 0.428125 0.40370370370370373 0.434375 0.39814814814814814 0.4354166666666667 0.39814814814814814 0.43854166666666666 0.39814814814814814 0.4375 0.39629629629629626 0.4354166666666667 0.387037037037037 0.434375 0.3851851851851852 0.428125 0.37592592592592594 0.4270833333333333 0.37592592592592594 0.4166666666666667 0.362962962962963 0.415625 0.362962962962963 0.4104166666666667 0.362962962962963 0.409375 0.37222222222222223 0.4104166666666667 0.37407407407407406 0.4114583333333333 0.387037037037037
3 0.4114583333333333 0.4759259259259259 0.4125 0.4777777777777778 0.4177083333333333 0.49074074074074076 0.41875 0.49074074074074076 0.421875 0.49259259259259264 0.42291666666666666 0.49074074074074076 0.43125 0.48333333333333334 0.43125 0.48148148148148145 0.4333333333333333 0.46296296296296297 0.4322916666666667 0.4611111111111111 0.4260416666666667 0.45 0.425 0.45 0.4177083333333333 0.45 0.4114583333333333 0.45925925925925926 0.4114583333333333 0.4611111111111111 0.4114583333333333 0.4759259259259259
3 0.5572916666666666 0.35555555555555557 0.5583333333333333 0.3574074074074074 0.5604166666666667 0.362962962962963 0.5614583333333334 0.362962962962963 0.5708333333333333 0.362962962962963 0.571875 0.3611111111111111 0.5791666666666666 0.3574074074074074 0.5802083333333333 0.35555555555555557 0.5822916666666667 0.35185185185185186 0.5822916666666667 0.35 0.5854166666666667 0.3351851851851852 0.584375 0.3333333333333333 0.5802083333333333 0.32962962962962966 0.5791666666666666 0.32962962962962966 0.5739583333333333 0.32962962962962966 0.55625 0.34074074074074073 0.55625 0.3425925925925926 0.5572916666666666 0.35555555555555557
3 0.5208333333333334 0.33148148148148143 0.5208333333333334 0.3333333333333333 0.5187499999999999 0.3388888888888889 0.5187499999999999 0.34074074074074073 0.5166666666666666 0.3611111111111111 0.5177083333333333 0.362962962962963 0.5229166666666667 0.37592592592592594 0.5239583333333333 0.37592592592592594 0.53125 0.3851851851851852 0.5322916666666666 0.3851851851851852 0.5375 0.3888888888888889 0.5385416666666667 0.3888888888888889 0.5479166666666666 0.387037037037037 0.5489583333333333 0.3851851851851852 0.5572916666666666 0.36851851851851847 0.5572916666666666 0.3666666666666667 0.5552083333333333 0.34074074074074073 0.5541666666666667 0.3388888888888889 0.5395833333333333 0.32407407407407407 0.5385416666666667 0.32407407407407407 0.5333333333333333 0.3222222222222222 0.5270833333333333 0.32407407407407407 0.5260416666666666 0.32592592592592595 0.5208333333333334 0.33148148148148143
3 0.4927083333333333 0.32592592592592595 0.4927083333333333 0.3277777777777778 0.4927083333333333 0.34814814814814815 0.49375 0.35 0.5010416666666666 0.362962962962963 0.5020833333333333 0.362962962962963 0.5125000000000001 0.3611111111111111 0.5135416666666667 0.3592592592592592 0.5166666666666666 0.34814814814814815 0.5166666666666666 0.34629629629629627 0.515625 0.32962962962962966 0.5145833333333334 0.3277777777777778 0.5104166666666666 0.30925925925925923 0.509375 0.3074074074074074 0.50625 0.30185185185185187 0.5052083333333334 0.30185185185185187 0.5010416666666666 0.30185185185185187 0.4958333333333333 0.3111111111111111 0.4958333333333333 0.31296296296296294 0.4927083333333333 0.32592592592592595
3 0.55625 0.2851851851851852 0.55625 0.28703703703703703 0.5552083333333333 0.3 0.55625 0.30185185185185187 0.5708333333333333 0.3 0.571875 0.29814814814814816 0.5729166666666666 0.2925925925925926 0.571875 0.29074074074074074 0.5677083333333334 0.2777777777777778 0.5666666666666667 0.2759259259259259 0.5614583333333334 0.2740740740740741 0.5583333333333333 0.2777777777777778 0.5583333333333333 0.2796296296296296 0.55625 0.2851851851851852
3 0.538615 0.24869425925925925 0.5257505208333333 0.2487888888888889 0.5210021875 0.25129425925925925 0.515625 0.26296296296296295 0.515625 0.2740740740740741 0.5177083333333333 0.2796296296296296 0.5177083333333333 0.3055555555555556 0.5197916666666667 0.3111111111111111 0.5208333333333334 0.3111111111111111 0.5269759375 0.3179362962962963 0.5285751041666666 0.31874 0.5333391666666667 0.3182831481481482 0.5385416666666667 0.3148148148148148 0.5424221874999999 0.3141838888888889 0.5452193750000001 0.31073166666666663 0.5477737500000001 0.3058735185185185 0.5512084375 0.2961196296296296 0.55397625 0.28491092592592593 0.5543465625 0.2802898148148148 0.5547272916666667 0.2777646296296296 0.552833125 0.26936185185185185 0.5510557291666667 0.26534222222222226 0.5438332291666667 0.2576611111111111 0.538615 0.24869425925925925
3 0.5489583333333333 0.20185185185185187 0.5489583333333333 0.2037037037037037 0.5489583333333333 0.21666666666666665 0.5499999999999999 0.21851851851851853 0.553125 0.23333333333333334 0.5541666666666667 0.23518518518518516 0.5604166666666667 0.24629629629629632 0.5614583333333334 0.24444444444444444 0.5666666666666667 0.23518518518518516 0.5677083333333334 0.23518518518518516 0.5708333333333333 0.23148148148148148 0.571875 0.23148148148148148 0.5750000000000001 0.23148148148148148 0.5760416666666667 0.23333333333333334 0.5812499999999999 0.24629629629629632 0.5822916666666667 0.24629629629629632 0.5895833333333333 0.24629629629629632 0.5906250000000001 0.24444444444444444 0.5947916666666666 0.23148148148148148 0.5947916666666666 0.22962962962962963 0.5947916666666666 0.2111111111111111 0.59375 0.20925925925925928 0.59375 0.20555555555555555 0.5927083333333334 0.2037037037037037 0.5895833333333333 0.20185185185185187 0.5885416666666666 0.2 0.5875 0.1962962962962963 0.5875 0.19444444444444445 0.5864583333333333 0.1796296296296296 0.5854166666666667 0.17777777777777778 0.5760416666666667 0.1685185185185185 0.5750000000000001 0.1685185185185185 0.5635416666666666 0.1685185185185185 0.5541666666666667 0.17777777777777778 0.5541666666666667 0.1796296296296296 0.5489583333333333 0.20185185185185187
3 0.5052083333333334 0.13703703703703704 0.5052083333333334 0.1388888888888889 0.5031249999999999 0.1462962962962963 0.5041666666666667 0.14814814814814814 0.509375 0.14814814814814814 0.5104166666666666 0.15 0.5114583333333333 0.1537037037037037 0.5104166666666666 0.15555555555555556 0.50625 0.1574074074074074 0.5052083333333334 0.15925925925925924 0.5041666666666667 0.16296296296296298 0.5052083333333334 0.16481481481481483 0.5083333333333333 0.17592592592592593 0.509375 0.17592592592592593 0.5125000000000001 0.17592592592592593 0.5135416666666667 0.17777777777777778 0.5166666666666666 0.1814814814814815 0.5166666666666666 0.18333333333333335 0.5208333333333334 0.2 0.521875 0.20185185185185187 0.5270833333333333 0.20555555555555555 0.5281250000000001 0.2074074074074074 0.5333333333333333 0.21666666666666665 0.5343749999999999 0.21481481481481482 0.546875 0.2037037037037037 0.546875 0.20185185185185187 0.553125 0.17592592592592593 0.5520833333333334 0.17407407407407408 0.5520833333333334 0.16481481481481483 0.5510416666666667 0.16296296296296298 0.546875 0.1537037037037037 0.5458333333333334 0.1537037037037037 0.540625 0.15 0.5395833333333333 0.15 0.5145833333333334 0.15185185185185185 0.5135416666666667 0.15 0.5177083333333333 0.14444444444444443 0.5187499999999999 0.14444444444444443 0.5291666666666667 0.14444444444444443 0.5302083333333334 0.1425925925925926 0.5354166666666667 0.14074074074074072 0.5364583333333334 0.14074074074074072 0.540625 0.1425925925925926 0.5416666666666666 0.14074074074074072 0.546875 0.1388888888888889 0.546875 0.13703703703703704 0.5447916666666667 0.13148148148148148 0.5437500000000001 0.13148148148148148 0.5322916666666666 0.12037037037037036 0.53125 0.12037037037037036 0.521875 0.11851851851851852 0.5135416666666667 0.12407407407407407 0.5125000000000001 0.1259259259259259 0.5052083333333334 0.13703703703703704
3 0.8989583333333334 0.6981481481481482 0.9 0.7 0.9072916666666666 0.7111111111111111 0.9083333333333333 0.7111111111111111 0.915625 0.7166666666666667 0.9166666666666666 0.7148148148148148 0.9208333333333334 0.7148148148148148 0.921875 0.7129629629629629 0.9260416666666667 0.7092592592592593 0.9270833333333334 0.7074074074074075 0.9302083333333334 0.7 0.9302083333333334 0.6981481481481482 0.9291666666666666 0.6796296296296297 0.928125 0.6777777777777778 0.9197916666666667 0.6685185185185185 0.91875 0.6685185185185185 0.9072916666666666 0.6666666666666666 0.8979166666666666 0.6814814814814815 0.8979166666666666 0.6833333333333333 0.8989583333333334 0.6981481481481482
3 0.8895833333333334 0.6981481481481482 0.890625 0.7 0.890625 0.7018518518518518 0.8916666666666666 0.7037037037037037 0.9 0.7166666666666667 0.9010416666666666 0.7166666666666667 0.9083333333333333 0.7148148148148148 0.9083333333333333 0.7129629629629629 0.8989583333333334 0.6981481481481482 0.8989583333333334 0.6962962962962963 0.8958333333333334 0.6833333333333333 0.8927083333333333 0.6870370370370371 0.8927083333333333 0.688888888888889 0.8895833333333334 0.6981481481481482
3 0.8854166666666666 0.6425925925925926 0.8854166666666666 0.6444444444444444 0.8854166666666666 0.6518518518518519 0.8864583333333333 0.6537037037037037 0.890625 0.6703703703703704 0.8916666666666666 0.6722222222222222 0.896875 0.6777777777777778 0.8979166666666666 0.6759259259259259 0.9072916666666666 0.6648148148148147 0.9072916666666666 0.6629629629629629 0.9072916666666666 0.6592592592592593 0.90625 0.6574074074074074 0.9041666666666667 0.65 0.9041666666666667 0.6481481481481481 0.9041666666666667 0.6407407407407407 0.903125 0.6388888888888888 0.8989583333333334 0.6296296296296297 0.8979166666666666 0.6296296296296297 0.8947916666666667 0.6277777777777778 0.8895833333333334 0.6333333333333334 0.8895833333333334 0.6351851851851852 0.8854166666666666 0.6425925925925926
3 0.9041666666666667 0.6425925925925926 0.9041666666666667 0.6444444444444444 0.9072916666666666 0.6592592592592593 0.9083333333333333 0.6611111111111112 0.9104166666666667 0.6648148148148147 0.9114583333333334 0.6648148148148147 0.9239583333333333 0.6703703703703704 0.925 0.6703703703703704 0.9302083333333334 0.6685185185185185 0.93125 0.6666666666666666 0.9354166666666667 0.6592592592592593 0.9354166666666667 0.6574074074074074 0.9364583333333334 0.6518518518518519 0.9354166666666667 0.65 0.9197916666666667 0.6314814814814815 0.9166666666666666 0.6462962962962963 0.915625 0.6462962962962963 0.9041666666666667 0.6425925925925926
3 0.9375 0.6537037037037037 0.9364583333333334 0.6555555555555556 0.9322916666666666 0.6703703703703704 0.9333333333333333 0.6722222222222222 0.9447916666666666 0.6833333333333333 0.9458333333333334 0.6833333333333333 0.953125 0.6833333333333333 0.9541666666666666 0.6814814814814815 0.9604166666666666 0.6777777777777778 0.9614583333333334 0.6759259259259259 0.9572916666666667 0.6481481481481481 0.95625 0.6481481481481481 0.9552083333333333 0.6462962962962963 0.95 0.6592592592592593 0.9489583333333333 0.6592592592592593 0.9375 0.6537037037037037
3 0.6739583333333333 0.10740740740740741 0.6729166666666666 0.10925925925925926 0.66875 0.11296296296296296 0.66875 0.11481481481481481 0.66875 0.13148148148148148 0.6697916666666667 0.13333333333333333 0.6729166666666666 0.14074074074074072 0.671875 0.1425925925925926 0.6708333333333334 0.15555555555555556 0.671875 0.15555555555555556 0.6729166666666666 0.1574074074074074 0.6739583333333333 0.1574074074074074 0.6791666666666666 0.14814814814814814 0.6802083333333334 0.14814814814814814 0.6875 0.14814814814814814 0.6875 0.1462962962962963 0.690625 0.13518518518518519 0.690625 0.13333333333333333 0.690625 0.11296296296296296 0.6895833333333333 0.1111111111111111 0.6854166666666667 0.1037037037037037 0.684375 0.1037037037037037 0.6802083333333334 0.1037037037037037 0.6770833333333334 0.10925925925925926 0.6760416666666667 0.10925925925925926 0.6739583333333333 0.10740740740740741
3 0.7239583333333334 0.03518518518518518 0.725 0.037037037037037035 0.7270833333333334 0.046296296296296294 0.728125 0.046296296296296294 0.7395833333333334 0.05 0.740625 0.04814814814814815 0.75 0.03888888888888889 0.75 0.037037037037037035 0.746875 0.014814814814814815 0.7458333333333333 0.014814814814814815 0.7395833333333334 0.007407407407407408 0.7385416666666667 0.007407407407407408 0.7291666666666666 0.007407407407407408 0.7239583333333334 0.020370370370370372 0.7239583333333334 0.022222222222222223 0.7239583333333334 0.03518518518518518
3 0.975 0.39629629629629626 0.9760416666666666 0.39629629629629626 0.984375 0.39629629629629626 0.9854166666666666 0.39444444444444443 0.9947916666666666 0.387037037037037 0.9947916666666666 0.3851851851851852 0.9947916666666666 0.3574074074074074 0.99375 0.3574074074074074 0.9833333333333334 0.35185185185185186 0.9822916666666667 0.35185185185185186 0.9697916666666666 0.35 0.9697916666666666 0.387037037037037 0.9708333333333333 0.3888888888888889 0.975 0.39629629629629626
2 0.795438125 0.554294074074074 0.7942532291666666 0.5534514814814815 0.7198396875 0.4443327777777778 0.6627261458333332 0.32299592592592596 0.6520617708333333 0.32931555555555553 0.6959041666666667 0.4380131481481481 0.8030216666666666 0.6019018518518519 0.8594242708333333 0.6764735185185186 0.9260172916666667 0.7969675925925926 0.9262542708333333 0.796125 0.9954541666666666 0.9056649999999999 0.9980610416666666 0.8787012962962962 0.9463981250000001 0.8011805555555556 0.9366816666666666 0.7725316666666666 0.921040625 0.753994074074074 0.795438125 0.554294074074074
2 0.8969297916666668 0.8419931481481482 0.8317253125 0.7804940740740741 0.7122668750000001 0.6840424074074074 0.6493021874999999 0.6455501851851851 0.5836001041666666 0.5920151851851853 0.5786226041666667 0.6083853703703703 0.6079894791666667 0.6274101851851852 0.6453203125 0.6694418518518518 0.6759315625 0.6809453703703704 0.6756827083333333 0.6818301851851851 0.7481043749999999 0.7331531481481481 0.8678117708333333 0.8380111111111112 0.9081290625 0.8707516666666666 0.9379936458333333 0.8778307407407406 0.9964785416666666 0.91942 0.9753244791666666 0.8804853703703704 0.9546680208333334 0.8658848148148147 0.8969297916666668 0.8419931481481482
2 0.3549292708333333 0.2099251851851852 0.3544552083333333 0.20950370370370372 0.3255430208333333 0.1463075925925926 0.2918910416666667 0.09238018518518519 0.2914170833333333 0.09280148148148148 0.25535083333333336 0.005489074074074074 0.24092791666666666 0.006410370370370371 0.2778920833333333 0.10375333333333334 0.3239246875 0.17284537037037037 0.3492296875 0.2264301851851852 0.37006354166666666 0.29108388888888886 0.37066812499999996 0.29231222222222225 0.4047822916666667 0.34374740740740745 0.463596875 0.43003574074074075 0.49800635416666666 0.49881425925925926 0.5259368750000001 0.5421488888888889 0.5319576041666667 0.5284340740740741 0.45920302083333336 0.39487925925925926 0.4587289583333333 0.39361537037037037 0.3937948958333333 0.29629333333333335 0.3549292708333333 0.2099251851851852
2 0.7595223958333334 0.7777418518518519 0.7592332291666667 0.7767138888888888 0.6941825 0.77363 0.6933152083333334 0.772602037037037 0.6164107291666667 0.7258298148148148 0.5250505208333333 0.7104103703703705 0.44988083333333334 0.6595262962962963 0.37991510416666663 0.6317712962962964 0.37933687499999996 0.6317712962962964 0.37789125 0.6307433333333333 0.3761565625 0.6302292592592593 0.3038780208333333 0.5957925925925927 0.23015375 0.5736912962962963 0.18433906249999998 0.5537712962962963 0.18383114583333332 0.5543731481481482 0.180615 0.5742348148148148 0.2545883333333333 0.6010179629629631 0.29182895833333333 0.6085412962962963 0.3693571875 0.6479637037037037 0.4543335416666667 0.6780572222222223 0.5271220833333333 0.7334290740740741 0.5513284375 0.729817962962963 0.6063717708333334 0.7431424074074073 0.6063717708333334 0.7443461111111112 0.6915173958333334 0.7927966666666667 0.7726004166666667 0.7988153703703703 0.8403927083333333 0.8190035185185186 0.8215305208333333 0.8000875925925925 0.8211037499999999 0.801899074074074 0.8182126041666667 0.799329074074074 0.7609679166666666 0.778255925925926 0.7603896874999999 0.778255925925926 0.7595223958333334 0.7777418518518519
2 0.18293187500000002 0.6129103703703704 0.1842590625 0.6135003703703703 0.1971984375 0.6276562962962963 0.21411927083333335 0.6300155555555556 0.24928791666666666 0.6382731481481481 0.2970642708333333 0.6589172222222223 0.3372096875 0.6937174074074074 0.3375414583333334 0.694897037037037 0.39394406249999997 0.7243885185185185 0.44337927083333334 0.740314074074074 0.4792115625 0.7709851851851852 0.4795433333333334 0.7721648148148148 0.5057539583333334 0.7987072222222222 0.5060857291666666 0.799887037037037 0.552535 0.8063751851851853 0.6600317708333334 0.8565107407407407 0.7416495833333334 0.8895412962962963 0.7715097916666667 0.9137244444444443 0.7880988541666667 0.9196227777777778 0.7900894791666666 0.9213922222222223 0.7957297916666667 0.9219820370370371 0.8113234374999999 0.9261109259259259 0.8524641666666667 0.9261109259259259 0.8746934375000001 0.9343685185185185 0.8975862499999999 0.9461651851851852 0.8985816666666666 0.9479346296296297 0.9287736458333333 0.9679888888888889 0.9354091666666667 0.9673990740740741 0.980863125 0.9727075925925925 0.9801995833333333 0.9556024074074074 0.9111892708333333 0.9373175925925926 0.865071875 0.9125448148148148 0.7559161458333333 0.876565 0.6646766666666666 0.8323277777777778 0.6139142708333333 0.8087344444444445 0.6119236458333334 0.806965 0.5561845833333333 0.7898598148148148 0.4815340625 0.7479818518518518 0.44039333333333336 0.716130925925926 0.3899627083333333 0.6996157407407407 0.3013773958333333 0.642402037037037 0.220423125 0.6117307407407407 0.18492260416666667 0.5840087037037037 0.11690770833333335 0.5214866666666667 0.10828135416666668 0.5385916666666667 0.10861322916666667 0.5397712962962963 0.18293187500000002 0.6129103703703704
2 0.5767223958333333 0.10929685185185185 0.5922476041666667 0.10417888888888889 0.5737407291666666 0.06286981481481481 0.5637676041666667 0.006755370370370371 0.5530747916666667 0.005841481481481481 0.5542058333333334 0.05592407407407407 0.5767223958333333 0.10929685185185185
2 0.4740661458333333 0.48552703703703703 0.47269218749999997 0.49529685185185185 0.46732166666666664 0.5055105555555556 0.46257552083333336 0.507842037037037 0.4620759375 0.5083972222222223 0.4600151041666667 0.5077311111111111 0.45970291666666663 0.5068429629629629 0.4598278125 0.5040674074074074 0.4306642708333333 0.5257162962962963 0.4334119791666666 0.5344868518518519 0.46919510416666665 0.5085081481481482 0.48774239583333334 0.4846388888888889 0.4836832291666667 0.47586833333333334 0.4740661458333333 0.48552703703703703
2 0.6348978125 0.27056981481481485 0.6418070833333333 0.30158444444444443 0.6535527083333333 0.29206499999999996 0.6402525 0.25091685185185186 0.6354160416666667 0.2622787037037037 0.635156875 0.2638140740740741 0.6348978125 0.27056981481481485
3 0.29583333333333334 0.23518518518518516 0.29583333333333334 0.23703703703703705 0.30625 0.26851851851851855 0.3072916666666667 0.26851851851851855 0.31145833333333334 0.26851851851851855 0.3125 0.26666666666666666 0.3177083333333333 0.2611111111111111 0.3177083333333333 0.25925925925925924 0.3197916666666667 0.24629629629629632 0.3197916666666667 0.24444444444444444 0.3177083333333333 0.2277777777777778 0.3166666666666667 0.22592592592592592 0.3145833333333333 0.2222222222222222 0.31354166666666666 0.2222222222222222 0.31145833333333334 0.2222222222222222 0.3020833333333333 0.23703703703703705 0.3010416666666667 0.23703703703703705 0.29583333333333334 0.23518518518518516
3 0.3021809375 0.18535722222222223 0.29669989583333334 0.18194685185185186 0.2953295833333333 0.18194685185185186 0.29423333333333335 0.18633166666666665 0.29423333333333335 0.2033838888888889 0.29395927083333334 0.2043583333333333 0.291766875 0.20533277777777778 0.28820416666666665 0.20484555555555556 0.2868338541666667 0.2014351851851852 0.28628572916666667 0.19607574074074072 0.2846414583333333 0.19315259259259257 0.28354520833333335 0.19315259259259257 0.282175 0.1975374074074074 0.281626875 0.2014351851851852 0.28107875 0.21117925925925926 0.2849155208333333 0.21897462962962966 0.28820416666666665 0.2204362962962963 0.2901225 0.21994907407407407 0.2953295833333333 0.21458981481481482 0.29669989583333334 0.2141025925925926 0.29889229166666664 0.21166648148148148 0.30327718750000004 0.20825611111111111 0.30738802083333333 0.20289666666666667 0.30519552083333334 0.19169092592592593 0.3021809375 0.18535722222222223