2 0 0.8553240625 0.0012071550925925928 0.8555152569444444 0.005028212962962963 0.8550658032407407 0.005191166666666667 0.8540369606481482 0.01746910185185185 0.8475443842592593 0.01946110648148148 0.8468052361111111 0.0750742962962963 0.8271379189814815 0.07523724768518518 0.8261090763888889 0.08633794212962964 0.8152114398148148 0.08832994675925926 0.8144722916666667 0.11504077546296296 0.799719150462963 0.11703278009259259 0.79898 0.1288218587962963 0.7955739513888889 0.12898481018518518 0.7945451087962964 0.15951669675925928 0.779342513888889 0.1615087013888889 0.778603363425926 0.1870788611111111 0.7710521180555555 0.1872418148148148 0.770023275462963 0.20382966435185187 0.7599947175925926 0.2058216712962963 0.7592555694444444 0.23602765046296295 0.7461106574074073 0.23801965509259257 0.7453715092592593 0.3152189953703704 0.7196312407407407 0.3170480486111111 0.7199209351851853 0.32700807407407406 0.7162251921296297 0.328837125 0.7165148842592592 0.352089375 0.7117604699074074 0.35408138194444444 0.7110213217592593 0.3580653912037037 0.7095430254629629 0.3582283425925926 0.7085141828703704 0.3585542476851852 0.7064564976851853 0.3503867013888889 0.6988349791666666 0.348557650462963 0.6985452847222222 0.34006419675925925 0.692981449074074 0.3382351458333333 0.6926917569444444 0.3329109398148148 0.6907938333333333 0.33091893518518517 0.6915329837962964 0.2812451875 0.6973759004629629 0.2792531828703704 0.6981150486111111 0.2694561087962963 0.7007819490740741 0.2692931574074074 0.7018107916666666 0.24424842824074075 0.7178824675925926 0.2422564236111111 0.7186216157407408 0.19611440046296297 0.7376797175925925 0.19595144907407408 0.7387085601851852 0.17537958796296296 0.750215412037037 0.17338758333333334 0.7509545625 0.08077763657407407 0.7911284490740741 0.08061468287037038 0.7921572893518518 0.06004282175925926 0.8036641435185184 0.05805081712962963 0.8044032916666667 0.005932780092592593 0.8256788402777778 0.004103729166666666 0.8253891458333333 0 0.8263553726851852 0 0.8553240625
2 0.5532592314814815 0.26163250462962967 0.5557464490740741 0.26070960416666666 0.5568881435185186 0.26089043055555555 0.5807193587962963 0.2508386574074074 0.5878756180555555 0.24999694675925926 0.5913010671296296 0.2505394861111111 0.6686739143518518 0.24238389814814815 0.6709576689814816 0.24274560879629628 0.6992544976851852 0.23405943518518518 0.7072472731481482 0.23532536574074073 0.7437403240740741 0.2266206134259259 0.7439437708333334 0.22533610416666666 0.7465327199074074 0.22377089583333334 0.8862188125 0.16952127546296297 0.8921314791666667 0.16914091203703702 0.9671750069444444 0.14613171296296296 0.9589559027777779 0.1389043773148148 0.9590576342592593 0.13826206944444444 0.9567738773148149 0.1379003587962963 0.8801131180555556 0.14156000925925927 0.8788695092592592 0.14202146064814813 0.8743021805555555 0.14129806712962964 0.8719167106481481 0.14157855787037038 0.8696331388888888 0.141216875 0.8646589027777778 0.14306260416666666 0.8328575949074074 0.1590944328703704 0.8248876851851852 0.1650745185185185 0.8230337199074074 0.16938959953703703 0.7722510162037037 0.18702378935185185 0.7650949236111111 0.18786563194444447 0.7649932083333333 0.18850783564814813 0.7626077222222222 0.18878843055555555 0.7174324930555556 0.20796917592592593 0.7126617037037037 0.20853039583333335 0.7099710393518519 0.21073780555555555 0.7053019814814815 0.2106567175925926 0.7050985347222223 0.21194122685185185 0.7039568402777777 0.21176040046296296 0.7014696226851852 0.21268330092592594 0.700124298611111 0.21378695601851852 0.6576397314814815 0.23076029166666667 0.6552542453703704 0.23104088657407407 0.6490364004629631 0.23334806481481482 0.6489346689814816 0.23399037037037035 0.647792974537037 0.2338095439814815 0.6453057731481481 0.23473234259259257 0.5886665694444444 0.2376126875 0.5873212291666666 0.23871644444444445 0.579226738425926 0.2380927175925926 0.5619185277777778 0.24391059722222222 0.554864 0.24411000231481483 0.5200670324074074 0.26427608564814814 0.519965300925926 0.2649183912037037 0.5148893333333333 0.26740642592592595 0.5100168287037037 0.26860984722222225 0.5059810092592593 0.2719210439814815 0.5023521134259259 0.2726630138888889 0.5007015949074074 0.2756935856481481 0.49209826388888894 0.2782813587962963 0.423521775462963 0.3121908009259259 0.4233183287037037 0.3134753101851852 0.42093284259259256 0.3137559050925926 0.4194857893518518 0.31550186574074074 0.29586444675925927 0.3643952916666667 0.2924388148148148 0.36385272453703704 0.29005351157407405 0.36413334722222224 0.28860645601851853 0.3658793078703704 0.12761015972222223 0.43278853009259255 0.1673142523148148 0.4296263171296296 0.16079122916666666 0.43386031018518517 0.2772793611111111 0.39305464120370376 0.2797665787037037 0.39213174074074075 0.2798682939814815 0.39148953703703704 0.35376994212962964 0.3682994814814815 0.3551152824074074 0.3671957245370371 0.35739903935185185 0.36755743518518513 0.4732081828703704 0.3088675532407407 0.47559365277777776 0.30858706249999995 0.5257431203703704 0.28756058796296297 0.5506704814814815 0.26319763888888886 0.5518121759259259 0.2633784652777778 0.5532592314814815 0.26163250462962967
2 0.7495491226851853 0.6151689212962963 0.7700918032407408 0.630899400462963 0.7707757199074075 0.6319675601851853 0.7878488981481482 0.62651375 0.8847877060185185 0.6123547268518519 0.9853853935185185 0.6074130208333334 0.9857190393518519 0.6053064652777778 0.9870044398148148 0.6052701203703704 0.9846514212962963 0.5905010277777778 0.9224065740740741 0.5876006851851852 0.9201777407407407 0.5882074050925926 0.852474074074074 0.5928403402777778 0.7539697199074075 0.6141895416666666 0.7492442291666666 0.6144008310185185 0.7495491226851853 0.6151689212962963
2 0.16296332407407407 0 0.14761773842592593 0.041672708333333336 0.1452495300925926 0.04517420138888889 0.11206020138888889 0.10357500694444444 0.11128949305555556 0.1038609837962963 0.11119491666666666 0.104458125 0.059090861111111115 0.17006466666666664 0.057966414351851854 0.17029461805555554 0.04239196296296296 0.2274047939814815 0.04124296296296297 0.23007922916666668 0.03935476851851852 0.23284065972222223 0.045317965277777775 0.24786314814814817 0.0885199050925926 0.1834990972222222 0.13742897685185185 0.12432348611111112 0.16409853240740743 0.06815451157407407 0.19758556712962963 0 0.16296332407407407 0
2 0.33334965740740735 0.32523558564814814 0.3195880856481481 0.3017013912037037 0.31837684490740736 0.30126950925925927 0.2880975416666667 0.25544411805555556 0.2647107777777778 0.20111264814814814 0.2533024236111111 0.19234747222222223 0.25197144907407404 0.1899772662037037 0.2550991689814815 0.2106275601851852 0.26879936805555554 0.25070794907407407 0.27668152777777777 0.2682722361111111 0.2981927384259259 0.2913544282407407 0.3001333032407408 0.29526088657407407 0.31991425462962964 0.32118816203703704 0.33334965740740735 0.32523558564814814
3 0.3921492638888889 0.1865611412037037 0.3901572569444444 0.18730028935185186 0.37206625925925924 0.1949814699074074 0.37190330787037035 0.1960103125 0.3651125300925926 0.2033719675925926 0.3649495763888889 0.2044008101851852 0.3656745347222222 0.22349935185185185 0.3673406365740741 0.2248178888888889 0.3748563726851852 0.23655477546296297 0.37652247222222224 0.23787331018518518 0.39017717592592593 0.24636391203703703 0.39200622916666666 0.24665360416666665 0.4008255856481482 0.25015975462962964 0.40265463888888886 0.25044944907407407 0.4227742152777778 0.2536360763888889 0.4247662222222222 0.2528969282407407 0.4377325416666667 0.25389593981481484 0.4397245462962963 0.25315679166666666 0.46065888657407406 0.25119921064814815 0.4626508912037037 0.25046006249999997 0.4769208310185185 0.24322833796296295 0.47708378472222224 0.2421994953703704 0.48354865740740743 0.23689552314814813 0.48371160879629627 0.23586668055555557 0.4901399074074074 0.21895575462962963 0.48010673379629626 0.19943758564814815 0.47844063425925926 0.1981190509259259 0.4651118356481482 0.1875707662037037 0.4632827824074074 0.18728107175925926 0.4493021736111111 0.1808481574074074 0.4474731203703704 0.18055846296296296 0.4290196435185185 0.17869037037037036 0.4270276388888889 0.17942952083333333 0.3921492638888889 0.1865611412037037
3 0.4960693912037037 0.17559954166666666 0.48836408564814815 0.18281635185185185 0.45909924537037033 0.17818125694444445 0.4571072407407407 0.1789204050925926 0.4424748217592593 0.17660285648148147 0.45113122685185186 0.18113784953703704 0.4547893310185185 0.1817172384259259 0.465274787037037 0.1865419236111111 0.4752713865740741 0.19445313657407406 0.4771004398148148 0.1947428310185185 0.48543093981481483 0.20133550694444444 0.48725999305555556 0.20162520138888887 0.49888611805555555 0.19924799305555554 0.5053509907407407 0.19394402314814815 0.5066637546296296 0.18861502546296297 0.5010045 0.18587304861111112 0.5079765185185185 0.18328602777777778 0.5092892824074075 0.1779570300925926 0.5061291782407408 0.17719285648148148 0.5102761412037037 0.1746857175925926 0.5106020462962962 0.1726280324074074 0.5089359467592592 0.1713094976851852 0.5094248032407408 0.16822297222222224 0.5077587037037037 0.1669044351851852 0.5082475625 0.1638179097222222 0.5067444143518519 0.16147053240740739 0.4920754212962963 0.1475460300925926 0.4606190486111111 0.1330719699074074 0.445823675925926 0.1317832638888889 0.4420026180555556 0.13223271759259259 0.4376927037037037 0.13576869907407407 0.4385440416666667 0.14223144444444444 0.47019993981481484 0.16728362037037037 0.47385804398148146 0.16786300694444445 0.4860096018518519 0.17400622916666666 0.4960693912037037 0.17559954166666666
3 0.30721474074074073 0.13092278935185184 0.3052227361111111 0.1316619375 0.2979065254629629 0.13050316203703705 0.2959145208333333 0.1312423125 0.2676639722222222 0.13204112037037039 0.2656719652777778 0.1327802685185185 0.25770394675925923 0.13573686342592592 0.25754099305555556 0.1367657037037037 0.251402025462963 0.14001199305555556 0.2512390740740741 0.14104083564814815 0.24660325231481484 0.1466345 0.24644030092592592 0.1476633425925926 0.24298172222222222 0.15766206944444447 0.24464782175925925 0.15898060416666665 0.24399601157407408 0.16309597222222222 0.2456621111111111 0.16441450694444446 0.2508599375 0.17894822685185185 0.25252603935185186 0.18026676388888888 0.26536597916666665 0.19390157407407407 0.2671950324074074 0.1941912662037037 0.29515625231481485 0.20705709722222224 0.29698530324074074 0.20734679166666667 0.31344677546296296 0.2099540324074074 0.3154387824074074 0.20921488425925927 0.32275499074074077 0.21037365740740743 0.3247469953703704 0.20963450925925925 0.33604721759259254 0.20931498611111113 0.3380392222222222 0.20857583796296295 0.3599512777777778 0.2004452037037037 0.36011422916666663 0.1994163611111111 0.37320692824074075 0.1877795763888889 0.3733698796296296 0.18675073379629628 0.3773173171296296 0.17366548148148148 0.3687872893518519 0.15649468981481482 0.3671211898148148 0.15517615509259258 0.3574504953703703 0.14520725694444445 0.35562144212962965 0.14491756481481483 0.3452989375 0.13906403472222223 0.3434698865740741 0.1387743402777778 0.3328214768518518 0.1349784976851852 0.33099242361111114 0.13468880324074076 0.30721474074074073 0.13092278935185184
3 0.20366378935185186 0.07444518518518518 0.20167178472222222 0.07518433333333334 0.19053451851851852 0.07447501388888889 0.1885425115740741 0.07521416203703703 0.1770793402777778 0.07656252777777778 0.17508733564814813 0.07730167592592592 0.16297235185185185 0.08276540972222222 0.16280940046296297 0.08379425231481481 0.15833653240740742 0.08835907638888889 0.1581735787037037 0.08938791666666666 0.15210775925925926 0.11584811574074073 0.1537738587962963 0.11716665277777778 0.15328500231481482 0.12025317824074075 0.15495110185185185 0.12157171296296296 0.16697628009259258 0.1403507337962963 0.16864237962962964 0.14166926851851852 0.17880193287037038 0.1485516388888889 0.18063098611111109 0.14884133333333335 0.19810674768518519 0.15688247685185186 0.1999357986111111 0.1571721712962963 0.2198924236111111 0.1613876412037037 0.22188443055555554 0.16064849305555556 0.23883475925925926 0.16016920833333334 0.23899771296296296 0.15914036574074075 0.2477439212962963 0.13943260648148148 0.24973592592592592 0.1386934560185185 0.2623397662037037 0.13014319675925926 0.2625027199074074 0.12911435648148148 0.26462110185185184 0.11573940972222223 0.25844556018518516 0.10737874074074075 0.2586085138888889 0.10634989814814816 0.25942327546296295 0.10120568981481481 0.25775717592592595 0.09988715277777777 0.2517445856481481 0.09049764351851852 0.2500784861111111 0.08917910879629629 0.23292862962962962 0.07908028009259259 0.23109957638888887 0.07879058564814816 0.20366378935185186 0.07444518518518518
3 0.17965327083333335 0.15501438425925926 0.18131937037037035 0.15633292129629628 0.18798376851851853 0.1616070625 0.18981282175925926 0.16189675694444444 0.20330457407407407 0.17141619675925923 0.20513362731481483 0.17170589120370372 0.21561908333333332 0.17653057870370373 0.21744813657407408 0.17682027083333335 0.24106286574074073 0.1816151296296296 0.24305487037037035 0.18087597916666667 0.24687592824074076 0.18042652546296298 0.24703888194444446 0.17939768287037036 0.24769069212962963 0.1752823148148148 0.24232991203703702 0.1617774375 0.2405008587962963 0.16148774305555555 0.22537958101851852 0.16225672222222223 0.2235505300925926 0.1619670277777778 0.20160190046296297 0.15849070601851853 0.1999357986111111 0.1571721712962963 0.17863897916666666 0.14958048148148148 0.17847602777777777 0.15060932407407407 0.17965327083333335 0.15501438425925926
3 0.18505062268518518 0.1801262199074074 0.18488767129629632 0.18115506018518518 0.18358405092592595 0.1893857962962963 0.18525015046296295 0.19070433333333334 0.1864273912037037 0.1951093935185185 0.18809349305555556 0.19642793055555555 0.1949208449074074 0.2006732291666667 0.19674989583333333 0.20096292361111112 0.20723535416666666 0.2057876087962963 0.20906440740740742 0.20607730324074075 0.21654356944444444 0.2062072361111111 0.2185355740740741 0.20546808564814814 0.2299987476851852 0.20411972222222222 0.23016169907407408 0.20309087962962963 0.2444316388888889 0.19585915509259258 0.24459459259259259 0.19483031250000002 0.2472384074074074 0.18997579629629627 0.24455801851851852 0.18322335648148147 0.2427289652777778 0.18293366435185185 0.22443843981481482 0.1800367291666667 0.2227723402777778 0.17871819444444445 0.1994835162037037 0.1718656527777778 0.19749151157407407 0.17260480092592592 0.18952349074074076 0.17556139583333333 0.18936053935185185 0.17659023842592594 0.18505062268518518 0.1801262199074074
3 0.33329041435185186 0.07282834953703704 0.333127462962963 0.07385719212962963 0.329831837962963 0.08282707638888889 0.3314979375 0.08414561342592591 0.3336894699074074 0.0939845763888889 0.33535556944444445 0.09530311342592593 0.3423458726851852 0.09851957175925925 0.34433787962962964 0.0977804212962963 0.3692562291666666 0.0943445439814815 0.3710852824074074 0.09463423611111112 0.3973438263888889 0.09457457638888889 0.3975067800925926 0.0935457337962963 0.39799563657407405 0.09045920833333333 0.38982809027777776 0.08283768981481482 0.3879990370370371 0.08254799537037037 0.363858875 0.06923270833333334 0.3620298240740741 0.0689430162037037 0.3532104652777778 0.06543686342592593 0.3512184606481481 0.06617601388888888 0.3419102453703704 0.06575638888888889 0.34174729398148146 0.06678522916666667 0.33329041435185186 0.07282834953703704
3 0.29745097916666663 0.038676358796296294 0.2972880277777778 0.039705201388888896 0.29513306944444445 0.04147319212962963 0.29497011805555556 0.04250203472222222 0.29582145370370366 0.04896478009259259 0.2974875532407407 0.050283314814814815 0.30049384953703706 0.054978069444444444 0.30215994907407406 0.05629660648148148 0.32430810648148145 0.07035104166666667 0.32613715740740745 0.0706407337962963 0.32979526388888886 0.07122012037037037 0.33178726851851853 0.07048097222222223 0.3419102453703704 0.06575638888888889 0.3420731990740741 0.06472754629629629 0.3490269282407407 0.056337048611111114 0.34618358796296295 0.05061345138888889 0.34634653935185183 0.049584608796296295 0.3473242546296297 0.043411557870370376 0.34565815509259257 0.042093020833333335 0.3356615555555556 0.03418180787037037 0.3338325023148148 0.03389211574074074 0.3148901689814815 0.03511054861111111 0.3128981620370371 0.03584969675925926 0.29745097916666663 0.038676358796296294
3 0.38772636111111114 0.04875596990740741 0.389392462962963 0.05007450694444444 0.3957309560185185 0.05740633101851852 0.3975600092592593 0.057696025462962965 0.40438736111111107 0.061941326388888884 0.40621641435185185 0.06223101851851852 0.4221890277777778 0.06792478703703704 0.42401808101851857 0.06821447916666666 0.4386505 0.07053202777777778 0.43881345370370367 0.06950318518518518 0.4334526736111111 0.05599830787037036 0.43178657407407406 0.054679770833333335 0.42711418055555556 0.048666481481481484 0.42727713194444444 0.04763763888888889 0.42809189583333335 0.04249342824074075 0.43008390046296296 0.0417542800925926 0.4393921157407408 0.04217390509259259 0.4410582152777778 0.043492442129629626 0.4573567337962963 0.047128523148148145 0.4575196875 0.04609968287037037 0.4578455925925926 0.044041997685185186 0.44268774074074074 0.033204020833333334 0.4408586875 0.03291432638888889 0.4154149050925926 0.027829777777777776 0.413422900462963 0.028568925925925925 0.40846117592592596 0.03622027546296296 0.4064691712962963 0.03695942361111111 0.3870379768518518 0.04126438425925926 0.38687502546296293 0.04229322453703704 0.38772636111111114 0.04875596990740741
3 0.18998230092592594 0.3739084837962963 0.19164840046296294 0.3752270208333333 0.2096495949074074 0.39178859490740736 0.2114786458333333 0.39207828703703707 0.21330769907407407 0.3923679814814815 0.21529970370370372 0.39162883333333337 0.24700883333333332 0.38083129861111115 0.24717178472222223 0.3798024560185185 0.25530275694444443 0.3758170185185185 0.25546571064814816 0.37478817824074073 0.25611752083333333 0.37067281018518516 0.24229986342592594 0.3632110509259259 0.2404708101851852 0.3629213587962963 0.22218028703703702 0.36002442361111114 0.2201882824074074 0.36076357175925927 0.21088006712962962 0.3603439467592593 0.2088880625 0.3610830949074074 0.19909098842592593 0.36374999537037034 0.19892803703703704 0.364778837962963 0.18998230092592594 0.3739084837962963
3 0.15157219907407407 0.3678249212962963 0.15340125 0.3681146157407407 0.16888500694444442 0.3768949097222222 0.1707140601851852 0.3771846018518519 0.17437216435185185 0.3777639884259259 0.1763641712962963 0.3770248402777778 0.18599828935185184 0.3753867824074074 0.18616124305555554 0.37435793981481486 0.19246316435185185 0.3700828101851852 0.19262611574074076 0.36905396759259257 0.19909098842592593 0.36374999537037034 0.19925394212962963 0.36272115509259256 0.20006870370370372 0.35757694444444443 0.18873190972222223 0.34628951157407406 0.1869028564814815 0.3459998171296296 0.17060433796296298 0.34236373611111115 0.16861233333333334 0.3431028842592593 0.14568598842592592 0.34579961342592597 0.14552303472222222 0.3468284560185185 0.14190150462962964 0.35785602546296297 0.14356760416666667 0.3591745601851852 0.15157219907407407 0.3678249212962963
3 0.16530005092592592 0.39952943287037035 0.16696615046296298 0.4008479675925926 0.17379350231481483 0.4050932685185185 0.17562255555555556 0.40538296296296294 0.1794436134259259 0.40493350694444447 0.18143561805555558 0.4041943587962963 0.2094866412037037 0.3928174351851852 0.19132249537037038 0.37728470370370365 0.18949344212962962 0.37699501157407406 0.18201428009259257 0.37686507870370367 0.18002227546296296 0.37760422685185185 0.16558938194444442 0.3858647939814815 0.16542643055555556 0.38689363657407405 0.16261966203703704 0.3927769930555556 0.1642857615740741 0.39409553009259257 0.16530005092592592 0.39952943287037035
3 0.1876643912037037 0.3767053171296296 0.18384333333333333 0.3771547731481481 0.17189130324074073 0.3815896643518518 0.16542643055555556 0.38689363657407405 0.16395985648148148 0.396153212962963 0.16863224999999998 0.4021665046296296 0.17761456018518518 0.40464381250000003 0.18159857175925925 0.4031655162037037 0.1892406851851852 0.4022666064814815 0.1913956435185185 0.40049861574074075 0.20533967824074073 0.39532457638888885 0.2309829884259259 0.41098723842592594 0.21504694675925928 0.41690042824074075 0.21472104166666667 0.4189581111111111 0.21772733796296298 0.4236528680555555 0.22605783796296297 0.43024554398148146 0.23520309953703702 0.4316940115740741 0.23634376620370368 0.42449211805555553 0.24032777777777778 0.42301381944444444 0.24463769212962963 0.4194778402777778 0.2625657384259259 0.41282550231481485 0.26597537962962964 0.40990025462962965 0.27536910648148144 0.4148533564814815 0.27569501157407406 0.4127956712962963 0.2658613634259259 0.4038556180555556 0.2587081064814815 0.4016680023148148 0.2547240972222222 0.4031462986111111 0.2504141805555556 0.4066822800925926 0.24653611574074075 0.40410941666666667 0.20765759027777778 0.3925277430555556 0.20782054166666666 0.39149890046296293 0.19949004166666667 0.38490622453703704 0.19965299537037037 0.38387738194444443 0.19132249537037038 0.37728470370370365 0.1876643912037037 0.3767053171296296
3 0.509378099537037 0.41711325231481483 0.5113701064814815 0.41637410185185186 0.5170202152777778 0.4162143402777778 0.5190122199074074 0.41547519212962963 0.5289722453703704 0.4117794490740741 0.5291351990740741 0.4107506087962963 0.533282162037037 0.40824346759259256 0.5334451134259259 0.40721462731481484 0.5340969236111112 0.40309925925925927 0.4797142060185185 0.39132192824074075 0.4777222013888889 0.3920610763888889 0.47475248148148147 0.3989732777777778 0.4764185810185185 0.4002918125 0.4824311712962963 0.4096813240740741 0.484260224537037 0.40997101620370374 0.4947456805555555 0.4147957037037037 0.4965747337962963 0.41508539814814815 0.509378099537037 0.41711325231481483
3 0.637378462962963 0.5323051226851852 0.6355494097222222 0.5320154282407408 0.6136007800925926 0.5285391087962963 0.611608775462963 0.5292782569444445 0.5851872777777778 0.5303667592592592 0.5831952731481481 0.5311059074074074 0.5576251134259259 0.5386571550925926 0.5574621597222222 0.5396859953703704 0.5514861458333333 0.5419034421296296 0.5513231921296297 0.5429322847222222 0.5448583194444444 0.5482362546296297 0.5446953657407407 0.5492650972222223 0.5384300208333334 0.5651471828703704 0.5400961203703704 0.5664657175925926 0.5432653680555556 0.5701316319444444 0.5450944212962964 0.5704213240740741 0.5563946412037036 0.5701018009259259 0.5582236921296296 0.5703914953703704 0.5746851643518519 0.5729987361111111 0.5763512662037037 0.5743172708333334 0.5901689212962963 0.5817790300925926 0.5919979745370371 0.5820687222222222 0.6034611481481482 0.5807203564814815 0.6051272476851851 0.5820388935185185 0.6207739560185185 0.5897903449074074 0.6226030092592593 0.590080037037037 0.656214337962963 0.6027861064814815 0.6582063425925926 0.6020469583333333 0.6698324675925925 0.5996697523148149 0.6699954212962963 0.5986409097222222 0.6845912662037037 0.5893515023148148 0.6847542199074075 0.5883226597222223 0.689390039351852 0.5827289930555556 0.6895529930555555 0.5817001527777778 0.6919972800925926 0.5662675208333333 0.6896427962962962 0.5574573981481481 0.6879766967592593 0.556138863425926 0.6799721018518519 0.5474885023148148 0.6781430486111112 0.5471988078703703 0.6711527453703704 0.5439823495370371 0.6693236921296296 0.5436926574074074 0.6530251736111111 0.540056574074074 0.6513590717592592 0.5387380393518518 0.637378462962963 0.5323051226851852
3 0.6997990856481481 0.45781948379629633 0.6898390601851851 0.46151522685185187 0.6861809560185186 0.46093584027777773 0.6689047199074074 0.4634728101851852 0.6680899583333334 0.46861701851851856 0.6660979513888889 0.46935616898148147 0.6656090949074075 0.4724426944444445 0.6596330787037038 0.47466013888888886 0.655974974537037 0.47408075231481484 0.6539829699074075 0.47481990046296296 0.6503248634259259 0.4742405138888889 0.6483328587962963 0.47497966203703706 0.6408536967592592 0.4748497314814815 0.6212595509259259 0.4801835324074074 0.6178009722222222 0.49018225925925923 0.613816962962963 0.49166055555555555 0.6095070486111112 0.49519653703703703 0.611173148148148 0.496515074074074 0.6115356273148147 0.5060643449074074 0.6247014745370371 0.5176414699074074 0.6245385208333333 0.5186703125 0.6328690208333334 0.5252629907407408 0.6327060694444445 0.5262918333333333 0.6377043680555556 0.5302474398148148 0.6430285740740741 0.5321453611111111 0.651522025462963 0.5377091967592592 0.660667287037037 0.5391576643518519 0.662333386574074 0.5404761990740741 0.6769658078703704 0.5427937476851852 0.6786319074074074 0.5441122824074074 0.6859481180555556 0.5452710555555556 0.6935902314814816 0.5443721458333334 0.6990773888888889 0.5452412268518518 0.6994032939814815 0.5431835416666667 0.716353625 0.5427042569444445 0.7213519236111111 0.5466598634259259 0.7324891921296297 0.5473691828703703 0.7363102499999999 0.5469197268518519 0.746270275462963 0.5432239837962963 0.7507431435185185 0.538659162037037 0.7547271527777778 0.5371808634259259 0.7590370671296297 0.5336448819444445 0.7598518310185185 0.5285006736111111 0.7563566782407407 0.5268924444444445 0.7603406875 0.5254141458333333 0.7679828032407408 0.5245152361111112 0.7694493773148148 0.5152556574074074 0.7714413819444444 0.5145165092592593 0.7624890046296295 0.5039582824074075 0.7730709074074075 0.5042280902777778 0.7699016597222221 0.5005621759259259 0.7702275648148148 0.49850449305555555 0.7685614652777778 0.4971859560185185 0.7688873703703704 0.4951282731481481 0.7658810763888889 0.4904335185185185 0.760882775462963 0.48647791203703705 0.7610457291666667 0.48544906944444444 0.7560474282407407 0.48149346296296297 0.7562103819444445 0.4804646203703704 0.7492200763888889 0.47724816203703707 0.7390605254629631 0.4703657916666667 0.7372314722222222 0.47007609953703705 0.7304041203703704 0.4658307986111111 0.7249169629629629 0.4649617175925926 0.7210959050925927 0.4654111736111111 0.7204440949074075 0.4695265416666667 0.7106470231481481 0.47219344212962966 0.7089809212962963 0.4708749074074074 0.7096327314814814 0.4667595393518518 0.7079666319444444 0.4654410046296296 0.708292537037037 0.46338331944444444 0.7034571898148149 0.45839887037037036 0.6997990856481481 0.45781948379629633
3 0.5775252453703703 0.47220204861111115 0.5723639930555555 0.4692752824074074 0.5504153634259259 0.46579896296296297 0.5332655046296296 0.45570013425925926 0.5241202430555556 0.45425166666666666 0.5085101087962963 0.4581071712962963 0.5083471550925927 0.4591360115740741 0.5040372407407407 0.46267199305555556 0.5004157083333334 0.4736995625 0.4970954351851852 0.4749315763888889 0.5016883796296296 0.47814135879629627 0.5088062662037037 0.48598706018518517 0.5142284120370371 0.49322817129629626 0.5155572847222222 0.4973470763888889 0.519105287037037 0.49775272453703706 0.5207713865740741 0.49907125925925927 0.5455633587962962 0.5082711782407408 0.5638538842592593 0.5111681134259259 0.5736509560185186 0.508501212962963 0.5804783101851851 0.5127465115740741 0.5862913726851852 0.5115579074074075 0.5871061342592593 0.5064136990740741 0.5964143495370371 0.5068333240740741 0.6000358796296297 0.4958057546296296 0.5861816481481481 0.47673704166666664 0.5793542962962963 0.47249174074074074 0.5775252453703703 0.47220204861111115
3 0.4848986412037037 0.559832599537037 0.48290663657407407 0.5605717476851851 0.4613204861111111 0.5666446967592592 0.4611575324074074 0.5676735393518518 0.45802486111111107 0.5756145833333334 0.4596909606481482 0.5769331180555556 0.4613570601851852 0.5782516527777778 0.4631861134259259 0.5785413472222223 0.4907848518518519 0.5818579074074074 0.4927768564814815 0.5811187569444445 0.5117191921296297 0.5799003240740741 0.5137111967592592 0.579161175925926 0.5176952083333334 0.5776828796296296 0.5178581597222222 0.576654037037037 0.5286329490740741 0.5678140833333333 0.5306249537037038 0.5670749351851851 0.5366009675925926 0.564857488425926 0.5367639212962962 0.5638286481481481 0.5469767037037037 0.5348613101851852 0.5419784027777778 0.5309057037037037 0.540149349537037 0.5306160092592592 0.5235249259259259 0.5290376111111111 0.5251910254629629 0.5303561458333333 0.5330326666666667 0.540035349537037 0.5328697152777777 0.5410641921296296 0.5352241990740741 0.5498743148148149 0.5332321944444445 0.550613462962963 0.4848986412037037 0.559832599537037
3 0.7965657847222223 0.7346993148148149 0.7945737800925926 0.7354384629629629 0.775142587962963 0.7397434236111111 0.7749796342592593 0.740772263888889 0.7711951504629629 0.752828675925926 0.7728612499999999 0.754147210648148 0.7973273171296297 0.7654048125 0.7991563703703704 0.7656945069444445 0.8214309050925926 0.7671131435185186 0.8234229097222223 0.7663739953703704 0.8332199837962962 0.7637070949074074 0.8333829351851852 0.7626782523148149 0.8395219027777777 0.7594319652777778 0.8396848564814815 0.7584031226851852 0.8429804814814815 0.7494332384259259 0.8422920972222222 0.741941650462963 0.8404630439814815 0.7416519583333333 0.8369678912037037 0.7400437291666667 0.8351388402777778 0.7397540347222221 0.8243274768518518 0.7369870324074074 0.8223354722222221 0.7377261805555555 0.8127013518518518 0.7393642407407407 0.8108722986111111 0.7390745462962963 0.7965657847222223 0.7346993148148149
3 0.8995746481481481 0.8301131527777778 0.8994116967592594 0.8311419953703704 0.8992853171296297 0.8437777939814814 0.9009514166666667 0.8450963287037037 0.9137913587962962 0.858731138888889 0.915620412037037 0.8590208333333332 0.9302528310185184 0.8613383796296297 0.9322448356481481 0.8605992314814814 0.9417160046296296 0.859990013888889 0.9418789560185185 0.8589611736111111 0.9474559189814814 0.8355874999999999 0.9426205717592593 0.8306030509259259 0.9407915185185186 0.8303133587962963 0.9356302662037037 0.8273865925925926 0.933801212962963 0.8270969004629629 0.9173397407407408 0.8244896597222222 0.9153477361111112 0.8252288078703705 0.9038845648148148 0.8265771736111112 0.9037216111111112 0.8276060138888889 0.8995746481481481 0.8301131527777778
3 0.9124270972222221 0.8628487291666667 0.9133709027777778 0.8623860925925926 0.9139467453703704 0.8614979490740742 0.9140980624999999 0.8605425648148148 0.9140139953703703 0.8583257685185186 0.9136649490740741 0.8577808101851851 0.9107116574074074 0.8571906087962964 0.9052336921296296 0.8574247800925926 0.9011620787037037 0.8570246828703704 0.9004495439814816 0.8574015023148148 0.8975003495370371 0.8581586365740741 0.894631125 0.8597852337962962 0.8938618333333332 0.8605203981481482 0.8887602430555556 0.8638745671296296 0.8868391018518518 0.8663858912037037 0.8860173657407407 0.8688265578703704 0.8868896273148148 0.8701888449074074 0.8876821157407407 0.8706815925925926 0.8889790648148148 0.8721112476851851 0.8904464351851852 0.872466099537037 0.8912389236111111 0.8729588472222223 0.8924937569444444 0.8732800393518518 0.894673675925926 0.8732579699074073 0.900670724537037 0.8724940000000001 0.9049547083333332 0.8729276273148149 0.9064218958333333 0.8732824513888888 0.9094551412037036 0.8747422199074074 0.9117148148148148 0.8755897916666667 0.9114416111111111 0.8745671712962962 0.909757775462963 0.8728314537037037 0.9074138518518519 0.8697670555555556 0.9062303819444445 0.8676209143518518 0.9033252569444444 0.863977849537037 0.9032076481481481 0.8633472083333333 0.9039391018518518 0.8628509398148148 0.9050574236111111 0.8626608356481482 0.9101904513888889 0.8632289375 0.9124270972222221 0.8628487291666667
3 0.022035037037037037 0.9252570949074075 0.023701136574074074 0.9265756296296296 0.07857271064814814 0.9352664328703704 0.08056471527777777 0.9345272847222221 0.08438577314814814 0.9340778287037037 0.08454872685185186 0.9330489861111111 0.08735549305555555 0.9271656296296297 0.0813429050925926 0.9177761180555556 0.07967680555555556 0.9164575833333333 0.07467850462962963 0.9125019768518519 0.07284945138888889 0.9122122824074075 0.054721879629629634 0.9082865069444445 0.052729874999999995 0.9090256550925925 0.03911174537037037 0.912142011574074 0.03894879166666666 0.9131708541666667 0.022035037037037037 0.9252570949074075
3 0.024316372685185186 0.9108533055555555 0.025982472222222223 0.9121718402777779 0.03098077314814815 0.9161274467592593 0.032972777777777774 0.9153882986111112 0.0528928287037037 0.9079968125 0.054721879629629634 0.9082865069444445 0.07134630555555556 0.9098649050925927 0.07150925694444445 0.9088360648148148 0.07167221064814815 0.9078072222222223 0.062001516203703706 0.897838324074074 0.06017246296296296 0.8975486319444445 0.043873944444444445 0.8939125486111111 0.04188193981481482 0.8946516967592593 0.02826380787037037 0.8977680532407407 0.028100856481481484 0.8987968958333333 0.023953893518518517 0.9013040347222222 0.023790939814814813 0.9023328749999999 0.024316372685185186 0.9108533055555555
3 0.08150585648148148 0.916747275462963 0.08317195601851851 0.9180658125 0.0891845462962963 0.9274553217592593 0.09085064583333333 0.9287738564814815 0.09267969907407407 0.929063550925926 0.0946717037037037 0.9283244027777777 0.13637743287037038 0.9254380810185184 0.1383694375 0.9246989305555556 0.1441825 0.9235103287037036 0.1443454513888889 0.9224814861111111 0.1466633611111111 0.9196846527777778 0.12699606712962963 0.9018045439814815 0.1251670162037037 0.901514849537037 0.1161847060185185 0.8990375416666666 0.11419270138888889 0.8997766898148148 0.09126635648148149 0.9024734189814815 0.09110340277777779 0.9035022615740741 0.0848014837962963 0.9077773912037037 0.08463853009259259 0.9088062337962962 0.08150585648148148 0.916747275462963
2 0 0.683514849537037 0.007337303240740741 0.7000872083333334 0.008110636574074074 0.7102872013888889 0.01427729861111111 0.7354497986111111 0.013706377314814814 0.7390544490740741 0.019111687500000002 0.7577141319444445 0.046880078703703705 0.8010784097222222 0.046620560185185185 0.8027169444444445 0.05740648842592593 0.7987146481481482 0.04646378472222223 0.769772337962963 0.04460069212962963 0.7664539884259258 0.03691080787037037 0.7282852731481482 0.038075914351851856 0.7284698078703704 0 0.6417528796296296 0 0.683514849537037