2 0.7135416666666666 0.016666666666666666 0.7145833333333333 0.018518518518518517 0.7177083333333334 0.06481481481481481 0.71875 0.06666666666666667 0.71875 0.07222222222222222 0.7197916666666666 0.07407407407407407 0.7260416666666666 0.1 0.7260416666666666 0.10185185185185185 0.7270833333333334 0.12037037037037036 0.7260416666666666 0.12222222222222222 0.7239583333333334 0.14444444444444443 0.7229166666666667 0.1462962962962963 0.7148669791666667 0.1569025925925926 0.7041666666666666 0.16481481481481483 0.7010416666666667 0.17037037037037037 0.7010416666666667 0.17222222222222225 0.6989583333333333 0.1814814814814815 0.6989583333333333 0.18333333333333335 0.7020833333333334 0.1925925925925926 0.703125 0.1925925925925926 0.7104166666666666 0.19814814814814813 0.7114583333333334 0.2 0.7145833333333333 0.20555555555555555 0.7145833333333333 0.2074074074074074 0.7177083333333334 0.22407407407407406 0.71875 0.22592592592592592 0.7239583333333334 0.24259259259259258 0.7239583333333334 0.24444444444444444 0.7286929166666667 0.25589203703703706 0.7271773958333333 0.27037037037037037 0.7270833333333334 0.28148148148148144 0.728125 0.2833333333333333 0.7364583333333333 0.3 0.7375 0.3 0.7447916666666666 0.3111111111111111 0.7447916666666666 0.31296296296296294 0.7583333333333334 0.34629629629629627 0.759375 0.34814814814814815 0.7860803125000001 0.40387351851851855 0.803125 0.43703703703703706 0.815625 0.4666666666666667 0.8229163541666666 0.47962907407407407 0.83125 0.4944444444444444 0.83125 0.4962962962962963 0.8500952083333333 0.5372062962962962 0.8625 0.5574074074074075 0.8969696875 0.6234005555555555 0.908238125 0.6193603703703703 0.9197916666666667 0.6055555555555556 0.9197916666666667 0.6037037037037037 0.91875 0.5944444444444444 0.9177083333333333 0.5925925925925926 0.9114583333333334 0.575925925925926 0.8979171874999999 0.5599333333333333 0.884375 0.5277777777777778 0.884375 0.5259259259259259 0.8697916666666666 0.4962962962962963 0.8697916666666666 0.4944444444444444 0.8511065625 0.4579751851851852 0.8360791666666666 0.4171709259259259 0.828125 0.39814814814814814 0.8221589583333333 0.37659888888888887 0.8177083333333334 0.3666666666666667 0.8083333333333333 0.34629629629629627 0.8083333333333333 0.3444444444444445 0.7926131249999999 0.3126244444444445 0.78125 0.27037037037037037 0.7739583333333334 0.24629629629629632 0.7739583333333334 0.24444444444444444 0.771875 0.2277777777777778 0.771875 0.22592592592592592 0.775 0.19814814814814813 0.775 0.1962962962962963 0.7729166666666666 0.17592592592592593 0.771875 0.17407407407407408 0.7708333333333334 0.1685185185185185 0.7697916666666667 0.16666666666666666 0.7589012500000001 0.14932592592592592 0.7520833333333333 0.13333333333333333 0.7479166666666667 0.10740740740740741 0.7462121875000001 0.08434444444444444 0.7447916666666666 0.053703703703703705 0.74375 0.05185185185185185 0.7427083333333334 0.04259259259259259 0.7416666666666666 0.040740740740740744 0.7364583333333333 0.02962962962962963 0.7364583333333333 0.027777777777777776 0.73125 0.007407407407407408 0.7302083333333333 0.007407407407407408 0.7166666666666667 0.005555555555555556 0.7135416666666666 0.007407407407407408 0.7135416666666666 0.009259259259259259 0.7135416666666666 0.016666666666666666
2 0.405428125 0.05237555555555556 0.4010416666666667 0.07962962962962962 0.4 0.08148148148148149 0.3930754166666667 0.10338981481481481 0.3875 0.12037037037037036 0.3875 0.1425925925925926 0.3849911458333333 0.15696462962962962 0.3806338541666667 0.17673444444444442 0.37711260416666664 0.19684500000000002 0.37448677083333337 0.22258592592592594 0.3724327083333333 0.2406098148148148 0.3697916666666667 0.2555555555555556 0.37171364583333333 0.25845074074074076 0.37604166666666666 0.2611111111111111 0.3802083333333333 0.2574074074074074 0.3833333333333333 0.22407407407407406 0.384375 0.2222222222222222 0.3890501041666667 0.19046574074074074 0.39394052083333336 0.16622388888888887 0.3979166666666667 0.15185185185185185 0.4020833333333333 0.13703703703703704 0.4020833333333333 0.13518518518518519 0.40625 0.10185185185185185 0.41022614583333333 0.08695796296296297 0.4162703125 0.05881648148148148 0.42083333333333334 0.044444444444444446 0.42310718750000004 0.03693314814814815 0.425 0.027777777777777776 0.4280665625 0.017005370370370372 0.42929875 0.007172592592592592 0.42150791666666665 0.006129259259259259 0.410900625 0.006364074074074074 0.41119416666666664 0.010015740740740742 0.4089494791666667 0.028613333333333334 0.405428125 0.05237555555555556
3 0.7197916666666666 0.5185185185185185 0.71875 0.5203703703703704 0.7145833333333333 0.5240740740740741 0.7135416666666666 0.5259259259259259 0.7020833333333334 0.5462962962962963 0.7020833333333334 0.5481481481481482 0.6947916666666666 0.5722222222222222 0.6947916666666666 0.5740740740740741 0.6947916666666666 0.6 0.6958333333333334 0.6018518518518519 0.703125 0.6425925925925926 0.7041666666666666 0.6444444444444444 0.7114583333333334 0.674074074074074 0.7125 0.6759259259259259 0.7239583333333334 0.7111111111111111 0.725 0.7129629629629629 0.7385416666666667 0.7296296296296296 0.7395833333333334 0.7296296296296296 0.75 0.7388888888888888 0.7510416666666666 0.7388888888888888 0.7583333333333334 0.7425925925925926 0.759375 0.7425925925925926 0.7739583333333334 0.7425925925925926 0.775 0.7407407407407407 0.8072916666666666 0.7203703703703703 0.8083333333333333 0.7185185185185184 0.8208333333333334 0.6944444444444444 0.8208333333333334 0.6925925925925925 0.828125 0.6703703703703704 0.828125 0.6685185185185185 0.8302083333333333 0.6555555555555556 0.8302083333333333 0.6537037037037037 0.83125 0.6277777777777778 0.8302083333333333 0.6259259259259259 0.8291666666666666 0.6037037037037037 0.828125 0.6018518518518519 0.8197916666666666 0.5629629629629629 0.81875 0.5611111111111111 0.8052083333333334 0.5333333333333333 0.8041666666666666 0.5333333333333333 0.796875 0.5222222222222223 0.7958333333333334 0.5222222222222223 0.7854166666666667 0.5111111111111112 0.784375 0.5111111111111112 0.7739583333333334 0.5055555555555555 0.7729166666666666 0.5055555555555555 0.7458333333333333 0.5037037037037037 0.7333333333333334 0.5074074074074074 0.7322916666666667 0.5092592592592593 0.7197916666666666 0.5185185185185185
3 0.6583333333333333 0.5740740740740741 0.6625 0.5740740740740741 0.6666666666666666 0.5648148148148148 0.6666666666666666 0.5555555555555556 0.665625 0.5537037037037037 0.665625 0.5407407407407407 0.6645833333333334 0.5388888888888889 0.6645833333333334 0.5259259259259259 0.665625 0.5222222222222223 0.6822916666666666 0.5185185185185185 0.6833333333333333 0.5203703703703704 0.6833333333333333 0.5333333333333333 0.684375 0.5351851851851852 0.684375 0.5462962962962963 0.6854166666666667 0.5481481481481482 0.6854166666666667 0.5574074074074075 0.6875 0.5648148148148148 0.6875 0.5722222222222222 0.6885416666666666 0.5740740740740741 0.6885416666666666 0.5777777777777777 0.6927083333333334 0.5777777777777777 0.6927083333333334 0.5740740740740741 0.7 0.5481481481481482 0.715625 0.5203703703703704 0.7208333333333333 0.5166666666666666 0.7229166666666667 0.512962962962963 0.7302083333333333 0.5055555555555555 0.734375 0.5055555555555555 0.7354166666666666 0.5037037037037037 0.7416666666666666 0.5037037037037037 0.7458333333333333 0.5018518518518519 0.7458333333333333 0.5 0.7427083333333334 0.5018518518518519 0.7416666666666666 0.49074074074074076 0.7375 0.48333333333333334 0.734375 0.48148148148148145 0.7322916666666667 0.4777777777777778 0.728125 0.4740740740740741 0.7260416666666666 0.4740740740740741 0.721875 0.4703703703703703 0.71875 0.4703703703703703 0.7177083333333334 0.46851851851851856 0.6916666666666667 0.46851851851851856 0.690625 0.4703703703703703 0.6875 0.4703703703703703 0.6872023819444444 0.474338625 0.684375 0.4740740740740741 0.68125 0.4777777777777778 0.6827380949074074 0.4801587291666667 0.68125 0.49259259259259264 0.6782738101851853 0.48597883564814814 0.6604166666666667 0.5092592592592593 0.6583333333333333 0.5092592592592593 0.65625 0.512962962962963 0.6552083333333334 0.512962962962963 0.6510416666666666 0.5222222222222223 0.65 0.5259259259259259 0.65 0.5333333333333333 0.6489583333333334 0.5351851851851852 0.6489583333333334 0.5462962962962963 0.6479166666666666 0.5481481481481482 0.6479166666666666 0.5537037037037037 0.6583333333333333 0.5740740740740741
3 0.5364583333333334 0.6537037037037037 0.5364583333333334 0.6629629629629629 0.5385416666666667 0.6685185185185185 0.5395833333333333 0.6814814814814815 0.546875 0.7074074074074075 0.55625 0.725925925925926 0.55625 0.7277777777777777 0.5677083333333334 0.7444444444444445 0.5708333333333333 0.7462962962962962 0.5750000000000001 0.7518518518518519 0.578125 0.7518518518518519 0.5791666666666666 0.7537037037037038 0.5822916666666667 0.7537037037037038 0.5833333333333334 0.7555555555555555 0.5864583333333333 0.7555555555555555 0.5875 0.7574074074074074 0.6135416666666667 0.7574074074074074 0.6166666666666666 0.7537037037037038 0.6239583333333334 0.7518518518518519 0.63125 0.7425925925925926 0.634375 0.7407407407407407 0.6364583333333333 0.7370370370370369 0.640625 0.7351851851851853 0.646875 0.7296296296296296 0.6552083333333334 0.7129629629629629 0.6572916666666666 0.7037037037037037 0.659375 0.7 0.6614583333333334 0.6925925925925925 0.6614583333333334 0.6833333333333333 0.665625 0.6703703703703704 0.665625 0.6481481481481481 0.6572916666666666 0.6481481481481481 0.6541666666666667 0.6407407407407407 0.6572916666666666 0.637037037037037 0.6604166666666667 0.637037037037037 0.6625 0.6351851851851852 0.6666666666666666 0.6277777777777778 0.6666666666666666 0.6240740740740741 0.665625 0.6222222222222222 0.665625 0.6092592592592593 0.6635416666666666 0.6037037037037037 0.6625 0.5944444444444444 0.659375 0.587037037037037 0.659375 0.5851851851851853 0.65625 0.5796296296296296 0.65625 0.5777777777777777 0.653125 0.5722222222222222 0.653125 0.5703703703703704 0.65 0.5648148148148148 0.65 0.5629629629629629 0.6458333333333334 0.5537037037037037 0.6447916666666667 0.5537037037037037 0.6427083333333333 0.5499999999999999 0.6364583333333333 0.5518518518518518 0.6375 0.5444444444444444 0.6354166666666666 0.5444444444444444 0.63125 0.5407407407407407 0.6260416666666666 0.5399470902777778 0.6249053032407408 0.5427609421296297 0.6208333333333333 0.5391534398148148 0.6196022731481482 0.5447811435185185 0.6142992430555556 0.5468013472222223 0.615625 0.5383597893518518 0.6 0.5370370370370371 0.6 0.5359788356481482 0.5979166666666667 0.5370370370370371 0.596875 0.5351851851851852 0.5947916666666666 0.5351851851851852 0.5864583333333333 0.5425925925925926 0.5875 0.5499999999999999 0.5906250000000001 0.5499999999999999 0.5916666666666667 0.5518518518518518 0.5877840902777778 0.5569023564814815 0.5771780300925926 0.5609427615740741 0.5750000000000001 0.5648148148148148 0.5697916666666667 0.5629629629629629 0.5572916666666666 0.5740740740740741 0.5614583333333334 0.5814814814814815 0.5583333333333333 0.5851851851851853 0.553125 0.5851851851851853 0.5520833333333334 0.5833333333333334 0.5541666666666667 0.6 0.553125 0.6018518518518519 0.5479166666666666 0.6018518518518519 0.546875 0.6037037037037037 0.5437500000000001 0.6037037037037037 0.5364583333333334 0.6148148148148148 0.5364583333333334 0.6333333333333334 0.5354166666666667 0.6351851851851852 0.5354166666666667 0.6518518518518519 0.5364583333333334 0.6537037037037037
3 0.7104166666666666 0.7666666666666666 0.709375 0.7685185185185185 0.6916666666666667 0.8055555555555556 0.6916666666666667 0.8074074074074075 0.6864583333333334 0.8203703703703703 0.6864583333333334 0.8222222222222222 0.6791666666666666 0.85 0.6791666666666666 0.8518518518518519 0.6770833333333334 0.8648148148148148 0.6770833333333334 0.8666666666666666 0.6770833333333334 0.8851851851851852 0.678125 0.887037037037037 0.678125 0.8962962962962963 0.6791666666666666 0.8981481481481481 0.6885416666666666 0.9296296296296297 0.6895833333333333 0.9314814814814815 0.7 0.9555555555555556 0.7010416666666667 0.9574074074074075 0.7114583333333334 0.9722222222222222 0.7125 0.9722222222222222 0.7427083333333334 0.9888888888888888 0.74375 0.9888888888888888 0.7604166666666666 0.9888888888888888 0.7614583333333333 0.9870370370370369 0.771875 0.9833333333333334 0.7729166666666666 0.9814814814814815 0.790625 0.9648148148148148 0.7916666666666666 0.9629629629629629 0.8052083333333334 0.938888888888889 0.8052083333333334 0.9370370370370371 0.8135416666666666 0.9129629629629629 0.8135416666666666 0.9111111111111112 0.8166666666666667 0.8944444444444444 0.8166666666666667 0.8925925925925926 0.8166666666666667 0.8444444444444444 0.815625 0.8425925925925926 0.8145833333333333 0.8277777777777778 0.8135416666666666 0.825925925925926 0.8072916666666666 0.7962962962962963 0.80625 0.7944444444444444 0.8 0.7796296296296297 0.7989583333333333 0.7777777777777778 0.7895833333333334 0.7629629629629631 0.7885416666666666 0.7629629629629631 0.771875 0.7481481481481481 0.7708333333333334 0.7481481481481481 0.7385416666666667 0.7444444444444445 0.7260416666666666 0.75 0.725 0.7518518518518519 0.7104166666666666 0.7666666666666666
3 0.5958333333333333 0.887037037037037 0.5958333333333333 0.9074074074074074 0.596875 0.9092592592592593 0.596875 0.9259259259259259 0.5989583333333334 0.9333333333333333 0.5989583333333334 0.938888888888889 0.6020833333333334 0.9462962962962963 0.6041666666666666 0.9555555555555556 0.60625 0.9592592592592593 0.6083333333333334 0.9685185185185184 0.6145833333333334 0.9796296296296296 0.615625 0.9796296296296296 0.6229166666666667 0.9907407407407407 0.625 0.9907407407407407 0.6260416666666666 0.9925925925925926 0.7010416666666667 0.9925925925925926 0.7020833333333334 0.9907407407407407 0.7072916666666667 0.9907407407407407 0.7125 0.9833333333333334 0.7125 0.9777777777777777 0.6947916666666666 0.95 0.69375 0.9444444444444444 0.684375 0.924074074074074 0.6760416666666667 0.8944444444444444 0.6760416666666667 0.8814814814814815 0.675 0.8796296296296297 0.675 0.8611111111111112 0.6739583333333333 0.8592592592592593 0.6739583333333333 0.85 0.6729166666666666 0.85 0.6677083333333333 0.8574074074074074 0.6625 0.8574074074074074 0.659375 0.862962962962963 0.6583333333333333 0.8740740740740741 0.6552083333333334 0.8777777777777778 0.653125 0.8759259259259259 0.6520833333333333 0.8685185185185185 0.6510416666666666 0.8666666666666666 0.6510416666666666 0.862962962962963 0.65 0.8611111111111112 0.65 0.85 0.6479166666666666 0.8462962962962963 0.646875 0.8407407407407407 0.64375 0.8407407407407407 0.6458333333333334 0.8240740740740741 0.6489583333333334 0.8203703703703703 0.6489583333333334 0.8129629629629629 0.646875 0.8092592592592593 0.6395833333333334 0.8092592592592593 0.6385416666666667 0.811111111111111 0.6364583333333333 0.811111111111111 0.6354166666666666 0.8129629629629629 0.63125 0.8148148148148148 0.6322916666666666 0.8185185185185185 0.6385416666666667 0.8203703703703703 0.6427083333333333 0.8240740740740741 0.6427083333333333 0.8388888888888888 0.6364583333333333 0.8370370370370371 0.6322916666666666 0.8314814814814815 0.6166666666666666 0.8314814814814815 0.6072916666666667 0.8444444444444444 0.5989583333333334 0.8703703703703703 0.5989583333333334 0.8740740740740741 0.5979166666666667 0.8759259259259259 0.5979166666666667 0.8796296296296297 0.5958333333333333 0.887037037037037
3 0.01875 0.3388888888888889 0.01875 0.34074074074074073 0.017708333333333333 0.3574074074074074 0.01875 0.3592592592592592 0.01979166666666667 0.3611111111111111 0.020833333333333332 0.3611111111111111 0.03958333333333334 0.362962962962963 0.040625 0.3611111111111111 0.04791666666666666 0.35555555555555557 0.04791666666666666 0.35370370370370374 0.05 0.35 0.05 0.34814814814814815 0.052083333333333336 0.3425925925925926 0.052083333333333336 0.34074074074074073 0.051041666666666666 0.3185185185185185 0.05 0.3166666666666667 0.046875 0.30925925925925923 0.04583333333333334 0.30925925925925923 0.040625 0.3055555555555556 0.028125 0.32962962962962966 0.02708333333333333 0.32962962962962966 0.01875 0.3388888888888889
3 0.052083333333333336 0.19814814814814813 0.053125 0.19814814814814813 0.057291666666666664 0.1962962962962963 0.058333333333333334 0.19444444444444445 0.06458333333333333 0.18703703703703703 0.065625 0.18703703703703703 0.07291666666666667 0.18703703703703703 0.07291666666666667 0.18518518518518517 0.065625 0.17037037037037037 0.06458333333333333 0.17037037037037037 0.05520833333333334 0.16296296296296298 0.05416666666666666 0.16296296296296298 0.046875 0.1611111111111111 0.040625 0.1814814814814815 0.041666666666666664 0.18333333333333335 0.052083333333333336 0.19814814814814813
3 0.35 0.4777777777777778 0.3552083333333333 0.4888888888888889 0.3552083333333333 0.49074074074074076 0.3635416666666667 0.5018518518518519 0.3677083333333333 0.5018518518518519 0.3729166666666667 0.4962962962962963 0.375 0.4962962962962963 0.3791666666666667 0.49259259259259264 0.3791666666666667 0.4888888888888889 0.37395833333333334 0.4703703703703703 0.37395833333333334 0.46481481481481485 0.375 0.46296296296296297 0.3770833333333333 0.46296296296296297 0.3770833333333333 0.4574074074074074 0.3822916666666667 0.45185185185185184 0.384375 0.45925925925925926 0.3875 0.45925925925925926 0.3885416666666667 0.4611111111111111 0.390625 0.4611111111111111 0.39166666666666666 0.45925925925925926 0.39166666666666666 0.44814814814814813 0.38958333333333334 0.4444444444444444 0.3875 0.4351851851851852 0.3833333333333333 0.4314814814814815 0.3802083333333333 0.4314814814814815 0.3791666666666667 0.4351851851851852 0.3802083333333333 0.4425925925925926 0.37395833333333334 0.4444444444444444 0.3729166666666667 0.4425925925925926 0.3729166666666667 0.43703703703703706 0.3697916666666667 0.43703703703703706 0.3697916666666667 0.4425925925925926 0.371875 0.4462962962962963 0.3729166666666667 0.45185185185185184 0.37395833333333334 0.45185185185185184 0.37395833333333334 0.4555555555555556 0.375 0.4574074074074074 0.375 0.4611111111111111 0.3729166666666667 0.46481481481481485 0.3697916666666667 0.4574074074074074 0.3645833333333333 0.4555555555555556 0.3614583333333333 0.45185185185185184 0.359375 0.45185185185185184 0.3552083333333333 0.44814814814814813 0.3520833333333333 0.44814814814814813 0.35 0.45 0.3489583333333333 0.4537037037037037 0.3489583333333333 0.4666666666666667 0.35 0.46851851851851856 0.35 0.4777777777777778
3 0.3489583333333333 0.5370370370370371 0.35 0.5388888888888889 0.3510416666666667 0.5518518518518518 0.3520833333333333 0.5537037037037037 0.35625 0.5685185185185185 0.3572916666666667 0.5703703703703704 0.3635416666666667 0.5777777777777777 0.3645833333333333 0.5777777777777777 0.3708333333333333 0.5796296296296296 0.371875 0.5777777777777777 0.3708333333333333 0.5537037037037037 0.3697916666666667 0.5518518518518518 0.3645833333333333 0.5259259259259259 0.3645833333333333 0.5240740740740741 0.3666666666666667 0.5055555555555555 0.365625 0.5037037037037037 0.3635416666666667 0.5037037037037037 0.353125 0.5166666666666666 0.353125 0.5185185185185185 0.3489583333333333 0.5370370370370371
3 0.18229166666666666 0.9462962962962963 0.18125 0.9444444444444444 0.178125 0.9351851851851852 0.17708333333333334 0.9351851851851852 0.17291666666666666 0.9370370370370371 0.171875 0.938888888888889 0.16145833333333334 0.9592592592592593 0.16041666666666665 0.9592592592592593 0.15208333333333335 0.9703703703703703 0.15208333333333335 0.9722222222222222 0.15520833333333334 0.9907407407407407 0.15625 0.9925925925925926 0.19895833333333335 0.9944444444444445 0.2 0.9925925925925926 0.20520833333333335 0.9907407407407407 0.20520833333333335 0.9888888888888888 0.21354166666666666 0.9629629629629629 0.21354166666666666 0.9611111111111111 0.21354166666666666 0.9462962962962963 0.2125 0.9444444444444444 0.2125 0.9407407407407407 0.21145833333333333 0.938888888888889 0.20833333333333334 0.9333333333333333 0.20729166666666665 0.9333333333333333 0.203125 0.9296296296296297 0.20208333333333334 0.9296296296296297 0.19791666666666666 0.9296296296296297 0.1875 0.9481481481481482 0.18645833333333334 0.9481481481481482 0.18229166666666666 0.9462962962962963
3 0.008333333333333333 0.5537037037037037 0.008333333333333333 0.5555555555555556 0.009375 0.5666666666666667 0.010416666666666666 0.5685185185185185 0.013541666666666665 0.5796296296296296 0.014583333333333334 0.5796296296296296 0.03229166666666666 0.5574074074074075 0.03229166666666666 0.5555555555555556 0.03125 0.5481481481481482 0.030208333333333334 0.5462962962962963 0.026041666666666668 0.5370370370370371 0.025 0.5370370370370371 0.0125 0.5259259259259259 0.011458333333333334 0.5259259259259259 0.004166666666666667 0.5259259259259259 0.003125 0.5407407407407407 0.004166666666666667 0.5425925925925926 0.008333333333333333 0.5537037037037037