2 0.30028125 0.1816111111111111 0.36576041666666664 0.5296851851851853 0.39326041666666667 0.6449444444444444 0.41159375000000004 0.8277037037037037 0.4463020833333334 0.908037037037037 0.47250000000000003 0.9965 0.5196458333333334 0.9941851851851852 0.4803541666666667 0.8335185185185184 0.456125 0.6961666666666667 0.4463020833333334 0.6356296296296295 0.4489270833333333 0.5902222222222222 0.42993750000000003 0.6123333333333334 0.4194583333333333 0.5704259259259259 0.43582291666666667 0.5448148148148149 0.4233854166666667 0.5168888888888888 0.35920833333333335 0.15948148148148147 0.34087500000000004 0.04190740740740741 0.3382604166666667 0.004648148148148148 0.26098958333333333 0.005814814814814815 0.27669791666666665 0.06751851851851852 0.30028125 0.1816111111111111
2 0.14452083333333332 0.6873518518518518 0.15107291666666664 0.654074074074074 0.15902083333333333 0.6083518518518518 0.15995833333333334 0.6083518518518518 0.16353125 0.5509074074074074 0.1735625 0.4944814814814815 0.1814375 0.4652037037037037 0.19767708333333334 0.3756296296296296 0.212625 0.2524074074074074 0.2379226041666667 0.14531627777777778 0.22643749999999999 0.1557777777777778 0.21579166666666666 0.21457407407407406 0.20457291666666666 0.2385925925925926 0.19854166666666664 0.28614814814814815 0.17754166666666665 0.42827777777777776 0.16632291666666668 0.481962962962963 0.15079166666666666 0.5479259259259259 0.15165625000000002 0.5673518518518519 0.13348958333333333 0.6921481481481481 0.10740625000000001 0.7464814814814815 0.09517708333333334 0.7703888888888889 0.08865625 0.7790925925925926 0.08784375000000001 0.7921296296296296 0.04219791666666667 0.9051666666666667 0.034854166666666665 0.9131481481481482 0.034041666666666665 0.9276296296296296 0.005510416666666667 0.9841481481481481 0.005510416666666667 0.993574074074074 0.014958333333333332 0.9950185185185185 0.03366666666666667 0.9617407407407407 0.0406875 0.9476111111111111 0.07155208333333334 0.8602962962962963 0.1085 0.7696666666666666 0.11178125 0.768 0.14452083333333332 0.6873518518518518
2 0.1817291666666667 0.20624074074074075 0.17901041666666664 0.20096296296296298 0.18321874999999999 0.1903888888888889 0.18395833333333333 0.17366666666666666 0.18073958333333331 0.1719074074074074 0.17876041666666667 0.16927777777777778 0.17554166666666668 0.21416666666666664 0.17405208333333333 0.2784259259259259 0.18023958333333334 0.2784259259259259 0.1817291666666667 0.20624074074074075
2 0.166875 0.4439074074074074 0.17232291666666666 0.4443333333333333 0.17430208333333333 0.4258518518518518 0.17653125 0.3884444444444444 0.17653125 0.33035185185185184 0.18000000000000002 0.285462962962963 0.17331249999999998 0.2841296296296296 0.17232291666666666 0.3131851851851852 0.16960416666666667 0.3290370370370371 0.17108333333333334 0.3796481481481482 0.166875 0.4439074074074074
2 0.17207291666666666 0.7453703703703703 0.17628124999999997 0.7673888888888889 0.17579166666666665 0.7783888888888889 0.21663541666666666 0.8439629629629629 0.22480208333333335 0.8646481481481482 0.2500625 0.8994074074074073 0.25946875 0.9227407407407408 0.28248958333333335 0.9544259259259259 0.28817708333333336 0.9504629629629631 0.25871875 0.9073333333333333 0.25427083333333333 0.8941296296296296 0.23222916666666665 0.8628888888888888 0.22679166666666667 0.851 0.22109375 0.8364814814814815 0.18519791666666666 0.7819074074074074 0.18197916666666666 0.7700185185185185 0.17579166666666665 0.7356851851851851 0.16984375000000002 0.6912407407407407 0.16885416666666664 0.6661481481481482 0.17207291666666666 0.6120185185185185 0.17108333333333334 0.5939814814814816 0.16539583333333333 0.5935370370370371 0.16291666666666665 0.6525185185185185 0.16365625 0.6806851851851852 0.16638541666666667 0.7101666666666666 0.17207291666666666 0.7453703703703703
2 0.6470208333333333 0.21935185185185185 0.649 0.24046296296296296 0.6529583333333333 0.2618333333333333 0.6573645833333333 0.323537037037037 0.6610208333333333 0.3654814814814815 0.66665625 0.4117407407407408 0.6721354166666667 0.4423333333333333 0.67471875 0.45449999999999996 0.67365625 0.45911111111111114 0.6785312499999999 0.47237037037037033 0.6966354166666667 0.5180925925925925 0.7039479166666667 0.5189074074074074 0.7085104166666667 0.5424444444444445 0.7069895833333334 0.5505740740740741 0.7104895833333335 0.5576111111111112 0.7133854166666667 0.5586851851851852 0.7170416666666667 0.5757407407407408 0.7441354166666666 0.6404074074074074 0.7511354166666666 0.6563703703703704 0.7613333333333334 0.6847962962962962 0.7831041666666666 0.7478518518518519 0.7829479166666666 0.7543333333333334 0.791625 0.7730185185185185 0.7958854166666667 0.7832962962962964 0.8036458333333334 0.7979074074074075 0.8409375 0.8731296296296297 0.8668229166666666 0.9359259259259259 0.8923958333333333 0.9954444444444444 0.9038125 0.997074074074074 0.9042604166666666 0.9951851851851852 0.8815833333333333 0.9415925925925925 0.8436770833333334 0.8541851851851852 0.8255729166666667 0.8155 0.8071458333333333 0.7749074074074074 0.7882708333333334 0.7348518518518519 0.7613333333333334 0.6628703703703704 0.7546354166666667 0.6360925925925925 0.7394166666666666 0.6033333333333333 0.72328125 0.5670740740740741 0.7095833333333333 0.5251296296296296 0.6830937499999999 0.45775925925925925 0.6753333333333335 0.4217592592592592 0.6692395833333333 0.38307407407407407 0.6649791666666667 0.3289444444444445 0.663 0.28835185185185186 0.6605625 0.28131481481481485 0.6613229166666668 0.2769814814814815 0.6508229166666667 0.20744444444444443 0.6455 0.17335185185185187 0.6467083333333333 0.1341111111111111 0.64078125 0.13248148148148148 0.64078125 0.16549999999999998 0.6410833333333333 0.18985185185185185 0.6470208333333333 0.21935185185185185
2 0.8945625 0.7612407407407408 0.8908541666666666 0.7398888888888889 0.8877916666666666 0.7127037037037036 0.8882291666666666 0.6707777777777778 0.8823333333333333 0.6707777777777778 0.8825520833333333 0.708037037037037 0.8834270833333333 0.727462962962963 0.8888854166666667 0.7647222222222223 0.8893229166666666 0.8932407407407408 0.8884479166666667 0.9316666666666668 0.8886666666666666 0.9553518518518518 0.8971874999999999 0.9770925925925925 0.8963125 0.8575185185185185 0.8945625 0.7612407407407408
2 0.89675 0.5632407407407407 0.89346875 0.5535185185185185 0.89346875 0.5477037037037037 0.89609375 0.5477037037037037 0.8971874999999999 0.5422592592592592 0.897625 0.49607407407407406 0.8985 0.4661666666666666 0.89675 0.46424074074074073 0.8945625 0.4568518518518519 0.8917291666666666 0.46074074074074073 0.8899791666666667 0.5527592592592593 0.8862708333333335 0.5900185185185185 0.8873541666666667 0.5958518518518519 0.894125 0.5900185185185185 0.89675 0.5632407407407407
2 0.8899791666666667 0.17338888888888887 0.8857083333333333 0.17240740740740743 0.8842291666666667 0.23777777777777778 0.89203125 0.22655555555555557 0.8955520833333332 0.16844444444444445 0.89853125 0.10968518518518519 0.89146875 0.11990740740740741 0.89128125 0.1592037037037037 0.8899791666666667 0.17338888888888887
2 0.5834479166666666 0.6832777777777778 0.5837916666666667 0.7068888888888888 0.5893854166666667 0.7118518518518518 0.5879895833333334 0.6826666666666666 0.5823958333333333 0.6447777777777778 0.5806458333333333 0.6217962962962963 0.5778541666666667 0.6273888888888889 0.5785520833333334 0.6534814814814814 0.5834479166666666 0.6832777777777778
2 0.5607395833333333 0.5112407407407408 0.5624791666666668 0.5429259259259259 0.5638854166666667 0.5578333333333334 0.5680729166666667 0.5553518518518519 0.5656249999999999 0.5416851851851852 0.5614375 0.42553703703703705 0.5596875 0.39137037037037037 0.55759375 0.3777037037037037 0.55375 0.31622222222222224 0.5551458333333333 0.3826851851851852 0.5568958333333334 0.39137037037037037 0.5565416666666666 0.4000740740740741 0.5607395833333333 0.5112407407407408
3 0.6229166666666667 0.45 0.6229166666666667 0.45185185185185184 0.61875 0.46481481481481485 0.61875 0.4666666666666667 0.61875 0.48333333333333334 0.6197916666666666 0.48518518518518516 0.6229166666666667 0.4962962962962963 0.6239583333333334 0.4981481481481481 0.6302083333333334 0.5092592592592593 0.63125 0.5092592592592593 0.6364583333333333 0.5148148148148148 0.6375 0.5148148148148148 0.64375 0.5148148148148148 0.6447916666666667 0.512962962962963 0.6520833333333333 0.5092592592592593 0.653125 0.5074074074074074 0.6572916666666666 0.4962962962962963 0.6572916666666666 0.4944444444444444 0.6604166666666667 0.48333333333333334 0.6604166666666667 0.48148148148148145 0.6604166666666667 0.46296296296296297 0.659375 0.4611111111111111 0.6572916666666666 0.45185185185185184 0.65625 0.45 0.6510416666666666 0.4425925925925926 0.65 0.4425925925925926 0.6375 0.43703703703703706 0.628125 0.4425925925925926 0.6270833333333333 0.4444444444444444 0.6229166666666667 0.45
3 0.5354166666666667 0.10185185185185185 0.5364583333333334 0.1037037037037037 0.5375 0.11296296296296296 0.5385416666666667 0.11481481481481481 0.546875 0.1259259259259259 0.5479166666666666 0.1259259259259259 0.5614583333333334 0.12407407407407407 0.5625 0.12222222222222222 0.5697916666666667 0.1111111111111111 0.5697916666666667 0.10925925925925926 0.5729166666666666 0.10185185185185185 0.5729166666666666 0.1 0.5729166666666666 0.07592592592592592 0.571875 0.07407407407407407 0.56875 0.06666666666666667 0.5677083333333334 0.06666666666666667 0.5614583333333334 0.06111111111111111 0.5604166666666667 0.06111111111111111 0.5479166666666666 0.06111111111111111 0.5354166666666667 0.08333333333333333 0.5354166666666667 0.08518518518518518 0.5354166666666667 0.10185185185185185
3 0.553125 0.025925925925925925 0.553125 0.027777777777777776 0.553125 0.037037037037037035 0.5541666666666667 0.03888888888888889 0.55625 0.04814814814814815 0.5572916666666666 0.05 0.5614583333333334 0.05925925925925926 0.5625 0.05925925925925926 0.5708333333333333 0.06666666666666667 0.571875 0.06666666666666667 0.5854166666666667 0.06296296296296296 0.5864583333333333 0.06111111111111111 0.59375 0.04814814814814815 0.59375 0.046296296296296294 0.596875 0.03518518518518518 0.596875 0.03333333333333333 0.596875 0.016666666666666666 0.5958333333333333 0.014814814814814815 0.5947916666666666 0.009259259259259259 0.59375 0.007407407407407408 0.5677083333333334 0.005555555555555556 0.5593750000000001 0.011111111111111112 0.5583333333333333 0.012962962962962963 0.553125 0.025925925925925925
3 0.14166666666666666 0.03518518518518518 0.140625 0.037037037037037035 0.11875 0.05925925925925926 0.11770833333333333 0.06111111111111111 0.11770833333333333 0.06666666666666667 0.11875 0.06851851851851852 0.12083333333333333 0.07592592592592592 0.121875 0.07777777777777778 0.134375 0.09444444444444444 0.13541666666666666 0.09444444444444444 0.140625 0.09814814814814815 0.14166666666666666 0.09814814814814815 0.15104166666666666 0.09814814814814815 0.15208333333333335 0.0962962962962963 0.16145833333333334 0.08703703703703704 0.1625 0.08518518518518518 0.165625 0.07222222222222222 0.165625 0.07037037037037036 0.16666666666666666 0.04814814814814815 0.165625 0.046296296296296294 0.15833333333333335 0.027777777777777776 0.15729166666666666 0.027777777777777776 0.15416666666666665 0.025925925925925925 0.15208333333333335 0.02962962962962963 0.15104166666666666 0.02962962962962963 0.14166666666666666 0.03518518518518518
3 0.12083333333333333 0.1037037037037037 0.121875 0.10555555555555556 0.125 0.11851851851851852 0.12604166666666666 0.12037037037037036 0.13333333333333333 0.13333333333333333 0.134375 0.13333333333333333 0.14270833333333333 0.1388888888888889 0.14375000000000002 0.1388888888888889 0.153125 0.1388888888888889 0.15416666666666665 0.13703703703703704 0.159375 0.13333333333333333 0.16041666666666665 0.13148148148148148 0.16770833333333335 0.11481481481481481 0.16770833333333335 0.11296296296296296 0.16770833333333335 0.0962962962962963 0.16666666666666666 0.09444444444444444 0.165625 0.08703703703703704 0.16458333333333333 0.08703703703703704 0.14895833333333333 0.1 0.14791666666666667 0.1 0.14166666666666666 0.1 0.140625 0.09814814814814815 0.13333333333333333 0.09444444444444444 0.13229166666666667 0.09259259259259259 0.12604166666666666 0.08333333333333333 0.125 0.08333333333333333 0.121875 0.08148148148148149 0.11979166666666667 0.08703703703703704 0.11979166666666667 0.08888888888888889 0.12083333333333333 0.1037037037037037
3 0.16458333333333333 0.03518518518518518 0.16458333333333333 0.037037037037037035 0.16770833333333335 0.05 0.16770833333333335 0.05185185185185185 0.165625 0.08333333333333333 0.16666666666666666 0.08333333333333333 0.17604166666666665 0.09259259259259259 0.17708333333333334 0.09259259259259259 0.18333333333333335 0.09259259259259259 0.184375 0.09074074074074075 0.190625 0.08333333333333333 0.190625 0.08148148148148149 0.18854166666666666 0.06851851851851852 0.18958333333333335 0.06666666666666667 0.19166666666666665 0.05740740740740741 0.190625 0.05555555555555555 0.17395833333333335 0.02962962962962963 0.17291666666666666 0.02962962962962963 0.16666666666666666 0.024074074074074074 0.16145833333333334 0.027777777777777776 0.16145833333333334 0.02962962962962963 0.16458333333333333 0.03518518518518518
3 0.14791666666666667 0.19814814814814813 0.14895833333333333 0.2 0.15416666666666665 0.21296296296296297 0.15520833333333334 0.21296296296296297 0.16875 0.21481481481481482 0.16979166666666665 0.21296296296296297 0.175 0.2 0.175 0.19814814814814813 0.171875 0.18518518518518517 0.17083333333333334 0.18333333333333335 0.165625 0.17592592592592593 0.16458333333333333 0.17592592592592593 0.15729166666666666 0.17407407407407408 0.14895833333333333 0.18518518518518517 0.14895833333333333 0.18703703703703703 0.14791666666666667 0.19814814814814813
3 0.15104166666666666 0.23703703703703705 0.15208333333333335 0.2388888888888889 0.1625 0.24814814814814815 0.16354166666666667 0.24814814814814815 0.17083333333333334 0.25 0.171875 0.24814814814814815 0.171875 0.2222222222222222 0.17083333333333334 0.22037037037037038 0.16875 0.21666666666666665 0.16770833333333335 0.21666666666666665 0.159375 0.21666666666666665 0.15833333333333335 0.21481481481481482 0.15416666666666665 0.21296296296296297 0.14895833333333333 0.22407407407407406 0.14895833333333333 0.22592592592592592 0.15104166666666666 0.23703703703703705
3 0.14583333333333334 0.2537037037037037 0.146875 0.2555555555555556 0.14791666666666667 0.26481481481481484 0.14895833333333333 0.26666666666666666 0.15208333333333335 0.2722222222222222 0.153125 0.2722222222222222 0.16458333333333333 0.2722222222222222 0.165625 0.27037037037037037 0.16875 0.26666666666666666 0.16875 0.26481481481481484 0.16875 0.25 0.16770833333333335 0.25 0.15833333333333335 0.24629629629629632 0.15729166666666666 0.24444444444444444 0.15416666666666665 0.24074074074074073 0.153125 0.24074074074074073 0.15 0.24074074074074073 0.146875 0.24629629629629632 0.146875 0.24814814814814815 0.14583333333333334 0.2537037037037037
3 0.18125 0.24074074074074073 0.18229166666666666 0.24259259259259258 0.19375 0.24259259259259258 0.19479166666666667 0.24074074074074073 0.19895833333333335 0.23333333333333334 0.19895833333333335 0.23148148148148148 0.19895833333333335 0.21851851851851853 0.19791666666666666 0.21666666666666665 0.19166666666666665 0.20555555555555555 0.190625 0.20555555555555555 0.184375 0.2037037037037037 0.18229166666666666 0.20555555555555555 0.18229166666666666 0.2074074074074074 0.18125 0.24074074074074073
3 0.18541666666666665 0.26666666666666666 0.18645833333333334 0.26481481481481484 0.190625 0.25925925925925924 0.190625 0.2574074074074074 0.19166666666666665 0.24814814814814815 0.190625 0.24629629629629632 0.18125 0.24444444444444444 0.18020833333333333 0.26296296296296295 0.18125 0.26481481481481484 0.18541666666666665 0.26666666666666666
3 0.17916666666666667 0.5018518518518519 0.18020833333333333 0.5037037037037037 0.184375 0.5166666666666666 0.18541666666666665 0.5166666666666666 0.190625 0.5222222222222223 0.19166666666666665 0.5222222222222223 0.19375 0.5222222222222223 0.19479166666666667 0.5203703703703704 0.203125 0.5111111111111112 0.203125 0.5092592592592593 0.203125 0.4944444444444444 0.20208333333333334 0.49259259259259264 0.19895833333333335 0.48518518518518516 0.19791666666666666 0.48518518518518516 0.19479166666666667 0.48148148148148145 0.19375 0.48148148148148145 0.1875 0.48148148148148145 0.18125 0.49074074074074076 0.18125 0.49259259259259264 0.17916666666666667 0.5018518518518519
3 0.19479166666666667 0.5333333333333333 0.19583333333333333 0.5351851851851852 0.20104166666666665 0.5481481481481482 0.20208333333333334 0.5481481481481482 0.209375 0.5499999999999999 0.21041666666666667 0.5481481481481482 0.21666666666666665 0.5388888888888889 0.21666666666666665 0.5370370370370371 0.21770833333333334 0.5259259259259259 0.21666666666666665 0.5240740740740741 0.21041666666666667 0.512962962962963 0.209375 0.512962962962963 0.203125 0.512962962962963 0.19583333333333333 0.5222222222222223 0.19583333333333333 0.5240740740740741 0.19479166666666667 0.5333333333333333
3 0.17916666666666667 0.6240740740740741 0.18020833333333333 0.6259259259259259 0.18229166666666666 0.6314814814814815 0.18333333333333335 0.6314814814814815 0.1875 0.6333333333333334 0.18854166666666666 0.6314814814814815 0.19166666666666665 0.6277777777777778 0.19166666666666665 0.6259259259259259 0.19270833333333334 0.6222222222222222 0.19270833333333334 0.6203703703703703 0.19166666666666665 0.612962962962963 0.190625 0.6111111111111112 0.18333333333333335 0.6092592592592593 0.17916666666666667 0.6148148148148148 0.17916666666666667 0.6166666666666666 0.17916666666666667 0.6240740740740741
3 0.24791666666666665 0.6407407407407407 0.24895833333333334 0.6425925925925926 0.25 0.6481481481481481 0.25104166666666666 0.65 0.2572916666666667 0.6481481481481481 0.2583333333333333 0.6462962962962963 0.26145833333333335 0.6388888888888888 0.26145833333333335 0.637037037037037 0.26145833333333335 0.6314814814814815 0.2604166666666667 0.6296296296296297 0.25 0.6277777777777778 0.24791666666666665 0.6314814814814815 0.24791666666666665 0.6333333333333334 0.24791666666666665 0.6407407407407407
3 0.2552083333333333 0.6851851851851852 0.2552083333333333 0.6870370370370371 0.2552083333333333 0.6925925925925925 0.25625000000000003 0.6944444444444444 0.25937499999999997 0.6981481481481482 0.2604166666666667 0.6981481481481482 0.26666666666666666 0.6944444444444444 0.26666666666666666 0.6925925925925925 0.26979166666666665 0.6833333333333333 0.26979166666666665 0.6814814814814815 0.26666666666666666 0.674074074074074 0.265625 0.674074074074074 0.2635416666666667 0.6722222222222222 0.2604166666666667 0.674074074074074 0.25937499999999997 0.6759259259259259 0.2552083333333333 0.6851851851851852
3 0.26458333333333334 0.6703703703703704 0.265625 0.6722222222222222 0.2708333333333333 0.6777777777777778 0.27187500000000003 0.6759259259259259 0.2729166666666667 0.6648148148148147 0.27187500000000003 0.6629629629629629 0.26979166666666665 0.6629629629629629 0.26666666666666666 0.6648148148148147 0.265625 0.6666666666666666 0.26458333333333334 0.6703703703703704
3 0.3166666666666667 0.6074074074074074 0.3166666666666667 0.6092592592592593 0.3177083333333333 0.6259259259259259 0.31875 0.6277777777777778 0.3239583333333333 0.6333333333333334 0.325 0.6333333333333334 0.33125 0.6314814814814815 0.3322916666666667 0.6296296296296297 0.3395833333333333 0.6166666666666666 0.3395833333333333 0.6148148148148148 0.3395833333333333 0.6055555555555556 0.3385416666666667 0.6037037037037037 0.3375 0.6 0.3364583333333333 0.5981481481481481 0.32916666666666666 0.5925925925925926 0.31875 0.6 0.3177083333333333 0.6018518518518519 0.3166666666666667 0.6074074074074074
3 0.3385416666666667 0.587037037037037 0.3375 0.5888888888888889 0.3354166666666667 0.5907407407407407 0.3354166666666667 0.5925925925925926 0.3395833333333333 0.6037037037037037 0.3395833333333333 0.6055555555555556 0.340625 0.6148148148148148 0.3416666666666667 0.6166666666666666 0.34375 0.6185185185185185 0.34479166666666666 0.6185185185185185 0.3510416666666667 0.6166666666666666 0.3520833333333333 0.6148148148148148 0.35625 0.6055555555555556 0.35625 0.6037037037037037 0.3552083333333333 0.5907407407407407 0.3541666666666667 0.5888888888888889 0.3489583333333333 0.5833333333333334 0.34479166666666666 0.587037037037037 0.34375 0.587037037037037 0.3385416666666667 0.587037037037037
3 0.3364583333333333 0.5555555555555556 0.3364583333333333 0.5574074074074075 0.3364583333333333 0.5703703703703704 0.3375 0.5722222222222222 0.34375 0.5814814814814815 0.34479166666666666 0.5814814814814815 0.3520833333333333 0.5814814814814815 0.353125 0.5796296296296296 0.3572916666666667 0.5722222222222222 0.3572916666666667 0.5703703703703704 0.3572916666666667 0.5555555555555556 0.35625 0.5537037037037037 0.3541666666666667 0.5481481481481482 0.353125 0.5481481481481482 0.35 0.5444444444444444 0.3489583333333333 0.5444444444444444 0.34375 0.5444444444444444 0.3395833333333333 0.5481481481481482 0.3385416666666667 0.5499999999999999 0.3364583333333333 0.5555555555555556
3 0.3104166666666667 0.5907407407407407 0.31145833333333334 0.5925925925925926 0.31354166666666666 0.5962962962962963 0.3145833333333333 0.5962962962962963 0.31875 0.5981481481481481 0.3197916666666667 0.5962962962962963 0.32708333333333334 0.5925925925925926 0.328125 0.5907407407407407 0.33125 0.5814814814814815 0.33125 0.5796296296296296 0.3302083333333333 0.575925925925926 0.32916666666666666 0.5740740740740741 0.3229166666666667 0.5648148148148148 0.321875 0.5648148148148148 0.315625 0.5648148148148148 0.3104166666666667 0.5740740740740741 0.3104166666666667 0.575925925925926 0.3104166666666667 0.5907407407407407
3 0.3104166666666667 0.5388888888888889 0.3104166666666667 0.5407407407407407 0.3104166666666667 0.5537037037037037 0.31145833333333334 0.5555555555555556 0.3145833333333333 0.5629629629629629 0.315625 0.5629629629629629 0.328125 0.5629629629629629 0.32916666666666666 0.5611111111111111 0.3333333333333333 0.5537037037037037 0.3333333333333333 0.5518518518518518 0.3322916666666667 0.5370370370370371 0.33125 0.5351851851851852 0.32708333333333334 0.5296296296296297 0.3260416666666667 0.5296296296296297 0.3197916666666667 0.5277777777777778 0.31354166666666666 0.5314814814814814 0.3125 0.5333333333333333 0.3104166666666667 0.5388888888888889
3 0.303125 0.5018518518518519 0.3041666666666667 0.5018518518518519 0.3104166666666667 0.5037037037037037 0.31145833333333334 0.5018518518518519 0.31354166666666666 0.5 0.31354166666666666 0.4981481481481481 0.3125 0.49074074074074076 0.31145833333333334 0.4888888888888889 0.309375 0.48518518518518516 0.3083333333333333 0.48518518518518516 0.3041666666666667 0.48518518518518516 0.3020833333333333 0.49074074074074076 0.3020833333333333 0.49259259259259264 0.303125 0.5018518518518519
3 0.440625 0.512962962962963 0.4416666666666667 0.5148148148148148 0.44375 0.5222222222222223 0.4447916666666667 0.5222222222222223 0.45 0.5240740740740741 0.4510416666666667 0.5222222222222223 0.453125 0.5074074074074074 0.45208333333333334 0.5055555555555555 0.4489583333333333 0.4981481481481481 0.4479166666666667 0.4981481481481481 0.4447916666666667 0.4981481481481481 0.440625 0.5055555555555555 0.440625 0.5074074074074074 0.440625 0.512962962962963
3 0.45208333333333334 0.5 0.45208333333333334 0.5018518518518519 0.45208333333333334 0.5222222222222223 0.453125 0.5240740740740741 0.45625 0.5259259259259259 0.4572916666666667 0.5259259259259259 0.4604166666666667 0.5240740740740741 0.4604166666666667 0.5222222222222223 0.4625 0.5166666666666666 0.4625 0.5148148148148148 0.4625 0.5074074074074074 0.4614583333333333 0.5055555555555555 0.4604166666666667 0.4944444444444444 0.459375 0.49259259259259264 0.4572916666666667 0.49259259259259264 0.45416666666666666 0.4944444444444444 0.453125 0.4962962962962963 0.45208333333333334 0.5
3 0.04895833333333333 0.7 0.05 0.7018518518518518 0.053125 0.7092592592592593 0.05416666666666666 0.7092592592592593 0.059375 0.7092592592592593 0.06041666666666667 0.7074074074074075 0.0625 0.7037037037037037 0.0625 0.7018518518518518 0.0625 0.6907407407407407 0.06145833333333334 0.688888888888889 0.05416666666666666 0.6870370370370371 0.051041666666666666 0.6907407407407407 0.051041666666666666 0.6925925925925925 0.04895833333333333 0.7
3 0.041666666666666664 0.6925925925925925 0.042708333333333334 0.6944444444444444 0.04479166666666667 0.6981481481481482 0.04583333333333334 0.6981481481481482 0.04791666666666666 0.6981481481481482 0.04895833333333333 0.6962962962962963 0.053125 0.6870370370370371 0.053125 0.6851851851851852 0.053125 0.6814814814814815 0.052083333333333336 0.6796296296296297 0.04479166666666667 0.6777777777777778 0.041666666666666664 0.6833333333333333 0.041666666666666664 0.6851851851851852 0.041666666666666664 0.6925925925925925
3 0.06041666666666667 0.6777777777777778 0.06145833333333334 0.6796296296296297 0.07083333333333333 0.6814814814814815 0.07187500000000001 0.6796296296296297 0.075 0.674074074074074 0.075 0.6722222222222222 0.075 0.6648148148148147 0.07395833333333333 0.6629629629629629 0.07083333333333333 0.6555555555555556 0.06979166666666667 0.6555555555555556 0.065625 0.6555555555555556 0.06145833333333334 0.6648148148148147 0.06145833333333334 0.6666666666666666 0.06041666666666667 0.6777777777777778
3 0.017708333333333333 0.40925925925925927 0.01875 0.4111111111111111 0.020833333333333332 0.4148148148148148 0.021875 0.4148148148148148 0.02708333333333333 0.4148148148148148 0.028125 0.412962962962963 0.028125 0.39629629629629626 0.02708333333333333 0.39629629629629626 0.01979166666666667 0.39629629629629626 0.016666666666666666 0.40370370370370373 0.016666666666666666 0.4055555555555555 0.017708333333333333 0.40925925925925927
3 0.017708333333333333 0.42407407407407405 0.01875 0.42592592592592593 0.01979166666666667 0.4277777777777778 0.020833333333333332 0.4277777777777778 0.025 0.42592592592592593 0.025 0.42407407407407405 0.02395833333333333 0.41851851851851857 0.02291666666666667 0.41851851851851857 0.01979166666666667 0.41851851851851857 0.017708333333333333 0.42037037037037034 0.017708333333333333 0.4222222222222222 0.017708333333333333 0.42407407407407405
3 0.4114583333333333 0.8722222222222222 0.4125 0.8740740740740741 0.4145833333333333 0.8796296296296297 0.415625 0.8796296296296297 0.4197916666666667 0.8833333333333334 0.42083333333333334 0.8814814814814815 0.42291666666666666 0.8814814814814815 0.4239583333333333 0.8796296296296297 0.4270833333333333 0.8740740740740741 0.4270833333333333 0.8722222222222222 0.4270833333333333 0.862962962962963 0.4260416666666667 0.8611111111111112 0.42291666666666666 0.8537037037037037 0.421875 0.8537037037037037 0.41875 0.8518518518518519 0.4125 0.862962962962963 0.4125 0.8648148148148148 0.4114583333333333 0.8722222222222222
3 0.3989583333333333 0.8537037037037037 0.4 0.8555555555555556 0.4083333333333333 0.862962962962963 0.409375 0.8611111111111112 0.4125 0.8592592592592593 0.4125 0.8574074074074074 0.4166666666666667 0.85 0.4166666666666667 0.8481481481481481 0.4166666666666667 0.8462962962962963 0.415625 0.8444444444444444 0.4125 0.8388888888888888 0.4114583333333333 0.8388888888888888 0.40729166666666666 0.8388888888888888 0.4 0.8444444444444444 0.4 0.8462962962962963 0.3989583333333333 0.8537037037037037
3 0.3958333333333333 0.8685185185185185 0.3958333333333333 0.8703703703703703 0.396875 0.8759259259259259 0.3979166666666667 0.8777777777777778 0.4 0.8814814814814815 0.4010416666666667 0.8814814814814815 0.40520833333333334 0.8814814814814815 0.40625 0.8796296296296297 0.409375 0.8703703703703703 0.409375 0.8685185185185185 0.409375 0.8648148148148148 0.4083333333333333 0.862962962962963 0.4 0.8574074074074074 0.3979166666666667 0.8592592592592593 0.3979166666666667 0.8611111111111112 0.3958333333333333 0.8685185185185185
3 0.6302083333333334 0.5333333333333333 0.6302083333333334 0.5351851851851852 0.628125 0.5499999999999999 0.628125 0.5518518518518518 0.6291666666666667 0.5685185185185185 0.6302083333333334 0.5703703703703704 0.640625 0.5703703703703704 0.6416666666666666 0.5722222222222222 0.640625 0.5851851851851853 0.6416666666666666 0.5851851851851853 0.6427083333333333 0.587037037037037 0.64375 0.587037037037037 0.6510416666666666 0.587037037037037 0.6520833333333333 0.5851851851851853 0.659375 0.5796296296296296 0.6604166666666667 0.5777777777777777 0.665625 0.5685185185185185 0.665625 0.5666666666666667 0.66875 0.5574074074074075 0.66875 0.5555555555555556 0.6697916666666667 0.5462962962962963 0.6697916666666667 0.5444444444444444 0.6697916666666667 0.5351851851851852 0.66875 0.5333333333333333 0.6625 0.5185185185185185 0.6614583333333334 0.5185185185185185 0.6552083333333334 0.512962962962963 0.6541666666666667 0.512962962962963 0.6479166666666666 0.512962962962963 0.6385416666666667 0.5185185185185185 0.6375 0.5203703703703704 0.6302083333333334 0.5333333333333333
3 0.5947916666666666 0.6092592592592593 0.5947916666666666 0.6111111111111112 0.5927083333333334 0.6166666666666666 0.5927083333333334 0.6185185185185185 0.5927083333333334 0.6351851851851852 0.59375 0.637037037037037 0.5947916666666666 0.6444444444444444 0.5958333333333333 0.6462962962962963 0.6010416666666666 0.6555555555555556 0.6020833333333334 0.6555555555555556 0.6072916666666667 0.6611111111111112 0.6083333333333334 0.6611111111111112 0.6125 0.6611111111111112 0.6135416666666667 0.6592592592592593 0.6208333333333333 0.6555555555555556 0.621875 0.6537037037037037 0.625 0.6481481481481481 0.625 0.6462962962962963 0.6260416666666666 0.6407407407407407 0.625 0.6388888888888888 0.621875 0.6314814814814815 0.621875 0.6296296296296297 0.621875 0.6203703703703703 0.6208333333333333 0.6185185185185185 0.61875 0.6092592592592593 0.6177083333333334 0.6074074074074074 0.6125 0.6018518518518519 0.6114583333333333 0.6018518518518519 0.60625 0.6 0.6010416666666666 0.6018518518518519 0.6 0.6037037037037037 0.5947916666666666 0.6092592592592593
3 0.5333333333333333 0.6018518518518519 0.5343749999999999 0.6037037037037037 0.5447916666666667 0.6055555555555556 0.5458333333333334 0.6037037037037037 0.5479166666666666 0.5981481481481481 0.5479166666666666 0.5962962962962963 0.546875 0.5851851851851853 0.5458333333333334 0.5833333333333334 0.5395833333333333 0.5777777777777777 0.5385416666666667 0.5777777777777777 0.5354166666666667 0.5777777777777777 0.5322916666666666 0.587037037037037 0.5322916666666666 0.5888888888888889 0.5333333333333333 0.6018518518518519
3 0.5479166666666666 0.6 0.5489583333333333 0.6 0.5499999999999999 0.6018518518518519 0.5510416666666667 0.6018518518518519 0.5552083333333333 0.6018518518518519 0.55625 0.6 0.5583333333333333 0.5981481481481481 0.5583333333333333 0.5962962962962963 0.5583333333333333 0.5888888888888889 0.5572916666666666 0.587037037037037 0.553125 0.5833333333333334 0.5479166666666666 0.5888888888888889 0.5479166666666666 0.5907407407407407 0.5479166666666666 0.6
3 0.5385416666666667 0.5722222222222222 0.5395833333333333 0.5740740740740741 0.5447916666666667 0.5814814814814815 0.5458333333333334 0.5814814814814815 0.5510416666666667 0.5833333333333334 0.5520833333333334 0.5814814814814815 0.5552083333333333 0.5592592592592592 0.5541666666666667 0.5574074074074075 0.5499999999999999 0.5518518518518518 0.5489583333333333 0.5518518518518518 0.5447916666666667 0.5518518518518518 0.5385416666666667 0.5592592592592592 0.5385416666666667 0.5611111111111111 0.5385416666666667 0.5722222222222222
3 0.5322916666666666 0.5574074074074075 0.5333333333333333 0.5592592592592592 0.5364583333333334 0.5666666666666667 0.5364583333333334 0.5648148148148148 0.540625 0.5537037037037037 0.5416666666666666 0.5537037037037037 0.5458333333333334 0.5499999999999999 0.5447916666666667 0.5481481481481482 0.5427083333333333 0.5444444444444444 0.5416666666666666 0.5444444444444444 0.5375 0.5425925925925926 0.5333333333333333 0.5499999999999999 0.5333333333333333 0.5518518518518518 0.5322916666666666 0.5574074074074075
3 0.709375 0.24259259259259258 0.7104166666666666 0.24259259259259258 0.7135416666666666 0.24259259259259258 0.7145833333333333 0.24074074074074073 0.7177083333333334 0.23333333333333334 0.7177083333333334 0.23148148148148148 0.71875 0.22592592592592592 0.7177083333333334 0.22407407407407406 0.715625 0.2222222222222222 0.7052083333333333 0.23148148148148148 0.7052083333333333 0.23333333333333334 0.709375 0.24259259259259258
3 0.7104166666666666 0.25925925925925924 0.7114583333333334 0.2611111111111111 0.7208333333333333 0.26296296296296295 0.721875 0.2611111111111111 0.7239583333333334 0.2574074074074074 0.7239583333333334 0.2555555555555556 0.7239583333333334 0.24629629629629632 0.7229166666666667 0.24444444444444444 0.7197916666666666 0.24074074074074073 0.71875 0.24074074074074073 0.715625 0.24074074074074073 0.7114583333333334 0.24629629629629632 0.7114583333333334 0.24814814814814815 0.7104166666666666 0.25925925925925924
3 0.7083333333333334 0.2759259259259259 0.709375 0.2759259259259259 0.7177083333333334 0.2740740740740741 0.7177083333333334 0.2722222222222222 0.7177083333333334 0.26666666666666666 0.7166666666666667 0.26666666666666666 0.7114583333333334 0.26296296296296295 0.7083333333333334 0.26666666666666666 0.7083333333333334 0.26851851851851855 0.7083333333333334 0.2759259259259259
3 0.6958333333333334 0.2722222222222222 0.6958333333333334 0.2740740740740741 0.7 0.28148148148148144 0.7010416666666667 0.28148148148148144 0.7072916666666667 0.2777777777777778 0.7072916666666667 0.2759259259259259 0.7083333333333334 0.2740740740740741 0.7083333333333334 0.2722222222222222 0.7041666666666666 0.2611111111111111 0.7 0.26296296296296295 0.6989583333333333 0.26481481481481484 0.6958333333333334 0.2722222222222222
3 0.6875 0.26851851851851855 0.6885416666666666 0.27037037037037037 0.6895833333333333 0.2740740740740741 0.690625 0.2740740740740741 0.6947916666666666 0.2759259259259259 0.6958333333333334 0.2740740740740741 0.6979166666666666 0.26296296296296295 0.6989583333333333 0.2611111111111111 0.7010416666666667 0.25925925925925924 0.7 0.25925925925925924 0.6927083333333334 0.2574074074074074 0.6875 0.26481481481481484 0.6875 0.26666666666666666 0.6875 0.26851851851851855
3 0.7010416666666667 0.2518518518518518 0.7020833333333334 0.2518518518518518 0.7083333333333334 0.24629629629629632 0.7083333333333334 0.24444444444444444 0.7052083333333333 0.23703703703703705 0.7041666666666666 0.23703703703703705 0.703125 0.23703703703703705 0.6979166666666666 0.24259259259259258 0.6979166666666666 0.24444444444444444 0.7010416666666667 0.2518518518518518
3 0.9375 0.08518518518518518 0.9385416666666666 0.08703703703703704 0.940625 0.09444444444444444 0.9416666666666667 0.09444444444444444 0.9510416666666667 0.1 0.9520833333333334 0.09814814814814815 0.9583333333333334 0.08518518518518518 0.9583333333333334 0.08333333333333333 0.9614583333333334 0.06296296296296296 0.9604166666666666 0.06111111111111111 0.9479166666666666 0.05925925925925926 0.940625 0.06851851851851852 0.940625 0.07037037037037036 0.9375 0.08518518518518518
3 0.95625 0.02962962962962963 0.95625 0.03148148148148148 0.9552083333333333 0.03888888888888889 0.9541666666666666 0.040740740740740744 0.946875 0.05740740740740741 0.9479166666666666 0.05740740740740741 0.959375 0.05555555555555555 0.9604166666666666 0.053703703703703705 0.9708333333333333 0.03148148148148148 0.9708333333333333 0.02962962962962963 0.9697916666666666 0.020370370370370372 0.96875 0.018518518518518517 0.9645833333333333 0.009259259259259259 0.9635416666666666 0.009259259259259259 0.95625 0.007407407407407408 0.9520833333333334 0.014814814814814815 0.9520833333333334 0.016666666666666666 0.95625 0.02962962962962963
3 0.9291666666666666 0 0.925 0.005555555555555556 0.9239583333333333 0.005555555555555556 0.9145833333333334 0.003703703703703704 0.9135416666666666 0.005555555555555556 0.9125 0.007407407407407408 0.9125 0.009259259259259259 0.9177083333333333 0.024074074074074074 0.91875 0.024074074074074074 0.9395833333333333 0.024074074074074074 0.940625 0.022222222222222223 0.946875 0.011111111111111112 0.946875 0.009259259259259259 0.946875 0 0.9458333333333334 0 0.9291666666666666 0
3 0.9083333333333333 0.07777777777777778 0.909375 0.07962962962962962 0.9177083333333333 0.09259259259259259 0.91875 0.09259259259259259 0.9239583333333333 0.09259259259259259 0.925 0.09074074074074075 0.9364583333333334 0.07962962962962962 0.9375 0.07777777777777778 0.940625 0.06666666666666667 0.940625 0.06481481481481481 0.940625 0.06111111111111111 0.9395833333333333 0.06111111111111111 0.9364583333333334 0.06111111111111111 0.9354166666666667 0.06296296296296296 0.9260416666666667 0.06851851851851852 0.925 0.06851851851851852 0.91875 0.06851851851851852 0.9177083333333333 0.06666666666666667 0.9104166666666667 0.05925925925925926 0.9072916666666666 0.07037037037037036 0.9072916666666666 0.07222222222222222 0.9083333333333333 0.07777777777777778
3 0.9333333333333333 0.387037037037037 0.9354166666666667 0.3888888888888889 0.9375 0.3851851851851852 0.9416666666666667 0.3907407407407408 0.940625 0.3925925925925926 0.9385416666666666 0.3925925925925926 0.9354166666666667 0.4 0.9375 0.4074074074074074 0.9354166666666667 0.40925925925925927 0.9354166666666667 0.4111111111111111 0.9375 0.4166666666666667 0.9614583333333334 0.4166666666666667 0.9645833333333333 0.412962962962963 0.9666666666666667 0.412962962962963 0.9708333333333333 0.40925925925925927 0.9770833333333334 0.39814814814814814 0.9739583333333334 0.3851851851851852 0.975 0.3833333333333333 0.9770833333333334 0.3833333333333333 0.9677083333333334 0.37592592592592594 0.9739583333333334 0.3666666666666667 0.9739583333333334 0.362962962962963 0.9708333333333333 0.362962962962963 0.9697916666666666 0.3611111111111111 0.965625 0.3611111111111111 0.9645833333333333 0.3592592592592592 0.959375 0.3592592592592592 0.9583333333333334 0.3574074074074074 0.95625 0.3574074074074074 0.9510416666666667 0.37222222222222223 0.9427083333333334 0.37037037037037035 0.940625 0.37407407407407406 0.9385416666666666 0.37407407407407406 0.9375 0.37592592592592594 0.9354166666666667 0.37592592592592594 0.934375 0.37777777777777777 0.9302083333333334 0.37962962962962965 0.9291666666666666 0.3833333333333333 0.9302083333333334 0.3851851851851852 0.93125 0.39444444444444443 0.9333333333333333 0.387037037037037
3 0.9270833333333334 0.3351851851851852 0.928125 0.337037037037037 0.934375 0.35 0.9354166666666667 0.35 0.946875 0.3574074074074074 0.9479166666666666 0.3574074074074074 0.9510416666666667 0.3574074074074074 0.9520833333333334 0.35555555555555557 0.9552083333333333 0.3444444444444445 0.9552083333333333 0.3425925925925926 0.9541666666666666 0.33148148148148143 0.953125 0.32962962962962966 0.9510416666666667 0.32592592592592595 0.95 0.32592592592592595 0.9427083333333334 0.32592592592592595 0.9270833333333334 0.32962962962962966 0.9270833333333334 0.33148148148148143 0.9270833333333334 0.3351851851851852
3 0.9 0.39814814814814814 0.9010416666666666 0.4 0.9041666666666667 0.41851851851851857 0.9052083333333334 0.42037037037037034 0.9083333333333333 0.42407407407407405 0.909375 0.42407407407407405 0.91875 0.42592592592592593 0.9197916666666667 0.42407407407407405 0.9239583333333333 0.4074074074074074 0.925 0.4074074074074074 0.9333333333333333 0.40925925925925927 0.934375 0.4074074074074074 0.9364583333333334 0.4055555555555555 0.9364583333333334 0.40370370370370373 0.934375 0.3925925925925926 0.9333333333333333 0.3925925925925926 0.9270833333333334 0.38148148148148153 0.9260416666666667 0.3833333333333333 0.925 0.3925925925925926 0.9239583333333333 0.39444444444444443 0.9229166666666666 0.39444444444444443 0.921875 0.3925925925925926 0.9208333333333334 0.3888888888888889 0.9197916666666667 0.3888888888888889 0.9114583333333334 0.37962962962962965 0.9104166666666667 0.37962962962962965 0.9041666666666667 0.37777777777777777 0.9 0.387037037037037 0.9 0.3888888888888889 0.9 0.39814814814814814
3 0.8604166666666666 0.3222222222222222 0.8614583333333333 0.32407407407407407 0.86875 0.3351851851851852 0.8697916666666666 0.3351851851851852 0.8729166666666667 0.3333333333333333 0.8729166666666667 0.33148148148148143 0.8697916666666666 0.3148148148148148 0.86875 0.31296296296296294 0.8645833333333334 0.3055555555555556 0.8635416666666667 0.3148148148148148 0.8625 0.3166666666666667 0.8604166666666666 0.3222222222222222
3 0.8520833333333334 0.3166666666666667 0.853125 0.3185185185185185 0.8614583333333333 0.3222222222222222 0.8614583333333333 0.32037037037037036 0.8645833333333334 0.31296296296296294 0.8645833333333334 0.3111111111111111 0.8645833333333334 0.3055555555555556 0.8635416666666667 0.3037037037037037 0.859375 0.29814814814814816 0.8583333333333334 0.29814814814814816 0.85625 0.29814814814814816 0.8510416666666666 0.30925925925925923 0.8520833333333334 0.3111111111111111 0.8520833333333334 0.3166666666666667
3 0.696875 0.4333333333333333 0.696875 0.4351851851851852 0.7 0.4444444444444444 0.7010416666666667 0.4444444444444444 0.70625 0.4444444444444444 0.7072916666666667 0.4425925925925926 0.7104166666666666 0.43703703703703706 0.7104166666666666 0.4351851851851852 0.7104166666666666 0.4277777777777778 0.709375 0.42592592592592593 0.7052083333333333 0.42037037037037034 0.7 0.42407407407407405 0.7 0.42592592592592593 0.696875 0.4333333333333333
3 0.5333333333333333 0.3851851851851852 0.5343749999999999 0.387037037037037 0.540625 0.3907407407407408 0.5416666666666666 0.3888888888888889 0.5447916666666667 0.387037037037037 0.5447916666666667 0.3851851851851852 0.546875 0.38148148148148153 0.546875 0.37962962962962965 0.546875 0.37037037037037035 0.5458333333333334 0.36851851851851847 0.5427083333333333 0.362962962962963 0.5416666666666666 0.362962962962963 0.5375 0.362962962962963 0.5333333333333333 0.37222222222222223 0.5333333333333333 0.37407407407407406 0.5333333333333333 0.3851851851851852
3 0.7145833333333333 0.5981481481481481 0.715625 0.6 0.7208333333333333 0.6074074074074074 0.721875 0.6074074074074074 0.7239583333333334 0.6074074074074074 0.725 0.6055555555555556 0.7270833333333334 0.6018518518518519 0.7270833333333334 0.6 0.7270833333333334 0.5944444444444444 0.7260416666666666 0.5925925925925926 0.7229166666666667 0.587037037037037 0.721875 0.587037037037037 0.71875 0.5851851851851853 0.7145833333333333 0.5888888888888889 0.7145833333333333 0.5907407407407407 0.7145833333333333 0.5981481481481481
3 0.6229166666666667 0.6185185185185185 0.6208333333333333 0.6314814814814815 0.63125 0.6296296296296297 0.6270833333333333 0.6425925925925926 0.6291666666666667 0.6425925925925926 0.6322916666666666 0.6462962962962963 0.6354166666666666 0.6462962962962963 0.6375 0.6444444444444444 0.64375 0.6055555555555556 0.6479166666666666 0.6074074074074074 0.65625 0.6185185185185185 0.6583333333333333 0.6166666666666666 0.6552083333333334 0.6166666666666666 0.6510416666666666 0.6111111111111112 0.6583333333333333 0.6 0.653125 0.5888888888888889 0.6385416666666667 0.587037037037037 0.6354166666666666 0.5944444444444444 0.634375 0.5944444444444444 0.6208333333333333 0.6166666666666666 0.6229166666666667 0.6185185185185185
3 0.8395833333333333 0.6351851851851852 0.840625 0.6351851851851852 0.8458333333333333 0.6351851851851852 0.846875 0.6333333333333334 0.8489583333333334 0.6296296296296297 0.8489583333333334 0.6277777777777778 0.8489583333333334 0.6222222222222222 0.8479166666666667 0.6203703703703703 0.8458333333333333 0.6185185185185185 0.8447916666666666 0.6185185185185185 0.8322916666666667 0.6166666666666666 0.83125 0.6203703703703703 0.8322916666666667 0.6222222222222222 0.8395833333333333 0.6351851851851852
3 0.8322916666666667 0.65 0.8333333333333334 0.6518518518518519 0.8416666666666667 0.6574074074074074 0.8427083333333334 0.6555555555555556 0.8458333333333333 0.65 0.8458333333333333 0.6481481481481481 0.8458333333333333 0.6407407407407407 0.8447916666666666 0.6388888888888888 0.8375 0.6351851851851852 0.834375 0.6388888888888888 0.834375 0.6407407407407407 0.8322916666666667 0.65
3 0.8302083333333333 0.6685185185185185 0.83125 0.6703703703703704 0.8322916666666667 0.6722222222222222 0.8333333333333334 0.6722222222222222 0.8385416666666666 0.674074074074074 0.8395833333333333 0.6722222222222222 0.8416666666666667 0.6703703703703704 0.8416666666666667 0.6685185185185185 0.8416666666666667 0.6611111111111112 0.840625 0.6592592592592593 0.8395833333333333 0.6574074074074074 0.8385416666666666 0.6574074074074074 0.8322916666666667 0.6555555555555556 0.8302083333333333 0.6592592592592593 0.8302083333333333 0.6611111111111112 0.8302083333333333 0.6685185185185185
3 0.81875 0.6722222222222222 0.8197916666666666 0.674074074074074 0.8260416666666667 0.6759259259259259 0.8270833333333334 0.674074074074074 0.8302083333333333 0.6703703703703704 0.8302083333333333 0.6685185185185185 0.8291666666666666 0.6629629629629629 0.828125 0.6611111111111112 0.8229166666666666 0.6574074074074074 0.81875 0.6629629629629629 0.81875 0.6648148148148147 0.81875 0.6722222222222222
3 0.79375 0.6685185185185185 0.7947916666666667 0.6703703703703704 0.803125 0.674074074074074 0.8041666666666666 0.6722222222222222 0.8083333333333333 0.6629629629629629 0.8072916666666666 0.6611111111111112 0.8052083333333334 0.6555555555555556 0.8041666666666666 0.6555555555555556 0.8 0.6555555555555556 0.79375 0.6611111111111112 0.79375 0.6629629629629629 0.79375 0.6685185185185185
3 0.7916666666666666 0.6833333333333333 0.7927083333333333 0.6851851851851852 0.796875 0.6870370370370371 0.7979166666666666 0.6851851851851852 0.8 0.6759259259259259 0.7989583333333333 0.674074074074074 0.7947916666666667 0.6703703703703704 0.7916666666666666 0.6759259259259259 0.7916666666666666 0.6777777777777778 0.7916666666666666 0.6833333333333333
3 0.684375 0.6907407407407407 0.6854166666666667 0.6907407407407407 0.6895833333333333 0.6925925925925925 0.690625 0.6907407407407407 0.69375 0.6851851851851852 0.69375 0.6833333333333333 0.69375 0.6796296296296297 0.6927083333333334 0.6777777777777778 0.6864583333333334 0.674074074074074 0.68125 0.6833333333333333 0.6822916666666666 0.6851851851851852 0.684375 0.6907407407407407
3 0.675 0.6777777777777778 0.6760416666666667 0.6777777777777778 0.678125 0.6796296296296297 0.6791666666666666 0.6777777777777778 0.6822916666666666 0.674074074074074 0.6822916666666666 0.6722222222222222 0.68125 0.6648148148148147 0.6802083333333334 0.6648148148148147 0.6739583333333333 0.6629629629629629 0.6729166666666666 0.6722222222222222 0.6739583333333333 0.674074074074074 0.675 0.6777777777777778
3 0.6729166666666666 0.6629629629629629 0.6739583333333333 0.6648148148148147 0.68125 0.6648148148148147 0.6822916666666666 0.6629629629629629 0.6822916666666666 0.65 0.68125 0.6481481481481481 0.6760416666666667 0.6462962962962963 0.671875 0.6518518518518519 0.671875 0.6537037037037037 0.6729166666666666 0.6629629629629629
3 0.684375 0.65 0.6854166666666667 0.6518518518518519 0.6864583333333334 0.6574074074074074 0.6875 0.6592592592592593 0.6958333333333334 0.6611111111111112 0.6958333333333334 0.6592592592592593 0.6947916666666666 0.6481481481481481 0.69375 0.6462962962962963 0.6916666666666667 0.6407407407407407 0.690625 0.6407407407407407 0.6864583333333334 0.6388888888888888 0.684375 0.6407407407407407 0.684375 0.6425925925925926 0.684375 0.65
3 0.69375 0.6759259259259259 0.6947916666666666 0.674074074074074 0.6958333333333334 0.6722222222222222 0.6958333333333334 0.6703703703703704 0.6958333333333334 0.6648148148148147 0.6947916666666666 0.6648148148148147 0.6895833333333333 0.6648148148148147 0.6875 0.6722222222222222 0.6885416666666666 0.6722222222222222 0.69375 0.6759259259259259
3 0.6447916666666667 0.7870370370370371 0.6458333333333334 0.7888888888888889 0.646875 0.7907407407407407 0.6479166666666666 0.7907407407407407 0.6541666666666667 0.7907407407407407 0.6552083333333334 0.7888888888888889 0.6572916666666666 0.7833333333333333 0.6572916666666666 0.7814814814814816 0.6552083333333334 0.774074074074074 0.6541666666666667 0.774074074074074 0.6510416666666666 0.774074074074074 0.6458333333333334 0.7796296296296297 0.6458333333333334 0.7814814814814816 0.6447916666666667 0.7870370370370371
3 0.5031249999999999 0.7129629629629629 0.5041666666666667 0.7148148148148148 0.5052083333333334 0.7185185185185184 0.50625 0.7185185185185184 0.509375 0.7203703703703703 0.5104166666666666 0.7185185185185184 0.5135416666666667 0.7166666666666667 0.5145833333333334 0.7148148148148148 0.515625 0.7111111111111111 0.515625 0.7092592592592593 0.515625 0.7 0.5145833333333334 0.6981481481481482 0.5072916666666667 0.6962962962962963 0.5031249999999999 0.7037037037037037 0.5031249999999999 0.7055555555555556 0.5031249999999999 0.7129629629629629
3 0.5177083333333333 0.7148148148148148 0.5187499999999999 0.7148148148148148 0.5270833333333333 0.7092592592592593 0.5270833333333333 0.7074074074074075 0.525 0.7 0.5239583333333333 0.7 0.5197916666666667 0.6981481481481482 0.5166666666666666 0.7018518518518518 0.5166666666666666 0.7037037037037037 0.5177083333333333 0.7148148148148148
3 0.5125000000000001 0.7388888888888888 0.5135416666666667 0.7388888888888888 0.5187499999999999 0.7185185185185184 0.5177083333333333 0.7166666666666667 0.5135416666666667 0.7166666666666667 0.5083333333333333 0.7240740740740741 0.5083333333333333 0.725925925925926 0.5125000000000001 0.7388888888888888
3 0.4510416666666667 0.6703703703703704 0.45208333333333334 0.6722222222222222 0.45208333333333334 0.6777777777777778 0.453125 0.6796296296296297 0.45625 0.6814814814814815 0.4572916666666667 0.6796296296296297 0.459375 0.6796296296296297 0.4604166666666667 0.6777777777777778 0.4625 0.674074074074074 0.4625 0.6722222222222222 0.4635416666666667 0.6611111111111112 0.4625 0.6592592592592593 0.459375 0.6537037037037037 0.4583333333333333 0.6537037037037037 0.4552083333333333 0.6518518518518519 0.4510416666666667 0.6574074074074074 0.4510416666666667 0.6592592592592593 0.4510416666666667 0.6703703703703704
3 0.46875 0.2 0.46979166666666666 0.20185185185185187 0.475 0.20185185185185187 0.4760416666666667 0.2 0.478125 0.1962962962962963 0.478125 0.19444444444444445 0.478125 0.18888888888888888 0.4770833333333333 0.18888888888888888 0.4708333333333333 0.18703703703703703 0.46875 0.18888888888888888 0.46875 0.19074074074074077 0.46875 0.2
3 0.4635416666666667 0.21666666666666665 0.4645833333333333 0.21851851851851853 0.46875 0.2222222222222222 0.46979166666666666 0.22037037037037038 0.4729166666666667 0.21666666666666665 0.4729166666666667 0.21481481481481482 0.4739583333333333 0.2111111111111111 0.4729166666666667 0.20925925925925928 0.4708333333333333 0.20555555555555555 0.46979166666666666 0.20555555555555555 0.4666666666666667 0.20555555555555555 0.4635416666666667 0.20925925925925928 0.4635416666666667 0.2111111111111111 0.4635416666666667 0.21666666666666665
3 0.4708333333333333 0.3444444444444445 0.471875 0.34629629629629627 0.4739583333333333 0.35185185185185186 0.475 0.35185185185185186 0.4770833333333333 0.35185185185185186 0.478125 0.35 0.48125 0.3444444444444445 0.48125 0.3425925925925926 0.48125 0.337037037037037 0.4802083333333333 0.3351851851851852 0.4739583333333333 0.33148148148148143 0.4708333333333333 0.337037037037037 0.4708333333333333 0.3388888888888889 0.4708333333333333 0.3444444444444445
3 0.5947916666666666 0.3055555555555556 0.5958333333333333 0.3055555555555556 0.6010416666666666 0.3037037037037037 0.6020833333333334 0.30185185185185187 0.6041666666666666 0.29814814814814816 0.6041666666666666 0.2962962962962963 0.6041666666666666 0.2925925925925926 0.603125 0.29074074074074074 0.6 0.2851851851851852 0.5989583333333334 0.2851851851851852 0.5927083333333334 0.2833333333333333 0.5916666666666667 0.2962962962962963 0.5927083333333334 0.29814814814814816 0.5947916666666666 0.3055555555555556
0 0.6858333333333333 0.49148148148148146 0.6925 0.4825925925925926 0.6828125 0.45851851851851855 0.6779166666666667 0.42407407407407405 0.6694791666666666 0.4262962962962963 0.6732291666666667 0.4596296296296296 0.6607291666666667 0.4625925925925926 0.661875 0.47111111111111115 0.675 0.47055555555555556 0.6858333333333333 0.49148148148148146
0 0.134375 0.5259259259259259 0.14760416666666668 0.5368518518518518 0.15052083333333335 0.5411111111111111 0.15197916666666667 0.5487037037037037 0.15052083333333335 0.5781481481481481 0.1615625 0.5822222222222222 0.1646875 0.5468518518518519 0.1709375 0.5094444444444445 0.16114583333333332 0.502962962962963 0.15572916666666667 0.529074074074074 0.1522916666666667 0.5324074074074074 0.14489583333333333 0.5218518518518519 0.13239583333333332 0.5177777777777778 0.11635416666666666 0.5224074074074074 0.1165625 0.5314814814814814 0.125 0.5257407407407407 0.134375 0.5259259259259259
1 0.7603125 0.6575925925925925 0.7609375 0.6492592592592593 0.7635416666666667 0.6427777777777778 0.7804166666666666 0.6296296296296297 0.7790625 0.625 0.759375 0.6392592592592593 0.7535416666666666 0.6351851851851852 0.7490625000000001 0.6225925925925926 0.7412500000000001 0.6298148148148148 0.7553125 0.6727777777777777 0.755625 0.6735185185185185 0.7634375 0.6687037037037037 0.7603125 0.6575925925925925
1 0.7123958333333333 0.5375925925925926 0.7071875 0.5499999999999999 0.7102083333333333 0.5629629629629629 0.6834375 0.602037037037037 0.6851041666666666 0.6088888888888889 0.7089583333333332 0.5757407407407408 0.7157291666666666 0.5751851851851851 0.7234375 0.5879629629629629 0.7282291666666667 0.5772222222222223 0.7123958333333333 0.5375925925925926
1 0.6641666666666667 0.2851851851851852 0.6880208333333334 0.25407407407407406 0.686875 0.25 0.6628124999999999 0.2748148148148148 0.6588541666666666 0.2511111111111111 0.6521875 0.25722222222222224 0.6551041666666667 0.3075925925925926 0.6645833333333334 0.3064814814814815 0.6641666666666667 0.2851851851851852
1 0.6466666666666667 0.17037037037037037 0.6470833333333333 0.1538888888888889 0.6402083333333333 0.15037037037037035 0.6394791666666667 0.1662962962962963 0.636875 0.17537037037037037 0.6044791666666667 0.19296296296296298 0.604375 0.19962962962962963 0.6232291666666667 0.1864814814814815 0.635625 0.18481481481481482 0.6397916666666666 0.1872222222222222 0.6419791666666667 0.2038888888888889 0.6497916666666667 0.19648148148148148 0.6466666666666667 0.17037037037037037
1 0.8978125 0.13870370370370372 0.8918750000000001 0.13722222222222222 0.8895833333333334 0.15722222222222224 0.8815624999999999 0.15777777777777777 0.8632291666666667 0.13055555555555556 0.859375 0.13240740740740742 0.8860416666666666 0.16999999999999998 0.8853125 0.1938888888888889 0.8929166666666667 0.1935185185185185 0.8978125 0.13870370370370372
1 0.8910416666666667 0.2612962962962963 0.8853125 0.2624074074074074 0.8840625000000001 0.2838888888888889 0.8827083333333333 0.2851851851851852 0.8791666666666667 0.2851851851851852 0.8567708333333334 0.2677777777777778 0.855625 0.27185185185185184 0.8855208333333334 0.2925925925925926 0.8858333333333334 0.3101851851851852 0.8860416666666666 0.3098148148148148 0.8933333333333334 0.30444444444444446 0.8910416666666667 0.2612962962962963