3 0.6395833333333334 0.6666666666666666 0.6395833333333334 0.6685185185185185 0.6364583333333333 0.6777777777777778 0.6364583333333333 0.6796296296296297 0.6333333333333334 0.6981481481481482 0.6333333333333334 0.7 0.6333333333333334 0.7333333333333334 0.634375 0.7351851851851853 0.6447916666666667 0.7629629629629631 0.6458333333333334 0.7629629629629631 0.66875 0.7592592592592593 0.6697916666666667 0.7611111111111112 0.6822916666666666 0.7685185185185185 0.6833333333333333 0.7685185185185185 0.6885416666666666 0.7685185185185185 0.6895833333333333 0.7703703703703704 0.6916666666666667 0.7777777777777778 0.6927083333333334 0.7777777777777778 0.69375 0.7777777777777778 0.6947916666666666 0.7759259259259259 0.7020833333333334 0.7611111111111112 0.7020833333333334 0.7592592592592593 0.7041666666666666 0.75 0.7052083333333333 0.7481481481481481 0.7145833333333333 0.7351851851851853 0.7145833333333333 0.7333333333333334 0.7166666666666667 0.7222222222222222 0.7166666666666667 0.7203703703703703 0.7166666666666667 0.7018518518518518 0.715625 0.7 0.7114583333333334 0.6962962962962963 0.7125 0.6944444444444444 0.7145833333333333 0.6796296296296297 0.7135416666666666 0.6777777777777778 0.709375 0.6722222222222222 0.709375 0.6703703703703704 0.7083333333333334 0.6611111111111112 0.7072916666666667 0.6611111111111112 0.6958333333333334 0.6462962962962963 0.6947916666666666 0.6462962962962963 0.684375 0.6388888888888888 0.6833333333333333 0.6388888888888888 0.6697916666666667 0.637037037037037 0.646875 0.6537037037037037 0.6458333333333334 0.6555555555555556 0.6395833333333334 0.6666666666666666
3 0.73125 0.7018518518518518 0.728125 0.7074074074074075 0.7260416666666666 0.7148148148148148 0.7260416666666666 0.7648148148148147 0.7302083333333333 0.7796296296296297 0.7395833333333334 0.7962962962962963 0.7427083333333334 0.7981481481481482 0.7510416666666666 0.8092592592592593 0.7552083333333334 0.8092592592592593 0.75625 0.8074074074074075 0.7583333333333334 0.8074074074074075 0.7666666666666666 0.8185185185185185 0.7770833333333333 0.8185185185185185 0.778125 0.8166666666666667 0.7864583333333334 0.8166666666666667 0.7927083333333333 0.811111111111111 0.8104166666666667 0.7833333333333333 0.8145833333333333 0.7685185185185185 0.815625 0.7574074074074074 0.8166666666666667 0.7555555555555555 0.8166666666666667 0.7462962962962962 0.815625 0.7444444444444445 0.815625 0.7351851851851853 0.8145833333333333 0.7333333333333334 0.8145833333333333 0.7277777777777777 0.8125 0.7240740740740741 0.8052083333333334 0.6962962962962963 0.7947916666666667 0.6777777777777778 0.784375 0.6685185185185185 0.7802083333333334 0.6685185185185185 0.7791666666666667 0.6666666666666666 0.775 0.6666666666666666 0.7739583333333334 0.6648148148148147 0.7696428564814815 0.6716931226851851 0.7682291666666666 0.6648148148148147 0.7510416666666666 0.6648148148148147 0.75 0.6666666666666666 0.74375 0.6685185185185185 0.7427083333333334 0.6703703703703704 0.7385416666666667 0.6722222222222222 0.7333333333333334 0.6833333333333333 0.7333333333333334 0.6870370370370371 0.7364583333333333 0.6981481481481482 0.7333333333333334 0.7018518518518518 0.73125 0.7018518518518518
3 0.6395833333333334 0.774074074074074 0.6385416666666667 0.7759259259259259 0.6333333333333334 0.7851851851851852 0.6333333333333334 0.7870370370370371 0.6302083333333334 0.7944444444444444 0.6302083333333334 0.7962962962962963 0.6270833333333333 0.811111111111111 0.6270833333333333 0.8129629629629629 0.6270833333333333 0.8370370370370371 0.628125 0.8388888888888888 0.6333333333333334 0.8666666666666666 0.634375 0.8685185185185185 0.6395833333333334 0.8888888888888888 0.640625 0.8907407407407407 0.65 0.9092592592592593 0.6510416666666666 0.9092592592592593 0.6614583333333334 0.9185185185185185 0.6625 0.9185185185185185 0.68125 0.9185185185185185 0.6822916666666666 0.9166666666666666 0.6947916666666666 0.9055555555555556 0.6958333333333334 0.9037037037037037 0.7052083333333333 0.8888888888888888 0.7052083333333333 0.887037037037037 0.709375 0.8666666666666666 0.709375 0.8648148148148148 0.709375 0.8462962962962963 0.7083333333333334 0.8444444444444444 0.7072916666666667 0.8296296296296296 0.70625 0.8277777777777778 0.696875 0.7944444444444444 0.6958333333333334 0.7925925925925925 0.6875 0.7759259259259259 0.6864583333333334 0.7759259259259259 0.675 0.7648148148148147 0.6739583333333333 0.7648148148148147 0.6604166666666667 0.7611111111111112 0.6479166666666666 0.7666666666666666 0.646875 0.7685185185185185 0.6395833333333334 0.774074074074074
3 0.7229166666666667 0.9129629629629629 0.7260416666666666 0.9259259259259259 0.7427083333333334 0.9537037037037037 0.7447916666666666 0.9537037037037037 0.7489583333333334 0.9574074074074075 0.75625 0.9574074074074075 0.7572916666666666 0.9592592592592593 0.7666666666666666 0.9592592592592593 0.7677083333333333 0.9611111111111111 0.7729166666666666 0.9611111111111111 0.7760416666666666 0.9574074074074075 0.7802083333333334 0.9555555555555556 0.7822916666666666 0.9518518518518518 0.7864583333333334 0.9481481481481482 0.79375 0.9333333333333333 0.79375 0.9296296296296297 0.8 0.9074074074074074 0.8 0.8925925925925926 0.7989583333333333 0.8907407407407407 0.7989583333333333 0.8796296296296297 0.7979166666666666 0.8777777777777778 0.796875 0.8685185185185185 0.7864583333333334 0.8462962962962963 0.7854166666666667 0.8462962962962963 0.7822916666666666 0.8407407407407407 0.78125 0.8407407407407407 0.7760416666666666 0.8314814814814815 0.7697916666666667 0.825925925925926 0.7614583333333333 0.8148148148148148 0.759375 0.8129629629629629 0.75625 0.8166666666666667 0.7458333333333333 0.8166666666666667 0.7395833333333334 0.8222222222222222 0.7395833333333334 0.8296296296296296 0.7333333333333334 0.8351851851851853 0.7302083333333333 0.8351851851851853 0.7270833333333334 0.8407407407407407 0.7260416666666666 0.8407407407407407 0.7229166666666667 0.8462962962962963 0.721875 0.8462962962962963 0.71875 0.8555555555555556 0.7177083333333334 0.8907407407407407 0.7197916666666666 0.8981481481481481 0.7208333333333333 0.9092592592592593 0.7229166666666667 0.9129629629629629
3 0.5135416666666667 0.7111111111111111 0.5135416666666667 0.7129629629629629 0.5114583333333333 0.7166666666666667 0.5114583333333333 0.7185185185185184 0.5104166666666666 0.7296296296296296 0.5114583333333333 0.7314814814814815 0.515625 0.7462962962962962 0.515625 0.7481481481481481 0.515625 0.7592592592592593 0.5166666666666666 0.7611111111111112 0.5177083333333333 0.7685185185185185 0.5187499999999999 0.7685185185185185 0.5302083333333334 0.7814814814814816 0.53125 0.7814814814814816 0.5395833333333333 0.7814814814814816 0.540625 0.7796296296296297 0.546875 0.7759259259259259 0.5479166666666666 0.774074074074074 0.5520833333333334 0.7666666666666666 0.5520833333333334 0.7648148148148147 0.55625 0.7481481481481481 0.55625 0.7462962962962962 0.55625 0.7314814814814815 0.5552083333333333 0.7296296296296296 0.553125 0.7203703703703703 0.5520833333333334 0.7185185185185184 0.5458333333333334 0.7055555555555556 0.5447916666666667 0.7055555555555556 0.5354166666666667 0.6981481481481482 0.5343749999999999 0.6981481481481482 0.5281250000000001 0.6981481481481482 0.5208333333333334 0.7018518518518518 0.5197916666666667 0.7037037037037037 0.5135416666666667 0.7111111111111111
3 0.5052083333333334 0.8074074074074075 0.5041666666666667 0.8092592592592593 0.5020833333333333 0.8166666666666667 0.5010416666666666 0.8166666666666667 0.4979166666666667 0.8092592592592593 0.4979166666666667 0.8074074074074075 0.4979166666666667 0.7925925925925925 0.496875 0.7925925925925925 0.49375 0.7944444444444444 0.49375 0.7962962962962963 0.4916666666666667 0.8055555555555556 0.4916666666666667 0.8074074074074075 0.4916666666666667 0.8203703703703703 0.4927083333333333 0.8222222222222222 0.49375 0.8277777777777778 0.4947916666666667 0.8277777777777778 0.5020833333333333 0.8296296296296296 0.5031249999999999 0.8314814814814815 0.5072916666666667 0.8351851851851853 0.5083333333333333 0.8370370370370371 0.5166666666666666 0.8537037037037037 0.5177083333333333 0.8537037037037037 0.5187499999999999 0.8537037037037037 0.5197916666666667 0.8518518518518519 0.5229166666666667 0.8518518518518519 0.5239583333333333 0.85 0.5281250000000001 0.8462962962962963 0.5291666666666667 0.8444444444444444 0.5343749999999999 0.8333333333333334 0.5343749999999999 0.8314814814814815 0.5364583333333334 0.8222222222222222 0.5364583333333334 0.8203703703703703 0.5364583333333334 0.8055555555555556 0.5354166666666667 0.8037037037037037 0.5343749999999999 0.7925925925925925 0.5333333333333333 0.7907407407407407 0.5281250000000001 0.7814814814814816 0.5270833333333333 0.7814814814814816 0.5145833333333334 0.7703703703703704 0.5052083333333334 0.7796296296296297 0.5052083333333334 0.7814814814814816 0.5052083333333334 0.8074074074074075
3 0.4583333333333333 0.7370370370370369 0.4583333333333333 0.7388888888888888 0.4572916666666667 0.7518518518518519 0.4583333333333333 0.7537037037037038 0.4583333333333333 0.7592592592592593 0.459375 0.7611111111111112 0.4708333333333333 0.7814814814814816 0.4708333333333333 0.7833333333333333 0.4739583333333333 0.7944444444444444 0.475 0.7944444444444444 0.4822916666666667 0.7944444444444444 0.48333333333333334 0.7962962962962963 0.4864583333333333 0.8 0.4864583333333333 0.7981481481481482 0.4895833333333333 0.7907407407407407 0.490625 0.7907407407407407 0.4927083333333333 0.7907407407407407 0.49375 0.7888888888888889 0.5010416666666666 0.7759259259259259 0.5010416666666666 0.774074074074074 0.5031249999999999 0.7444444444444445 0.5020833333333333 0.7425925925925926 0.496875 0.7166666666666667 0.4958333333333333 0.7166666666666667 0.4895833333333333 0.7185185185185184 0.4885416666666667 0.7166666666666667 0.4864583333333333 0.7166666666666667 0.48541666666666666 0.7148148148148148 0.4822916666666667 0.7092592592592593 0.48125 0.7092592592592593 0.4760416666666667 0.7092592592592593 0.46875 0.7166666666666667 0.46770833333333334 0.7185185185185184 0.4583333333333333 0.7370370370370369
3 0.4354166666666667 0.7759259259259259 0.4354166666666667 0.7777777777777778 0.4302083333333333 0.7925925925925925 0.4302083333333333 0.7944444444444444 0.4302083333333333 0.8018518518518518 0.43125 0.8037037037037037 0.4322916666666667 0.8148148148148148 0.4333333333333333 0.8166666666666667 0.440625 0.8314814814814815 0.4416666666666667 0.8314814814814815 0.446875 0.8351851851851853 0.4479166666666667 0.8370370370370371 0.4510416666666667 0.8425925925925926 0.45208333333333334 0.8425925925925926 0.459375 0.8444444444444444 0.4604166666666667 0.8425925925925926 0.46979166666666666 0.8370370370370371 0.46979166666666666 0.8351851851851853 0.471875 0.825925925925926 0.4708333333333333 0.8240740740740741 0.46979166666666666 0.8129629629629629 0.46875 0.8148148148148148 0.4625 0.8148148148148148 0.4614583333333333 0.8129629629629629 0.4583333333333333 0.8074074074074075 0.459375 0.8055555555555556 0.465625 0.7962962962962963 0.4666666666666667 0.7962962962962963 0.46875 0.7981481481481482 0.46875 0.8 0.46979166666666666 0.8055555555555556 0.4708333333333333 0.8055555555555556 0.4729166666666667 0.8 0.471875 0.7981481481481482 0.4708333333333333 0.7796296296296297 0.46979166666666666 0.7777777777777778 0.459375 0.7611111111111112 0.4583333333333333 0.7611111111111112 0.45416666666666666 0.7592592592592593 0.4395833333333333 0.7685185185185185 0.43854166666666666 0.7703703703703704 0.4354166666666667 0.7759259259259259
3 0.4802083333333333 0.8518518518518519 0.4791666666666667 0.8518518518518519 0.471875 0.8574074074074074 0.4708333333333333 0.8592592592592593 0.465625 0.8759259259259259 0.465625 0.8777777777777778 0.4666666666666667 0.8888888888888888 0.46770833333333334 0.8907407407407407 0.4729166666666667 0.9037037037037037 0.4739583333333333 0.9055555555555556 0.4822916666666667 0.9148148148148147 0.48333333333333334 0.9148148148148147 0.4958333333333333 0.9129629629629629 0.496875 0.9111111111111112 0.5072916666666667 0.9018518518518519 0.5083333333333333 0.9 0.515625 0.8759259259259259 0.515625 0.8740740740740741 0.515625 0.8574074074074074 0.5145833333333334 0.8555555555555556 0.5104166666666666 0.8425925925925926 0.509375 0.8407407407407407 0.5010416666666666 0.8314814814814815 0.5 0.8314814814814815 0.4958333333333333 0.8314814814814815 0.4875 0.8370370370370371 0.4864583333333333 0.8388888888888888 0.4802083333333333 0.8518518518518519
2 0.6326379166666667 0.21996314814814813 0.6316909375 0.2300637037037037 0.6421071875000001 0.28393314814814813 0.6487356249999999 0.33106907407407404 0.6527939583333333 0.3406887037037037 0.6582048958333333 0.3695474074074074 0.6615867708333333 0.4032159259259259 0.6676741666666667 0.42486 0.6757907291666667 0.4849822222222222 0.6832308333333332 0.527067962962963 0.6920237499999999 0.5547242592592593 0.7001402083333333 0.5932024074074074 0.7143441666666667 0.6461101851851851 0.7204315625 0.6725638888888889 0.722460625 0.6028220370370371 0.7204315625 0.5859877777777778 0.7096094791666666 0.5499144444444445 0.6987875 0.49219703703703704 0.6872890625000001 0.44289666666666666 0.6757907291666667 0.3731548148148148 0.6609104166666667 0.2937933333333333 0.6582048958333333 0.2565174074074074 0.6446773958333333 0.1699412962962963 0.6392663541666667 0.12184351851851852 0.629885 0.06543814814814815 0.6271794791666666 0.04138925925925926 0.6244739583333333 0.03417462962962963 0.6108586458333334 0.058354259259259265 0.6165402083333333 0.09202277777777777 0.6231686458333334 0.14589240740740742 0.6307440624999999 0.19302833333333333 0.6326379166666667 0.21996314814814813
2 0.5343088541666666 0.692967962962963 0.53845 0.6819251851851852 0.5481125 0.6598394444444444 0.5494928125 0.6475694444444444 0.5646767708333333 0.609532962962963 0.5791705208333333 0.5592264814814815 0.5881429166666666 0.5273248148148147 0.5943544791666667 0.5003311111111112 0.593664375 0.49665018518518517 0.5826214583333333 0.49542314814814814 0.5646767708333333 0.5604535185185185 0.5467320833333333 0.6083059259259259 0.5398303125 0.6316187037037038 0.5246463541666666 0.6672012962962962 0.5191248958333333 0.694195 0.5260267708333333 0.694195 0.5349990625 0.692967962962963 0.5343088541666666 0.692967962962963
2 0.6059326041666666 0.3477483333333333 0.603079375 0.3604290740740741 0.5955897916666666 0.3838885185185185 0.5938065625 0.39339907407407404 0.5927366666666666 0.40417759259259256 0.5888135416666667 0.4187603703703704 0.5845338541666666 0.43968370370370374 0.5777576041666667 0.46694722222222224 0.5766876041666666 0.48343222222222226 0.5823939583333333 0.4840661111111111 0.5852470833333333 0.47962796296296295 0.5848905208333334 0.4694833333333333 0.5906829166666666 0.45243 0.5961125 0.42656407407407404 0.6020094791666667 0.3984712962962963 0.6052192708333334 0.37881611111111113 0.6080723958333333 0.3655014814814815 0.6251914583333333 0.31351037037037033 0.6301844791666666 0.30082962962962967 0.6355341666666667 0.28434481481481483 0.6341074999999999 0.2773703703703704 0.6280445833333334 0.28371074074074076 0.624478125 0.28561277777777777 0.6144920833333333 0.31985074074074077 0.6091423958333334 0.3344337037037037 0.6077158333333332 0.3426761111111111 0.6059326041666666 0.3477483333333333
2 0.8048325 0.08667333333333334 0.8106221875 0.13237574074074074 0.814210625 0.1701262962962963 0.8156636458333333 0.1915074074074074 0.8167811458333333 0.20508777777777779 0.8172109375 0.22359944444444443 0.8159214583333333 0.3053577777777778 0.8172109375 0.32828074074074076 0.8146320833333334 0.34432685185185186 0.8159214583333333 0.35808055555555557 0.8202195833333333 0.38100351851851855 0.8305348958333333 0.41080314814814817 0.8387011458333333 0.4383107407407408 0.8442885416666667 0.46352592592592595 0.84944625 0.47957185185185186 0.8528866666666667 0.4624064814814815 0.8382673958333333 0.412592962962963 0.8364400000000001 0.3974324074074074 0.8273030208333333 0.36711111111111117 0.8248664583333333 0.3443701851851852 0.8248664583333333 0.31513166666666664 0.8236482291666667 0.29347370370370374 0.8248664583333333 0.24474296296296297 0.8248664583333333 0.20467555555555553 0.8260847916666667 0.1841003703703704 0.8241265624999999 0.16808944444444443 0.8211033333333333 0.15010518518518517 0.8183513541666666 0.12955314814814814 0.8163386458333334 0.10504851851851853 0.8132930208333333 0.08339037037037036 0.8082966666666667 0.06660925925925926 0.8072016666666667 0.050903333333333335 0.8023285416666667 0.03357685185185185 0.7968463541666666 0.006504259259259259 0.7813652083333333 0.0075129629629629635 0.7915945833333333 0.02676814814814815 0.8006204166666667 0.06313925925925926 0.8054342708333334 0.08667333333333334 0.8048325 0.08667333333333334
3 0.4 0.7796296296296297 0.4 0.7814814814814816 0.4010416666666667 0.7925925925925925 0.4020833333333333 0.7944444444444444 0.4104166666666667 0.7981481481481482 0.4114583333333333 0.7962962962962963 0.4166666666666667 0.7944444444444444 0.4177083333333333 0.7925925925925925 0.4177083333333333 0.7722222222222223 0.4166666666666667 0.7703703703703704 0.4135416666666667 0.7666666666666666 0.4125 0.7666666666666666 0.40520833333333334 0.7666666666666666 0.4020833333333333 0.7703703703703704 0.4020833333333333 0.7722222222222223 0.4 0.7796296296296297
3 0.42291666666666666 0.774074074074074 0.42291666666666666 0.7759259259259259 0.4239583333333333 0.7962962962962963 0.425 0.7981481481481482 0.4260416666666667 0.8 0.4270833333333333 0.8 0.4291666666666667 0.7981481481481482 0.4291666666666667 0.7962962962962963 0.43125 0.7851851851851852 0.4322916666666667 0.7833333333333333 0.43854166666666666 0.7685185185185185 0.43854166666666666 0.7666666666666666 0.434375 0.7611111111111112 0.4260416666666667 0.7666666666666666 0.425 0.7685185185185185 0.42291666666666666 0.774074074074074
3 0.8 0.3888888888888889 0.8010416666666667 0.3907407407407408 0.8052083333333334 0.39814814814814814 0.80625 0.39814814814814814 0.8145833333333333 0.39629629629629626 0.815625 0.39444444444444443 0.8208333333333334 0.3888888888888889 0.8208333333333334 0.387037037037037 0.8145833333333333 0.37037037037037035 0.8135416666666666 0.37037037037037035 0.809375 0.36851851851851847 0.7989583333333333 0.37777777777777777 0.7989583333333333 0.37962962962962965 0.8 0.3888888888888889
3 0.7947916666666667 0.3166666666666667 0.7947916666666667 0.3185185185185185 0.7958333333333334 0.3351851851851852 0.796875 0.337037037037037 0.8010416666666667 0.34074074074074073 0.8020833333333334 0.34074074074074073 0.80625 0.337037037037037 0.80625 0.3351851851851852 0.8104166666666667 0.32037037037037036 0.8104166666666667 0.3185185185185185 0.8104166666666667 0.3148148148148148 0.809375 0.3148148148148148 0.8020833333333334 0.30925925925925923 0.7979166666666666 0.3111111111111111 0.796875 0.31296296296296294 0.7947916666666667 0.3166666666666667