2 0.5525 0.16333333333333333 0.5465625000000001 0.16962962962962963 0.5439583333333333 0.1622222222222222 0.516875 0.3131481481481482 0.5273958333333334 0.30462962962962964 0.5275 0.30666666666666664 0.5378125 0.2612962962962963 0.5525 0.16333333333333333
2 0.6748958333333334 0.0875925925925926 0.6826041666666667 0.08444444444444443 0.6934375 0.0862962962962963 0.6944791666666666 0.10314814814814816 0.6911458333333333 0.13685185185185184 0.7373958333333334 0.24537037037037038 0.763125 0.2212962962962963 0.7296875 0.1425925925925926 0.6782291666666667 0.007407407407407408 0.6766666666666666 0.007407407407407408 0.6483333333333333 0.008148148148148147 0.6748958333333334 0.0875925925925926
3 0.64375 0.7611111111111112 0.64375 0.7629629629629631 0.6395833333333334 0.774074074074074 0.6395833333333334 0.7759259259259259 0.634375 0.8092592592592593 0.634375 0.811111111111111 0.634375 0.8351851851851853 0.6354166666666666 0.8370370370370371 0.6385416666666667 0.8648148148148148 0.6395833333333334 0.8666666666666666 0.65 0.8981481481481481 0.6510416666666666 0.9 0.6552083333333334 0.9092592592592593 0.65625 0.9092592592592593 0.6666666666666666 0.924074074074074 0.6677083333333333 0.924074074074074 0.684375 0.938888888888889 0.6854166666666667 0.938888888888889 0.6958333333333334 0.9444444444444444 0.696875 0.9444444444444444 0.721875 0.9444444444444444 0.7229166666666667 0.9425925925925925 0.7333333333333334 0.9370370370370371 0.734375 0.9351851851851852 0.7458333333333333 0.9222222222222222 0.746875 0.9203703703703704 0.765625 0.8814814814814815 0.765625 0.8796296296296297 0.76875 0.8685185185185185 0.76875 0.8666666666666666 0.76875 0.8592592592592593 0.7677083333333333 0.8574074074074074 0.7635416666666667 0.8574074074074074 0.7625 0.8555555555555556 0.7458333333333333 0.8425925925925926 0.7447916666666666 0.8407407407407407 0.7333333333333334 0.825925925925926 0.7322916666666667 0.8240740740740741 0.7208333333333333 0.7981481481481482 0.7208333333333333 0.7962962962962963 0.7125 0.7629629629629631 0.7114583333333334 0.7629629629629631 0.703125 0.7611111111111112 0.7020833333333334 0.7629629629629631 0.6833333333333333 0.7648148148148147 0.6822916666666666 0.7629629629629631 0.6666666666666666 0.7388888888888888 0.665625 0.7388888888888888 0.6625 0.7388888888888888 0.65 0.75 0.65 0.7518518518518519 0.64375 0.7611111111111112
3 0.759375 0.6185185185185185 0.7583333333333334 0.6203703703703703 0.7416666666666666 0.6462962962962963 0.7416666666666666 0.6481481481481481 0.7354166666666666 0.6592592592592593 0.7354166666666666 0.6611111111111112 0.7270833333333334 0.6814814814814815 0.7270833333333334 0.6833333333333333 0.715625 0.7388888888888888 0.715625 0.7407407407407407 0.7166666666666667 0.7759259259259259 0.7177083333333334 0.7777777777777778 0.71875 0.7870370370370371 0.7197916666666666 0.7888888888888889 0.7291666666666666 0.8148148148148148 0.7302083333333333 0.8166666666666667 0.7385416666666667 0.8314814814814815 0.7395833333333334 0.8314814814814815 0.7489583333333334 0.8425925925925926 0.75 0.8425925925925926 0.7604166666666666 0.8518518518518519 0.7614583333333333 0.8518518518518519 0.771875 0.8574074074074074 0.7729166666666666 0.8574074074074074 0.8020833333333334 0.8592592592592593 0.803125 0.8574074074074074 0.815625 0.8537037037037037 0.8166666666666667 0.8518518518518519 0.828125 0.8425925925925926 0.8291666666666666 0.8407407407407407 0.8447916666666666 0.8203703703703703 0.8447916666666666 0.8185185185185185 0.8510416666666666 0.7944444444444444 0.8520833333333334 0.7925925925925925 0.8552083333333333 0.7851851851851852 0.8552083333333333 0.7833333333333333 0.8604166666666666 0.7574074074074074 0.8604166666666666 0.7555555555555555 0.8604166666666666 0.7037037037037037 0.859375 0.7018518518518518 0.8489583333333334 0.6592592592592593 0.8479166666666667 0.6574074074074074 0.8302083333333333 0.6240740740740741 0.8291666666666666 0.6240740740740741 0.8135416666666666 0.6092592592592593 0.8125 0.6092592592592593 0.803125 0.6037037037037037 0.8020833333333334 0.6037037037037037 0.78125 0.6018518518518519 0.76875 0.6092592592592593 0.7677083333333333 0.6111111111111112 0.759375 0.6185185185185185
3 0.6041666666666666 0.6203703703703703 0.60625 0.6259259259259259 0.60625 0.6296296296296297 0.6083333333333334 0.637037037037037 0.6083333333333334 0.6629629629629629 0.609375 0.6648148148148147 0.609375 0.6722222222222222 0.6104166666666666 0.674074074074074 0.6104166666666666 0.6907407407407407 0.6114583333333333 0.6925925925925925 0.6114583333333333 0.7 0.6125 0.7018518518518518 0.6135416666666667 0.7092592592592593 0.6208333333333333 0.7222222222222222 0.63125 0.7314814814814815 0.6354166666666666 0.7314814814814815 0.6364583333333333 0.7333333333333334 0.6427083333333333 0.7333333333333334 0.64375 0.7351851851851853 0.6541666666666667 0.7351851851851853 0.6552083333333334 0.7333333333333334 0.6614583333333334 0.7333333333333334 0.6625 0.7314814814814815 0.65625 0.7148148148148148 0.6552083333333334 0.7037037037037037 0.6541666666666667 0.7018518518518518 0.6541666666666667 0.6962962962962963 0.653125 0.6944444444444444 0.653125 0.688888888888889 0.6572916666666666 0.6851851851851852 0.6583333333333333 0.6851851851851852 0.6645833333333334 0.6962962962962963 0.6666666666666666 0.6962962962962963 0.6729166666666666 0.7018518518518518 0.6802083333333334 0.7148148148148148 0.6822916666666666 0.7148148148148148 0.6822916666666666 0.7111111111111111 0.690625 0.6833333333333333 0.6885416666666666 0.6777777777777778 0.6885416666666666 0.6685185185185185 0.6895833333333333 0.6666666666666666 0.6958333333333334 0.6648148148148147 0.7 0.6518518518518519 0.7 0.6407407407407407 0.6979166666666666 0.637037037037037 0.696875 0.6314814814814815 0.6927083333333334 0.6259259259259259 0.69375 0.6240740740740741 0.7010416666666667 0.6240740740740741 0.7 0.587037037037037 0.6979166666666666 0.5833333333333334 0.6958333333333334 0.5814814814814815 0.6927083333333334 0.5851851851851853 0.6864583333333334 0.587037037037037 0.6822916666666666 0.5925925925925926 0.6729166666666666 0.6 0.665625 0.575925925925926 0.6770833333333334 0.5592592592592592 0.6770833333333334 0.5518518518518518 0.6729166666666666 0.5444444444444444 0.659375 0.5425925925925926 0.6583333333333333 0.5444444444444444 0.65625 0.5444444444444444 0.6552083333333334 0.5462962962962963 0.653125 0.5462962962962963 0.6520833333333333 0.5481481481481482 0.65 0.5481481481481482 0.6489583333333334 0.5499999999999999 0.64140625 0.5537037037037037 0.6395833333333334 0.5611111111111111 0.6385416666666667 0.5611111111111111 0.634375 0.5555555555555556 0.63125 0.5611111111111111 0.6284722222222222 0.5617283935185186 0.628125 0.5703703703703704 0.6225694444444444 0.5679012361111111 0.6197916666666666 0.575925925925926 0.615625 0.5740740740740741 0.6114583333333333 0.5796296296296296 0.6104166666666666 0.5796296296296296 0.6072916666666667 0.5907407407407407 0.6052083333333333 0.5944444444444444 0.6020833333333334 0.6055555555555556 0.6020833333333334 0.6092592592592593 0.603125 0.6111111111111112 0.6041666666666666 0.6203703703703703
3 0.5656249999999999 0.4462962962962963 0.5656249999999999 0.4666666666666667 0.5677083333333334 0.4740740740740741 0.5677083333333334 0.48148148148148145 0.56875 0.48333333333333334 0.56875 0.4888888888888889 0.571875 0.5 0.571875 0.5037037037037037 0.5750000000000001 0.5111111111111112 0.5750000000000001 0.512962962962963 0.578125 0.5185185185185185 0.578125 0.5203703703703704 0.5802083333333333 0.5240740740740741 0.5833333333333334 0.5259259259259259 0.59375 0.5407407407407407 0.6010416666666666 0.5407407407407407 0.6052083333333333 0.5277777777777778 0.6072916666666667 0.5333333333333333 0.6083333333333334 0.5425925925925926 0.6125 0.5499999999999999 0.6145833333333334 0.5499999999999999 0.6197916666666666 0.5555555555555556 0.6270833333333333 0.5555555555555556 0.63125 0.5518518518518518 0.63125 0.5444444444444444 0.6322916666666666 0.5425925925925926 0.6322916666666666 0.5388888888888889 0.634375 0.5351851851851852 0.6375 0.5351851851851852 0.6393429490740741 0.5401709398148148 0.6418669884259259 0.5683760694444445 0.6416666666666666 0.5777777777777777 0.6427083333333333 0.5777777777777777 0.6427083333333333 0.5796296296296296 0.6458333333333334 0.5462962962962963 0.6520833333333333 0.5462962962962963 0.6552083333333334 0.5425925925925926 0.6614583333333334 0.5407407407407407 0.66875 0.5314814814814814 0.675 0.5259259259259259 0.6864583333333334 0.5037037037037037 0.6864583333333334 0.5 0.6916666666666667 0.48333333333333334 0.6916666666666667 0.4777777777777778 0.6927083333333334 0.4759259259259259 0.6927083333333334 0.46296296296296297 0.6916666666666667 0.46296296296296297 0.6885416666666666 0.4574074074074074 0.6885416666666666 0.4537037037037037 0.6927083333333334 0.45 0.6927083333333334 0.4462962962962963 0.69375 0.4444444444444444 0.6927083333333334 0.4425925925925926 0.6927083333333334 0.43703703703703706 0.6916666666666667 0.4351851851851852 0.6916666666666667 0.42407407407407405 0.690625 0.4222222222222222 0.690625 0.4166666666666667 0.6895833333333333 0.4148148148148148 0.6833333333333333 0.4148148148148148 0.675 0.4055555555555555 0.6822916666666666 0.3907407407407408 0.6822916666666666 0.38148148148148153 0.6791666666666666 0.37037037037037035 0.675 0.362962962962963 0.665625 0.3592592592592592 0.6635416666666666 0.35370370370370374 0.6635416666666666 0.35 0.6614583333333334 0.34629629629629627 0.653125 0.3444444444444445 0.6520833333333333 0.3425925925925926 0.65 0.3425925925925926 0.6458333333333334 0.337037037037037 0.6385416666666667 0.337037037037037 0.6375 0.3351851851851852 0.628125 0.3351851851851852 0.6270833333333333 0.3333333333333333 0.62609375 0.3425 0.6216746782407407 0.3427350416666667 0.6208333333333333 0.3333333333333333 0.6197916666666666 0.3351851851851852 0.6135416666666667 0.337037037037037 0.6125 0.3388888888888889 0.6083333333333334 0.34074074074074073 0.5895833333333333 0.37222222222222223 0.578125 0.38148148148148153 0.578125 0.3833333333333333 0.5729166666666666 0.3907407407407408 0.5666666666666667 0.412962962962963 0.5666666666666667 0.4222222222222222 0.5656249999999999 0.42407407407407405 0.5656249999999999 0.43703703703703706 0.5645833333333333 0.4388888888888889 0.5645833333333333 0.4444444444444444 0.5656249999999999 0.4462962962962963
3 0.7114583333333334 0.30185185185185187 0.7114583333333334 0.3055555555555556 0.7104166666666666 0.3074074074074074 0.7104166666666666 0.31296296296296294 0.709375 0.3148148148148148 0.7083333333333334 0.32592592592592595 0.7072916666666667 0.3277777777777778 0.7072916666666667 0.3333333333333333 0.70625 0.3351851851851852 0.70625 0.34629629629629627 0.7229166666666667 0.3611111111111111 0.7354166666666666 0.3611111111111111 0.7364583333333333 0.362962962962963 0.7335648148148147 0.3672839490740741 0.73125 0.37592592592592594 0.7322916666666667 0.37777777777777777 0.7291666666666666 0.3833333333333333 0.7256944444444444 0.37592592592592594 0.7145833333333333 0.37592592592592594 0.7114583333333334 0.37962962962962965 0.7114583333333334 0.387037037037037 0.7166666666666667 0.4055555555555555 0.7208333333333333 0.4055555555555555 0.7229166666666667 0.40185185185185185 0.7302083333333333 0.39444444444444443 0.7354166666666666 0.4055555555555555 0.7291666666666666 0.4111111111111111 0.7270833333333334 0.4148148148148148 0.7260416666666666 0.42592592592592593 0.728125 0.42962962962962964 0.7333333333333334 0.4333333333333333 0.7354166666666666 0.43703703703703706 0.740625 0.44074074074074077 0.7427083333333334 0.4444444444444444 0.746875 0.44814814814814813 0.7520833333333333 0.44814814814814813 0.753125 0.45 0.7604166666666666 0.45 0.7614583333333333 0.45185185185185184 0.765625 0.45185185185185184 0.7677083333333333 0.44814814814814813 0.76875 0.45 0.771875 0.45 0.7770833333333333 0.4555555555555556 0.7791666666666667 0.4555555555555556 0.7833333333333333 0.45185185185185184 0.7916666666666666 0.45925925925925926 0.7989583333333333 0.4444444444444444 0.7989583333333333 0.40185185185185185 0.7979166666666666 0.4 0.7979166666666666 0.32037037037037036 0.796875 0.3185185185185185 0.796875 0.3111111111111111 0.7958333333333334 0.30925925925925923 0.7958333333333334 0.29444444444444445 0.7947916666666667 0.2925925925925926 0.7947916666666667 0.2777777777777778 0.79375 0.2759259259259259 0.79375 0.2611111111111111 0.7927083333333333 0.25925925925925924 0.7927083333333333 0.22407407407407406 0.7916666666666666 0.2222222222222222 0.7833333333333333 0.2222222222222222 0.7822916666666666 0.22037037037037038 0.7729166666666666 0.22037037037037038 0.771875 0.2222222222222222 0.7697916666666667 0.2222222222222222 0.76875 0.22407407407407406 0.7666666666666666 0.22407407407407406 0.7625 0.2277777777777778 0.759375 0.2277777777777778 0.7583333333333334 0.22962962962962963 0.753125 0.23148148148148148 0.7364583333333333 0.24629629629629632 0.71875 0.2777777777777778 0.7166666666666667 0.2777777777777778 0.7145833333333333 0.28148148148148144 0.7135416666666666 0.2796296296296296 0.7145833333333333 0.28703703703703703 0.715625 0.28888888888888886 0.715625 0.29444444444444445 0.7114583333333334 0.30185185185185187
3 0.7427083333333334 0.4740740740740741 0.7427083333333334 0.4759259259259259 0.7416666666666666 0.4962962962962963 0.7427083333333334 0.4981481481481481 0.7458333333333333 0.5037037037037037 0.7447916666666666 0.5055555555555555 0.7427083333333334 0.5092592592592593 0.74375 0.5111111111111112 0.746875 0.5111111111111112 0.7479166666666667 0.512962962962963 0.7510416666666666 0.5185185185185185 0.7510416666666666 0.5203703703703704 0.7489583333333334 0.5370370370370371 0.7479166666666667 0.5388888888888889 0.746875 0.5407407407407407 0.7458333333333333 0.5407407407407407 0.7395833333333334 0.5296296296296297 0.7385416666666667 0.5296296296296297 0.728125 0.5296296296296297 0.7270833333333334 0.5277777777777778 0.7208333333333333 0.512962962962963 0.7197916666666666 0.512962962962963 0.7177083333333334 0.512962962962963 0.7166666666666667 0.5148148148148148 0.7135416666666666 0.5203703703703704 0.7135416666666666 0.5222222222222223 0.7104166666666666 0.5370370370370371 0.7114583333333334 0.5388888888888889 0.7125 0.5425925925925926 0.7114583333333334 0.5444444444444444 0.709375 0.5481481481481482 0.709375 0.5499999999999999 0.709375 0.5629629629629629 0.7104166666666666 0.5648148148148148 0.7125 0.5944444444444444 0.7135416666666666 0.5962962962962963 0.7166666666666667 0.6092592592592593 0.7177083333333334 0.6092592592592593 0.7229166666666667 0.6166666666666666 0.7239583333333334 0.6166666666666666 0.73125 0.6203703703703703 0.7322916666666667 0.6222222222222222 0.7333333333333334 0.6277777777777778 0.734375 0.6296296296296297 0.740625 0.6388888888888888 0.7416666666666666 0.6388888888888888 0.7458333333333333 0.6351851851851852 0.7458333333333333 0.6333333333333334 0.75 0.6240740740740741 0.7510416666666666 0.6240740740740741 0.75625 0.6222222222222222 0.7572916666666666 0.6203703703703703 0.765625 0.6092592592592593 0.7666666666666666 0.6092592592592593 0.7802083333333334 0.6 0.78125 0.6 0.8041666666666666 0.6018518518518519 0.8052083333333334 0.6037037037037037 0.81875 0.6111111111111112 0.8197916666666666 0.612962962962963 0.8291666666666666 0.6222222222222222 0.8302083333333333 0.6222222222222222 0.8322916666666667 0.6203703703703703 0.8333333333333334 0.6185185185185185 0.8395833333333333 0.5925925925925926 0.8395833333333333 0.5907407407407407 0.8395833333333333 0.5629629629629629 0.8385416666666666 0.5611111111111111 0.8364583333333334 0.5351851851851852 0.8354166666666666 0.5333333333333333 0.8322916666666667 0.5148148148148148 0.83125 0.512962962962963 0.821875 0.4962962962962963 0.8208333333333334 0.4981481481481481 0.8104166666666667 0.5148148148148148 0.809375 0.5148148148148148 0.8072916666666666 0.5166666666666666 0.80625 0.5148148148148148 0.8020833333333334 0.5092592592592593 0.8020833333333334 0.5074074074074074 0.7989583333333333 0.4944444444444444 0.7989583333333333 0.49259259259259264 0.7989583333333333 0.48703703703703705 0.7979166666666666 0.48518518518518516 0.796875 0.48333333333333334 0.7958333333333334 0.48333333333333334 0.7927083333333333 0.4777777777777778 0.7916666666666666 0.4777777777777778 0.7802083333333334 0.46851851851851856 0.7791666666666667 0.4666666666666667 0.771875 0.4555555555555556 0.7708333333333334 0.4555555555555556 0.7645833333333334 0.4555555555555556 0.7510416666666666 0.4611111111111111 0.75 0.46296296296296297 0.7427083333333334 0.4740740740740741
3 0.5333333333333333 0.03888888888888889 0.5322916666666666 0.03888888888888889 0.5281250000000001 0.03888888888888889 0.5281250000000001 0.040740740740740744 0.53125 0.05185185185185185 0.5322916666666666 0.05185185185185185 0.5416666666666666 0.06111111111111111 0.5427083333333333 0.06111111111111111 0.553125 0.05925925925925926 0.553125 0.05740740740740741 0.5593750000000001 0.040740740740740744 0.5593750000000001 0.03888888888888889 0.5625 0.009259259259259259 0.5614583333333334 0.007407407407407408 0.5510416666666667 0.005555555555555556 0.5427083333333333 0.016666666666666666 0.5427083333333333 0.018518518518518517 0.5333333333333333 0.03888888888888889
3 0.5979166666666667 0.011111111111111112 0.5989583333333334 0.012962962962962963 0.6135416666666667 0.025925925925925925 0.6145833333333334 0.025925925925925925 0.621875 0.027777777777777776 0.6229166666666667 0.025925925925925925 0.6260416666666666 0.011111111111111112 0.6260416666666666 0.009259259259259259 0.625 0.005555555555555556 0.6239583333333334 0.005555555555555556 0.6104166666666666 0.003703703703703704 0.5989583333333334 0.005555555555555556 0.5979166666666667 0.007407407407407408 0.5979166666666667 0.011111111111111112
3 0.12812500000000002 0.027777777777777776 0.12812500000000002 0.02962962962962963 0.12708333333333333 0.04814814814814815 0.12812500000000002 0.05 0.13125 0.06296296296296296 0.13229166666666667 0.06481481481481481 0.14895833333333333 0.08703703703703704 0.15 0.08703703703703704 0.16041666666666665 0.08703703703703704 0.16145833333333334 0.08518518518518518 0.16875 0.08148148148148149 0.16875 0.07962962962962962 0.17291666666666666 0.06481481481481481 0.17291666666666666 0.06296296296296296 0.17395833333333335 0.05185185185185185 0.17395833333333335 0.05 0.17291666666666666 0.037037037037037035 0.171875 0.03518518518518518 0.16979166666666665 0.027777777777777776 0.16875 0.025925925925925925 0.15625 0.012962962962962963 0.15520833333333334 0.012962962962962963 0.13958333333333334 0.011111111111111112 0.13229166666666667 0.016666666666666666 0.13125 0.018518518518518517 0.12812500000000002 0.027777777777777776
3 0.15833333333333335 0.1037037037037037 0.15833333333333335 0.10555555555555556 0.15833333333333335 0.11481481481481481 0.159375 0.11666666666666667 0.16041666666666665 0.11851851851851852 0.16041666666666665 0.12037037037037036 0.15833333333333335 0.1277777777777778 0.159375 0.12962962962962962 0.159375 0.13148148148148148 0.16041666666666665 0.13148148148148148 0.16458333333333333 0.13518518518518519 0.165625 0.13518518518518519 0.16979166666666665 0.13518518518518519 0.16979166666666665 0.13333333333333333 0.171875 0.10925925925925926 0.17083333333333334 0.10740740740740741 0.16979166666666665 0.10185185185185185 0.16875 0.1 0.1625 0.08888888888888889 0.16145833333333334 0.08888888888888889 0.15416666666666665 0.08888888888888889 0.153125 0.09259259259259259 0.15416666666666665 0.09444444444444444 0.15833333333333335 0.1037037037037037
3 0.184375 0.11851851851851852 0.184375 0.12037037037037036 0.18333333333333335 0.14074074074074072 0.184375 0.14074074074074072 0.19270833333333334 0.1462962962962963 0.19375 0.1462962962962963 0.19895833333333335 0.1462962962962963 0.2 0.14444444444444443 0.209375 0.1388888888888889 0.209375 0.13703703703703704 0.20833333333333334 0.1277777777777778 0.20729166666666665 0.1259259259259259 0.20416666666666666 0.11851851851851852 0.203125 0.11851851851851852 0.19791666666666666 0.11296296296296296 0.196875 0.11296296296296296 0.190625 0.1111111111111111 0.18645833333333334 0.11296296296296296 0.18541666666666665 0.11481481481481481 0.184375 0.11851851851851852
1 0.5504166666666667 0.17907407407407408 0.5413541666666667 0.17203703703703702 0.5320833333333334 0.20925925925925928 0.5147916666666666 0.16462962962962965 0.5108333333333334 0.1690740740740741 0.5282291666666666 0.2225925925925926 0.5302083333333334 0.235 0.5242708333333334 0.27574074074074073 0.525 0.2759259259259259 0.5352083333333334 0.27611111111111114 0.5504166666666667 0.17907407407407408
0 0.6790625 0.011851851851851851 0.6549999999999999 0.02888888888888889 0.6752083333333333 0.09148148148148148 0.6763541666666667 0.18259259259259258 0.6841666666666667 0.30425925925925923 0.6986458333333333 0.2992592592592593 0.691875 0.13296296296296295 0.7302083333333333 0.2225925925925926 0.7484375 0.18814814814814815 0.6790625 0.011851851851851851