2 0.13247666203703704 0.5234378981481481 0.299112537037037 0.4423289976851852 0.2960479398148148 0.413350224537037 0.2787235115740741 0.41597637731481485 0.006433449074074075 0.5458235231481482 0.006140631944444445 0.5860461412037037 0.006049747685185185 0.5886487199074074 0.13247666203703704 0.5234378981481481
2 1 0.21885887037037038 0.7658697199074075 0.2674704027777778 0.5519333171296297 0.3181600069444444 0.43269349305555554 0.3526654513888889 0.4021952152777778 0.37171684953703704 0.38934788425925926 0.3894042592592593 0.37243292824074076 0.4015296550925926 0.3382556782407407 0.4091957222222222 0.3253075509259259 0.41385084259259264 0.32692230787037035 0.4153664513888889 0.3777630115740741 0.41338956250000003 0.5696840671296296 0.3457754884259259 0.8181678657407407 0.28743274074074077 1 0.2490214699074074 1 0.21885887037037038
2 0.1797909699074074 0.5831776180555556 0.0487862662037037 0.5720050648148148 0.027223381944444444 0.585104261574074 0.14763755092592593 0.5965636342592592 0.2869096666666667 0.6060549444444445 0.40480797453703704 0.6227005092592592 0.5298535439814814 0.636312412037037 0.6035684328703703 0.6415236157407407 0.6713197939814814 0.6498306643518519 0.6794036226851852 0.6534066296296296 0.6659594050925925 0.635124212962963 0.5034410740740741 0.6195470833333333 0.4064799722222222 0.6082500578703703 0.4053601851851852 0.6068872314814814 0.32603152314814815 0.5942255717592593 0.2966658587962963 0.595170048611111 0.2756548240740741 0.5924663773148148 0.1797909699074074 0.5831776180555556
2 0.21056964351851853 0.9678611180555555 0.15722728703703706 0.985760400462963 0.19472946064814814 0.9874139652777778 0.3570010578703704 0.9559329837962963 0.365672625 0.9501070694444445 0.37665663657407406 0.9481037685185185 0.3969185949074074 0.9229101365740741 0.30167591898148144 0.9441199675925925 0.21056964351851853 0.9678611180555555
2 0.0004968634259259259 0.7221925300925925 0.07527945601851851 0.7201761759259259 0.16040481712962965 0.716478087962963 0.1939081064814815 0.7159074050925925 0.2769569560185185 0.7133041828703703 0.292745712962963 0.7037139444444444 0.24626032407407408 0.7067288796296296 0.1793046412037037 0.7064128009259258 0.14833350694444444 0.7082288634259258 0.12754115277777778 0.7135898194444444 0.12771274305555555 0.7086761481481482 0.08600427083333333 0.7080847662037038 0.0009011157407407407 0.7106162523148148 0.0004968634259259259 0.7221925300925925
3 0.7413113032407408 0.06336398842592593 0.7412749490740741 0.06440502083333334 0.7374644421296296 0.06739886111111111 0.737428087962963 0.06843989351851852 0.7352138263888889 0.07878558564814815 0.7370281967592592 0.07989124537037037 0.7461727546296296 0.08333748611111111 0.7480234791666667 0.08340211342592593 0.753575650462963 0.083596 0.7554627268518518 0.08261959722222222 0.7684905023148147 0.08098993287037037 0.7703775787037037 0.0800135300925926 0.7836961805555556 0.07005561111111111 0.7837325347222222 0.0690145787037037 0.7895391828703703 0.06192123842592592 0.7895755347222222 0.06088020833333333 0.7897936574074074 0.054634013888888895 0.7807945138888889 0.047023645833333336 0.7789437893518518 0.04695901851851852 0.773464326388889 0.044683067129629626 0.7716136018518519 0.044618437500000004 0.7623599837962963 0.044295293981481486 0.7623236296296296 0.04533632638888889 0.7563352152777777 0.057634826388888886 0.754448138888889 0.05861122916666667 0.7413113032407408 0.06336398842592593
3 0.8143024791666666 0.4140416342592592 0.8179312199074075 0.4162529560185185 0.8272575462962963 0.4144940347222222 0.8273302523148148 0.4124119722222222 0.8369110555555556 0.4033658263888889 0.8589379722222221 0.40934653009259264 0.8587925578703703 0.41351065972222223 0.8569054791666667 0.4144870625 0.8568327731481481 0.4165691273148148 0.8586471412037037 0.41767478703703703 0.8641629606481481 0.41890970601851857 0.8716385625 0.4170861574074074 0.8771907337962963 0.4172800416666667 0.8866988287037038 0.4103159606481481 0.8812920717592592 0.4059579467592592 0.8757762523148149 0.4047230277777778 0.8721475138888889 0.4025117060185185 0.8648173263888889 0.40017112731481486 0.860970462962963 0.404206 0.8591997175925926 0.401851099537037 0.8500333472222222 0.39902947916666665 0.8388344861111112 0.40134839120370375 0.8409760393518518 0.39308476157407407 0.8335731435185184 0.3928262476851852 0.8203272476851852 0.4007021041666667 0.8182947569444444 0.40584263425925926 0.8144842476851851 0.40883647453703703 0.8143024791666666 0.4140416342592592
3 0.15109563425925926 0.30332860648148147 0.15298271064814817 0.3023522037037037 0.15305541898148148 0.30027013888888887 0.15124104861111112 0.2991644768518519 0.14039118055555555 0.29148948148148146 0.13854045833333334 0.29142485185185185 0.13121027083333334 0.28908427314814816 0.1293595462962963 0.28901964351851855 0.10533649074074074 0.28713843981481485 0.10344941435185186 0.28811484259259257 0.0940867337962963 0.2909147962962963 0.09227236342592592 0.28980913425925925 0.06077370601851852 0.28975147916666666 0.05895933564814815 0.2886458171296296 0.03308555787037037 0.2866999837962963 0.031198479166666668 0.2876763888888889 0.018207060185185184 0.28826501851851855 0.016319983796296296 0.28924142129629626 0.013048155092592592 0.38293431250000004 0.014862525462962963 0.38403997222222225 0.04432868981481481 0.3892381597222222 0.046179414351851855 0.38930278935185186 0.07952879629629629 0.38942507407407406 0.08141587268518519 0.3884486712962963 0.09625801620370371 0.3879246689814815 0.09814509490740742 0.3869482638888889 0.14118433796296295 0.3749013078703704 0.14307141435185186 0.3739249027777778 0.1543938796296296 0.36806648379629625 0.15443023379629628 0.36702545138888887 0.1678215439814815 0.3549854675925926 0.16785789583333333 0.3539444351851852 0.17410078703703705 0.33435871064814815 0.1741371412037037 0.3333176782407407 0.17457338425925925 0.3208252939814815 0.16927568981481483 0.31334418287037036 0.16746131944444442 0.31223852083333337 0.16379622453703704 0.31106823148148144 0.1619455 0.31100360416666667 0.13596266203703702 0.3121808657407407 0.13414829166666667 0.3110752060185185 0.1323339212962963 0.3099695439814815 0.1342209976851852 0.3089931412037037 0.15109563425925926 0.30332860648148147
3 0.3056145462962963 0.28266698611111113 0.30568725462962965 0.2805849212962963 0.30213121990740743 0.27629153472222223 0.2947283263888889 0.2760330208333333 0.2890670949074074 0.27896223148148147 0.2888853263888889 0.2841673912037037 0.28699824768518517 0.2851437939814815 0.2868891875 0.2882668912037037 0.2887035578703704 0.28937255092592595 0.28852178935185185 0.294577712962963 0.2903361597222222 0.2956833726851852 0.2899726226851852 0.3060936944444444 0.29178699305555555 0.30719935416666666 0.291605224537037 0.31240451620370374 0.29341959490740743 0.31351017592592595 0.29331053472222224 0.31663327314814815 0.2951249050925926 0.31773893287037036 0.29643032407407405 0.3334190439814815 0.2982446921296297 0.33452470601851847 0.2981356319444444 0.33764780092592594 0.29995000231481483 0.338753462962963 0.2998409421296296 0.34187655787037036 0.30165531250000005 0.3429822199074074 0.30147354398148146 0.3481873796296296 0.3032879143518518 0.3492930416666667 0.3047023935185185 0.36185005555555555 0.3065167638888889 0.36295571527777776 0.30640770370370374 0.3660788125 0.3099637361111111 0.37037219675925925 0.3098183217592592 0.37453632638888884 0.31163269212962963 0.3756419861111111 0.3115236296296296 0.37876508333333336 0.313338 0.37987074305555557 0.31301081712962964 0.3892400324074074 0.3148251875 0.3903456944444445 0.31471612731481485 0.39346878935185187 0.2942854583333333 0.3948399398148148 0.29247108796296295 0.3937342777777778 0.29261650231481484 0.389570150462963 0.29080213194444443 0.3884644884259259 0.2909475462962963 0.3843003611111111 0.2891331759259259 0.38319469907407405 0.28931494444444444 0.37798953935185187 0.2875005740740741 0.3768838773148148 0.28764599074074076 0.37271974999999996 0.28583162037037035 0.37161408796296297 0.2860133888888889 0.3664089282407407 0.28419901851851853 0.3653032685185185 0.28434443287037037 0.36113913888888893 0.2825300625 0.3600334791666666 0.28267547685185185 0.355869349537037 0.2808611064814815 0.3547636898148148 0.281042875 0.3495585277777778 0.27922850462962967 0.3484528680555556 0.27930121296296295 0.3463708032407407 0.27574517824074074 0.3420774166666667 0.2758542407407407 0.33895432175925927 0.27403987037037036 0.3378486597222223 0.27414893055555556 0.3347255648148148 0.27233456018518515 0.33361990277777775 0.27247997453703704 0.32945577546296295 0.2706656041666667 0.32835011342592596 0.27077466666666666 0.32522701851851854 0.2689602962962963 0.32412135648148144 0.26740040046296293 0.3157284722222222 0.2655860300925926 0.3146228101851852 0.2656950925925926 0.31149971296296297 0.2638807222222222 0.3103940532407407 0.2622481203703704 0.3040832314814815 0.26043375 0.30297757175925927 0.25303085416666665 0.30271905555555556 0.24925669907407408 0.30467186342592595 0.2380432962962963 0.3074071875 0.22490646296296296 0.31215994675925923 0.20639922453703705 0.3115136597222222 0.20451214814814817 0.3124900625 0.1897063564814815 0.3119730347222222 0.1878192800925926 0.3129494375 0.18582314120370372 0.31704893749999996 0.1839360648148148 0.31802534027777773 0.1838633564814815 0.32010740509259256 0.1819762800925926 0.32108380787037033 0.18190357175925925 0.32316587268518515 0.18001649537037037 0.3241422754629629 0.17994378703703703 0.32622434027777775 0.17805671064814815 0.3272007430555555 0.17798400231481482 0.32928280787037034 0.1760969259259259 0.3302592106481481 0.17566068287037037 0.3427515972222222 0.17377360416666665 0.34372800000000003 0.1734464212962963 0.35309728935185186 0.17700245370370368 0.35739067361111115 0.17685703935185185 0.36155480324074074 0.1928591875 0.38087503935185185 0.22196181712962965 0.39648354861111107 0.22566326388888888 0.39661280555555556 0.23114272916666664 0.39888875462962964 0.23484417592592594 0.39901801388888886 0.2403236412037037 0.401293962962963 0.24402508796296296 0.40142321990740737 0.25868546296296296 0.40610437962962964 0.2660883587962963 0.4063628935185185 0.2679027291666667 0.4074685532407407 0.2771563472222222 0.40779169675925925 0.27897071759259257 0.40889735879629635 0.2863736111111111 0.40915587268518516 0.2881879814814815 0.4102615347222222 0.29188943055555555 0.4103907916666667 0.29573629166666665 0.40635592129629633 0.2959180601851852 0.40115075925925925 0.3026249884259259 0.40261120833333336 0.3095136875 0.3988664953703704 0.3163487291666667 0.3997796111111111 0.31816309953703703 0.40088527314814815 0.31805403703703705 0.4040083680555555 0.32161007175925926 0.40830175462962964 0.3290129652777778 0.40856026851851857 0.33090004398148143 0.40758386574074074 0.33645221527777774 0.4077777523148148 0.35514121990740743 0.4032188773148148 0.3608024513888889 0.4002896689814815 0.3626531759259259 0.4003542962962963 0.36831440740740745 0.39742508564814816 0.37016513194444445 0.39748971527777777 0.3814875972222222 0.3916312939814815 0.38152394907407405 0.39059026157407406 0.38907225925925926 0.3866846481481481 0.39103204398148145 0.38362618055555553 0.396693275462963 0.38069697222222226 0.39868941435185185 0.37659747222222223 0.40827021759259263 0.3675513263888889 0.4085246921296296 0.36026410185185187 0.4104117685185185 0.35928769675925926 0.39217805787037036 0.3539299490740741 0.39906675694444443 0.3501852384259259 0.4107389513888889 0.3499184097222222 0.4126260300925926 0.3489420046296296 0.40595545370370373 0.34644052546296294 0.41284415046296297 0.3426958125 0.4110297824074074 0.34159015277777777 0.4111388425925926 0.33846705555555556 0.40932447222222224 0.33736139351851857 0.4094335324074074 0.3342382986111111 0.407619162037037 0.33313263657407405 0.40602291435185184 0.3257807847222222 0.4042085439814815 0.32467512268518517 0.40428125231481477 0.32259305787037035 0.3989472013888889 0.3161529791666667 0.39531846296296297 0.3139416597222222 0.38820639583333333 0.30535488657407406 0.3682483240740741 0.2931926180555556 0.3572530439814815 0.28968175 0.3553659652777778 0.2906581527777778 0.3498137939814815 0.2904642662037037 0.34603964120370373 0.2924170740740741 0.3404511157407408 0.2932642199074074 0.3329391597222222 0.2961288009259259 0.3273869884259259 0.2959349143518519 0.3236491875 0.2968466898148148 0.3091342268518518 0.2880014027777778 0.3092069328703704 0.28591934027777777 0.3056145462962963 0.28266698611111113
3 0.19412437268518518 0.19510527083333334 0.17972267592592595 0.22160743981481482 0.1743255324074074 0.22179798611111112 0.16525368287037037 0.21626968055555554 0.13386408564814814 0.21308892824074074 0.1265702523148148 0.20970731712962962 0.12845732870370372 0.20873091435185187 0.1340095 0.20892480092592594 0.1358965787037037 0.20794839814814814 0.14144875 0.20814228240740743 0.1433358263888889 0.20716587962962962 0.14888799768518518 0.2073597662037037 0.1507750740740741 0.20638336342592592 0.16191577083333333 0.20573010185185187 0.15850515277777777 0.19727258796296296 0.14399019212962963 0.1884273009259259 0.13284949537037039 0.18908056250000002 0.11027727546296297 0.19871533796296298 0.10828113657407407 0.20281483796296296 0.11183716898148148 0.20710822453703703 0.10232907407407407 0.21407230555555556 0.10218365972222222 0.21823643287037037 0.10573969212962962 0.22252981944444444 0.10563063194444444 0.22565291666666668 0.10744500231481481 0.22675857638888888 0.10733594212962963 0.2298816736111111 0.1091503125 0.23098733333333335 0.1107465601851852 0.23833918750000002 0.09227567592592593 0.23665186805555558 0.088537875 0.23756364351851852 0.09038859953703703 0.23762827083333332 0.1593644074074074 0.2681791041666667 0.16151256944444445 0.2703387222222222 0.16336329398148147 0.2704033518518519 0.16506860185185185 0.2746321087962963 0.18499031944444444 0.2878354097222222 0.19242956944444445 0.2870528912037037 0.19431664583333333 0.2860764884259259 0.20164683333333333 0.2884170671296296 0.20353391203703702 0.28744066435185184 0.20495353703703703 0.2821629189814815 0.20365653703703704 0.2811362800925926 0.2063731550925926 0.2768851736111111 0.20374281481481482 0.27587292592592594 0.20779278009259258 0.27160742824074074 0.2038290902777778 0.27060957175925926 0.20391536574074073 0.2653462175925926 0.20921240509259262 0.2663296851851852 0.21063202546296297 0.26105193981481484 0.2040016412037037 0.26008286574074074 0.20408791666666667 0.2548195138888889 0.21205165046296295 0.25577419444444444 0.21347127546296296 0.2504964490740741 0.21054022685185186 0.2459932662037037 0.21489089583333332 0.2452187037037037 0.21631052083333333 0.23994095833333334 0.2214727175925926 0.2380366226851852 0.22674397685185188 0.23300919212962962 0.23322150925925927 0.23323539351851852 0.23503587962962963 0.23434105324074075 0.2702420439814815 0.23435446064814816 0.27005421759259257 0.23973312731481483 0.271868587962963 0.24083878703703704 0.27179587962962964 0.24292085185185183 0.2791260671296296 0.24526143055555558 0.286528962962963 0.24551994675925926 0.28834333333333334 0.24662560648148146 0.2920447800925926 0.24675486342592592 0.2958189351851852 0.24480205787037038 0.2976696597222222 0.2448666851851852 0.29810590277777776 0.23237430092592593 0.28975451157407406 0.22895575925925926 0.2965096550925926 0.22502244675925928 0.29295362037037037 0.2207290601851852 0.29346257175925927 0.2061546111111111 0.2916482013888889 0.2050489513888889 0.2917209097222222 0.20296688657407408 0.2880558148148148 0.20179659722222223 0.2806529212962963 0.20153808333333334 0.2731409652777778 0.20440266435185186 0.2730682569444444 0.20648472916666666 0.27118118055555557 0.20746113194444446 0.270805525462963 0.21821846296296296 0.2647003425925926 0.21870013425925927 0.24799756018518518 0.21186304861111113 0.23583565972222223 0.2114383472222222 0.2358720138888889 0.2103973148148148 0.2396461689814815 0.20844450694444447 0.24033688888888888 0.18866489814814816 0.23852251851851852 0.1875592361111111 0.2386315787037037 0.1844361412037037 0.22966878935185184 0.17578474074074074 0.214863 0.17526771064814814 0.20564573379629628 0.17390353472222222 0.20016627083333333 0.17162758564814815 0.17051833564814814 0.17163455787037038 0.16293367361111114 0.1765812037037037 0.16278825925925927 0.1807453310185185 0.17915394444444444 0.18965524768518519 0.1828553912037037 0.18978450462962965 0.19385067361111114 0.19329537268518518 0.19412437268518518 0.19510527083333334
3 0.03327063657407408 0.22833755787037036 0.024017018518518517 0.22801441435185185 0.018392141203703704 0.2299025925925926 0.01617787962962963 0.24024828472222223 0.01980662037037037 0.24245960648148146 0.019406731481481483 0.2539109583333333 0.015559868055555556 0.25794583101851853 0.024704425925925925 0.26139206944444443 0.02840587268518519 0.2615213287037037 0.0357360625 0.2638619074074074 0.05398882407407407 0.27179541898148146 0.05954099537037037 0.27198930555555556 0.061355365740740735 0.27309496527777777 0.06509316666666666 0.2721831898148148 0.07307771990740741 0.25578519212962963 0.0799242962962963 0.2542871111111111 0.09376286342592594 0.24712681712962964 0.09579535416666667 0.24198628703703703 0.10068214814814815 0.2435466712962963 0.10319824999999999 0.24224480092592593 0.10501262037037036 0.24335046296296295 0.1143025925925926 0.24263257407407407 0.10760142824074075 0.23996652546296296 0.11452071527777778 0.23638637962962963 0.10918666435185186 0.22994630092592594 0.10925937268518518 0.22786423842592593 0.10392532407407408 0.2214241597222222 0.10399803009259259 0.21934209490740741 0.09859127314814815 0.21498408101851854 0.09329357870370371 0.2075029699074074 0.09147920833333334 0.20639730787037036 0.08592703703703704 0.2062034212962963 0.07464092592592593 0.21102081018518518 0.06716532407407406 0.2128443611111111 0.06150409027777778 0.21577356944444442 0.05965336805555555 0.21570894212962963 0.05776628935185185 0.2166853449074074 0.05958065972222223 0.21779100694444442 0.05950795370370371 0.21987306944444446 0.03327063657407408 0.22833755787037036
3 0 0.9646506990740741 0.05340046296296296 0.978455363425926 0.0552511875 0.9785199907407408 0.06827896064814815 0.9768903287037036 0.07016603703703704 0.9759139259259259 0.08910951851851852 0.9640678263888889 0.08914587268518519 0.9630267939814815 0.10264624305555554 0.947863712962963 0.10268259722222223 0.9468226805555555 0.10870736574074075 0.9334831504629629 0.1087437199074074 0.9324421180555555 0.10936173148148148 0.9147445717592592 0.10250414120370371 0.8988705763888889 0.10068977083333334 0.8977649143518519 0.08994896527777778 0.8869668217592592 0.08809824074074074 0.8869021921296296 0.08084075925925926 0.8824795486111111 0.07899003703703704 0.8824149212962963 0.05888655092592593 0.8744167800925925 0.057035826388888884 0.8743521527777778 0.018170627314814815 0.8729949490740742 0.016356256944444442 0.871889289351852 0.014614594907407408 0.8687015625 0.012727518518518518 0.8696779675925925 0.004997439814814815 0.8787887407407408 0.003110363425925926 0.8797651435185185 0 0.8810362175925925 0 0.9646506990740741
3 0.12565470833333334 0.9257365509259259 0.12746907870370372 0.9268422129629629 0.12928344907407407 0.9279478726851852 0.13113417129629631 0.9280125023148149 0.1421294537037037 0.9315233703703704 0.14398017824074075 0.931588 0.15138307175925925 0.931846513888889 0.15327015046296297 0.9308701111111112 0.15515722685185185 0.9298937060185186 0.15519358101851852 0.928852675925926 0.15907679629629629 0.9237767708333334 0.15911315046296295 0.9227357407407408 0.15944033333333335 0.9133664513888888 0.15417899074074073 0.9048443078703704 0.15236462037037038 0.9037386458333333 0.14695786342592593 0.8993806319444445 0.1451071412037037 0.8993160046296296 0.1359989375 0.8948287314814815 0.13414821296296295 0.8947641041666666 0.12485824074074074 0.8954819907407408 0.12482188657407407 0.8965230231481482 0.12565470833333334 0.9257365509259259
1 0.5913524074074074 0.3407995046296296 0.6806352916666667 0.3151498078703704 0.6543672453703704 0.29265686574074073 0.5520929398148149 0.31889519212962963 0.48168810185185185 0.3345726504629629 0.4414755069444445 0.35057483333333334 0.4690350949074074 0.3785328449074074 0.46959394675925925 0.3784481319444445 0.5593451296296297 0.35000057175925925 0.5732001111111111 0.3512140115740741 0.5852949212962963 0.3550759652777778 0.6689704328703704 0.39979427314814814 0.6797707291666667 0.3876638101851852 0.6184734398148147 0.3600911018518519 0.5912397106481482 0.34402670601851854 0.5913524074074074 0.3407995046296296
1 1 0.21855700925925928 0.9814823495370371 0.22184237962962963 0.950437449074074 0.21940327546296295 0.9277082523148148 0.18577705324074073 0.8426361064814815 0.13329694212962964 0.8316761851851852 0.14469222222222222 0.9029809305555555 0.18814469212962964 0.913431238425926 0.20195531481481482 0.9197365856481482 0.22833727314814814 0.8550144583333333 0.24577662731481484 0.8733095208333334 0.27372380555555553 1 0.24946961805555556 1 0.21855700925925928
0 0.578189800925926 0.29322782407407405 0.5801317407407408 0.28537414583333337 0.5743115462962963 0.2769367175925926 0.4052651180555556 0.2572751064814815 0.40246986342592594 0.2736458587962963 0.5439405069444445 0.2923445023148148 0.5452865763888889 0.29624802546296297 0.4930538587962963 0.3327807175925926 0.41699076157407405 0.3619147337962963 0.41848191435185184 0.36696985416666666 0.44573348842592597 0.38782946064814816 0.5511907083333333 0.35534424305555556 0.5801826273148148 0.3422855902777778 0.6495279282407408 0.325111912037037 0.6375616805555556 0.2963434375 0.5536280509259259 0.3173853472222222 0.578189800925926 0.29322782407407405