2 0.15320837962962963 0.3991312430555556 0.021449965277777778 0.4026472962962963 0.010839712962962964 0.4356414699074074 0.007443377314814815 0.4373689143518519 0.4343724814814815 0.4115047708333333 0.7754303055555555 0.4101986388888889 0.7716499282407407 0.3825586550925926 0.565065650462963 0.3880609398148148 0.45503791435185187 0.3882089537037037 0.3846439884259259 0.3782514722222223 0.20989284027777777 0.3952058263888889 0.15320837962962963 0.3991312430555556
2 0.6604335462962964 0.5379349791666667 0.5016813680555555 0.4814014861111111 0.5013624421296297 0.4909181412037037 0.4995805925925926 0.4912848541666667 0.6751648680555555 0.5523545625 0.6971810856481482 0.5627849212962963 0.7079115694444444 0.5648527685185185 0.8004516944444445 0.5944267037037037 0.7999968518518519 0.586768962962963 0.7075492569444444 0.5549783263888889 0.6851451828703703 0.5490447615740741 0.6604335462962964 0.5379349791666667
3 1 0.0993677361111111 0.9363842847222222 0.08584579861111112 0.9343563263888889 0.08647968055555556 0.9068311967592593 0.09127841435185184 0.9066146226851851 0.09229731944444444 0.8985027847222222 0.09483284722222222 0.8982862106481482 0.09585175 0.8783019814814814 0.10970791898148148 0.8780854074074074 0.11072682407407407 0.8729466157407407 0.11708910648148148 0.8727300393518519 0.11810800925925927 0.8673944606481482 0.1521168564814815 0.8689892708333333 0.1535207800925926 0.8703675046296296 0.1559436087962963 0.8721788888888888 0.15632863194444443 0.9079734282407408 0.16606687268518516 0.9095682384259258 0.1674707986111111 0.9261660601851852 0.17845334027777776 0.9277608703703704 0.1798572662037037 0.9429214560185185 0.20650838657407408 0.9447328402777778 0.2068934074074074 0.9537897638888888 0.2088185162037037 0.9558177222222222 0.20818463425925926 0.9707419467592593 0.20922700000000002 0.9727699050925926 0.20859311805555555 1 0.20177124305555555 1 0.0993677361111111
3 0.7951948703703704 0.09097802083333333 0.7949782962962963 0.09199692361111111 0.7740489814814815 0.10139245601851853 0.7738324074074073 0.10241135879629629 0.762176587962963 0.11271309722222222 0.7619600138888889 0.113732 0.7485715972222222 0.1321849675925926 0.7483550231481482 0.13320387037037038 0.7453229768518519 0.14746852314814815 0.746917787037037 0.14887244907407407 0.7497530439814815 0.16225435879629632 0.7513478541666666 0.1636582847222222 0.7588887546296297 0.1727157175925926 0.7607001388888889 0.17310074074074075 0.7679456759259259 0.1746408263888889 0.76816225 0.17362192361111112 0.7804677939814815 0.16026347453703704 0.7824957523148148 0.1596295925925926 0.7845237106481482 0.15899571064814816 0.7861185208333333 0.16039963657407408 0.7811373032407408 0.18383442129629632 0.7829486875 0.18421944444444446 0.7999008726851853 0.18462792824074073 0.8019288310185184 0.1839940462962963 0.820613613425926 0.17625129861111113 0.8224249976851852 0.17663632175925925 0.8377823703703704 0.17564087962962963 0.8395937569444444 0.17602590046296296 0.850245488425926 0.17935493518518517 0.8518402986111111 0.1807588587962963 0.8668433101851852 0.19033747685185187 0.8686546944444444 0.19072249768518518 0.8765499560185185 0.189205875 0.8767665300925926 0.18818696990740744 0.8835001319444444 0.18322861342592592 0.8819053217592592 0.1818246875 0.8739312731481482 0.17480506018518518 0.8721198888888888 0.17442003935185185 0.8481387407407408 0.17145256481481483 0.8463273564814815 0.17106754398148147 0.8012593217592593 0.16042309722222223 0.799231361111111 0.16105697916666667 0.7879299050925925 0.1607846574074074 0.7863350949074074 0.15938073148148146 0.7851734351851852 0.155939 0.7872013935185186 0.15530511805555558 0.7894459282407408 0.15365233101851852 0.7912573125 0.15403735416666667 0.8075597731481481 0.1575025486111111 0.8095877314814814 0.15686866666666666 0.8466817199074074 0.1604934837962963 0.8487096782407407 0.15985960185185186 0.8500091273148148 0.15374617824074074 0.8520370856481482 0.1531122962962963 0.8613105833333333 0.15401850231481481 0.8633385416666667 0.15338462037037037 0.8653664999999999 0.15275073842592593 0.8655830763888889 0.15173183333333334 0.8656420763888889 0.13364042592592593 0.865858650462963 0.13262152314814815 0.8713518055555555 0.11568518055555554 0.8733797638888888 0.1150512986111111 0.8859018819444444 0.10067394675925927 0.8879298402777778 0.10004006481481482 0.9070477708333333 0.09025951157407407 0.9072643449074074 0.08924060648148148 0.9074809212962963 0.0882217037037037 0.9006685324074074 0.08464381018518517 0.8988571481481481 0.08425878703703704 0.875309150462963 0.07925350694444445 0.8732811898148148 0.0798873888888889 0.8312649861111111 0.08160594907407408 0.8292370277777777 0.08223983101851852 0.8096071597222222 0.08552194212962963 0.8093905856481481 0.0865408449074074 0.7951948703703704 0.09097802083333333
3 0.6999401527777778 0.20065345370370372 0.7001567268518519 0.1996345509259259 0.7046457939814815 0.19632897916666667 0.7062406041666667 0.1977329050925926 0.7067525393518518 0.20423134953703703 0.708347349537037 0.20563527314814817 0.7117535439814815 0.20742422222222223 0.7135649282407407 0.20780924305555556 0.7205938912037037 0.2103682337962963 0.7226218518518519 0.20973435185185185 0.7266777685185185 0.20846658796296294 0.7250829583333334 0.20706266203703705 0.7225430648148148 0.20119809953703705 0.7209482546296295 0.1997941736111111 0.7054333055555555 0.18371711342592592 0.7056498796296297 0.1826982083333333 0.7055710925925927 0.17416195833333334 0.7075990532407408 0.17352807407407408 0.7105720972222223 0.1773548287037037 0.7123834814814815 0.17773985185185184 0.7289813032407407 0.18872239351851852 0.7305761134259259 0.19012631944444444 0.7351439675925926 0.19535699999999998 0.7369553518518518 0.19574202083333334 0.7473905092592593 0.20008995833333335 0.7476070833333333 0.19907105555555554 0.7518795763888889 0.1967843865740741 0.7520961527777777 0.1957654837962963 0.753395599537037 0.18965206018518518 0.7515842152777777 0.18926703935185185 0.7481780208333333 0.1874780925925926 0.7502059814814814 0.18684421064814816 0.7576680925925926 0.18736539351851852 0.7578846666666667 0.18634648842592594 0.7623737361111111 0.1830409166666667 0.7625903101851852 0.1820220138888889 0.7634566087962964 0.17794639814814814 0.7618617986111111 0.17654247222222222 0.7602669884259259 0.1751385486111111 0.7584556041666667 0.17475352546296297 0.7500484074074074 0.16977170601851851 0.7482370208333333 0.16938668518518518 0.709981375 0.16232013425925926 0.7079534143518518 0.1629540162037037 0.6853505023148148 0.16240937037037037 0.6833225439814815 0.1630432523148148 0.6553642662037037 0.1698797962962963 0.6551476898148147 0.17089869907407407 0.6427633611111111 0.17572089583333333 0.642546787037037 0.1767397986111111 0.6288630092592592 0.1876754189814815 0.6286464351851853 0.18869432175925926 0.6221491944444445 0.21926143518518518 0.6237440046296295 0.22066535879629628 0.6315802638888889 0.2372401412037037 0.633175074074074 0.23864406712962966 0.6550692615740741 0.2603368310185185 0.6568806458333334 0.26072185185185187 0.6829685393518519 0.27159169675925926 0.6847799236111111 0.2719767175925926 0.6992710000000001 0.2750568912037037 0.7012989583333332 0.2744230092592593 0.7312851967592593 0.2669525833333333 0.7330965810185185 0.26733760648148147 0.7428032268518518 0.2662060023148148 0.7446146111111112 0.2665910254629629 0.7629450300925926 0.26942233796296294 0.7649729907407407 0.26878845601851853 0.7683003981481482 0.262041150462963 0.7649532037037038 0.24216079629629628 0.7633583935185185 0.24075687037037038 0.7417595671296296 0.22658145601851853 0.7399481828703705 0.22619643518518517 0.7118323310185185 0.2159604722222222 0.7102375208333334 0.21455654861111112 0.7008852384259259 0.20511409027777777 0.7011018125 0.2040951875 0.6999401527777778 0.20065345370370372
3 0.7877334768518518 0.28640560416666666 0.7861386666666667 0.28500167824074074 0.7697574189814815 0.27300023148148145 0.7679460347222222 0.27261521064814814 0.7462094212962962 0.26799494907407406 0.7441814629629631 0.2686288333333333 0.729040662037037 0.26860537037037036 0.7270127037037036 0.2692392523148148 0.7026771944444445 0.27684583796296297 0.7024606203703704 0.27786474074074075 0.6873986064814814 0.2863775300925926 0.6871820324074074 0.2873964351851852 0.6822598148148148 0.2927398148148148 0.6820432407407407 0.2937587175925926 0.675979150462963 0.3222880231481482 0.6775739583333333 0.3236919490740741 0.6849770717592593 0.34230453703703706 0.6865718819444445 0.343708462962963 0.7036816388888889 0.36118945138888886 0.7054930231481481 0.3615744722222222 0.7295529583333333 0.37307819675925924 0.7313643425925925 0.3734632199074074 0.7531009560185185 0.3780834791666667 0.7551289143518518 0.3774495972222222 0.7754872916666667 0.3796470277777778 0.7775152523148149 0.37901314583333334 0.792656050925926 0.37903660648148146 0.7946840115740741 0.37840272453703705 0.8285095925925925 0.37068343981481483 0.8287261666666667 0.369664537037037 0.846032712962963 0.3594989606481481 0.8462492870370371 0.35848005787037035 0.8585548287037037 0.3451216087962963 0.8587714050925925 0.3441027060185185 0.8631028981481482 0.32372463194444445 0.8488873981481482 0.30153414814814816 0.847076013888889 0.30114912499999996 0.8325849375 0.29806895138888884 0.8305569791666666 0.29870283333333336 0.819038949074074 0.29944941666666663 0.8172275625 0.29906439351851855 0.8047644467592592 0.29535033796296295 0.8031696365740741 0.29394641435185187 0.7877334768518518 0.28640560416666666
3 0.8565660856481481 0.3010364259259259 0.8545381249999999 0.30167030787037036 0.8520770162037037 0.30434199768518516 0.8536718263888888 0.3057459236111111 0.8639691967592592 0.31964901620370373 0.8637526226851853 0.32066791898148145 0.8654262199074074 0.33060809722222223 0.8652096435185185 0.331627 0.860149638888889 0.3465255347222222 0.8581216805555556 0.34715941666666666 0.8523331643518518 0.35657841203703705 0.8503052060185184 0.35721229398148147 0.8323489351851853 0.3704345810185185 0.8303209768518519 0.371068462962963 0.8100413842592593 0.3774072824074074 0.8082299999999999 0.3770222615740741 0.7962788194444445 0.37980665046296297 0.7944674351851851 0.3794216296296296 0.7829494050925926 0.38016821064814815 0.7809214467592592 0.3808020925925926 0.7807048703703704 0.3818209953703704 0.7822996805555555 0.3832249212962963 0.8203387546296297 0.39131037731481483 0.822366712962963 0.39067649537037036 0.8564876574074075 0.3904745578703704 0.8585156157407406 0.3898406759259259 0.8761175231481482 0.3871924490740741 0.8781454837962963 0.3865585648148148 0.9004530324074074 0.3795858634259259 0.9006696087962963 0.37856695833333337 0.9173264305555555 0.3714580949074074 0.9175430046296297 0.37043918981481483 0.9296319722222223 0.35809964583333337 0.9298485462962963 0.35708074305555554 0.9333137430555555 0.34077828240740743 0.9268557152777779 0.3266263287037037 0.9252609050925926 0.3252224050925926 0.9122858541666666 0.31500990509259263 0.9104744699074074 0.3146248842592592 0.8914155393518519 0.3063140300925926 0.8896041550925925 0.30592900925925925 0.8753296527777777 0.30182993055555557 0.8735182685185185 0.3014449097222222 0.8565660856481481 0.3010364259259259
3 1 0.33947037731481483 0.9787361412037037 0.3408486689814815 0.9525892476851852 0.3480702314814815 0.9501281388888889 0.3507419212962963 0.9377438078703704 0.35556411805555554 0.9350661250000001 0.3592547106481482 0.9218154976851851 0.3681525231481481 0.9167909652777778 0.39179109027777775 0.9211855601851852 0.3978368935185185 0.9191576018518518 0.39847077546296295 0.9155348310185185 0.3977007314814815 0.9299669074074074 0.4188723125 0.9240996041666667 0.41975505555555553 0.9236664560185185 0.42179286111111114 0.9443989814814815 0.4400438912037037 0.956428949074074 0.4457957546296296 0.9596185694444445 0.4486036064814815 0.9664309560185186 0.4521815 0.9718651111111112 0.4533365648148148 0.9734599189814815 0.45474049074074074 0.9825168425925925 0.45666559953703706 0.9841116527777778 0.45806952314814814 1 0.46144669675925926 1 0.33947037731481483
3 1 0.2312682361111111 0.9973417777777778 0.22659528703703702 0.9795822939814814 0.21217101157407406 0.9741481412037037 0.21101594675925928 0.9721201828703704 0.21164982870370372 0.9666860277777778 0.2104947638888889 0.9646580694444444 0.21112864583333335 0.9592239166666666 0.2099735810185185 0.9571959583333333 0.21060746296296295 0.9517618032407407 0.20945239814814814 0.9479224606481481 0.20970125925925925 0.946839587962963 0.21479577777777778 0.9498126319444444 0.21862253240740742 0.9491629074074075 0.22167924305555556 0.9519193773148148 0.22652490046296295 0.9512696550925925 0.22958161342592595 0.9540261250000001 0.23442727083333334 0.953376400462963 0.23748398148148148 0.9275838680555556 0.23413148611111112 0.9285091689814815 0.21196446527777776 0.924374462962963 0.20469597685185187 0.9207516944444444 0.20392593287037036 0.9037207222222222 0.19498119907407407 0.895608886574074 0.19751672685185184 0.8949591620370371 0.20057343749999998 0.8929312037037037 0.20120731944444442 0.8922814791666667 0.20426403240740743 0.8900369444444445 0.20591681712962961 0.8756246574074075 0.21137289583333332 0.8725138240740741 0.21710129629629632 0.8786764884259258 0.22373590277777777 0.8822992569444444 0.22450594444444447 0.8838940671296297 0.22590987037037036 0.8710765879629631 0.232769875 0.8676703935185186 0.23098092824074073 0.8638310509259258 0.23122978935185184 0.8612518194444445 0.23742616435185185 0.8435159861111111 0.22882857638888887 0.8465835046296296 0.22330395601851852 0.8433938842592593 0.22049610648148146 0.8343369629629629 0.21857099768518518 0.8290603333333334 0.2204920949074074 0.8272095300925926 0.2088407777777778 0.8220116342592592 0.20530178703703703 0.8222282083333333 0.20428288425925928 0.8262841273148148 0.20301511805555553 0.828016724537037 0.1948638888888889 0.8173649930555555 0.1915348564814815 0.813309074074074 0.19280262037037038 0.8076583472222223 0.19266645833333332 0.7997630856481481 0.1941830833333333 0.7952740162037037 0.1974886550925926 0.7944077175925925 0.20156427083333334 0.797597337962963 0.2043721203703704 0.7973807638888888 0.20539102314814814 0.7989755717592593 0.20679494907407409 0.8025983425925927 0.20756499305555554 0.8046263009259259 0.2069311111111111 0.8157111828703704 0.20822233796296297 0.8246303171296296 0.21970260185185186 0.8110843263888888 0.22108306481481482 0.819274951388889 0.22708378703703702 0.8299857337962963 0.22631775462962964 0.8301432569444445 0.22939391666666667 0.8317380671296296 0.2307978425925926 0.8309111365740741 0.23214341203703703 0.8389836041666667 0.23233792824074073 0.8404484699074074 0.23435319675925928 0.8373809513888889 0.23987781712962963 0.8318365370370371 0.23796907407407406 0.8327619398148148 0.24379473148148148 0.8184874398148148 0.2396956550925926 0.8164594791666666 0.24032953703703705 0.8037797893518518 0.23763438425925928 0.7997238703703703 0.23890214814814814 0.7988575717592593 0.24297776388888886 0.796829613425926 0.2436116458333333 0.7957467384259259 0.24870616435185186 0.7937187800925926 0.2493400462962963 0.7932856296296296 0.25137785416666664 0.7948804398148148 0.2527817800925926 0.7949592268518519 0.2613180324074074 0.8025001273148148 0.2703754652777778 0.810611962962963 0.2678399375 0.8139393703703703 0.26109263194444443 0.8242957407407407 0.2569043194444444 0.8247288912037036 0.2548665115740741 0.8312459166666666 0.25092705787037034 0.8343134351851852 0.2454024375 0.8553648518518518 0.244339375 0.8542819791666667 0.24943389351851852 0.855876787037037 0.25083781944444444 0.8554436388888889 0.25287562731481483 0.849359761574074 0.25477727314814813 0.848276888888889 0.25987179166666663 0.8510333587962963 0.2647174513888889 0.8526281689814815 0.2661213773148148 0.8562509374999999 0.2668914189814815 0.8592239814814815 0.2707181736111111 0.8547349143518518 0.2740237453703704 0.8538686157407407 0.2780993611111111 0.8518406550925925 0.2787332430555556 0.8514075069444444 0.2807710509259259 0.8351838333333333 0.2858421064814815 0.8379403032407408 0.29068776620370373 0.848808611111111 0.29299789583333335 0.8680053287037036 0.2917535925925926 0.8664105185185186 0.2903496666666667 0.8674933912037036 0.2852551481481482 0.8749555046296296 0.2857763310185185 0.8790114236111111 0.28450856712962963 0.884012425925926 0.2877014398148148 0.9101593217592593 0.2804798773148148 0.9192162430555556 0.2824049837962963 0.9208110532407408 0.2838089097222222 0.9262452060185185 0.28496397453703703 0.9282731643518518 0.2843300925925926 0.937330087962963 0.2862552013888889 0.9393580462962964 0.2856213194444444 0.9484149699074074 0.2875464282407407 0.9505217152777777 0.29544879629629633 0.9484937569444445 0.29608267824074075 0.9430596018518519 0.29492761342592594 0.9410316435185185 0.29556149537037035 0.9355974907407407 0.29440643055555554 0.9317581458333334 0.2946552916666667 0.9250245439814816 0.29961364814814817 0.9189406666666667 0.30151529629629625 0.9171292824074074 0.30113027314814816 0.9051781041666667 0.30391466203703704 0.9015553333333334 0.3031446203703703 0.899527375 0.30377850231481485 0.8972828402777778 0.30543128703703704 0.8986610763888889 0.30785411574074073 0.9193148171296296 0.3175688958333333 0.9385115347222223 0.31632459259259255 0.9646584282407408 0.3091030300925926 0.9691474953703704 0.3057974583333333 0.9752313726851852 0.3038958101851852 0.9779090555555555 0.3002052175925926 0.9799370162037037 0.29957133564814814 0.9803701643518518 0.29753352777777775 0.9769639699074074 0.2957445810185185 0.982874587962963 0.29465805787037036 0.9946248796296296 0.27500494675925924 0.9993305208333333 0.27068047222222225 1 0.2706966041666667 1 0.27032986574074075 0.9975624513888889 0.2700916689814815 0.9963574768518518 0.2668537175925926 1 0.2653806111111111 1 0.2650363171296296 0.9915730486111111 0.2626419398148148 0.9917896226851852 0.26162303703703704 1 0.26066587037037037 1 0.2312682361111111
3 0.6663334675925926 1 0.6652511412037037 0.9962434189814815 0.6636563310185186 0.9948394953703704 0.659521625 0.9875710069444444 0.6579268148148147 0.9861670810185186 0.6406004814814815 0.9697049976851851 0.6387890972222222 0.9693199768518519 0.6258140462962963 0.9591074768518518 0.624002662037037 0.9587224560185185 0.6208130416666667 0.9559146041666666 0.6190016574074074 0.9555295833333333 0.6033489212962962 0.9490076782407407 0.601537537037037 0.9486226550925926 0.5689326157407407 0.9416922662037037 0.5669046574074075 0.9423261481481482 0.5463297037037037 0.9411476203703703 0.5443017453703703 0.9417815023148148 0.5384344421296297 0.9426642453703704 0.5364064837962963 0.9432981273148149 0.5161268912037037 0.949636949074074 0.5159103171296296 0.9506558518518519 0.5026596898148148 0.9595536643518519 0.5024431157407407 0.9605725671296297 0.49238210648148145 0.9722782291666667 0.4921655324074074 0.9732971342592592 0.4869677384259259 0.997750824074074 0.4885625486111111 0.9991547500000001 0.4886749259259259 1 0.6663334675925926 1
3 0.4694506527777778 1 0.4695824050925926 0.9993801481481481 0.46979898148148147 0.9983612430555555 0.4429825763888889 0.9820118587962964 0.4411711921296297 0.9816268379629629 0.42146253703703707 0.9763726967592592 0.4194345787037037 0.9770065787037038 0.3898027037037037 0.9739029444444444 0.38777474305555554 0.9745368263888889 0.376256712962963 0.9752834074074074 0.3742287546296296 0.9759172893518518 0.36973968749999997 0.9792228611111111 0.3715510717592593 0.9796078819444445 0.46748844444444443 1 0.4694506527777778 1
3 0.07259169907407408 0.3196967592592593 0.07078031481481482 0.3193117384259259 0.054694430555555555 0.31482763888888887 0.05266646990740741 0.31546152083333334 0.047232317129629636 0.31430645601851853 0.04520435879629629 0.31494033796296295 0.0350645625 0.31810974768518513 0.03484798842592592 0.31912865277777774 0.028783895833333333 0.34765795833333335 0.030378706018518522 0.3490618819444445 0.03197351620370371 0.35046580787037035 0.03378490046296296 0.3508508287037037 0.049221062499999996 0.35839163888888886 0.051032446759259255 0.35877666203703706 0.07095767592592593 0.363011900462963 0.07298563425925926 0.36237801851851853 0.08428709027777777 0.3626503402777778 0.08631504861111111 0.36201645833333335 0.0964548449074074 0.3588470462962963 0.09667141898148149 0.35782814351851855 0.09775429398148149 0.352733625 0.09810865509259259 0.3421595648148148 0.09651384490740741 0.34075564120370366 0.09535218518518518 0.3373139074074074 0.093757375 0.3359099814814815 0.0894060949074074 0.3296603981481482 0.08781128703703703 0.3282564722222222 0.08121547222222222 0.3236596759259259 0.07940408796296296 0.3232746527777778 0.07259169907407408 0.3196967592592593
3 0.10216457407407407 0.3408918009259259 0.101948 0.3419107060185185 0.09869937962962963 0.3571942615740741 0.1002941898148148 0.35859818749999994 0.11232415509259258 0.36435004861111114 0.11413553935185185 0.36473507175925923 0.13224938425925925 0.3685852870370371 0.13384419444444445 0.36998921296296294 0.14341305324074075 0.3784127662037037 0.1452244375 0.37879778703703704 0.1488472060185185 0.3795678310185185 0.15087516666666667 0.3789339490740741 0.16036523611111111 0.37882125 0.16239319675925928 0.3781873680555556 0.1666656898148148 0.3759006990740741 0.16688226388888888 0.3748817962962963 0.17448216435185185 0.36584782175925923 0.17469873842592593 0.36482891898148145 0.17643133564814817 0.35667768981481485 0.1657008171296296 0.34481240277777775 0.16388943287037036 0.34442738194444444 0.15729361805555556 0.3398305833333333 0.15548223379629628 0.33944556249999996 0.1283114675925926 0.3336702384259259 0.12628350925925927 0.33430412037037033 0.11860482175925925 0.3348018402777778 0.11657686342592592 0.33543572222222223 0.10216457407407407 0.3408918009259259
3 0.027917597222222222 0.3517335717592593 0.027701023148148148 0.35275247685185185 0.024235828703703704 0.36905493518518523 0.025830638888888893 0.3704588611111111 0.04829576157407408 0.38055866203703703 0.05032372222222222 0.3799247800925926 0.06908728935185185 0.38071828472222224 0.07111525 0.3800844027777778 0.08466123842592593 0.3787039398148148 0.08647262268518519 0.3790889606481482 0.09574612037037038 0.3799951643518519 0.0977740787037037 0.3793612824074074 0.10131806249999999 0.3715950740740741 0.09877816666666667 0.36573051388888894 0.09696678240740741 0.36534549074074074 0.07841978703703703 0.36353308333333334 0.0763918287037037 0.3641669652777778 0.0725524861111111 0.3644158240740741 0.07074109953703704 0.3640308032407407 0.04719310185185185 0.35902552083333333 0.045598293981481484 0.3576215972222222 0.027917597222222222 0.3517335717592593
3 0.659793974537037 0.0866912476851852 0.6595773981481481 0.08771015046296296 0.6449485347222222 0.09418513425925926 0.6447319606481481 0.09520403703703703 0.6390222314814815 0.11315928240740741 0.6406170416666667 0.11456320833333333 0.642940363425926 0.12144667361111111 0.6445351736111111 0.12285059953703703 0.6529423703703704 0.12783241898148148 0.6547537546296296 0.12821743981481482 0.6622158680555555 0.12873862268518518 0.6642438263888889 0.12810474074074074 0.6685163194444445 0.12581807407407408 0.6687328935185185 0.12479916898148148 0.6727100254629629 0.11499515277777778 0.6747379861111111 0.11436127083333333 0.6765493703703703 0.11474629398148149 0.6781441782407407 0.11615021990740741 0.6804674999999999 0.12303368518518518 0.680250925925926 0.12405258796296297 0.6785183287037037 0.13220381944444445 0.6801131365740741 0.13360774305555556 0.6855472916666666 0.13476280787037037 0.68757525 0.13412892592592593 0.6952539375 0.13363120601851852 0.6972818958333333 0.13299732407407408 0.7087211412037037 0.12371449074074074 0.7089377152777778 0.12269558796296297 0.7151593796296296 0.11123878472222222 0.7116743981481481 0.10091358564814816 0.710079587962963 0.09950966203703704 0.7023221157407407 0.09147112962962964 0.7005107291666667 0.09108610879629629 0.6902921481481482 0.08571926851851852 0.6884807638888889 0.08533424537037036 0.6717451527777778 0.0839068587962963 0.6697171944444444 0.08454074074074074 0.659793974537037 0.0866912476851852
3 0.5907447893518518 0.0730793287037037 0.5905282152777778 0.07409823148148148 0.5763325023148148 0.0785354074074074 0.576115925925926 0.07955431018518519 0.5664880671296296 0.08922216435185186 0.5680828773148148 0.09062609027777778 0.576568863425926 0.10414416203703704 0.5783802476851851 0.10452918287037037 0.5990339861111111 0.11424396296296296 0.6008453703703703 0.11462898379629628 0.6223654097222222 0.12026814814814815 0.6243933703703703 0.11963426620370371 0.6304772476851852 0.11773261805555556 0.6306938217592593 0.11671371527777777 0.6374274236111112 0.11175535648148148 0.6376439976851851 0.11073645370370369 0.6427040023148147 0.09583791898148147 0.6371910625 0.08614660185185184 0.6355962523148149 0.08474267824074075 0.629217013888889 0.07912697453703704 0.6274056273148148 0.0787419537037037 0.6117528912037037 0.07222004861111112 0.6097249328703703 0.07285393055555556 0.6042907800925925 0.07169886574074075 0.6022628217592593 0.07233274768518519 0.5907447893518518 0.0730793287037037
3 0.5713710694444445 0.12859785185185185 0.5711544953703703 0.12961675462962963 0.56898875 0.13980579398148146 0.5705835578703704 0.1412097175925926 0.5742851134259259 0.1505160138888889 0.5758799236111111 0.1519199398148148 0.5858819328703704 0.15830568287037036 0.5876933171296296 0.1586907060185185 0.6019678171296297 0.1627897824074074 0.6039957777777778 0.16215590046296297 0.6080516944444445 0.16088813657407408 0.6082682685185185 0.15986923148148147 0.6165178935185186 0.14777854861111112 0.6185458518518518 0.14714466666666667 0.6230349212962963 0.1438390949074074 0.6232514953703704 0.1428201898148148 0.6241177939814814 0.1387445763888889 0.6175219791666667 0.13414777777777778 0.6157105949074074 0.13376275694444445 0.6086816319444445 0.13120376620370372 0.6068702476851853 0.13081874537037036 0.5855667847222222 0.12416067824074074 0.5837554004629629 0.1237756550925926 0.5799160555555556 0.12402451620370371 0.5778880972222222 0.12465839814814815 0.5713710694444445 0.12859785185185185
3 0.5389629375 0.09402090046296296 0.5407743240740741 0.0944059212962963 0.5604829768518519 0.09966006250000001 0.5625109375 0.09902618055555557 0.5670000046296296 0.0957206087962963 0.5646766828703703 0.08883714351851851 0.5630818726851852 0.0874332175925926 0.5598922546296297 0.08462536805555557 0.5580808703703704 0.08424034490740741 0.5510519074074074 0.08168135648148149 0.5490239467592593 0.08231523842592593 0.5287443564814814 0.08865405787037037 0.5303391666666667 0.09005798379629629 0.5389629375 0.09402090046296296
3 0.5650706180555556 0.1315184027777778 0.5670985763888888 0.13088452083333332 0.5731824537037037 0.12898287268518518 0.5733990300925926 0.1279639699074074 0.5783212453703703 0.12262059027777779 0.5662912800925926 0.11686872685185186 0.5644798958333334 0.11648370601851851 0.5357143194444445 0.10930445601851851 0.5354977430555555 0.1103233587962963 0.5412272592592593 0.11899577314814815 0.5428220694444444 0.12039969907407408 0.5542023125000001 0.12920827314814815 0.5560136967592593 0.12959329398148148 0.5650706180555556 0.1315184027777778
3 0.5860603680555555 0.49592899537037033 0.5858437939814815 0.4969478981481481 0.5859225810185185 0.505484150462963 0.5875173912037037 0.5068880763888889 0.5923018194444444 0.5110998518518519 0.5941132037037037 0.511484875 0.6027369768518519 0.5154477893518519 0.6045483611111111 0.5158328125 0.6308528287037036 0.5256837523148148 0.632664212962963 0.5260687731481481 0.6365035578703704 0.525819912037037 0.625477675925926 0.5064372800925926 0.6256942523148148 0.505418375 0.6266983379629629 0.49178760416666667 0.6251035277777777 0.4903836805555556 0.6015555300925925 0.48537839814814815 0.5995275717592592 0.48601228009259256 0.5911991597222221 0.48956671296296295 0.5909825856481481 0.4905856157407407 0.5860603680555555 0.49592899537037033
3 0.4407175393518518 0.7610882199074075 0.442312349537037 0.7624921458333334 0.44528539351851854 0.7663189004629629 0.44709677777777773 0.7667039212962963 0.45593712499999994 0.7696479351851852 0.45796508564814814 0.7690140532407407 0.46383238657407405 0.7681313101851851 0.464048962962963 0.7671124050925926 0.47208201157407403 0.756040625 0.4657027731481481 0.750424923611111 0.4638913888888889 0.7500399027777779 0.45483446527777777 0.7481147939814815 0.45280650694444446 0.748748675925926 0.44875058796296297 0.7500164398148148 0.4485340138888889 0.7510353449074074 0.4442615208333333 0.7533220115740741 0.44404494675925926 0.7543409166666666 0.4407175393518518 0.7610882199074075
3 0.46788830555555555 0.7668635462962963 0.46948311574074075 0.7682674699074075 0.4760789282407408 0.7728642685185185 0.47789031249999997 0.7732492893518519 0.4903534305555556 0.7769633449074074 0.49238138888888894 0.7763294629629629 0.5029543333333334 0.7711222453703704 0.5031709097222222 0.7701033425925926 0.5038206319444444 0.7670466296296297 0.4978745439814815 0.7593931203703703 0.4960631597222222 0.7590080995370371 0.4836000416666667 0.7552940439814816 0.48157208333333335 0.7559279259259258 0.4757047800925926 0.7568106689814814 0.47548820601851854 0.7578295717592594 0.46897117824074075 0.7617690277777778 0.4687546041666667 0.7627879305555555 0.46788830555555555 0.7668635462962963
3 0.5353624652777778 0.8056991967592593 0.5371738495370371 0.8060842199074074 0.5480421574074074 0.808394349537037 0.5500701157407407 0.8077604675925926 0.5563705671296296 0.8048399166666668 0.5478845833333333 0.7913218449074074 0.5460731990740741 0.7909368240740741 0.5426670046296296 0.7891478773148148 0.5406390439814815 0.7897817592592593 0.5329603587962963 0.7902794791666666 0.5327437824074074 0.7912983842592594 0.5273884166666667 0.7986795717592593 0.5289832268518518 0.8000834953703704 0.5353624652777778 0.8056991967592593
3 0.3243140601851852 0.09738302546296297 0.32590887037037036 0.09878695138888889 0.3460506736111111 0.10200328472222221 0.3480786342592592 0.10136940277777777 0.3495946550925926 0.09423707638888888 0.3482164212962963 0.09181424768518519 0.346405037037037 0.09142922685185184 0.3391595 0.08988913888888889 0.3375646898148148 0.08848521527777778 0.33075230092592595 0.08490731944444445 0.3287243425925926 0.08554120138888888 0.32445184953703704 0.08782787037037038 0.32423527314814815 0.08884677314814814 0.3243140601851852 0.09738302546296297
1 0.42896786342592597 0.4111014421296296 0.5075247824074074 0.4093758009259259 0.4979460324074074 0.3876384189814815 0.27800082407407406 0.3900877638888889 0.2794735671296296 0.3929566550925926 0.28114910648148145 0.39576215972222223 0.2897788171296296 0.40771337500000004 0.29336618518518515 0.4193382615740741 0.37557540972222225 0.4191343981481481 0.4125375462962963 0.4403026689814815 0.5261253796296297 0.5320700810185185 0.5397540416666666 0.5249565231481481 0.41307300925925927 0.4199696736111111 0.42896786342592597 0.4111014421296296
1 0.4017102175925926 0.3371516111111111 0.38124340740740736 0.2962738773148148 0.3564391689814815 0.26778592361111114 0.33545272453703706 0.2685433148148148 0.36770533333333333 0.30830540509259263 0.37942428703703707 0.3342249837962963 0.37982995138888886 0.35369308564814816 0.3685797962962963 0.3834629212962963 0.27673285416666665 0.3898182476851852 0.27811699074074075 0.3904319375 0.2876721412037037 0.41940588194444445 0.5060618981481482 0.41002329861111114 0.5049434791666667 0.38678290972222223 0.4168354375 0.38445501388888886 0.4041990625 0.3815560810185185 0.4003045671296296 0.37582956481481483 0.4054748009259259 0.3532869074074074 0.4017102175925926 0.3371516111111111
1 1 0.40284747685185185 0.8392854398148147 0.39480515046296294 0.8064363888888889 0.39080469444444443 0.7694979236111111 0.3819947384259259 0.6662156250000001 0.38336355092592594 0.6691119675925926 0.41070913657407404 0.6693147638888889 0.4106457476851852 0.7724238032407407 0.4100920555555556 0.7959560439814815 0.41339008796296295 1 0.42176368518518514 1 0.40284747685185185
1 0.7321053333333333 0.5614758055555555 0.7091066527777777 0.5547768912037037 0.7097878912037038 0.5551346805555556 0.7032236273148148 0.5637498217592593 0.7140722546296296 0.5688246064814815 0.7549092060185184 0.5984840509259259 0.761957849537037 0.5982783842592592 0.7335052638888889 0.5735941828703703 0.7534895648148149 0.5793328912037037 0.757614375 0.5732875486111111 0.7321053333333333 0.5614758055555555