2 0.6023549722222222 0.6881589837962963 0.7483702708333333 0.6559286736111111 0.8280043865740742 0.6512464861111111 0.9379149768518518 0.6334922453703704 0.9963331828703703 0.6219292777777778 0.9968966273148148 0.5862994351851851 0.8741911018518519 0.6095486504629629 0.6962792337962962 0.6278230902777778 0.6962906875 0.6284792407407408 0.6344352152777778 0.6447279074074074 0.5515178402777777 0.6639800324074074 0.4674687013888889 0.6852417962962962 0.3761761666666667 0.6947427685185185 0.28713168518518517 0.6982765138888889 0.1475264027777778 0.6934622268518518 0.08050763425925925 0.6834220046296297 0.05146886111111111 0.6984310856481483 0.0035288194444444447 0.7065294050925927 0.007484020833333333 0.7315162662037037 0.09516640277777777 0.7167962569444444 0.24417078009259258 0.7221132476851851 0.30171009953703704 0.7270472986111111 0.30527407638888887 0.7296209074074075 0.32418009722222224 0.737865125 0.5088447175925926 0.7043038379629629 0.565010300925926 0.6973850601851852 0.6023549722222222 0.6881589837962963
2 1 0.7083058310185185 0.9973014282407408 0.6773999953703703 0.996484763888889 0.6783623125 0.9765348518518517 0.6867117569444444 0.929258925925926 0.7615065601851853 0.9102985648148149 0.7787984305555555 0.9036636643518519 0.7817375902777778 0.9022746990740741 0.7987227523148148 0.9124930671296296 0.8079624907407408 0.8973065324074073 0.8982100277777777 0.8690669305555555 0.9590038032407407 0.857888974537037 0.9902869814814814 0.8930668287037037 0.9906210115740741 0.9239725439814814 0.9382611574074075 0.9397045023148147 0.8315120069444445 0.9696784791666666 0.7735217222222223 1 0.7276428587962963 1 0.7083058310185185
2 1 0.8391023842592593 0.9601117800925926 0.8971137569444444 0.9601365023148148 0.8985302083333333 0.9039540578703703 0.990430974537037 0.9508029004629629 0.9877275208333333 0.9864981898148147 0.9211464953703704 1 0.9140583981481482 1 0.8391023842592593
2 0.8335718495370371 0.6529412453703705 0.8093223125 0.6547709861111111 0.8622165995370371 0.7108563958333334 0.9233832407407407 0.760192238425926 0.9389100902777777 0.7382512499999999 0.8871778773148149 0.7009921759259259 0.8335718495370371 0.6529412453703705
2 0.9347147523148147 0.5456493009259259 0.8966160833333333 0.5222898240740741 0.8787054837962963 0.5042246550925926 0.8726572731481481 0.4930264212962963 0.8422588402777778 0.4789506365740741 0.8512198634259259 0.5127160555555555 0.885257238425926 0.5432099976851852 0.9428342060185185 0.5789501689814814 0.9812070555555555 0.5702687314814815 0.9347147523148147 0.5456493009259259
2 0.5858876967592592 0.18616158796296298 0.5858713356481482 0.18522422916666667 0.5495150439814815 0.16512650694444442 0.5105666273148148 0.14083380092592593 0.46264409027777775 0.13083530787037037 0.39044144675925924 0.11985416203703704 0.3890277569444444 0.13542287268518519 0.48568752314814817 0.15540563657407405 0.5532281597222222 0.1857940185185185 0.557593412037037 0.19607356712962964 0.5811659074074074 0.20320492361111112 0.6142468194444445 0.22665198611111112 0.6485667430555556 0.2255841087962963 0.6341225601851852 0.21405318750000002 0.5858876967592592 0.18616158796296298
2 0 0.12733421296296296 0.03699130324074074 0.11942890277777778 0.17017662037037037 0.12039631249999999 0.27749346296296296 0.1270035486111111 0.3085771203703704 0.13258691435185185 0.37057173379629627 0.13385931944444446 0.3711851203703703 0.12019028240740741 0.32165361805555553 0.11351204398148147 0.21855422916666664 0.10871689583333334 0.16487126388888887 0.10400724074074075 0.08195176157407406 0.10403772453703704 0.07944396064814815 0.10361267592592592 0.018381087962962964 0.1079707013888889 0 0.11386353472222223 0 0.12733421296296296
2 0.6415240671296296 0.25397175925925924 0.6492901087962963 0.26702571296296296 0.6521349583333333 0.2867603171296296 0.6822673888888888 0.33334569675925924 0.7036340740740741 0.35841411342592594 0.758155662037037 0.4111685324074074 0.763496076388889 0.42850505324074073 0.7823331805555556 0.4041517592592592 0.7823166388888888 0.40320398611111113 0.7626987199074073 0.3828245115740741 0.7397045532407408 0.36107666898148144 0.7040336689814815 0.3324969421296296 0.6859916296296297 0.3069016712962963 0.6761644953703704 0.27126566898148147 0.6816702268518519 0.2513853032407407 0.6415240671296296 0.25397175925925924
2 0.7483424606481482 0.18427399074074075 0.7348025300925926 0.22454767824074076 0.764863914351852 0.21931390509259258 0.766259087962963 0.2037455162037037 0.7761075 0.19179056712962964 0.8058236550925926 0.16677855555555557 0.8455834976851853 0.14206005324074075 0.8427468287037037 0.12279412499999999 0.8328571481481482 0.13238485185185184 0.8063608981481482 0.14980826157407406 0.7483424606481482 0.18427399074074075
2 0.8175928009259259 0.7444736435185185 0.806625050925926 0.7686999953703704 0.807342462962963 0.769479261574074 0.8009594375 0.8112532731481481 0.8017424328703704 0.8561110231481481 0.8190865995370371 0.8714356597222221 0.8234475347222222 0.8761623541666667 0.8270025486111111 0.876100300925926 0.8310140717592593 0.8608092106481481 0.8178003935185184 0.7977489675925925 0.8268135462962962 0.7835686736111112 0.8370287962962962 0.7565529444444444 0.8662815486111112 0.718786662037037 0.8489328634259259 0.7042643078703704 0.8175928009259259 0.7444736435185185
2 0.315214662037037 0.961691099537037 0.3374802662037037 0.9586770532407407 0.3895244560185185 0.9512051180555555 0.42136828240740737 0.9472841851851852 0.44248738425925926 0.9380079444444444 0.46771907175925925 0.925596951388889 0.502268675925926 0.8984273379629629 0.5211918518518518 0.8821883611111111 0.5319676157407408 0.8745512175925926 0.5329459560185185 0.871179462962963 0.5439249444444444 0.8603299513888888 0.5596144351851852 0.8381569212962964 0.5651498078703704 0.8274024282407408 0.5659223773148148 0.8270972314814814 0.5813628287037037 0.8055119699074075 0.5934544861111112 0.7841310185185185 0.6018209143518518 0.7721602638888889 0.6108294120370371 0.753468949074074 0.6353628680555556 0.7169727222222222 0.6282850347222222 0.7125747430555556 0.6117134004629631 0.7446917662037037 0.6036068912037037 0.7556369953703703 0.5996497407407408 0.7676766412037037 0.5900260902777777 0.7808361851851852 0.5814360717592593 0.7948528194444444 0.5650045532407407 0.8190807777777778 0.5565235925925927 0.8244900324074074 0.5540815578703704 0.8331381342592593 0.5493245439814815 0.8428580532407408 0.5371183564814815 0.8576775046296297 0.5179690462962964 0.8758165532407408 0.46194172685185186 0.9224889722222223 0.43773998379629625 0.9334234328703703 0.4235797939814815 0.9392235300925926 0.4067654421296296 0.9425799907407407 0.3899485439814815 0.9457906412037036 0.33480407870370366 0.9539105324074074 0.3280745439814815 0.9546114189814815 0.2869310115740741 0.9616013703703703 0.28152302777777777 0.9637377453703704 0.2638930208333333 0.9649310300925926 0.26019943287037034 0.9623596828703703 0.2283197916666667 0.9642288449074073 0.2137875138888889 0.964628361111111 0.1705449513888889 0.9702068148148149 0.13090328935185186 0.9741075856481481 0.09354878935185186 0.9753430324074074 0.07953056018518519 0.9744208773148147 0.04319003703703704 0.9743259259259259 0.01071999074074074 0.9731424259259259 0.010760712962962963 0.9754754027777778 0.02141233101851852 0.9755811898148148 0.029760810185185185 0.9784984328703703 0.04430835879629629 0.9789737824074074 0.07623399537037037 0.979739636574074 0.10271653472222221 0.9795690925925926 0.10375595833333334 0.9796968055555555 0.12995821527777776 0.9793852986111111 0.14964162037037035 0.9769893287037037 0.2012259097222222 0.972880099537037 0.23229480555555554 0.9691289675925927 0.2584817916666667 0.9679425949074074 0.2896201064814815 0.9671073611111112 0.315214662037037 0.961691099537037
2 0.5625065208333333 0.712045574074074 0.5468060023148148 0.721914837962963 0.5027383101851852 0.7449478495370371 0.4602040162037037 0.7486594907407408 0.44480246296296294 0.7512515972222222 0.3774461273148148 0.7579489791666667 0.34852074537037037 0.7635379814814814 0.20827912962962963 0.7625895578703704 0.20123042129629629 0.7683488680555556 0.28399710185185184 0.7691128402777778 0.3448496574074074 0.7675609976851852 0.4007534467592592 0.7594382708333334 0.4361681041666667 0.7563613981481482 0.4566874166666666 0.7530444490740741 0.48163366898148147 0.7518693148148148 0.5060970046296296 0.7484939398148148 0.5460419606481481 0.7290750972222222 0.5787323449074074 0.707865923611111 0.5625065208333333 0.712045574074074
2 0.8196372962962962 0.6727291180555556 0.8090396921296297 0.6905730393518519 0.7934644513888889 0.7224747222222222 0.7890884722222222 0.7465964351851851 0.7816799166666667 0.7710002824074074 0.7557803796296296 0.8109375416666667 0.7491251944444444 0.8296919629629629 0.7087426967592593 0.8887703148148148 0.7204830763888889 0.8875860717592593 0.7335930393518518 0.8640620208333333 0.7539936597222222 0.8337847037037037 0.7563904004629629 0.8214805833333334 0.7734384166666667 0.7986170717592592 0.7890820138888889 0.7706314583333332 0.797847724537037 0.7486417939814815 0.8018365671296296 0.726745925925926 0.8156326087962964 0.6926562106481482 0.823250775462963 0.6802609513888889 0.8196372962962962 0.6727291180555556
2 0.46872571296296295 0.4092194861111111 0.4790697847222222 0.42884402777777775 0.49229325925925926 0.44259450694444447 0.495978037037037 0.4414779467592592 0.483887837962963 0.4279264699074074 0.4762556134259259 0.416172462962963 0.4723886759259259 0.40685311342592595 0.4588717592592592 0.3964520162037037 0.4478739861111111 0.3828814699074074 0.44147684259259257 0.3771589097222222 0.44197077777777777 0.38423470138888893 0.46872571296296295 0.4092194861111111
2 0.02298303935185185 0.22306416435185186 0.05161731712962963 0.2198972800925926 0.07869957407407407 0.21800767361111112 0.1227203125 0.21138423148148147 0.13435120833333333 0.209233 0.13145958564814814 0.2059183773148148 0.13021287962962963 0.2066485787037037 0.1292716712962963 0.20684211805555555 0.08651308796296296 0.2136206412037037 0.02286850925925926 0.21650266435185184 0.02298303935185185 0.22306416435185186
2 0.32848896064814814 0.04884123379629629 0.31500956018518517 0.05013917824074074 0.2993557800925926 0.05631956712962963 0.2769623125 0.06368025694444444 0.26120908796296294 0.0641635949074074 0.26391197222222224 0.06939847222222222 0.28373147685185185 0.0652498587962963 0.3061323981481482 0.058316185185185186 0.3330399050925926 0.05172058101851852 0.36371355324074073 0.04548638425925926 0.37700894907407406 0.03258571759259259 0.39753053703703706 0.00499419675925926 0.3885208171296296 0.004515949074074074 0.3759992916666666 0.018246988425925925 0.3632327083333333 0.039160479166666665 0.32848896064814814 0.04884123379629629
2 0.6339927268518518 0.4580926226851852 0.6545110625 0.4451700601851852 0.6956311782407408 0.4241054560185185 0.6908019537037037 0.4211997106481481 0.6433566412037037 0.4459690185185185 0.6170760601851852 0.4640762685185185 0.6017935578703703 0.47242759027777775 0.572396087962963 0.49447525694444444 0.5239475555555556 0.5222521134259259 0.5112082662037037 0.5245685462962962 0.4764657013888889 0.5449279884259259 0.44636947916666664 0.5577156064814814 0.4379358842592592 0.5626552106481482 0.41192083796296297 0.565203375 0.32092225231481486 0.5628953333333333 0.2575050671296296 0.5565219791666667 0.2570546180555556 0.5604262685185185 0.27784964814814817 0.5633554583333333 0.3076697939814815 0.5655228541666667 0.36250721990740736 0.5684620902777778 0.41624198611111113 0.5687118263888888 0.4406855879629629 0.5673891921296297 0.4681259143518518 0.5552417754629629 0.5219069675925926 0.5273718402777777 0.5218913333333334 0.5264761435185185 0.5898446180555555 0.48819061342592596 0.6339927268518518 0.4580926226851852
3 0.522076150462963 0.5975462407407407 0.5202245787037038 0.5975785601851852 0.5146516898148148 0.5966340115740741 0.512818300925926 0.597707837962963 0.5072817708333334 0.5988463032407407 0.507299949074074 0.5998878125 0.503651349537037 0.603076974537037 0.5036695277777778 0.6041184814814814 0.5037240671296297 0.6072430069444444 0.5112212453703704 0.6123212685185185 0.5130728148148148 0.612288949074074 0.5241640532407408 0.611053525462963 0.5259974444444444 0.6099796990740741 0.529664224537037 0.6078320439814815 0.5296460439814815 0.606790537037037 0.5295733263888889 0.6026245046296296 0.5277035763888889 0.6016153148148148 0.522076150462963 0.5975462407407407
3 0.49103577314814817 0.623091861111111 0.4966632013888889 0.6271609351851851 0.49851477083333334 0.6271286157407407 0.5077907986111111 0.6280085277777778 0.5096241898148148 0.6269347013888888 0.5113666805555556 0.6206533333333333 0.5094969328703703 0.6196441458333333 0.49646322453703706 0.6157043472222222 0.49462983564814816 0.6167781759259259 0.49103577314814817 0.623091861111111
3 0.5067672453703703 0.35715180555555553 0.5049156759259259 0.35718412499999996 0.4938244351851852 0.3584195486111111 0.49384261574074073 0.3594610555555555 0.4920819444444444 0.36470091666666665 0.4958396226851852 0.36776080092592595 0.49769119212962964 0.36772848148148146 0.5125946481481481 0.3726774675925926 0.5144462175925926 0.3726451481481482 0.5217797800925926 0.3683498402777778 0.521761599537037 0.3673083310185185 0.5216888819444444 0.36314229861111114 0.5198191319444445 0.36213311111111113 0.5067672453703703 0.35715180555555553
3 0.5051520092592593 0.3707237291666666 0.5033004398148149 0.37075604861111117 0.49774573148148143 0.3708530069444444 0.49591234027777775 0.3719268333333333 0.49043034953703707 0.3761898240740741 0.4904485300925926 0.3772313310185185 0.4904848888888889 0.37931434722222224 0.49613049537037035 0.3844249305555556 0.49798206481481483 0.38439261111111106 0.5072399143518519 0.38423101388888886 0.5090733055555555 0.38315718750000005 0.5127400856481481 0.38100953240740737 0.5127219050925926 0.37996802314814815 0.5144825763888888 0.37472816435185186 0.5126128287037037 0.37371897685185185 0.5051520092592593 0.3707237291666666
3 0.477233025462963 0.3628764537037037 0.4753814560185185 0.3629087731481481 0.4716601365740741 0.36193190277777776 0.46982674768518523 0.36300573148148146 0.46615996759259254 0.3651533865740741 0.46617814583333334 0.36619489351851847 0.462547724537037 0.3704255648148148 0.4625659050925926 0.37146707175925925 0.46265680324074077 0.37667461342592595 0.46454473148148145 0.3787253101851852 0.46639630092592593 0.37869299074074075 0.47933911111111116 0.3774252476851852 0.4793209305555556 0.37638373842592593 0.4829695324074074 0.37319457638888887 0.48295135185185184 0.37215306712962964 0.48286045370370373 0.3669455277777778 0.48099070370370367 0.36593634027777777 0.477233025462963 0.3628764537037037
3 0.47754207870370374 0.3805820902777778 0.47569050925925926 0.3806144097222222 0.4645810902777778 0.38080832407407406 0.4627477013888889 0.3818821527777778 0.45915363888888894 0.388195837962963 0.4647810671296297 0.39226491435185185 0.46663263657407406 0.3922325949074074 0.4758904861111111 0.3920709976851852 0.47772387499999996 0.3909971712962963 0.4814088356481481 0.3898910231481481 0.48139065509259255 0.3888495162037037 0.48129975694444443 0.383641974537037 0.47943000925925927 0.382632787037037 0.47754207870370374 0.3805820902777778
3 0.3983944976851852 0.3027848912037037 0.3965429282407407 0.30281721064814815 0.3872850787037037 0.30297880555555556 0.3854516898148148 0.30405263425925927 0.3799878773148148 0.3093571319444444 0.3875395949074074 0.3175599189814815 0.38939116435185184 0.317527599537037 0.4041673634259259 0.31518602777777777 0.4060007523148148 0.3141122013888889 0.4078159629629629 0.31199686574074076 0.4077977847222222 0.3109553587962963 0.4077250671296296 0.30678932638888884 0.40585531712962963 0.30578013657407405 0.3983944976851852 0.3027848912037037
3 0.38565166435185183 0.3155092222222222 0.38378191666666667 0.3145000324074074 0.3781544884259259 0.31043095833333334 0.3763029189814815 0.31046327777777777 0.3670632476851852 0.31166638194444446 0.3652298587962963 0.3127402083333333 0.3597660462962963 0.31804470833333337 0.3616903356481482 0.3221784189814815 0.3635600856481481 0.3231876087962963 0.3672995833333333 0.3252059861111111 0.36915115277777777 0.32517366666666664 0.37655743287037036 0.32504438888888887 0.37839082175925925 0.3239705625 0.3857425625 0.3207167615740741 0.38572438425925926 0.3196752546296296 0.38565166435185183 0.3155092222222222
3 0.412991650462963 0.3962943773148148 0.4130098310185185 0.39733588425925925 0.41311890740740737 0.4035849328703704 0.41685840740740737 0.4056033101851852 0.41870997685185185 0.40557099074074077 0.4242646851851852 0.4054740324074074 0.42609807638888886 0.4044002060185185 0.4297466759259259 0.4012110439814815 0.4297284976851852 0.4001695347222223 0.42967395833333333 0.39704501157407407 0.4278042083333333 0.3960358217592593 0.412991650462963 0.3962943773148148
3 0.2865004074074074 0.25889769444444444 0.28463065972222223 0.2578885046296296 0.2771334814814815 0.25281024305555555 0.27711530324074074 0.25176873379629633 0.2752091944444444 0.2486765300925926 0.27337580324074073 0.2497503564814815 0.2734303425925926 0.2528748796296296 0.2715969513888889 0.25394870833333333 0.2624663611111111 0.2614008611111111 0.2662603981481481 0.26654376157407406 0.26813014583333333 0.2675529513888889 0.27185146527777776 0.26852981944444443 0.273703037037037 0.2684975 0.2811093148148148 0.26836822453703707 0.2829427060185185 0.26729439583333336 0.2847760949074074 0.26622056944444444 0.28475791666666667 0.26517906018518517 0.2865004074074074 0.25889769444444444
3 0.2625390787037037 0.26556689351851853 0.26255725694444443 0.26660840046296297 0.2515569166666667 0.27305136342592595 0.2627935925925926 0.28014800462962963 0.26464516203703703 0.28011568518518515 0.2757545810185185 0.2799217708333333 0.2775879722222222 0.27884794212962966 0.28125475231481484 0.27670028703703703 0.28123657175925926 0.2756587800925926 0.27742435416666666 0.26947437037037036 0.27557278472222224 0.2695066898148148 0.2625390787037037 0.26556689351851853
3 0.34259120138888893 0.9257286689814814 0.3407214513888889 0.9247194814814814 0.3350940231481481 0.9206504074074074 0.3332424537037037 0.9206827268518518 0.3202814652777778 0.9209089606481482 0.3184480740740741 0.9219827870370371 0.3130024421296296 0.9283287939814815 0.3187934861111111 0.9417714398148148 0.32064505787037034 0.9417391203703703 0.3280695162037037 0.9426513518518519 0.3299029050925926 0.9415775254629629 0.33908803703703705 0.9372498958333333 0.3390698564814815 0.9362083888888889 0.34270027777777773 0.9319777175925926 0.34268209953703704 0.9309362106481481 0.34259120138888893 0.9257286689814814
3 0.3149085509259259 0.9314209976851852 0.31303880324074074 0.9304118101851852 0.3111326944444444 0.9273196041666666 0.309281125 0.9273519236111112 0.30369005555555556 0.9253658657407408 0.30183848611111114 0.9253981851851852 0.2907472453703704 0.9266336087962963 0.2889138564814815 0.9277074375 0.28341368518518517 0.9309289189814814 0.28343186574074075 0.9319704259259259 0.28167119212962966 0.9372102847222222 0.2947957986111111 0.9463576226851852 0.2966473680555556 0.9463253032407407 0.30590521759259254 0.9461637083333334 0.3077386064814815 0.9450898796296295 0.31325695833333334 0.9429099050925926 0.3132387777777778 0.9418683981481482 0.31688737962962965 0.9386792361111111 0.31501762962962965 0.9376700462962964 0.3149085509259259 0.9314209976851852
3 0.2949957731481482 0.9578142106481481 0.29497759490740744 0.9567727037037037 0.2949412337962963 0.9546896875 0.2930714861111111 0.9536804976851853 0.28922290972222225 0.9454130717592593 0.28735315972222225 0.9444038842592593 0.281743912037037 0.9413763171296297 0.2798923425925926 0.9414086365740741 0.2706526712962963 0.9426117407407408 0.26881928240740743 0.9436855694444445 0.25967051157407406 0.950096212962963 0.2596886898148148 0.9511377222222223 0.2579643773148148 0.9584605972222222 0.2617584143518518 0.9636034976851852 0.2636281643518518 0.9646126875 0.2673494837962963 0.9655895555555555 0.26920105324074073 0.9655572361111111 0.2766073333333333 0.9654279606481482 0.2784407222222222 0.9643541319444444 0.28766221296296296 0.9621095208333332 0.28949560185185186 0.9610356921296296 0.2949957731481482 0.9578142106481481
3 0.27232244675925926 0.9321643425925926 0.2704708773148148 0.932196662037037 0.2593796365740741 0.9334320856481482 0.2575462476851852 0.934505912037037 0.25206425694444445 0.9387689027777777 0.2520824351851852 0.9398104097222222 0.2485247314814815 0.9482071134259259 0.2541885185185185 0.9543592037037038 0.2560219097222222 0.953285375 0.26880110185185185 0.9426440601851852 0.2706526712962963 0.9426117407407408 0.28170755324074076 0.9392933009259259 0.27983780324074076 0.9382841134259259 0.2797832638888889 0.935159587962963 0.2779135138888889 0.9341504004629629 0.27232244675925926 0.9321643425925926
3 0.34348199999999995 0.9767625625 0.3416486111111111 0.9778363888888889 0.33800000925925927 0.9810255532407408 0.3380181898148148 0.9820670601851852 0.33816362499999997 0.9903991249999999 0.34562444444444446 0.9933943703703704 0.3474760138888889 0.9933620509259259 0.36599171296296296 0.9930388587962964 0.3659735324074074 0.9919973518518518 0.36392198611111115 0.9805730833333334 0.36205223842592593 0.9795638935185186 0.35272167129629634 0.9755594583333334 0.3508700995370371 0.9755917777777777 0.34348199999999995 0.9767625625
3 0.1874411087962963 0.9503151574074075 0.1856077175925926 0.9513889837962963 0.18573497453703705 0.9586795393518519 0.19132604398148148 0.9606655972222222 0.19317761342592593 0.9606332800925926 0.19873232407407407 0.9605363217592592 0.20056571296296297 0.9594624930555555 0.20602952546296296 0.9541579953703704 0.20601134490740738 0.953116488425926 0.20412341666666667 0.9510657916666667 0.20227184722222222 0.9510981111111112 0.1874411087962963 0.9503151574074075
3 0.2112570023148148 0.9353138935185186 0.2094054328703704 0.9353462129629629 0.20386890277777778 0.9364846782407407 0.20203551157407407 0.9375585069444445 0.20029301851851852 0.9438398726851852 0.20405069907407405 0.9468997592592593 0.20590226851851853 0.9468674398148148 0.21332672685185183 0.9477796712962963 0.21516011574074073 0.9467058425925926 0.22066028703703702 0.9434843611111111 0.2206421087962963 0.9424428541666666 0.22060574768518518 0.940359837962963 0.21873599999999999 0.9393506481481482 0.2112570023148148 0.9353138935185186
3 0.17413470833333336 0.9307527384259259 0.18165006481481483 0.9368725092592592 0.18350163425925925 0.9368401921296297 0.19090791435185184 0.9367109143518518 0.19088973379629628 0.9356694050925926 0.1944110787037037 0.9251896875 0.1925413287037037 0.9241804976851852 0.17774694907407407 0.9254805601851851 0.17776512962962962 0.9265220694444445 0.17413470833333336 0.9307527384259259
3 0.21172417361111112 0.7498608287037037 0.20985442592592593 0.748851638888889 0.18946897685185185 0.7481656435185186 0.18763558796296295 0.7492394722222222 0.18217177546296295 0.7545439699074074 0.18218995601851853 0.755585476851852 0.18229903240740739 0.7618345254629629 0.18792646064814814 0.7659035995370371 0.18977803009259261 0.7658712800925926 0.19536909953703704 0.7678573379629628 0.19720248842592591 0.7667835115740741 0.20275719907407408 0.7666865532407408 0.20459058796296295 0.7656127268518519 0.2137393611111111 0.7592020810185185 0.21372118055555556 0.7581605740740741 0.21172417361111112 0.7498608287037037
3 0.21141512037037039 0.7321551921296297 0.2095635509259259 0.732187511574074 0.1966025625 0.7324137453703704 0.1947691736111111 0.7334875740740741 0.18745379166666665 0.7388243912037038 0.18747196990740742 0.7398658981481482 0.1875446898148148 0.7440319305555555 0.19315393749999998 0.7470594976851851 0.19500550694444443 0.7470271782407407 0.20242996527777776 0.7479394097222222 0.20428153703703703 0.7479070902777778 0.2153545949074074 0.7456301574074075 0.21533641666666667 0.744588650462963 0.21702437037037037 0.7351827592592592 0.2151546203703704 0.7341735694444445 0.21141512037037039 0.7321551921296297
3 0.19166596064814814 0.7679219768518519 0.18979621064814814 0.766912787037037 0.18044746296296296 0.7618668449074074 0.18042928240740738 0.7608253356481481 0.17850499537037037 0.7566916226851852 0.17665342592592592 0.7567239421296296 0.16563490509259257 0.7621253981481482 0.16565308333333334 0.7631669074074074 0.1620044837962963 0.7663560694444445 0.16202266203703705 0.767397576388889 0.16209538194444445 0.7715636087962963 0.16957437962962962 0.7756003634259259 0.17142594907407407 0.7755680439814815 0.1806837986111111 0.7754064490740741 0.1825171875 0.7743326203703703 0.1862203287037037 0.7742679837962962 0.1880537175925926 0.7731941550925926 0.1917204976851852 0.7710465 0.19170231944444446 0.7700049930555556 0.19166596064814814 0.7679219768518519
3 0.16018927314814815 0.7684714050925926 0.1583377037037037 0.768503724537037 0.15091324305555553 0.7675914930555556 0.1490616736111111 0.7676238125 0.1435069652777778 0.7677207708333333 0.14167357407407408 0.7687945972222222 0.13984018518518518 0.7698684236111112 0.13985836342592592 0.7709099328703704 0.13994926157407409 0.7761174722222223 0.1474464398148148 0.7811957361111111 0.14929800925925926 0.7811634166666667 0.1622589976851852 0.7809371805555556 0.16409238888888888 0.7798633541666666 0.16961073842592592 0.7776833796296296 0.1695925578703704 0.7766418726851853 0.1621135601851852 0.7726051180555555 0.16209538194444445 0.7715636087962963 0.16018927314814815 0.7684714050925926
3 0.1634379236111111 0.7423690648148148 0.1616045324074074 0.7434428935185186 0.15989840046296297 0.7518072754629629 0.16365607870370372 0.7548671620370371 0.16550764814814814 0.7548348425925927 0.17289574768518517 0.7536640578703704 0.17287756712962962 0.7526225486111111 0.18017476851851852 0.746244224537037 0.18015659027777778 0.7452027152777778 0.18012023148148149 0.7431196990740742 0.17825048148148148 0.7421105115740741 0.1634379236111111 0.7423690648148148
3 0.1394402337962963 0.7469552476851852 0.1376068425925926 0.7480290763888888 0.13210667361111111 0.7512505578703703 0.13212485185185185 0.7522920648148147 0.13036418055555557 0.7575319236111111 0.13787953703703704 0.7636516944444445 0.1397311064814815 0.7636193773148149 0.14528581712962962 0.7635224189814814 0.14711920601851852 0.7624485902777778 0.15260119675925926 0.7581856018518519 0.15258301851851852 0.7571440925925926 0.15240122222222222 0.7467290138888889 0.1505314722222222 0.745719824074074 0.1394402337962963 0.7469552476851852
3 0.022451421296296296 0.9417349837962964 0.04635821064814815 0.9319412615740741 0.04819160185185185 0.9308674328703703 0.055470622685185184 0.9234475995370371 0.05545244444444445 0.9224060925925925 0.05517975 0.9067834722222222 0.05331 0.9057742824074074 0.03835200694444444 0.8977007731481481 0.036500435185185184 0.8977330925925926 0.014227060185185185 0.8949964004629629 0.012393668981481483 0.8960702268518518 0.006911678240740741 0.9003332175925925 0.006929858796296296 0.901374724537037 0.007547962962962963 0.9367859976851852 0.01321175 0.9429380879629629 0.015063321759259259 0.9429057685185185 0.020618030092592592 0.9428088101851851 0.022451421296296296 0.9417349837962964
3 0.09596882407407407 0.9091969722222223 0.0940990763888889 0.9081877824074075 0.08839892824074073 0.8999526782407408 0.08654735879629628 0.8999849953703704 0.07164390277777778 0.8950360115740741 0.06979233333333333 0.8950683310185185 0.0605344837962963 0.8952299259259259 0.05870109490740741 0.8963037546296296 0.05316456481481482 0.8974422199074075 0.05133117361111111 0.8985160462962963 0.04768257407407407 0.9017052083333333 0.05893742824074074 0.9098433587962963 0.0589556087962963 0.9108848657407407 0.06097079398148148 0.9202261180555555 0.06284054398148148 0.9212353078703704 0.08702002777777779 0.9270642060185185 0.08885341898148148 0.9259903773148148 0.09605972222222221 0.914404511574074 0.09604154398148149 0.9133630046296296 0.09596882407407407 0.9091969722222223
3 0.08729272222222223 0.942686824074074 0.08727454398148149 0.9416453171296296 0.08516845833333334 0.9270965231481482 0.0833168888888889 0.9271288425925925 0.07398632175925926 0.9231244074074074 0.07213475231481482 0.9231567268518518 0.05915558333333334 0.9223414537037037 0.057322194444444446 0.9234152800925925 0.04270961111111111 0.9351304236111111 0.040858041666666664 0.9351627430555555 0.022487780092592596 0.943818 0.022505958333333333 0.9448595069444444 0.022633215277777778 0.9521500648148148 0.03201832175925926 0.9592790231481482 0.033869891203703706 0.9592467037037037 0.04316409953703704 0.9611681249999999 0.0450156712962963 0.9611358055555556 0.056125087962962956 0.9609418888888889 0.05795847916666667 0.9598680625 0.06901335879629629 0.9565496226851852 0.07084675 0.9554757939814814 0.08729272222222223 0.942686824074074
3 0.11185283564814814 1 0.11971474768518518 0.9962958148148148 0.11969656944444444 0.9952543055555556 0.12330881018518518 0.9899821273148148 0.12329062962962964 0.9889406203703704 0.1194965925925926 0.9837977175925926 0.1176268425925926 0.9827885300925926 0.11203577546296296 0.9808024722222222 0.11018420601851851 0.9808347893518518 0.09537164583333332 0.9810933449074075 0.09353825694444444 0.9821671712962963 0.08624105555555556 0.9885454976851852 0.0862592337962963 0.9895870046296296 0.08638649074074074 0.9968775601851853 0.09099623379629629 1 0.11185283564814814 1
3 0.13876506481481482 1 0.1530430046296296 0.9957140671296296 0.15302482407407408 0.9946725601851852 0.1566916064814815 0.9925249050925926 0.15667342592592592 0.9914833958333333 0.1546400601851852 0.981100636574074 0.1527703101851852 0.9800914467592592 0.13793957175925925 0.9793084930555556 0.13610618287037038 0.9803823217592593 0.12871808333333334 0.9815531064814814 0.12688469212962963 0.9826269328703704 0.12325427083333335 0.9868576041666666 0.12327245138888888 0.9878991111111112 0.12158449768518519 0.9973050023148148 0.12531161342592592 1 0.13876506481481482 1
3 0.1411716273148148 1 0.15670978472222222 0.993566412037037 0.15652798842592594 0.9831513333333334 0.1509005625 0.9790822592592592 0.14164271296296296 0.9792438541666667 0.13783049537037037 0.9730594444444444 0.1470883449074074 0.9728978495370371 0.14892173379629628 0.9718240208333333 0.1563280138888889 0.9716947453703704 0.1581614027777778 0.9706209166666667 0.1580523263888889 0.9643718680555556 0.15242489814814814 0.9603027939814814 0.14501862037037036 0.9604320717592593 0.14318522916666668 0.9615059004629629 0.13763052083333333 0.9616028564814815 0.13579712962962964 0.9626766851851852 0.1358516689814815 0.9658012083333333 0.13401827777777778 0.9668750347222222 0.13407281712962962 0.9699995601851852 0.13596074537037037 0.9720502569444444 0.13194900925925926 0.9721202824074074 0.12987974537037036 0.9773655277777777 0.13240304398148148 0.9804469583333334 0.12873626157407406 0.9825946134259259 0.12688469212962963 0.9826269328703704 0.1269028726851852 0.9836684421296297 0.12323609259259259 0.9858160949074074 0.12574120833333333 0.9878560185185186 0.12367194444444445 0.9931012662037036 0.12151178009259259 0.9931389699074075 0.12160267592592593 0.9983465115740741 0.12466613888888889 1 0.1411716273148148 1
3 0.10983879398148148 0.9610461388888889 0.10800540277777779 0.9621199652777778 0.10252341203703705 0.9663829560185185 0.10254159027777777 0.9674244629629629 0.10078091898148148 0.9726643217592593 0.10824173842592592 0.9756595694444444 0.11009330787037036 0.9756272500000001 0.1341273564814815 0.9731240833333333 0.13596074537037037 0.9720502569444444 0.13396373842592593 0.963750511574074 0.13209399074074074 0.9627413240740741 0.1246331712962963 0.9597460763888889 0.12278160185185184 0.9597783958333332 0.10983879398148148 0.9610461388888889
3 0.05716576388888889 0.49001866898148144 0.05529601388888889 0.4890094814814815 0.05340808564814815 0.48695878472222226 0.0515565162037037 0.48699110416666663 0.044113877314814816 0.4850373634259259 0.04226230787037037 0.4850696828703704 0.033004458333333334 0.4852312800925926 0.03117106712962963 0.4863051064814815 0.02567089814814815 0.48952659027777773 0.025689076388888888 0.4905680972222222 0.02576179398148148 0.49473412962962965 0.02951947453703704 0.4977940138888889 0.03137104398148148 0.49776169444444446 0.03696211111111111 0.4997477546296296 0.038813680555555556 0.4997154351851852 0.04621996064814815 0.4995861574074074 0.048053351851851854 0.4985123310185185 0.05540509259259259 0.4952585277777778 0.05538691203703704 0.49421702083333335 0.05716576388888889 0.49001866898148144
3 0.19075148379629628 0.5033143032407408 0.1889180925925926 0.5043881296296296 0.1852513125 0.5065357847222223 0.18526949305555557 0.5075772916666667 0.18534221064814815 0.5117433240740741 0.19095145833333332 0.5147708912037037 0.19280302777777777 0.5147385717592593 0.2094307986111111 0.5123646805555556 0.2112641875 0.5112908541666666 0.21302485879629632 0.5060509953703703 0.21115511111111113 0.5050418055555556 0.20369429166666667 0.5020465601851852 0.20184272222222222 0.5020788796296296 0.19075148379629628 0.5033143032407408
3 0.22429789583333334 0.515230650462963 0.22242814583333334 0.514221462962963 0.21868864583333333 0.5122030856481482 0.21683707638888888 0.5122354050925926 0.21128236805555556 0.5123323634259259 0.20944897685185188 0.5134061898148148 0.19835773842592594 0.514641613425926 0.1965243472222222 0.5157154398148148 0.19283938657407407 0.516821587962963 0.19285756712962965 0.5178630949074075 0.19109689583333334 0.5231029537037037 0.1967243240740741 0.5271720277777777 0.1985758935185185 0.5271397106481481 0.2097216712962963 0.5290288101851852 0.2115550601851852 0.5279549837962962 0.2170915902777778 0.5268165162037037 0.21707341203703703 0.5257750092592592 0.2225735810185185 0.5225535277777777 0.22255540277777777 0.5215120185185186 0.22429789583333334 0.515230650462963
3 0.18924532638888888 0.5231352731481481 0.18739375694444446 0.5231675925925926 0.17624797685185187 0.5212784930555555 0.17441458796296297 0.5223523194444445 0.16885987731481483 0.5224492777777778 0.16702648842592593 0.5235231041666667 0.16335970833333333 0.5256707592592592 0.16337788657407407 0.5267122685185185 0.1634324259259259 0.5298367916666668 0.17283571064814815 0.5380072592592593 0.1746872824074074 0.5379749398148148 0.1820935601851852 0.537845662037037 0.18392695138888887 0.5367718356481481 0.1930939027777778 0.5314026990740741 0.19307572222222222 0.5303611921296296 0.19302118287037034 0.5272366666666667 0.19115143518518518 0.5262274791666667 0.18924532638888888 0.5231352731481481
3 0.15598978703703703 0.5278830532407407 0.1541382175925926 0.5279153726851852 0.13934383796296296 0.5292154351851852 0.13751044907407406 0.5302892615740741 0.13571341666666667 0.5334461041666666 0.14883802314814812 0.5425934421296296 0.1506895925925926 0.5425611226851852 0.1673537199074074 0.5422702500000001 0.1691871111111111 0.5411964212962963 0.17470546064814815 0.5390164490740741 0.1728538912037037 0.5390487685185185 0.1634506064814815 0.5308782986111111 0.1615808564814815 0.5298691111111111 0.15598978703703703 0.5278830532407407
3 0.1912423310185185 0.5314350185185185 0.19126051157407406 0.5324765277777778 0.18759373148148148 0.5346241805555556 0.18761191203703703 0.5356656898148148 0.18766644907407407 0.5387902129629629 0.2043305787037037 0.5384993402777778 0.20431239814814817 0.5374578310185185 0.20797917824074072 0.5353101782407408 0.207961 0.5342686689814815 0.20790646064814813 0.5311441458333334 0.20603671064814813 0.5301349560185186 0.19676068287037035 0.5292550439814815 0.19492729166666667 0.5303288726851851 0.1912423310185185 0.5314350185185185
3 0.18343610185185183 0.5086511203703703 0.1815845324074074 0.5086834398148148 0.17602982175925927 0.5087803958333333 0.17419643287037037 0.509854224537037 0.17052965277777776 0.5120018773148148 0.17054783101851853 0.513043386574074 0.17063872916666667 0.5182509259259259 0.18180268749999998 0.5211815347222222 0.18365425694444446 0.5211492152777778 0.1891726064814815 0.5189692407407408 0.18915442824074075 0.5179277337962963 0.1909696388888889 0.5158123981481482 0.1890998888888889 0.5148032106481482 0.1834906412037037 0.5117756435185185 0.18347246064814815 0.5107341365740741 0.18343610185185183 0.5086511203703703
3 0.17053958564814817 0.19424497685185185 0.16866983796296295 0.19323578703703706 0.1556179513888889 0.18825448148148147 0.15376637962962963 0.18828680092592595 0.14452671064814815 0.1894899050925926 0.14269332175925925 0.1905637337962963 0.13719315046296296 0.19378521527777778 0.1372113310185185 0.19482672222222222 0.13730222685185187 0.20003426157407406 0.14115080324074075 0.2083016875 0.14302055324074073 0.2093108773148148 0.1504813726851852 0.21230612499999998 0.1523329421296296 0.21227380555555556 0.16525757175925926 0.20996455324074076 0.16709096064814816 0.20889072685185184 0.17259113194444445 0.20566924537037037 0.17257295138888887 0.2046277361111111 0.17053958564814817 0.19424497685185185
3 0.11653226157407408 0.07121046064814815 0.11466251157407407 0.07020127314814816 0.11270186342592592 0.06398454398148148 0.11083211574074074 0.06297535416666666 0.1033349375 0.0578970925925926 0.10148336805555555 0.05792941203703704 0.09035576851851852 0.057081819444444445 0.08852237962962962 0.05815564583333334 0.08483741898148149 0.059261793981481486 0.08485559953703703 0.06030330092592592 0.08122517824074074 0.06453397222222222 0.08124335648148148 0.06557547916666667 0.0813160763888889 0.06974151157407407 0.08699804166666666 0.0769351087962963 0.08886779166666667 0.07794429861111112 0.10003174768518519 0.0808749074074074 0.10188331944444444 0.08084258796296295 0.11112298842592593 0.0796394837962963 0.11295637731481481 0.07856565509259258 0.11477158796296295 0.07645032175925925 0.11475340972222223 0.0754088125 0.11653226157407408 0.07121046064814815
3 0.11974455092592594 0.04302510648148149 0.11789298148148149 0.04305742592592593 0.11048670138888889 0.043186703703703706 0.1086533125 0.04426053009259259 0.1049865324074074 0.046408185185185184 0.10500471064814815 0.04744969212962963 0.1014288287037037 0.05480488657407407 0.12019904166666667 0.06906280787037036 0.12203243055555556 0.06798897916666667 0.13127210185185184 0.066785875 0.13125392129629632 0.06574436805555556 0.1403481550925926 0.056209199074074075 0.14032997453703702 0.05516768981481482 0.13842386574074073 0.05207548611111111 0.13655411574074072 0.0510662962962963 0.11974455092592594 0.04302510648148149
3 0.14183613194444444 0.035346719907407405 0.1399845625 0.035379039351851854 0.12705993287037037 0.03768828935185185 0.12522654166666666 0.03876211574074074 0.12155976157407408 0.04090977083333333 0.12157794212962962 0.04195128009259259 0.12161430092592591 0.044034296296296294 0.14399675462962963 0.05302003703703703 0.14584832407407408 0.05298771759259259 0.15321824537037035 0.050775423611111106 0.15320006481481482 0.04973391666666666 0.15501527546296298 0.04761858101851852 0.15499709722222224 0.04657707175925926 0.15488801851851852 0.04032802314814815 0.15301826851851852 0.03931883564814815 0.14183613194444444 0.035346719907407405
3 0.1532727824074074 0.05389994675925926 0.151421212962963 0.053932266203703706 0.14216336574074073 0.05409386342592593 0.14218154398148147 0.05513537037037037 0.13492070138888887 0.06359671296296297 0.13493888194444445 0.06463821990740741 0.13499341898148148 0.06776274537037037 0.14247241666666668 0.0717995 0.14432398842592592 0.07176718055555556 0.15173026620370372 0.07163790277777778 0.1535636574074074 0.0705640763888889 0.15908200694444444 0.06838410185185186 0.1590638263888889 0.0673425949074074 0.16080631944444443 0.061061226851851856 0.15893656944444443 0.060052037037037036 0.1532727824074074 0.05389994675925926
3 0.43957084027777776 0.5396023333333333 0.43773745138888887 0.5406761597222223 0.4303857106481481 0.5439299606481481 0.4304038912037037 0.5449714699074074 0.43044024999999997 0.5470544861111111 0.43978899537037036 0.5521004282407408 0.4416405671296296 0.5520681087962963 0.4453437060185185 0.5520034699074073 0.4471770949074074 0.5509296435185186 0.45271362499999995 0.5497911782407408 0.45269544675925927 0.5487496689814815 0.45443793750000006 0.5424683032407407 0.4525681898148148 0.5414591134259259 0.43957084027777776 0.5396023333333333
3 0.42682800694444445 0.5523266643518518 0.4249764375 0.5523589837962963 0.417588337962963 0.5535297685185185 0.41575494907407406 0.5546035949074074 0.4140488148148148 0.5629679791666666 0.4177883148148148 0.5649863564814814 0.41963988425925924 0.5649540370370371 0.4288795532407408 0.5637509328703704 0.43071294212962963 0.5626771041666666 0.43808286342592595 0.5604648125 0.43806468287037037 0.5594233032407407 0.43804650462962963 0.5583817962962963 0.4361767546296296 0.5573726064814815 0.42682800694444445 0.5523266643518518
3 0.3897602523148148 0.5508900324074074 0.3897784328703704 0.5519315416666667 0.3898511504629629 0.556097574074074 0.39359064814814815 0.5581159513888889 0.39542403935185183 0.5570421226851852 0.4102002384259259 0.5547005532407407 0.41203362962962964 0.5536267268518519 0.4119245509259259 0.5473776782407407 0.41005480092592594 0.5463684884259259 0.39339067361111113 0.5466593634259259 0.3934088541666667 0.5477008703703704 0.3897602523148148 0.5508900324074074
3 0.5428979074074074 0.6232284305555557 0.5614136041666666 0.622905236111111 0.561395425925926 0.6218637291666667 0.563119738425926 0.6145408541666667 0.5612499884259259 0.6135316643518519 0.5593620601851852 0.6114809675925926 0.5575104907407407 0.6115132870370371 0.5501223912037037 0.6126840717592593 0.5501405694444444 0.6137255810185186 0.5428979074074074 0.6232284305555557
3 0.5500133125 0.606435025462963 0.5481435625000001 0.6054258356481482 0.5406827453703704 0.602430587962963 0.5388311759259259 0.6024629074074075 0.535128037037037 0.6025275462962963 0.5332946458333333 0.603601375 0.5296460439814815 0.606790537037037 0.529664224537037 0.6078320439814815 0.5279217314814815 0.614113412037037 0.5316612314814815 0.6161317893518518 0.5334946203703703 0.615057962962963 0.531588511574074 0.6119657569444444 0.5334219027777778 0.6108919305555555 0.5370886828703704 0.608744275462963 0.5389402523148148 0.6087119560185186 0.5500496712962962 0.6085180416666667 0.5500314930555555 0.6074765324074074 0.5500133125 0.606435025462963
3 0.19479178935185185 0.2042399050925926 0.1948099699074074 0.20528141435185188 0.1948826875 0.20944744444444444 0.1986221875 0.21146582407407408 0.20047375694444444 0.21143350462962965 0.20786185648148148 0.2102627175925926 0.20969524537037038 0.2091888912037037 0.20958616898148147 0.2029398425925926 0.20771641898148147 0.2019306550925926 0.19845856944444443 0.20209225 0.19662518055555556 0.2031660787037037 0.19479178935185185 0.2042399050925926
3 0.22902902546296297 0.25573356018518517 0.2271774560185185 0.2557658796296296 0.21608621759259258 0.2570013032407407 0.21425282638888887 0.25807512962962964 0.21247397453703704 0.2622734814814815 0.21624983333333334 0.266374875 0.21811958333333334 0.2673840625 0.22371065046296296 0.2693701203703704 0.2255622199074074 0.26933780092592596 0.2348018912037037 0.2681346967592593 0.23663528009259258 0.26706087037037035 0.23845049074074073 0.2649455347222222 0.2384323125 0.26390402777777777 0.22902902546296297 0.25573356018518517
3 0.11533790509259259 0.2150032060185185 0.11348633564814815 0.21503552546296298 0.10424666435185186 0.21623862962962961 0.10426484490740741 0.2172801388888889 0.10431938425925925 0.22040466203703704 0.1081497800925926 0.2276305787037037 0.11001953009259259 0.22863976851851853 0.11374084953703703 0.22961663657407408 0.11559241898148148 0.22958431944444443 0.12475937037037037 0.22421518287037034 0.12474118981481482 0.22317367361111112 0.12468665046296296 0.22004915046296297 0.12281690277777778 0.21903996064814815 0.11533790509259259 0.2150032060185185
3 0.05022665740740741 0.30469488194444444 0.048375087962962963 0.3047272013888889 0.03913541666666667 0.30593030555555556 0.037302027777777774 0.3070041319444445 0.03555953472222222 0.3132855 0.039317212962962964 0.31634538425925923 0.04116878240740741 0.3163130648148148 0.04675985185185185 0.318299125 0.048611421296296295 0.3182668055555556 0.05601770138888889 0.3181375277777778 0.05785109027777778 0.3170637013888889 0.05955722453703704 0.3086993171296296 0.057687474537037035 0.3076901273148148 0.05022665740740741 0.30469488194444444
3 0.06692714351851851 0.30648702314814813 0.06509375462962963 0.30756085185185184 0.06142697453703704 0.3097085046296296 0.061445152777777776 0.3107500138888889 0.06155423148148148 0.3169990625 0.06899686805555556 0.31895280092592593 0.07084843981481481 0.3189204814814815 0.0800881087962963 0.3177173773148148 0.08006992824074075 0.3166758680555556 0.08366399074074073 0.3103621828703704 0.08179424074074075 0.3093529930555555 0.07988813194444445 0.30626078935185186 0.0780365625 0.3062931087962963 0.06692714351851851 0.30648702314814813
3 0.0206924375 0.3104195300925926 0.018859048611111113 0.3114933564814815 0.015228627314814815 0.31572402777777775 0.02272580324074074 0.3208022916666667 0.024577372685185186 0.32076997222222225 0.028280513888888886 0.32070533333333334 0.03011390277777778 0.31963150462962964 0.035595893518518516 0.3153685162037037 0.03557771527777778 0.31432700694444443 0.03365342592592593 0.3101932939814815 0.03178367592592593 0.3091841064814815 0.0206924375 0.3104195300925926
3 0.48147161805555555 0.7118139583333333 0.47963822916666665 0.7128877847222223 0.47597144907407407 0.7150354398148148 0.48348680555555557 0.7211552106481481 0.485338375 0.7211228912037037 0.4983175439814815 0.7219381643518519 0.5001509328703704 0.7208643379629629 0.5093542430555555 0.7175782175925925 0.5093360648148147 0.7165367083333334 0.5110785555555556 0.7102553425925926 0.5092088078703704 0.7092461527777778 0.48147161805555555 0.7118139583333333
3 0.10999416435185186 0.6516212986111112 0.10814259490740741 0.6516536180555556 0.10075449537037037 0.6528244050925927 0.09892110416666666 0.6538982314814815 0.08971779398148148 0.6571843518518519 0.08973597453703704 0.6582258587962962 0.0879571226851852 0.6624242106481482 0.09358455092592592 0.6664932847222222 0.09543612037037036 0.6664609652777778 0.1047303287037037 0.6683823865740741 0.10656371759259259 0.6673085578703704 0.11943381018518517 0.6618747824074075 0.11941562962962964 0.660833275462963 0.11934291203703704 0.6566672430555556 0.11747316203703705 0.6556580555555556 0.10999416435185186 0.6516212986111112
3 0.10474850694444443 0.6694238935185185 0.1047666875 0.6704654027777778 0.10111808564814816 0.6736545648148149 0.10676369444444445 0.6787651458333334 0.10861526388888888 0.6787328263888889 0.12342782175925926 0.6784742731481481 0.12340964351851852 0.6774327662037037 0.12144899537037038 0.671216037037037 0.11957924537037037 0.6702068472222222 0.11396999768518519 0.6671792824074074 0.11211842824074074 0.667211599537037 0.10474850694444443 0.6694238935185185