2 0.5809213981481481 0.03551697685185185 0.5793513333333333 0.03694852083333333 0.5776171458333333 0.04590142361111111 0.5760470810185185 0.0473329699074074 0.5693683773148148 0.059565537037037035 0.5696027013888889 0.060580506944444446 0.5689699328703703 0.06607192592592592 0.5673998680555555 0.06750346990740741 0.5568780601851852 0.07955422222222222 0.5571123842592592 0.08056919212962964 0.5504336782407407 0.09280175925925925 0.5506680023148148 0.09381672916666667 0.5491681412037037 0.10378459953703703 0.5475980763888889 0.1052161435185185 0.5337720185185185 0.1276513425925926 0.5340063425925926 0.1286663125 0.5314050625000001 0.14209566666666668 0.5298349976851852 0.14352721064814813 0.512400162037037 0.1667955625 0.5126344861111112 0.16781053009259259 0.5010814652777777 0.1918590925925926 0.499511400462963 0.19329063657407405 0.4780693425925926 0.22389852777777777 0.4764992777777778 0.22533007407407407 0.4702190162037037 0.2310562523148148 0.47045334027777774 0.2320712222222222 0.4651103773148148 0.24185727546296296 0.4635403125 0.24328882175925926 0.4572600532407407 0.249015 0.45749437731481485 0.2500299699074074 0.4280378726851852 0.2953169421296296 0.42827219675925926 0.29633191203703707 0.4178205925925926 0.31691899074074076 0.41805491666666666 0.3179339583333333 0.40577520833333336 0.36353162499999997 0.40420514351851855 0.36496316898148146 0.399799474537037 0.37880909953703706 0.3982294097222222 0.38024064351851855 0.39108205787037037 0.39044327314814814 0.39131638194444446 0.39145824305555554 0.3884807777777778 0.40387262731481477 0.386910712962963 0.40530417361111115 0.37465471990740745 0.4263078263888889 0.3748890439814815 0.42732279629629627 0.3698506087962963 0.4466601458333333 0.36828054398148147 0.44809168981481484 0.35281421759259257 0.4634221087962963 0.35304854166666666 0.4644370763888889 0.35335306944444445 0.4739883726851852 0.35178300462962964 0.47541991666666666 0.34353423379629633 0.4890840300925926 0.34376855787037036 0.490099 0.34290146527777776 0.4945754513888889 0.34133140046296295 0.4960069953703704 0.3268023703703704 0.515397287037037 0.32703669444444444 0.5164122569444444 0.32373244212962965 0.5267967037037037 0.32216237731481484 0.5282282476851852 0.31147644907407407 0.5478003587962963 0.31171077314814816 0.5488153263888889 0.3062738935185185 0.5746590648148148 0.30470382638888893 0.576090611111111 0.30336808564814816 0.578537125 0.3036024097222222 0.5795520925925925 0.3036726134259259 0.5880884189814815 0.3054770023148148 0.5876718425925925 0.3203105601851852 0.5778328472222223 0.3200762361111111 0.5768178773148148 0.3362692476851852 0.5399383564814815 0.33603492361111115 0.538923386574074 0.3361990439814815 0.5314020300925926 0.33776911111111113 0.5299704837962963 0.3448462592592592 0.5112315277777778 0.3464163240740741 0.5097999814814814 0.3709985138888889 0.476329 0.3707641898148148 0.47531403240740744 0.3779115416666667 0.46511140046296295 0.3776772175925926 0.46409643287037033 0.37988005324074076 0.45717346759259264 0.38145011805555556 0.45574192361111115 0.391737599537037 0.4426762013888889 0.39150327546296293 0.4416612337962963 0.4061964282407407 0.41474958333333334 0.40596210416666667 0.41373461342592593 0.4176792453703704 0.38216469675925924 0.4174449212962963 0.38114972685185183 0.42224903472222225 0.3607974074074074 0.42381909953703706 0.3593658634259259 0.42806064583333336 0.35304129166666665 0.4278263217592592 0.35202632175925924 0.43176334027777774 0.3361504560185185 0.4333334074074074 0.33471890972222224 0.4591109305555556 0.28172876157407406 0.4606809953703704 0.2802972175925926 0.46963273611111106 0.2696780092592593 0.469398412037037 0.26866304166666666 0.47049982870370366 0.26520155787037036 0.4720698958333333 0.2637700138888889 0.4767800902777778 0.25947537962962963 0.4765457662037037 0.25846040972222223 0.4879346666666667 0.24193320833333334 0.48770034259259254 0.2409182384259259 0.4914732407407407 0.23256372916666665 0.4930433055555556 0.2311321851851852 0.5071738912037037 0.21824828009259262 0.5069395671296296 0.2172333125 0.5218670416666666 0.19133662962962963 0.5234371064814815 0.18990508564814815 0.5491207129629629 0.15297262037037035 0.5506907777777778 0.1515410763888889 0.5554009722222223 0.14724644212962965 0.5551666481481482 0.14623147222222221 0.5564321851851852 0.13524863194444445 0.55800225 0.13381708796296296 0.577733837962963 0.08756808796296296 0.5774995138888889 0.08655311805555554 0.5770308657407407 0.08452318055555556 0.5786009305555555 0.08309163657407408 0.6013085277777778 0.0415009050925926 0.6010742037037038 0.04048593518518518 0.6021054166666666 0.02848812731481481 0.6036754837962962 0.027056581018518516 0.6138927615740741 0.005454534722222222 0.6136584374999999 0.004439564814814815 0.6129554675925926 0.001394659722222222 0.5944429282407407 0.0035304814814814817 0.5928728634259259 0.004962027777777778 0.5861239560185185 0.008658268518518518 0.5863582800925926 0.009673238425925925 0.5835226759259259 0.022087622685185184 0.5819526111111111 0.023519166666666667 0.5792811296296296 0.028412194444444445 0.5795154537037037 0.029427164351851855 0.5809213981481481 0.03551697685185185
2 0.5374500578703704 0.21767287731481483 0.5358799930555556 0.2191044212962963 0.5207409675925926 0.30171048379629634 0.5209752916666667 0.3027254513888889 0.5227559675925926 0.32690288657407407 0.5211859027777778 0.32833443055555556 0.5172488819444444 0.3442102986111111 0.5174832060185185 0.34522526851851854 0.5176938148148148 0.37083424768518514 0.51612375 0.3722657916666667 0.507288699074074 0.4245516643518518 0.5075230231481481 0.42556663194444444 0.5086946435185186 0.43064147685185183 0.5107333564814814 0.4312398680555556 0.5127720694444444 0.43183826157407407 0.5145764583333333 0.4314216851851852 0.5181852361111111 0.43058853472222225 0.5179509143518518 0.42957356481481485 0.5203880717592593 0.42366556944444445 0.5201537476851852 0.42265059953703704 0.5340974375 0.35956370601851856 0.5338631134259259 0.3585487361111111 0.5370971620370371 0.33962796296296294 0.536862837962963 0.33861299305555553 0.5339807453703704 0.31789704166666666 0.5355508101851851 0.3164654976851852 0.5375430347222222 0.28393355324074077 0.539113099537037 0.28250200694444444 0.5458155208333333 0.24567542824074073 0.5455811967592593 0.24466045833333336 0.5441752523148148 0.23857064583333332 0.5457453171296296 0.23713910185185186 0.5477138263888889 0.22920116666666668 0.5474795023148148 0.22818619907407406 0.5456049097222222 0.22006644907407408 0.5471749768518519 0.21863490277777778 0.5601576550925926 0.17608214583333334 0.5599233310185185 0.1750671759259259 0.5600874513888888 0.16754581944444447 0.5616575162037036 0.16611427314814814 0.5629932592592592 0.16366775925925925 0.5627589351851852 0.16265279166666669 0.5606500185185185 0.15351807175925924 0.5531981388888889 0.15416940740740742 0.5516280740740741 0.15560095138888888 0.5500580069444444 0.15703249768518518 0.5502923310185186 0.15804746527777777 0.5446211273148148 0.18287623611111112 0.5430510601851852 0.18430778009259258 0.5374737731481481 0.19307886574074076 0.5377080972222222 0.19409383564814814 0.5374500578703704 0.21767287731481483
2 0.46131816666666664 1 0.4611648888888889 0.9985983773148148 0.4627349537037037 0.9971668310185186 0.4630631967592593 0.9821241157407408 0.46463326157407403 0.9806925717592593 0.46707041898148144 0.9747845763888889 0.4668360949074074 0.9737696064814815 0.4651256226851852 0.9581284976851853 0.4666956875 0.9566969537037038 0.4791395162037037 0.9035779305555556 0.4789051921296296 0.9025629606481481 0.4766558703703704 0.8763555902777779 0.4782259351851852 0.8749240439814815 0.4829361296296297 0.8706294097222221 0.48270180555555553 0.8696144421296296 0.4849046412037037 0.8626914768518519 0.48467031712962966 0.8616765069444445 0.4809211319444444 0.8454370069444445 0.4824911967592592 0.8440054606481482 0.47876572685185187 0.8031719490740741 0.4785314027777777 0.8021569814814815 0.47508674768518516 0.795468775462963 0.47665681249999997 0.7940372291666667 0.47581343287037037 0.7739196712962964 0.4773834976851852 0.7724881250000001 0.480945787037037 0.7385246365740741 0.4825158518518518 0.7370930902777778 0.4906944189814815 0.7148926504629629 0.4904600949074074 0.7138776828703703 0.49849825694444444 0.6746045902777779 0.4982639328703704 0.6735896203703704 0.4997875092592593 0.6390277384259259 0.49955318518518516 0.6380127708333333 0.4966008912037037 0.6087604907407408 0.4981709560185185 0.6073289467592593 0.4997647361111111 0.5813033912037037 0.49207853009259256 0.5809397569444444 0.49050846527777775 0.5823713009259259 0.48713401157407404 0.5842194236111111 0.4873683356481482 0.5852343912037037 0.48884448379629625 0.5998605300925925 0.48727441898148144 0.6012920763888888 0.48160321296296293 0.6261208449074074 0.4818375370370371 0.6271358148148147 0.48462571064814813 0.6639094513888888 0.4830556458333333 0.6653409953703703 0.48209463425925925 0.6858751319444444 0.48052456944444444 0.687306675925926 0.46925236111111107 0.7455005439814815 0.46768229629629626 0.746932087962963 0.46484669212962965 0.759346474537037 0.46327662731481484 0.7607780185185186 0.45596515509259256 0.7785020069444444 0.45619947916666664 0.779516974537037 0.4668142615740741 0.8337268981481482 0.46524419675925927 0.8351584444444445 0.4686651388888889 0.8664406597222223 0.4670950740740741 0.8678722060185186 0.4655012939814815 0.8938977615740741 0.4639312291666667 0.8953293055555556 0.4626656921296296 0.9063121458333333 0.4610956273148148 0.9077436898148148 0.4575570509259259 0.9171131689814814 0.457791375 0.9181281388888889 0.4585645509259259 0.9297093703703704 0.4569944861111111 0.9311409166666667 0.4414105277777778 0.9871230277777777 0.4416448518518518 0.9881379976851852 0.4432390763888889 1 0.46131816666666664 1
2 0.8586000601851852 0.8266632291666667 0.8567956712962963 0.8270798055555555 0.8435321782407407 0.8354872569444445 0.8437665023148149 0.8365022268518518 0.8373221226851852 0.8497497638888889 0.8357520578703704 0.8511813078703704 0.8125056087962963 0.882205775462963 0.8127399328703704 0.8832207453703703 0.7853221412037037 0.9291061111111111 0.7855564652777778 0.9301210810185184 0.7881340300925926 0.941285738425926 0.7899384189814815 0.9408691620370371 0.8028034652777778 0.9389680972222222 0.8043735300925926 0.9375365532407407 0.8077479861111111 0.9356884328703704 0.8075136620370371 0.9346734629629629 0.8137237175925925 0.9204109583333333 0.8152937824074074 0.918979412037037 0.8523662893518519 0.8655197453703705 0.8539363541666667 0.864088201388889 0.8855017731481482 0.8279359467592593 0.8870718402777777 0.8265044027777777 0.9334708171296296 0.780513150462963 0.9352752060185184 0.7800965740740741 0.9480700509259259 0.7696591828703704 0.9498744398148148 0.7692426087962964 0.9636065787037038 0.7628650925925926 0.9502728842592592 0.7627362199074074 0.9487028194444443 0.7641677638888889 0.9432896527777778 0.7654174907407407 0.941719587962963 0.766849037037037 0.9246129930555556 0.7750746712962964 0.9228086041666667 0.7754912476851852 0.9101778819444445 0.7784072800925926 0.9086078148148148 0.7798388263888889 0.8586000601851852 0.8266632291666667
2 0.7572971782407407 0.7912521689814815 0.7575315023148148 0.7922671388888889 0.7545317777777777 0.8122028819444445 0.7529617129629629 0.8136344259259259 0.7465173310185186 0.826881962962963 0.7467516550925927 0.8278969328703704 0.7486262476851852 0.8360166828703703 0.7470561828703703 0.8374482268518518 0.743822136574074 0.8563690023148148 0.7422520694444444 0.8578005462962963 0.7246293981481481 0.9131842662037037 0.7230593333333333 0.9146158101851852 0.7168492777777777 0.9288783171296296 0.7170836018518519 0.9298932847222223 0.7208327847222222 0.946132787037037 0.7226371736111111 0.9457162106481481 0.7247698055555555 0.9302569189814816 0.7263398703703703 0.9288253750000001 0.7368616782407408 0.9167746226851852 0.7366273541666667 0.9157596527777777 0.7510861805555555 0.8878330347222223 0.7508518564814814 0.8868180648148148 0.7632017662037037 0.8497567268518518 0.7629674421296296 0.8487417592592592 0.7721070208333333 0.8060071828703704 0.7736770856481482 0.8045756388888889 0.7856285509259259 0.7740206898148148 0.7871986157407407 0.7725891435185185 0.7938773217592592 0.7603565763888889 0.7936429976851852 0.7593416064814815 0.7929400254629629 0.7562967013888888 0.7798406527777778 0.7571827939814815 0.778270587962963 0.7586143402777777 0.7767005231481482 0.7600458842592593 0.7769348472222222 0.7610608541666666 0.7697874953703704 0.7712634837962964 0.7700218194444445 0.7722784537037037 0.7664832430555556 0.7816479305555555 0.7649131782407408 0.7830794768518518 0.7572971782407407 0.7912521689814815
2 0.6591661898148148 0.7644736319444445 0.6718698842592593 0.768663625 0.6871363402777777 0.7719145092592592 0.7178636296296297 0.7752441712962963 0.7187813703703704 0.7752061226851852 0.7207310393518519 0.775624625 0.7341772986111111 0.7763423310185185 0.7615534236111111 0.778534712962963 0.7627643541666667 0.7784288703703703 0.7643639004629629 0.7719790555555556 0.7651293078703704 0.7712811759259259 0.7014167430555555 0.7668802777777778 0.6996192060185186 0.767121548611111 0.6538274351851853 0.762752775462963 0.6076852060185186 0.7515158726851852 0.6033479027777778 0.755470513888889 0.6019959120370371 0.7563039236111111 0.6091436134259259 0.7591706597222222 0.6102517175925926 0.759957173611111 0.6298365694444444 0.7658593773148148 0.6310855763888888 0.7659184675925926 0.6328562638888889 0.7668994583333334 0.6458950787037038 0.7671900625 0.6591661898148148 0.7644736319444445
3 0.45691091898148145 0.04169664814814814 0.4551065300925926 0.04211322453703704 0.44294445370370367 0.047059194444444445 0.4431787777777778 0.048074164351851856 0.4416789166666667 0.058042034722222226 0.44191324074074073 0.05905700462962963 0.4440221574074074 0.06819172222222222 0.44606087037037034 0.06879011574074075 0.46848671296296296 0.0753724375 0.4702911018518518 0.07495586111111112 0.48519486342592594 0.07365318981481482 0.48676492824074075 0.07222164583333333 0.5009657152777778 0.06787406944444445 0.5025357800925926 0.06644252314814815 0.515096300925926 0.054990164351851854 0.5148619768518519 0.053975196759259256 0.5222436527777778 0.04478753472222222 0.5220093287037036 0.04377256481481481 0.5244464861111111 0.03786456944444444 0.5242121643518518 0.03684959953703704 0.5211659513888889 0.02365500462962963 0.5143468402777778 0.018814921296296295 0.5125424513888889 0.019231497685185187 0.4924598472222222 0.022798863425925926 0.49042113425925926 0.022200472222222226 0.48634370833333335 0.021003685185185184 0.48453931944444445 0.021420261574074076 0.47575169907407405 0.024518111111111112 0.47418163425925924 0.025949655092592592 0.45691091898148145 0.04169664814814814
3 0.5423025416666667 0.06581417824074075 0.5425368657407407 0.06682914583333333 0.5557064398148148 0.07447937731481481 0.5575108287037037 0.07406280324074074 0.5624553472222222 0.07078313657407408 0.5622210231481481 0.06976816666666667 0.5702354699074074 0.05508908564814815 0.5700011458333334 0.05407411805555556 0.5768439722222222 0.034320189814814814 0.5766096481481482 0.03330522222222222 0.5754380277777777 0.028230377314814814 0.5337729583333334 0.0453329837962963 0.5322028935185186 0.04676453009259259 0.5306328287037038 0.04819607407407407 0.5308671527777777 0.049211043981481475 0.5284299953703704 0.055119039351851855 0.5286643194444444 0.056134006944444446 0.5300702638888889 0.06222382175925926 0.5321089768518519 0.06282221296296296 0.5423025416666667 0.06581417824074075
3 0.705869173611111 0.03339717824074074 0.7061034976851852 0.03441214814814814 0.7089153842592593 0.04659177314814814 0.7109540972222221 0.047190166666666665 0.7234909027777777 0.06033181944444444 0.7252952916666666 0.05991524305555556 0.7327471712962963 0.05926390740740741 0.7343172361111111 0.05783236342592593 0.7498537662037037 0.05103827083333333 0.7496194421296296 0.050023303240740745 0.7570011180555555 0.0408356412037037 0.7567667939814814 0.039820671296296295 0.7541892314814815 0.028656016203703703 0.7489401851851852 0.022384386574074072 0.7469014722222221 0.021785993055555557 0.7321618333333333 0.015567305555555555 0.7303574444444444 0.015983881944444445 0.7267486666666666 0.01681703472222222 0.725178599537037 0.018248578703703704 0.7087749791666667 0.02951912037037037 0.7090093032407407 0.03053409027777778 0.705869173611111 0.03339717824074074
3 0.7263279050925926 0 0.7250381944444444 0.001175925925925926 0.7156178032407406 0.009765194444444444 0.7158521273148147 0.010780164351851852 0.7102748402777778 0.01955125 0.7105091643518519 0.02056621759259259 0.7109778125 0.022596155092592593 0.713016525462963 0.023194548611111112 0.7150552384259259 0.02379294212962963 0.7166253032407407 0.022361395833333336 0.7249442754629629 0.017233608796296294 0.7267486666666666 0.01681703472222222 0.7357706111111112 0.014734152777777778 0.7378093240740741 0.015332546296296297 0.743925462962963 0.017127724537037037 0.7457298518518519 0.01671114814814815 0.7633050949074074 0.010515451388888888 0.7648751597222222 0.009083905092592591 0.7682496134259259 0.0072357847222222224 0.7680152893518518 0.00622081712962963 0.7666093449074074 0.00013100462962962962 0.7662358009259259 0 0.7263279050925926 0
3 0.7685501203703703 0 0.7720927152777778 0.0074176018518518514 0.7741314282407408 0.00801599537037037 0.7838563449074074 0.008978020833333334 0.7856607337962963 0.008561444444444444 0.8109221805555555 0.0027293796296296298 0.8124922453703703 0.001297835648148148 0.813275724537037 0 0.7685501203703703 0
3 0.5506860717592592 0.5631328726851852 0.5527247847222222 0.5637312662037037 0.562918349537037 0.5667232291666666 0.5647227384259259 0.5663066527777778 0.5762520462962963 0.5668521041666666 0.5780564351851852 0.5664355277777778 0.5902185092592593 0.5614895578703704 0.5920228981481481 0.5610729814814815 0.5976703888888889 0.5608382222222222 0.5992404537037037 0.5594066782407408 0.5979986319444445 0.5457955069444445 0.5855320300925926 0.5411901805555556 0.5837276412037037 0.5416067569444445 0.5762757592592593 0.5422580925925926 0.5747056944444444 0.5436896365740741 0.5609735555555555 0.5500671527777777 0.5594034907407407 0.5514986967592592 0.5502174236111111 0.5611029351851852 0.5504517476851851 0.5621179027777777 0.5506860717592592 0.5631328726851852
3 0.6080745648148148 0.5894391666666666 0.6083088888888889 0.5904541342592593 0.6133938125 0.6042471226851852 0.615432525462963 0.6048455162037037 0.6297035185185186 0.6090342638888889 0.6315079074074075 0.6086176898148148 0.6497861203703704 0.6054668981481481 0.6513561851851852 0.6040353518518518 0.6521530763888889 0.5910225740740741 0.6537231412037037 0.5895910300925926 0.6613391412037037 0.5814183356481482 0.6631435300925926 0.5810017615740741 0.6680880486111112 0.5777220949074073 0.6678537245370371 0.5767071273148149 0.6680178472222222 0.5691857685185185 0.6614330601851852 0.5653606527777778 0.6596286689814815 0.5657772291666666 0.6499037523148148 0.5648152013888889 0.6480993634259259 0.5652317777777778 0.6282510856481481 0.5698141134259259 0.6266810208333333 0.5712456597222222 0.6181277222222222 0.5753584768518519 0.6165576574074074 0.5767900208333333 0.6080745648148148 0.5894391666666666
3 0.6631435300925926 0.5810017615740741 0.6615734652777777 0.5824333055555555 0.6539574652777779 0.5906059976851852 0.6541917893518518 0.5916209675925925 0.6536292222222222 0.605648712962963 0.6556679351851853 0.6062471064814815 0.6624870462962963 0.6110871921296296 0.6645257592592593 0.6116855856481481 0.6726806111111111 0.6140791550925926 0.674485 0.6136625787037038 0.6803668148148148 0.6144427893518518 0.6821712060185185 0.6140262129629629 0.6963719930555555 0.6096786365740741 0.6979420578703703 0.6082470902777778 0.7082997430555555 0.6037176967592592 0.7098698078703704 0.6022861527777778 0.721328912037037 0.594295275462963 0.7210945879629629 0.5932803078703704 0.7240003935185185 0.58940225 0.7237660694444444 0.5883872800925926 0.7214228287037037 0.5782375925925926 0.7146037175925926 0.5733975069444445 0.7125650046296296 0.5727991134259259 0.698528337962963 0.5696253333333333 0.696723949074074 0.5700419097222222 0.6892720694444444 0.5706932453703704 0.6877020046296296 0.5721247893518518 0.6716968263888888 0.5768889421296296 0.670126761574074 0.578320488425926 0.6631435300925926 0.5810017615740741
3 0.6917092268518518 0.56478525 0.691943550925926 0.5658002175925926 0.6906078101851852 0.5682467314814814 0.6908421342592592 0.5692616990740741 0.6982940138888888 0.5686103657407408 0.7003327268518519 0.5692087569444444 0.7186811458333333 0.5745942939814815 0.7189154675925926 0.575609261574074 0.7277732939814814 0.5810477384259259 0.7295776828703703 0.5806311643518518 0.7408726643518518 0.5801616458333333 0.7426770532407407 0.5797450694444445 0.7514646736111111 0.5766472199074074 0.751230349537037 0.5756322500000001 0.7561748680555556 0.5723525856481482 0.7559405439814815 0.5713376157407407 0.7590806759259259 0.5684745277777777 0.7588463518518518 0.5674595578703704 0.7574404074074074 0.5613697453703703 0.7528943333333333 0.5581430208333333 0.7508556203703703 0.5575446296296297 0.7470125185185185 0.5573628125 0.7452081296296297 0.5577793888888889 0.7233211365740742 0.5617633310185185 0.7212824236111111 0.5611649398148147 0.7004968472222223 0.561687400462963 0.6986924583333334 0.5621039768518519 0.6917092268518518 0.56478525
3 0.6273128472222221 0.648072599537037 0.6293515601851851 0.6486709907407407 0.6348349305555556 0.6559575902777778 0.6368736435185185 0.6565559814814814 0.6482388287037038 0.6646227916666667 0.6502775416666666 0.6652211828703704 0.6581980694444445 0.6665997847222223 0.6600024583333334 0.6661832106481482 0.678046349537037 0.662017449074074 0.6778120254629629 0.6610024814814814 0.6646424513888889 0.6533522476851852 0.6644081273148148 0.6523372800925926 0.6632365069444445 0.6472624351851851 0.6648065717592593 0.6458308912037037 0.668181025462963 0.6439827708333333 0.6679467013888889 0.642967800925926 0.6677123773148148 0.6419528333333333 0.6656736643518519 0.6413544398148148 0.661596238425926 0.6401576527777778 0.6613619143518519 0.6391426851851852 0.6604246180555555 0.6350828101851852 0.6619946828703703 0.6336512638888889 0.6751879722222222 0.6167074861111111 0.6634243425925925 0.6151470671296296 0.6616199537037036 0.6155636435185186 0.645849101851852 0.6213427638888889 0.6442790347222223 0.6227743101851851 0.6328199328703704 0.6307651851851852 0.6330542569444445 0.6317801550925927 0.6256725787037036 0.6409678171296297 0.6259069027777777 0.6419827847222223 0.6273128472222221 0.648072599537037
3 0.5809850138888889 0.6202818171296296 0.581219337962963 0.6212967870370371 0.5787821805555556 0.6272047824074074 0.5790165046296296 0.6282197523148149 0.5815940694444445 0.6393844074074074 0.5836327824074073 0.639982800925926 0.5863744675925926 0.643626099537037 0.5884131805555556 0.6442244930555555 0.5986067453703704 0.6472164560185185 0.6004111342592593 0.6467998819444445 0.6186893472222222 0.6436490902777777 0.620259412037037 0.6422175439814815 0.6252039328703703 0.6389378796296297 0.6249696087962963 0.6379229097222222 0.6303125717592593 0.6281368564814814 0.6300782476851852 0.6271218865740741 0.628367775462963 0.6114807777777778 0.6258604143518518 0.608852449074074 0.6238217013888888 0.6082540555555556 0.6136281365740741 0.6052620902777778 0.6118237476851852 0.6056786666666667 0.597388636574074 0.609011275462963 0.5958185717592592 0.6104428194444445 0.5872652731481481 0.614555638888889 0.5856952083333333 0.6159871828703705 0.5809850138888889 0.6202818171296296
3 0.5899111597222222 0.7988933402777777 0.5901454837962963 0.7999083078703704 0.5906843356481482 0.8104745740740741 0.5927230486111111 0.8110729652777777 0.5931916967592592 0.8131029027777777 0.5952304097222223 0.8137012962962963 0.6033852615740741 0.8160948680555555 0.605189650462963 0.8156782916666666 0.6149145671296297 0.8166403171296296 0.6167189560185186 0.8162237407407408 0.6293496782407407 0.8133077106481481 0.6309197430555555 0.8118761643518518 0.6363329120370371 0.8106264375000001 0.6379029768518519 0.8091948912037038 0.6446518842592593 0.805498650462963 0.6444175601851853 0.8044836805555555 0.6488934305555555 0.7991740787037037 0.6486591064814815 0.7981591087962963 0.6508619398148148 0.7912361435185185 0.6397310787037037 0.7841843055555556 0.6376923657407407 0.7835859120370371 0.6274988009259259 0.7805939490740741 0.625694412037037 0.7810105231481481 0.6110249768518519 0.7833281643518518 0.6094549120370369 0.7847597083333333 0.6006672893518519 0.7878575578703704 0.5990972245370371 0.7892891018518519 0.5899111597222222 0.7988933402777777
3 0.5618141111111111 0.8171397893518518 0.5638528240740741 0.8177381828703704 0.5727106481481482 0.8231766597222223 0.5747493611111111 0.8237750532407406 0.578592462962963 0.8239568703703704 0.5801625277777778 0.8225253240740741 0.5961677037037036 0.8177611712962963 0.5959333819444445 0.8167462037037038 0.5888799467592593 0.8108911481481482 0.5886456226851852 0.8098761805555555 0.5874740023148148 0.8048013356481482 0.5890440671296296 0.8033697916666667 0.5881067708333334 0.7993099166666666 0.5896768356481482 0.7978783703703703 0.5957227708333334 0.7911372222222222 0.5954884467592593 0.7901222546296296 0.5965898634259259 0.7866607708333333 0.5868649467592593 0.7856987453703703 0.5850605578703704 0.7861153217592592 0.5726641597222222 0.7900463217592593 0.5710940949074074 0.7914778680555555 0.5643451851851852 0.7951741087962964 0.5645795092592593 0.7961890787037037 0.5574321574074074 0.8063917083333334 0.5576664814814815 0.8074066782407407 0.5618141111111111 0.8171397893518518
3 0.6108134259259259 0.8400375439814814 0.6126178148148148 0.8396209675925925 0.6272872523148147 0.8373033287037037 0.6288573171296297 0.8358717824074074 0.6392150023148148 0.8313423888888889 0.6389806782407407 0.8303274212962962 0.6398477708333333 0.8258509699074075 0.6092670763888889 0.8168750763888889 0.6074626875 0.8172916527777778 0.5982064189814814 0.8183595648148149 0.5966363518518518 0.8197911087962964 0.5950662870370371 0.8212226550925926 0.5953006111111111 0.8222376226851852 0.5992841203703704 0.8394920925925925 0.6010885092592593 0.8390755162037037 0.6108134259259259 0.8400375439814814
3 0.6714596805555556 0.822829050925926 0.6730297453703704 0.8213975069444445 0.6802473009259259 0.8197312037037037 0.6818173657407407 0.8182996574074074 0.6885662754629629 0.8146034166666667 0.6901363402777777 0.8131718703703704 0.6993224050925926 0.8035676342592593 0.6990880810185186 0.8025526643518518 0.6974478125 0.7954478819444445 0.6872542476851853 0.7924559189814815 0.6854498587962963 0.7928724953703704 0.6676402939814815 0.798053224537037 0.6660702291666667 0.7994847685185185 0.6607272638888888 0.8092708240740741 0.660961587962963 0.8102857916666666 0.6581259861111112 0.8227001782407407 0.660164699074074 0.8232985694444445 0.6714596805555556 0.822829050925926
3 0.6286002175925925 0.7771324652777778 0.6288345416666666 0.7781474351851853 0.6293031898148148 0.7801773726851852 0.6313419027777778 0.7807757638888888 0.6633285439814814 0.7958414699074075 0.6651329328703703 0.7954248935185185 0.6741548773148148 0.7933420138888889 0.6757249421296296 0.7919104675925926 0.6804351365740741 0.7876158333333334 0.6802008125 0.7866008657407407 0.6809977037037037 0.7735880879629629 0.6719055555555555 0.7671346412037038 0.6698668425925925 0.7665362476851852 0.6522213958333333 0.7641956203703703 0.6504170069444444 0.7646121967592593 0.6413950625 0.7666950763888889 0.6398249976851852 0.7681266203703703 0.6346461550925926 0.7703913171296297 0.6330760902777778 0.771822863425926 0.6286002175925925 0.7771324652777778
3 0.4996907685185185 0.9020404999999999 0.5017294814814816 0.9026388935185184 0.5144304074074074 0.9082591875 0.5162347962962963 0.9078426111111112 0.5221166111111111 0.9086228217592592 0.5239210000000001 0.9082062453703704 0.5329429444444445 0.9061233657407407 0.534513011574074 0.9046918194444444 0.5405589467592593 0.8979506712962964 0.5403246226851851 0.8969357037037037 0.5389186782407408 0.8908458912037036 0.525678900462963 0.8746593310185184 0.523874511574074 0.8750759074074074 0.5164226319444444 0.8757272430555555 0.5148525671296297 0.877158787037037 0.5047292060185185 0.882703150462963 0.5049635300925926 0.8837181203703705 0.49915191666666664 0.8914742361111111 0.4993862407407408 0.8924892060185186 0.4996907685185185 0.9020404999999999
3 0.4807095810185185 0.9021463865740741 0.48274829398148145 0.9027447777777778 0.49835502777777774 0.9044870138888889 0.49992509259259255 0.9030554699074074 0.4980505 0.8949357199074074 0.4996205648148148 0.8935041736111111 0.5002533333333333 0.8880127546296296 0.5018233981481481 0.8865812083333333 0.5062992708333334 0.8812716064814815 0.5081036597222222 0.8808550300925927 0.5182270208333334 0.8753106666666667 0.502854613425926 0.8745834004629629 0.5010502245370371 0.8749999768518519 0.4902238888888889 0.8774994328703704 0.4886538240740741 0.8789309768518518 0.4852793703703704 0.8807790972222223 0.4855136944444445 0.8817940671296297 0.4801707314814814 0.8915801203703704 0.48040505555555557 0.8925950902777778 0.4807095810185185 0.9021463865740741
3 0.571303761574074 0.8994052060185185 0.5710694398148148 0.8983902384259259 0.5712335601851852 0.8908688796296296 0.572803625 0.8894373356481481 0.5826926620370371 0.8828780023148148 0.5616025601851852 0.8738491689814815 0.5597981712962963 0.8742657453703703 0.5501434583333333 0.8818400462962963 0.5503777824074074 0.8828550138888889 0.5517837245370371 0.8889448263888888 0.5538224375 0.8895432199074074 0.5625161412037036 0.9025030555555555 0.5643205300925926 0.9020864791666667 0.571303761574074 0.8994052060185185
3 1 0.7689325416666667 0.9952886921296297 0.7683795023148149 0.9934843032407408 0.7687960787037037 0.9761433842592593 0.7760067453703704 0.9745733194444445 0.7774382893518519 0.9708004212962963 0.785792800925926 0.9710347453703704 0.7868077685185185 0.974479400462963 0.793495974537037 0.9765181134259259 0.7940943680555556 0.9835715486111112 0.7999494212962963 0.985610261574074 0.8005478148148149 1 0.8012285902777777 1 0.7689325416666667
3 1 0.7323198148148149 0.9943049074074074 0.7311892893518519 0.9925005185185185 0.7316058657407408 0.9691136643518519 0.7455576805555556 0.9675435995370371 0.746989224537037 0.9662078587962962 0.7494357384259259 0.9682465717592592 0.7500341319444445 0.9827518865740741 0.755237849537037 0.984556275462963 0.754821275462963 1 0.753163462962963 1 0.7323198148148149
3 0.9425448958333333 0.3176504513888889 0.9445836087962962 0.3182488449074074 0.9470909699074075 0.32087717592592596 0.9491296828703704 0.3214755671296296 0.9615962847222222 0.32608089351851854 0.9634006736111111 0.3256643171296296 0.9665408032407408 0.32280122685185186 0.9663064814814815 0.32178625925925924 0.9590424351851852 0.29032222453703704 0.9533949444444445 0.2905569837962963 0.9518248796296297 0.29198853009259257 0.9471146851851852 0.29628316435185187 0.9473490092592592 0.29729813194444443 0.9428731388888889 0.3026077361111111 0.9431074629629629 0.30362270601851854 0.9411389513888889 0.3115606388888889 0.9413732754629629 0.3125756087962963 0.9425448958333333 0.3176504513888889