2 0.8428125000000001 0.14981481481481482 0.8372916666666667 0.16685185185185183 0.8252083333333333 0.27722222222222226 0.8382291666666667 0.2790740740740741 0.8561458333333334 0.02888888888888889 0.8459375 0.05018518518518519 0.8453125 0.05037037037037037 0.8398958333333333 0.12351851851851851 0.8428125000000001 0.14981481481481482
3 0.009375 0.014814814814814815 0.009375 0.016666666666666666 0.007291666666666667 0.044444444444444446 0.007291666666666667 0.046296296296296294 0.007291666666666667 0.12222222222222222 0.00625 0.12407407407407407 0.004166666666666667 0.24259259259259258 0.004166666666666667 0.24444444444444444 0.004166666666666667 0.3907407407407408 0.005208333333333333 0.3925925925925926 0.005208333333333333 0.46851851851851856 0.00625 0.4703703703703703 0.007291666666666667 0.4962962962962963 0.008333333333333333 0.4981481481481481 0.02291666666666667 0.5499999999999999 0.02395833333333333 0.5518518518518518 0.04479166666666667 0.5907407407407407 0.04479166666666667 0.5925925925925926 0.052083333333333336 0.6092592592592593 0.053125 0.6111111111111112 0.08541666666666667 0.6648148148148147 0.08645833333333333 0.6648148148148147 0.11145833333333333 0.6925925925925925 0.1125 0.6944444444444444 0.12604166666666666 0.7185185185185184 0.12708333333333333 0.7185185185185184 0.13229166666666667 0.7240740740740741 0.13333333333333333 0.7240740740740741 0.19166666666666665 0.7648148148148147 0.19270833333333334 0.7648148148148147 0.20729166666666665 0.7722222222222223 0.20833333333333334 0.7722222222222223 0.225 0.7759259259259259 0.22604166666666667 0.7777777777777778 0.24479166666666666 0.7888888888888889 0.24583333333333335 0.7888888888888889 0.27187500000000003 0.7888888888888889 0.2729166666666667 0.7907407407407407 0.3229166666666667 0.7962962962962963 0.3239583333333333 0.7944444444444444 0.3572916666666667 0.7888888888888889 0.35833333333333334 0.7870370370370371 0.371875 0.7833333333333333 0.3729166666666667 0.7814814814814816 0.390625 0.7722222222222223 0.39166666666666666 0.7703703703703704 0.4104166666666667 0.7481481481481481 0.4114583333333333 0.7462962962962962 0.4177083333333333 0.7333333333333334 0.41875 0.7333333333333334 0.4333333333333333 0.7148148148148148 0.434375 0.7148148148148148 0.4375 0.7129629629629629 0.43854166666666666 0.7111111111111111 0.446875 0.6981481481481482 0.4479166666666667 0.6981481481481482 0.4822916666666667 0.6666666666666666 0.48333333333333334 0.6648148148148147 0.4947916666666667 0.6518518518518519 0.4958333333333333 0.65 0.49895833333333334 0.6407407407407407 0.5 0.6388888888888888 0.5135416666666667 0.6185185185185185 0.5145833333333334 0.6166666666666666 0.525 0.5962962962962963 0.525 0.5944444444444444 0.53125 0.5777777777777777 0.53125 0.575925925925926 0.5322916666666666 0.5703703703703704 0.5333333333333333 0.5685185185185185 0.5437500000000001 0.5462962962962963 0.5437500000000001 0.5444444444444444 0.5729166666666666 0.45185185185185184 0.5729166666666666 0.45 0.5770833333333334 0.42962962962962964 0.5770833333333334 0.4277777777777778 0.5812499999999999 0.3925925925925926 0.5812499999999999 0.3907407407407408 0.584375 0.3574074074074074 0.584375 0.35555555555555557 0.584375 0.30925925925925923 0.5854166666666667 0.3074074074074074 0.5864583333333333 0.30185185185185187 0.5864583333333333 0.3 0.5833333333333334 0.2759259259259259 0.5833333333333334 0.2740740740740741 0.5833333333333334 0.24444444444444444 0.5822916666666667 0.24259259259259258 0.5812499999999999 0.21851851851851853 0.5812499999999999 0.21666666666666665 0.5822916666666667 0.1962962962962963 0.5812499999999999 0.19444444444444445 0.578125 0.14814814814814814 0.5770833333333334 0.1462962962962963 0.5729166666666666 0.12222222222222222 0.571875 0.12037037037037036 0.56875 0.10925925925925926 0.56875 0.10740740740740741 0.5635416666666666 0.06666666666666667 0.5625 0.06481481481481481 0.5583333333333333 0.044444444444444446 0.5572916666666666 0.04259259259259259 0.5479166666666666 0.016666666666666666 0.546875 0.016666666666666666 0.5333333333333333 0.011111111111111112 0.5322916666666666 0.011111111111111112 0.5125000000000001 0.012962962962962963 0.5114583333333333 0.011111111111111112 0.4552083333333333 0.009259259259259259 0.45416666666666666 0.009259259259259259 0.3479166666666667 0.011111111111111112 0.346875 0.009259259259259259 0.025 0.007407407407407408 0.015625 0.009259259259259259 0.014583333333333334 0.011111111111111112 0.009375 0.014814814814814815
3 0.4177083333333333 0.7555555555555555 0.4166666666666667 0.7555555555555555 0.409375 0.7648148148148147 0.4083333333333333 0.7648148148148147 0.384375 0.7870370370370371 0.3833333333333333 0.7870370370370371 0.3625 0.7962962962962963 0.3614583333333333 0.7962962962962963 0.321875 0.8037037037037037 0.3208333333333333 0.8037037037037037 0.3052083333333333 0.8037037037037037 0.3041666666666667 0.8018518518518518 0.2583333333333333 0.7944444444444444 0.2572916666666667 0.7944444444444444 0.23958333333333334 0.7944444444444444 0.23854166666666665 0.7962962962962963 0.23541666666666666 0.7981481481481482 0.234375 0.8 0.21666666666666665 0.8722222222222222 0.21666666666666665 0.8740740740740741 0.215625 0.8907407407407407 0.21458333333333335 0.8925925925925926 0.21354166666666666 0.9037037037037037 0.2125 0.9055555555555556 0.21041666666666667 0.9129629629629629 0.21041666666666667 0.9148148148148147 0.20520833333333335 0.9592592592592593 0.20520833333333335 0.9611111111111111 0.20416666666666666 0.9870370370370369 0.20520833333333335 0.9888888888888888 0.45416666666666666 0.9907407407407407 0.4552083333333333 0.9888888888888888 0.4614583333333333 0.9870370370370369 0.4625 0.9851851851851853 0.4791666666666667 0.9666666666666667 0.4802083333333333 0.9666666666666667 0.4895833333333333 0.9611111111111111 0.490625 0.9611111111111111 0.5083333333333333 0.9574074074074075 0.509375 0.9555555555555556 0.5177083333333333 0.95 0.5187499999999999 0.9481481481481482 0.5343749999999999 0.9314814814814815 0.5354166666666667 0.9314814814814815 0.546875 0.924074074074074 0.5479166666666666 0.924074074074074 0.5802083333333333 0.9166666666666666 0.5812499999999999 0.9148148148148147 0.5833333333333334 0.9037037037037037 0.5833333333333334 0.9018518518518519 0.5822916666666667 0.8814814814814815 0.5812499999999999 0.8796296296296297 0.5791666666666666 0.8592592592592593 0.578125 0.8574074074074074 0.56875 0.8222222222222222 0.56875 0.8203703703703703 0.5656249999999999 0.8 0.5645833333333333 0.7981481481481482 0.546875 0.7481481481481481 0.5458333333333334 0.7462962962962962 0.5322916666666666 0.7148148148148148 0.53125 0.7129629629629629 0.5 0.6666666666666666 0.49895833333333334 0.6666666666666666 0.4927083333333333 0.6629629629629629 0.4375 0.7203703703703703 0.43645833333333334 0.7222222222222222 0.4177083333333333 0.7555555555555555
3 0.0125 0.8462962962962963 0.0125 0.85 0.009375 0.8611111111111112 0.009375 0.8648148148148148 0.008333333333333333 0.8666666666666666 0.004166666666666667 0.862962962962963 0.008333333333333333 0.8685185185185185 0.005208333333333333 0.8796296296296297 0.058333333333333334 0.8944444444444444 0.058333333333333334 0.9037037037037037 0.057291666666666664 0.9055555555555556 0.057291666666666664 0.9092592592592593 0.05 0.9333333333333333 0.05 0.9425925925925925 0.051041666666666666 0.9444444444444444 0.051041666666666666 0.9481481481481482 0.053125 0.9481481481481482 0.058333333333333334 0.9537037037037037 0.0625 0.9537037037037037 0.06354166666666666 0.9555555555555556 0.06979166666666667 0.9555555555555556 0.07083333333333333 0.9574074074074075 0.07395833333333333 0.9574074074074075 0.075 0.9555555555555556 0.08125 0.9555555555555556 0.08229166666666667 0.9537037037037037 0.10625 0.9518518518518518 0.10729166666666667 0.95 0.1125 0.95 0.11354166666666667 0.9481481481481482 0.11666666666666667 0.9481481481481482 0.11770833333333333 0.9462962962962963 0.12291666666666667 0.9462962962962963 0.12395833333333332 0.9444444444444444 0.12708333333333333 0.9444444444444444 0.12708333333333333 0.9185185185185185 0.125 0.9111111111111112 0.11666666666666667 0.8907407407407407 0.10520833333333333 0.8481481481481481 0.103125 0.8444444444444444 0.09895833333333333 0.8407407407407407 0.09479166666666668 0.8407407407407407 0.09568452314814815 0.8320105810185184 0.08854166666666667 0.811111111111111 0.090625 0.8092592592592593 0.090625 0.8074074074074075 0.084375 0.8018518518518518 0.08258928472222221 0.7970899467592593 0.078125 0.7907407407407407 0.07931547685185185 0.7883597893518519 0.07708333333333332 0.7851851851851852 0.07604166666666667 0.7796296296296297 0.075 0.7814814814814816 0.03556547685185185 0.7529100532407407 0.03229166666666666 0.7314814814814815 0.03229166666666666 0.7388888888888888 0.03125 0.7407407407407407 0.03050595138888889 0.749338625 0.005208333333333333 0.7314814814814815 0.004166666666666667 0.7333333333333334 0.003125 0.7370370370370369 0.003125 0.8444444444444444 0.004166666666666667 0.8462962962962963 0.0125 0.8462962962962963
3 0.7520833333333333 0.9870370370370369 0.7520833333333333 0.9888888888888888 0.7520833333333333 0.9907407407407407 0.753125 0.9925925925925926 0.7635416666666667 0.9925925925925926 0.7645833333333334 0.9907407407407407 0.7833333333333333 0.975925925925926 0.784375 0.975925925925926 0.79375 0.9796296296296296 0.7947916666666667 0.9777777777777777 0.7947916666666667 0.9722222222222222 0.79375 0.9703703703703703 0.7916666666666666 0.9666666666666667 0.790625 0.9666666666666667 0.7854166666666667 0.9666666666666667 0.7614583333333333 0.9722222222222222 0.7604166666666666 0.9740740740740741 0.7520833333333333 0.9870370370370369
3 0.703125 0.19814814814814813 0.7041666666666666 0.19814814814814813 0.709375 0.20555555555555555 0.7104166666666666 0.20555555555555555 0.7125 0.20555555555555555 0.7135416666666666 0.2037037037037037 0.7197916666666666 0.19814814814814813 0.7197916666666666 0.1962962962962963 0.7208333333333333 0.18888888888888888 0.7197916666666666 0.18703703703703703 0.7166666666666667 0.1796296296296296 0.715625 0.1796296296296296 0.7072916666666667 0.17592592592592593 0.7020833333333334 0.18518518518518517 0.7020833333333334 0.18703703703703703 0.703125 0.19814814814814813
3 0.6989583333333333 0.16666666666666666 0.6989583333333333 0.1685185185185185 0.7020833333333334 0.17777777777777778 0.703125 0.17777777777777778 0.709375 0.17407407407407408 0.7104166666666666 0.17222222222222225 0.7114583333333334 0.16666666666666666 0.7114583333333334 0.16481481481481483 0.7083333333333334 0.1574074074074074 0.7072916666666667 0.1574074074074074 0.7041666666666666 0.15555555555555556 0.7010416666666667 0.15925925925925924 0.7010416666666667 0.1611111111111111 0.6989583333333333 0.16666666666666666
3 0.6885416666666666 0.18518518518518517 0.6895833333333333 0.18703703703703703 0.6916666666666667 0.1962962962962963 0.6927083333333334 0.1962962962962963 0.696875 0.2 0.6979166666666666 0.19814814814814813 0.7010416666666667 0.19444444444444445 0.7010416666666667 0.1925925925925926 0.7020833333333334 0.17407407407407408 0.7010416666666667 0.17222222222222225 0.6979166666666666 0.1611111111111111 0.696875 0.1611111111111111 0.69375 0.1611111111111111 0.6895833333333333 0.17222222222222225 0.6895833333333333 0.17407407407407408 0.6885416666666666 0.18518518518518517
3 0.721875 0.19814814814814813 0.7229166666666667 0.2 0.7239583333333334 0.20555555555555555 0.725 0.20555555555555555 0.7333333333333334 0.2037037037037037 0.734375 0.20185185185185187 0.7375 0.1962962962962963 0.7375 0.19444444444444445 0.7364583333333333 0.18333333333333335 0.7354166666666666 0.1814814814814815 0.73125 0.1796296296296296 0.7229166666666667 0.18888888888888888 0.7229166666666667 0.19074074074074077 0.721875 0.19814814814814813
3 0.8291666666666666 0.5611111111111111 0.8302083333333333 0.5592592592592592 0.8385416666666666 0.5518518518518518 0.8385416666666666 0.5499999999999999 0.834375 0.5333333333333333 0.8333333333333334 0.5314814814814814 0.83125 0.5277777777777778 0.8302083333333333 0.5277777777777778 0.825 0.5240740740740741 0.8239583333333333 0.5240740740740741 0.81875 0.5240740740740741 0.81875 0.5574074074074075 0.8197916666666666 0.5574074074074075 0.8291666666666666 0.5611111111111111
3 0.80625 0.5685185185185185 0.8072916666666666 0.5666666666666667 0.8104166666666667 0.5666666666666667 0.8114583333333334 0.5648148148148148 0.8166666666666667 0.5574074074074075 0.8166666666666667 0.5555555555555556 0.81875 0.5388888888888889 0.8177083333333334 0.5370370370370371 0.815625 0.5259259259259259 0.8145833333333333 0.5259259259259259 0.8072916666666666 0.5222222222222223 0.8052083333333334 0.5296296296296297 0.8052083333333334 0.5314814814814814 0.80625 0.5685185185185185
3 0.7802083333333334 0.587037037037037 0.78125 0.5888888888888889 0.7833333333333333 0.5944444444444444 0.784375 0.5944444444444444 0.7885416666666666 0.5944444444444444 0.7895833333333334 0.5925925925925926 0.790625 0.5666666666666667 0.7895833333333334 0.5648148148148148 0.7822916666666666 0.5611111111111111 0.7791666666666667 0.5648148148148148 0.7791666666666667 0.5666666666666667 0.7802083333333334 0.587037037037037
3 0.10625 0.7222222222222222 0.10625 0.7296296296296296 0.10104166666666667 0.7388888888888888 0.10729166666666667 0.7388888888888888 0.10833333333333332 0.7407407407407407 0.10104166666666667 0.75 0.10208333333333333 0.7518518518518519 0.10208333333333333 0.7611111111111112 0.10416666666666667 0.7666666666666666 0.10416666666666667 0.774074074074074 0.103125 0.7759259259259259 0.103125 0.7814814814814816 0.10208333333333333 0.7833333333333333 0.10208333333333333 0.7870370370370371 0.103125 0.7888888888888889 0.103125 0.7981481481481482 0.10520833333333333 0.8018518518518518 0.10729166666666667 0.8018518518518518 0.10833333333333332 0.8 0.11041666666666668 0.8 0.11145833333333333 0.7981481481481482 0.11354166666666667 0.7981481481481482 0.11458333333333333 0.7962962962962963 0.11666666666666667 0.7962962962962963 0.11770833333333333 0.7944444444444444 0.11979166666666667 0.7944444444444444 0.12083333333333333 0.7925925925925925 0.12291666666666667 0.7925925925925925 0.12395833333333332 0.7907407407407407 0.13229166666666667 0.7870370370370371 0.13090277777777778 0.7969135787037037 0.14210069444444445 0.818672837962963 0.140625 0.825925925925926 0.13020833333333334 0.825925925925926 0.12916666666666665 0.8277777777777778 0.12395833333333332 0.8277777777777778 0.12291666666666667 0.8296296296296296 0.11979166666666667 0.8296296296296296 0.11875 0.8314814814814815 0.11354166666666667 0.8333333333333334 0.1125 0.8370370370370371 0.115625 0.8425925925925926 0.11666666666666667 0.8425925925925926 0.12395833333333332 0.8537037037037037 0.13229166666666667 0.8611111111111112 0.13854166666666667 0.862962962962963 0.140625 0.8666666666666666 0.153125 0.8777777777777778 0.15625 0.8777777777777778 0.15729166666666666 0.8796296296296297 0.16145833333333334 0.8796296296296297 0.1625 0.8814814814814815 0.16666666666666666 0.8814814814814815 0.16770833333333335 0.8833333333333334 0.171875 0.8833333333333334 0.17291666666666666 0.8851851851851852 0.17708333333333334 0.8851851851851852 0.178125 0.887037037037037 0.19895833333333335 0.887037037037037 0.2 0.8851851851851852 0.21145833333333333 0.8833333333333334 0.21145833333333333 0.8796296296296297 0.21354166666666666 0.8740740740740741 0.21354166666666666 0.8611111111111112 0.20520833333333335 0.8537037037037037 0.2 0.8462962962962963 0.196875 0.8444444444444444 0.19479166666666667 0.8407407407407407 0.19375 0.8407407407407407 0.19166666666666665 0.8370370370370371 0.18854166666666666 0.8351851851851853 0.184375 0.8296296296296296 0.171875 0.8296296296296296 0.17083333333333334 0.8277777777777778 0.146875 0.8277777777777778 0.13541666666666666 0.7851851851851852 0.13958333333333334 0.7814814814814816 0.14479166666666665 0.7814814814814816 0.14583333333333334 0.7796296296296297 0.14791666666666667 0.7796296296296297 0.15208333333333335 0.774074074074074 0.15208333333333335 0.7703703703703704 0.15104166666666666 0.7685185185185185 0.15104166666666666 0.7648148148148147 0.15 0.7629629629629631 0.14895833333333333 0.7555555555555555 0.140625 0.7537037037037038 0.13958333333333334 0.7518518518518519 0.13541666666666666 0.7518518518518519 0.134375 0.75 0.13020833333333334 0.75 0.12395833333333332 0.7444444444444445 0.11770833333333333 0.7425925925925926 0.1125 0.7222222222222222 0.11354166666666667 0.7203703703703703 0.1125 0.7111111111111111 0.11145833333333333 0.7111111111111111 0.109375 0.7055555555555556 0.10729166666666667 0.7055555555555556 0.10416666666666667 0.7018518518518518 0.10208333333333333 0.7037037037037037 0.10104166666666667 0.7074074074074075 0.10416666666666667 0.7111111111111111 0.10104166666666667 0.7166666666666667 0.10625 0.7222222222222222
1 0.8433333333333333 0.2062962962962963 0.8440624999999999 0.16444444444444445 0.8371875000000001 0.1637037037037037 0.8342708333333333 0.18740740740740738 0.8332291666666666 0.19018518518518518 0.8295833333333333 0.19018518518518518 0.8121875000000001 0.14962962962962964 0.8077083333333334 0.1527777777777778 0.83125 0.21796296296296294 0.828125 0.25333333333333335 0.8378125 0.2522222222222222 0.8433333333333333 0.2062962962962963