2 0.4624295740740741 0.517156849537037 0.33349920833333335 0.5406617523148148 0.3577157986111111 0.5623321412037037 0.5583263333333334 0.5256175486111111 0.5350656273148148 0.5081587291666667 0.46537305324074074 0.5172297523148148 0.4624295740740741 0.517156849537037
3 0.9261790138888889 0.4418012546296296 0.9244249976851853 0.4430003564814815 0.9210985347222221 0.44747396759259256 0.9192537314814815 0.44763536574074075 0.9098481319444445 0.44636695833333334 0.9080033263888888 0.44652835879629627 0.8895552754629629 0.4481423541666667 0.8878012592592592 0.44934145601851855 0.880512826388889 0.45102475694444444 0.880603613425926 0.45206245833333336 0.8772771527777777 0.4565360694444444 0.8773679398148148 0.4575737731481482 0.8777020277777778 0.48264003935185185 0.8796376203703703 0.48351634259259263 0.8916143217592593 0.49292497453703704 0.8935499143518518 0.49380127777777777 0.9243378148148148 0.5057467245370371 0.9261826203703704 0.5055853240740741 0.9543086319444444 0.5083528449074074 0.9561534375 0.5081914467592592 0.9710026643518518 0.5079379537037036 0.9728474699074074 0.5077765532407408 0.9876059097222223 0.5064853564814814 0.9893599259259259 0.5052862546296296 0.9947127662037037 0.5027266504629629 0.9946219791666666 0.5016889467592592 0.9895669560185185 0.4226621342592593 0.9834878171296296 0.4169201157407407 0.9816430115740741 0.4170815162037037 0.9741730046296296 0.416689412037037 0.972328199074074 0.4168508101851852 0.9244540578703704 0.422084900462963 0.9227000393518519 0.42328400231481483 0.9213091712962963 0.42863391666666667 0.923244763888889 0.4295102199074074 0.9261790138888889 0.4418012546296296
3 0.5825731064814815 0.6789007175925925 0.5807283032407408 0.6790621180555555 0.5696594722222222 0.6800305138888889 0.5697502592592593 0.6810682175925926 0.5632789120370371 0.6920908425925926 0.5633696990740741 0.6931285462962963 0.5642775717592593 0.703505574074074 0.5662131643518519 0.7043818773148148 0.5780990787037037 0.7127528055555556 0.5799438842592592 0.7125914050925927 0.5932206666666666 0.7156124212962963 0.5950654722222223 0.7154510208333333 0.6042894976851853 0.7146440231481482 0.6060435162037037 0.7134449212962963 0.6133319490740741 0.7117616203703704 0.6150859652777777 0.7105625185185185 0.6239468425925926 0.7056047083333333 0.6238560555555556 0.7045670069444445 0.6305997638888889 0.6966574884259259 0.6305089768518519 0.6956197847222222 0.6299642523148149 0.6893935694444444 0.6237943287037037 0.6826138472222222 0.6237035393518519 0.6815761458333334 0.6234311782407408 0.678463037037037 0.6214955856481481 0.6775867337962963 0.6176244027777777 0.6758341273148148 0.6157795972222223 0.6759955254629629 0.5915247708333333 0.6749806111111112 0.5897707523148148 0.676179712962963 0.5825731064814815 0.6789007175925925
3 0.5933114537037036 0.7166501226851851 0.591375863425926 0.7157738194444444 0.5839058541666667 0.7153817152777777 0.582151837962963 0.7165808171296296 0.5827873472222223 0.7238447384259259 0.5847229398148148 0.7247210416666667 0.5868401064814814 0.72767275 0.5887756990740741 0.7285490532407407 0.6023248449074075 0.7346831759259259 0.6041696504629629 0.7345217754629629 0.6245532916666667 0.7337840833333333 0.6263073101851852 0.7325849814814815 0.6425474050925927 0.726981574074074 0.6443014236111111 0.7257824722222223 0.6494726898148149 0.721147462962963 0.6493819027777777 0.7201097592592594 0.6497741111111112 0.7033451157407408 0.640005363425926 0.6979258958333333 0.6381605578703704 0.6980872962962963 0.6324445694444444 0.6964960879629629 0.630690550925926 0.6976951921296296 0.6240376296296296 0.706642412037037 0.6222836111111112 0.7078415138888888 0.6079791064814815 0.7143212245370371 0.6061343032407407 0.7144826226851853 0.5933114537037036 0.7166501226851851
2 0.8457027708333333 0.6871516666666666 0.8966380671296297 0.6866586111111112 0.8947970231481482 0.679825775462963 0.803282837962963 0.6712797638888889 0.7528462662037037 0.667998949074074 0.7429883981481481 0.6737572175925925 0.8457027708333333 0.6871516666666666
3 0.6065846319444445 0.6558870671296296 0.6028950231481481 0.6562098680555556 0.5953342291666667 0.6547800601851852 0.5824205925925926 0.6559098564814815 0.5826021666666666 0.6579852615740741 0.5845377592592592 0.6588615648148148 0.5848101203703704 0.6619746736111111 0.5868365 0.6638886805555556 0.5907076851851852 0.665641287037037 0.5947604444444444 0.6694692986111112 0.6025028124999999 0.6729745115740741 0.6043476180555556 0.6728131111111111 0.6082188032407407 0.6745657175925927 0.630538037037037 0.6747043287037037 0.6394897013888888 0.6707842245370371 0.642453011574074 0.6621598032407408 0.6329566249999999 0.6598536921296296 0.6376642708333333 0.6570019861111112 0.6280867824074073 0.6466863541666668 0.6279052083333333 0.644610949074074 0.6162008657407407 0.6383154259259259 0.6161100787037037 0.6372777222222221 0.6122388958333334 0.6355251157407408 0.6067044791666667 0.6360093148148148 0.5942447824074074 0.642327625 0.5943355694444444 0.6433653287037038 0.6170179513888889 0.6476547500000001 0.617835037037037 0.6569940763888888 0.614145425925926 0.657316875 0.6122098356481481 0.6564405717592593 0.608520224537037 0.6567633703703704 0.6065846319444445 0.6558870671296296
3 0.5222683263888889 0.669537662037037 0.5225406874999999 0.6726507708333332 0.5325817986111111 0.681183099537037 0.5343358148148147 0.6799839976851851 0.5338818796296296 0.6747954814814814 0.5356358981481482 0.6735963796296296 0.5348188125000001 0.6642570555555556 0.5365728287037037 0.6630579537037037 0.5466618796296296 0.6636391782407407 0.5669067939814815 0.6698148865740741 0.5671791574074074 0.6729279930555556 0.5710503402777778 0.6746805995370371 0.5711411273148148 0.6757183032407407 0.5730767199074074 0.6765946064814814 0.5767663310185186 0.6762718078703704 0.5785203472222222 0.6750727060185185 0.5781571990740741 0.6709218935185185 0.5686608125 0.6686157824074074 0.576929025462963 0.6653828587962963 0.5834192523148148 0.667324587962963 0.5870180763888889 0.6659640856481481 0.5769769652777778 0.6574317569444444 0.5714425509259259 0.6579159560185185 0.5696885324074074 0.6591150578703704 0.5699608935185185 0.6622281666666666 0.5668399768518518 0.6648016319444444 0.5567509282407408 0.6642204050925926 0.5341833009259259 0.6569931342592592 0.5323384953703704 0.6571545347222222 0.525413212962963 0.6629886458333333 0.5255947870370371 0.6650640532407408 0.5222683263888889 0.669537662037037
3 0.20261943055555556 0.9892384583333333 0.20455502083333332 0.9901147615740741 0.21432377083333332 0.9955339814814814 0.21616857407407405 0.9953725810185184 0.22188456481481483 0.996963787037037 0.22372937037037038 0.9968023888888888 0.24991978935185186 0.9986936064814814 0.2516738055555556 0.9974945046296296 0.25702664583333334 0.994934900462963 0.25693585879629627 0.9938971967592592 0.2563911365740741 0.9876709791666666 0.22690331712962963 0.9693379166666667 0.22505851157407408 0.9694993171296297 0.2121448773148148 0.970629113425926 0.2103908587962963 0.9718282152777777 0.1981127337962963 0.9802219305555555 0.1982035208333333 0.9812596342592592 0.19865745833333331 0.9864481481481482 0.20059305092592594 0.9873244513888889 0.20261943055555556 0.9892384583333333
3 0.3808175787037037 0.5825766620370371 0.3839624652777778 0.5760276458333333 0.3733766319444445 0.5612691018518519 0.3641526064814815 0.5620760995370371 0.35704575 0.5658348055555555 0.35665353935185184 0.5825994490740741 0.34849705555555555 0.5933116180555555 0.35926301157407403 0.593572837962963 0.36543119444444444 0.5952948194444445 0.3808175787037037 0.5825766620370371
2 0.6810260555555556 0.6666872523148148 0.7249285486111111 0.6747408148148147 0.7346688287037038 0.6652226527777778 0.6811877314814815 0.658177025462963 0.6810260555555556 0.6666872523148148
3 0.17170533333333335 0.9453305069444445 0.16789876157407407 0.9456635393518519 0.16377343055555557 0.9472230833333334 0.15945422685185184 0.951436601851852 0.1596831828703704 0.9540535833333332 0.16059146064814817 0.954693210648148 0.16361444907407408 0.9551479282407407 0.1672061435185185 0.9572309444444445 0.16785792824074072 0.9598109328703704 0.15878976388888888 0.9730699606481481 0.1596431273148148 0.9828239513888889 0.1615637685185185 0.9852929305555556 0.16684733564814813 0.9872279259259259 0.1702931435185185 0.9876455462962963 0.17923740046296294 0.9875822222222221 0.18826472453703702 0.9884704837962963 0.19207129398148148 0.9881374537037038 0.1974304074074074 0.9811960439814814 0.1971330949074074 0.9821277175925927 0.1978534212962963 0.9811590347222222 0.20098703009259258 0.9780082037037038 0.2016873611111111 0.9762688819444444 0.2064295787037037 0.9720183541666666 0.20776743055555555 0.9678260069444445 0.20787823611111111 0.9642204421296297 0.2067201851851852 0.9607258888888889 0.20294116898148148 0.9565017800925927 0.19448910416666668 0.9524467453703704 0.18489288657407407 0.9499302013888888 0.1830763125 0.9486507407407407 0.17170533333333335 0.9453305069444445
3 0.13637232870370372 0.9457848356481482 0.13655965046296295 0.9479259282407407 0.13799502083333334 0.9497181689814815 0.1420095439814815 0.9517641898148148 0.15359540046296297 0.9526683773148148 0.1588579652777778 0.9543654444444444 0.1604873912037037 0.9535036921296296 0.1615064837962963 0.9505378564814815 0.16552774537037038 0.9477887962962962 0.1780076226851852 0.9442996990740741 0.18183500925925924 0.9442046134259259 0.18480228935185183 0.9391505162037037 0.18455252546296297 0.9362956921296296 0.1831171550925926 0.9345034513888889 0.17741075925925925 0.932605449074074 0.17138560416666665 0.9319339583333333 0.16356450694444447 0.9302209675925925 0.15003046527777777 0.9314050439814815 0.14548212037037037 0.9330015949074074 0.13722490740740742 0.9409157499999999 0.13637232870370372 0.9457848356481482