2 0.6203125 0.3472222222222222 0.6284375 0.3574074074074074 0.6490625 0.14055555555555554 0.6493749999999999 0.13962962962962963 0.6388541666666667 0.13648148148148148 0.6203125 0.3472222222222222
2 0.5979166666666667 0.5438888888888889 0.6077083333333333 0.5446296296296297 0.625 0.385 0.6242708333333333 0.3833333333333333 0.6181249999999999 0.37925925925925924 0.5979166666666667 0.5438888888888889
2 0.5578124999999999 0.8401851851851851 0.5696875 0.8401851851851851 0.5977083333333333 0.5968518518518517 0.5971875 0.5940740740740741 0.5908333333333333 0.5914814814814815 0.5578124999999999 0.8401851851851851
3 0.18020833333333333 0.8314814814814815 0.18020833333333333 0.8444444444444444 0.18125 0.8462962962962963 0.18125 0.8518518518518519 0.190625 0.8833333333333334 0.19791666666666666 0.8925925925925926 0.2 0.8888888888888888 0.20416666666666666 0.8851851851851852 0.20208333333333334 0.8777777777777778 0.20208333333333334 0.8685185185185185 0.20104166666666665 0.8666666666666666 0.20104166666666665 0.862962962962963 0.19895833333333335 0.8592592592592593 0.196875 0.8518518518518519 0.196875 0.8462962962962963 0.19583333333333333 0.8444444444444444 0.19479166666666667 0.8314814814814815 0.19270833333333334 0.8240740740740741 0.19166666666666665 0.811111111111111 0.225 0.7851851851851852 0.22708333333333333 0.7907407407407407 0.22708333333333333 0.7944444444444444 0.228125 0.7962962962962963 0.22916666666666666 0.8055555555555556 0.23125 0.811111111111111 0.23125 0.8148148148148148 0.23229166666666665 0.8166666666666667 0.23333333333333334 0.825925925925926 0.23541666666666666 0.8314814814814815 0.23541666666666666 0.8351851851851853 0.23854166666666665 0.8444444444444444 0.24166666666666667 0.8444444444444444 0.24270833333333333 0.8425925925925926 0.24791666666666665 0.8425925925925926 0.24895833333333334 0.8407407407407407 0.26145833333333335 0.8407407407407407 0.2625 0.8425925925925926 0.2708333333333333 0.8425925925925926 0.27499999999999997 0.8277777777777778 0.2760416666666667 0.8185185185185185 0.278125 0.811111111111111 0.28020833333333334 0.8074074074074075 0.2864583333333333 0.7851851851851852 0.2864583333333333 0.774074074074074 0.28750000000000003 0.7722222222222223 0.28750000000000003 0.7648148148148147 0.28541666666666665 0.7574074074074074 0.28541666666666665 0.7518518518518519 0.28229166666666666 0.7407407407407407 0.26979166666666665 0.7222222222222222 0.2677083333333333 0.7222222222222222 0.26666666666666666 0.7203703703703703 0.26458333333333334 0.7203703703703703 0.2604166666666667 0.7166666666666667 0.23958333333333334 0.7148148148148148 0.23854166666666665 0.7166666666666667 0.23541666666666666 0.7166666666666667 0.23229166666666665 0.7203703703703703 0.23020833333333335 0.7203703703703703 0.22395833333333334 0.725925925925926 0.221875 0.725925925925926 0.22083333333333335 0.7277777777777777 0.21666666666666665 0.7296296296296296 0.21666666666666665 0.7333333333333334 0.21875 0.7407407407407407 0.21875 0.7447293449074074 0.21979166666666666 0.7462962962962962 0.21979166666666666 0.7518518518518519 0.21458333333333335 0.75071225 0.18958333333333335 0.7866096874999999 0.1875 0.7962962962962963 0.18541666666666665 0.7925925925925925 0.184375 0.7925925925925925 0.18125 0.8037037037037037 0.18125 0.8074074074074075 0.17916666666666667 0.8129629629629629 0.17916666666666667 0.8296296296296296 0.18020833333333333 0.8314814814814815
3 0.19479166666666667 0.9407407407407407 0.19479166666666667 0.9518518518518518 0.19583333333333333 0.9537037037037037 0.19583333333333333 0.9592592592592593 0.20416666666666666 0.9888888888888888 0.20520833333333335 0.9907407407407407 0.221875 0.9925925925925926 0.22291666666666665 0.9888888888888888 0.221875 0.9870370370370369 0.221875 0.9814814814814815 0.22083333333333335 0.9796296296296296 0.22083333333333335 0.975925925925926 0.21875 0.9685185185185184 0.21875 0.9629629629629629 0.21666666666666665 0.9555555555555556 0.21666666666666665 0.95 0.21458333333333335 0.9425925925925925 0.21458333333333335 0.9370370370370371 0.21354166666666666 0.9351851851851852 0.21354166666666666 0.9314814814814815 0.21145833333333333 0.924074074074074 0.21145833333333333 0.9185185185185185 0.24583333333333335 0.8944444444444444 0.246875 0.8962962962962963 0.246875 0.9 0.24791666666666665 0.9018518518518519 0.24791666666666665 0.9055555555555556 0.24895833333333334 0.9074074074074074 0.24895833333333334 0.9111111111111112 0.25 0.9129629629629629 0.25 0.9166666666666666 0.25104166666666666 0.9185185185185185 0.253125 0.9333333333333333 0.2552083333333333 0.938888888888889 0.2552083333333333 0.9425925925925925 0.25625000000000003 0.9444444444444444 0.25625000000000003 0.9481481481481482 0.2572916666666667 0.95 0.2572916666666667 0.9537037037037037 0.2583333333333333 0.9555555555555556 0.2583333333333333 0.9592592592592593 0.25937499999999997 0.9611111111111111 0.25937499999999997 0.9648148148148148 0.2604166666666667 0.9666666666666667 0.2604166666666667 0.9703703703703703 0.26145833333333335 0.9722222222222222 0.26145833333333335 0.975925925925926 0.2625 0.9777777777777777 0.2625 0.9814814814814815 0.2635416666666667 0.9833333333333334 0.26458333333333334 0.9907407407407407 0.27708333333333335 0.9925925925925926 0.278125 0.9907407407407407 0.28020833333333334 0.9907407407407407 0.28229166666666666 0.9870370370370369 0.28229166666666666 0.9851851851851853 0.284375 0.9814814814814815 0.284375 0.9777777777777777 0.2864583333333333 0.9722222222222222 0.2864583333333333 0.9685185185185184 0.2895833333333333 0.9592592592592593 0.2895833333333333 0.9444444444444444 0.28750000000000003 0.938888888888889 0.28750000000000003 0.9333333333333333 0.2864583333333333 0.9314814814814815 0.2864583333333333 0.9259259259259259 0.28541666666666665 0.924074074074074 0.28541666666666665 0.9185185185185185 0.284375 0.9166666666666666 0.284375 0.8981481481481481 0.2895833333333333 0.887037037037037 0.2895833333333333 0.8759259259259259 0.28750000000000003 0.8722222222222222 0.28541666666666665 0.862962962962963 0.28125 0.8555555555555556 0.26875 0.8444444444444444 0.2520833333333333 0.8425925925925926 0.2475 0.8483333333333334 0.24583333333333335 0.8444444444444444 0.23958333333333334 0.85 0.23958333333333334 0.8574074074074074 0.240625 0.8592592592592593 0.2383333333333333 0.8598148148148148 0.240625 0.8685185185185185 0.23375 0.8655555555555556 0.21083333333333332 0.8942592592592592 0.20729166666666665 0.9018518518518519 0.20625 0.9 0.20416666666666666 0.9 0.20208333333333334 0.9037037037037037 0.2 0.9185185185185185 0.19791666666666666 0.924074074074074 0.19791666666666666 0.9277777777777778 0.196875 0.9296296296296297 0.196875 0.9333333333333333 0.19479166666666667 0.9407407407407407
3 0.29062499999999997 0.9351851851851852 0.29270833333333335 0.95 0.29375 0.9518518518518518 0.29270833333333335 0.9592592592592593 0.2916666666666667 0.9611111111111111 0.2916666666666667 0.9703703703703703 0.29062499999999997 0.9722222222222222 0.29062499999999997 0.975925925925926 0.296875 0.9870370370370369 0.2989583333333333 0.9870370370370369 0.3020833333333333 0.9907407407407407 0.3385416666666667 0.9907407407407407 0.346875 0.9833333333333334 0.36041666666666666 0.9555555555555556 0.3635416666666667 0.9425925925925925 0.365625 0.938888888888889 0.36875 0.9277777777777778 0.36875 0.8944444444444444 0.3708333333333333 0.887037037037037 0.37395833333333334 0.8814814814814815 0.3770833333333333 0.8851851851851852 0.3770833333333333 0.8833333333333334 0.375 0.8814814814814815 0.37604166666666666 0.8740740740740741 0.378125 0.8722222222222222 0.375 0.8722222222222222 0.37604166666666666 0.8685185185185185 0.3729166666666667 0.8681481481481482 0.3708333333333333 0.8740740740740741 0.3677083333333333 0.8666666666666666 0.3677083333333333 0.864074074074074 0.3635416666666667 0.862962962962963 0.3572916666666667 0.8481481481481481 0.340625 0.8333333333333334 0.3364583333333333 0.8351851851851853 0.3354166666666667 0.8333333333333334 0.3322916666666667 0.8333333333333334 0.33125 0.8314814814814815 0.3260416666666667 0.8314814814814815 0.325 0.8333333333333334 0.315625 0.8351851851851853 0.3072916666666667 0.8425925925925926 0.2989583333333333 0.8574074074074074 0.29791666666666666 0.862962962962963 0.29583333333333334 0.8666666666666666 0.2947916666666667 0.8722222222222222 0.2916666666666667 0.8796296296296297 0.2916666666666667 0.887037037037037 0.2864583333333333 0.9037037037037037 0.28750000000000003 0.924074074074074 0.29062499999999997 0.9351851851851852
3 0.37395833333333334 0.8370370370370371 0.37395833333333334 0.8388888888888888 0.3708333333333333 0.85 0.371875 0.8518518518518519 0.378125 0.8611111111111112 0.3791666666666667 0.8611111111111112 0.3822916666666667 0.862962962962963 0.3833333333333333 0.8611111111111112 0.3864583333333333 0.85 0.3875 0.8481481481481481 0.3885416666666667 0.85 0.3885416666666667 0.8518518518518519 0.39166666666666666 0.8796296296296297 0.390625 0.8814814814814815 0.3864583333333333 0.8925925925925926 0.3864583333333333 0.8944444444444444 0.3854166666666667 0.9055555555555556 0.3864583333333333 0.9074074074074074 0.3885416666666667 0.9129629629629629 0.38958333333333334 0.9129629629629629 0.4 0.9185185185185185 0.4010416666666667 0.9185185185185185 0.4270833333333333 0.9259259259259259 0.4270833333333333 0.924074074074074 0.4197916666666667 0.9018518518518519 0.4197916666666667 0.9 0.4145833333333333 0.8740740740740741 0.4145833333333333 0.8722222222222222 0.4125 0.8537037037037037 0.4125 0.8518518518518519 0.4125 0.8222222222222222 0.4114583333333333 0.8203703703703703 0.40625 0.8055555555555556 0.40520833333333334 0.8055555555555556 0.4 0.8037037037037037 0.3854166666666667 0.8166666666666667 0.3854166666666667 0.8185185185185185 0.37395833333333334 0.8370370370370371
3 0.23958333333333334 0.6925925925925925 0.240625 0.7037037037037037 0.24270833333333333 0.7111111111111111 0.25937499999999997 0.7148148148148148 0.2625 0.7185185185185184 0.26458333333333334 0.7185185185185184 0.265625 0.7203703703703703 0.2677083333333333 0.7203703703703703 0.2708333333333333 0.7240740740740741 0.27499999999999997 0.725925925925926 0.28541666666666665 0.7444444444444445 0.28541666666666665 0.7481481481481481 0.2864583333333333 0.75 0.28750000000000003 0.7611111111111112 0.2885416666666667 0.7629629629629631 0.2895833333333333 0.7703703703703704 0.3041666666666667 0.7703703703703704 0.31145833333333334 0.7555555555555555 0.31145833333333334 0.7518518518518519 0.315625 0.7388888888888888 0.315625 0.7296296296296296 0.3166666666666667 0.7277777777777777 0.3166666666666667 0.7129629629629629 0.3177083333333333 0.7111111111111111 0.3302083333333333 0.7148148148148148 0.33125 0.7111111111111111 0.3209635416666667 0.6993055555555556 0.3177083333333333 0.7037037037037037 0.3166666666666667 0.7018518518518518 0.31634114583333334 0.6943287037037037 0.31171875 0.6893518518518519 0.3104166666666667 0.6851851851851852 0.3145833333333333 0.6814814814814815 0.3197916666666667 0.6722222222222222 0.3197916666666667 0.6666666666666666 0.3208333333333333 0.6629629629629629 0.3197916666666667 0.6611111111111112 0.3197916666666667 0.6574074074074074 0.3177083333333333 0.65 0.3072916666666667 0.6407407407407407 0.31278409027777776 0.6213804722222223 0.32357954629629626 0.6190235694444445 0.334375 0.6222222222222222 0.3375 0.6259259259259259 0.3385416666666667 0.6259259259259259 0.3385416666666667 0.6222222222222222 0.3375 0.6203703703703703 0.3375 0.6166666666666666 0.334375 0.6166666666666666 0.33218749999999997 0.6137037037037038 0.3289772731481481 0.6178451180555555 0.326875 0.6107407407407407 0.309375 0.6018518518518519 0.3072916666666667 0.5981481481481481 0.3052083333333333 0.5888888888888889 0.30031250000000004 0.595925925925926 0.295 0.592962962962963 0.29583333333333334 0.5888888888888889 0.2947916666666667 0.587037037037037 0.2896875 0.59 0.284375 0.587037037037037 0.278125 0.5925925925925926 0.2760416666666667 0.5925925925925926 0.27499999999999997 0.5944444444444444 0.2729166666666667 0.5944444444444444 0.26979166666666665 0.5981481481481481 0.265625 0.6 0.26458333333333334 0.6018518518518519 0.26458333333333334 0.6074074074074074 0.2729166666666667 0.6074074074074074 0.2739583333333333 0.6092592592592593 0.28750000000000003 0.6092592592592593 0.2885416666666667 0.6111111111111112 0.3020833333333333 0.6111111111111112 0.303125 0.612962962962963 0.309375 0.612962962962963 0.3073863634259259 0.6225589212962963 0.29659090972222224 0.6249158240740741 0.29583333333333334 0.6333333333333334 0.2911931828703704 0.626094275462963 0.29062499999999997 0.6314814814814815 0.2857954537037037 0.6272727268518518 0.2833333333333333 0.6314814814814815 0.2803977268518518 0.6284511782407407 0.2760416666666667 0.6314814814814815 0.27499999999999997 0.6296296296296297 0.27011718749999997 0.6445601851851852 0.25625000000000003 0.6296296296296297 0.2552083333333333 0.6314814814814815 0.24791666666666665 0.6314814814814815 0.24270833333333333 0.6407407407407407 0.23854166666666665 0.6555555555555556 0.2375 0.6777777777777778 0.23854166666666665 0.6796296296296297 0.23854166666666665 0.6907407407407407 0.23958333333333334 0.6925925925925925
3 0.3614583333333333 0.75 0.36041666666666666 0.7518518518518519 0.3541666666666667 0.7907407407407407 0.353125 0.7925925925925925 0.34270833333333334 0.8074074074074075 0.34270833333333334 0.8092592592592593 0.34270833333333334 0.8148148148148148 0.34375 0.8166666666666667 0.3458333333333333 0.8203703703703703 0.346875 0.8203703703703703 0.3541666666666667 0.825925925925926 0.3552083333333333 0.8277777777777778 0.3677083333333333 0.8425925925925926 0.36875 0.8425925925925926 0.3822916666666667 0.8166666666666667 0.3833333333333333 0.8166666666666667 0.4020833333333333 0.8 0.4010416666666667 0.7981481481481482 0.396875 0.7851851851851852 0.3958333333333333 0.7833333333333333 0.38125 0.7648148148148147 0.3802083333333333 0.7629629629629631 0.375 0.75 0.375 0.7481481481481481 0.375 0.7277777777777777 0.37604166666666666 0.725925925925926 0.3833333333333333 0.6833333333333333 0.3822916666666667 0.6814814814814815 0.3802083333333333 0.674074074074074 0.3791666666666667 0.674074074074074 0.37604166666666666 0.674074074074074 0.365625 0.7111111111111111 0.365625 0.7129629629629629 0.3614583333333333 0.75
3 0.3625 0.5333333333333333 0.3625 0.5351851851851852 0.3677083333333333 0.5685185185185185 0.36875 0.5703703703703704 0.3729166666666667 0.587037037037037 0.37395833333333334 0.587037037037037 0.3791666666666667 0.5833333333333334 0.3802083333333333 0.5814814814814815 0.3833333333333333 0.5740740740740741 0.3833333333333333 0.5722222222222222 0.3822916666666667 0.5148148148148148 0.38125 0.5148148148148148 0.3791666666666667 0.5148148148148148 0.3677083333333333 0.5240740740740741 0.3666666666666667 0.5259259259259259 0.3625 0.5333333333333333
3 0.15729166666666666 0.7407407407407407 0.16979166666666665 0.7351851851851853 0.17708333333333334 0.7592592592592593 0.175 0.7648148148148147 0.175 0.7685185185185185 0.17291666666666666 0.7759259259259259 0.17604166666666665 0.7870370370370371 0.178125 0.7907407407407407 0.18125 0.7925925925925925 0.18229166666666666 0.7907407407407407 0.18333333333333335 0.7685185185185185 0.18020833333333333 0.7574074074074074 0.17708333333333334 0.7574074074074074 0.17857142824074076 0.748412699074074 0.17693452314814817 0.7394179884259259 0.17291666666666666 0.7333333333333334 0.17529761805555555 0.7304232800925926 0.17366071527777777 0.7214285717592593 0.17395833333333335 0.7148148148148148 0.17202381018518517 0.712433863425926 0.17291666666666666 0.7074074074074075 0.17038690509259258 0.7034391527777778 0.171875 0.7018518518518518 0.17083333333333334 0.7 0.17083333333333334 0.6962962962962963 0.16875 0.6944444444444444 0.16458333333333333 0.6981481481481482 0.15729166666666666 0.7129629629629629 0.15729166666666666 0.7185185185185184 0.15625 0.7203703703703703 0.15625 0.7296296296296296 0.15520833333333334 0.7314814814814815 0.15520833333333334 0.7351851851851853 0.15729166666666666 0.7407407407407407
3 0.18854166666666666 0.5833333333333334 0.18958333333333335 0.5925925925925926 0.19166666666666665 0.5981481481481481 0.19270833333333334 0.6074074074074074 0.19479166666666667 0.612962962962963 0.19791666666666666 0.612962962962963 0.19895833333333335 0.6148148148148148 0.20243055555555556 0.6333333333333334 0.203125 0.6425925925925926 0.209375 0.6481481481481481 0.209375 0.65 0.203125 0.6555555555555556 0.20416666666666666 0.6574074074074074 0.20416666666666666 0.6685185185185185 0.20729166666666665 0.6722222222222222 0.209375 0.6666666666666666 0.209375 0.6629629629629629 0.21145833333333333 0.6555555555555556 0.20833333333333334 0.6425925925925926 0.21354166666666666 0.6425925925925926 0.221875 0.6574074074074074 0.22083333333333335 0.6592592592592593 0.22083333333333335 0.6722222222222222 0.21979166666666666 0.674074074074074 0.21979166666666666 0.6814814814814815 0.22604166666666667 0.6814814814814815 0.22916666666666666 0.6777777777777778 0.23229166666666665 0.6777777777777778 0.234375 0.6759259259259259 0.23645833333333335 0.6703703703703704 0.23645833333333335 0.6648148148148147 0.2375 0.6629629629629629 0.23645833333333335 0.6518518518518519 0.23333333333333334 0.6462962962962963 0.234375 0.6425925925925926 0.22395833333333334 0.6425925925925926 0.221875 0.6481481481481481 0.19895833333333335 0.6111111111111112 0.20104166666666665 0.6018518518518519 0.2 0.6 0.19722222222222222 0.6055555555555556 0.1954861111111111 0.5962962962962963 0.2 0.5851851851851853 0.19895833333333335 0.5833333333333334 0.19375 0.587037037037037 0.1902777777777778 0.5685185185185185 0.19895833333333335 0.5685185185185185 0.196875 0.5648148148148148 0.196875 0.5629629629629629 0.190625 0.5611111111111111 0.18958333333333335 0.5592592592592592 0.18541666666666665 0.5629629629629629 0.184375 0.5648148148148148 0.18541666666666665 0.5666666666666667 0.18541666666666665 0.5722222222222222 0.18854166666666666 0.5833333333333334
3 0.6166666666666666 0.5796296296296296 0.6166666666666666 0.5814814814814815 0.6177083333333334 0.5851851851851853 0.6166666666666666 0.587037037037037 0.615625 0.6 0.6166666666666666 0.6018518518518519 0.61875 0.6074074074074074 0.6177083333333334 0.6092592592592593 0.615625 0.612962962962963 0.615625 0.6148148148148148 0.615625 0.6203703703703703 0.6166666666666666 0.6222222222222222 0.61875 0.6296296296296297 0.6197916666666666 0.6296296296296297 0.6302083333333334 0.6333333333333334 0.63125 0.6314814814814815 0.6364583333333333 0.6296296296296297 0.6375 0.6277777777777778 0.6427083333333333 0.6185185185185185 0.6427083333333333 0.6166666666666666 0.6447916666666667 0.6092592592592593 0.6447916666666667 0.6074074074074074 0.6447916666666667 0.5851851851851853 0.64375 0.5833333333333334 0.6385416666666667 0.575925925925926 0.6375 0.575925925925926 0.6260416666666666 0.5703703703703704 0.61875 0.5740740740740741 0.6177083333333334 0.575925925925926 0.6166666666666666 0.5796296296296296
3 0.61875 0.5351851851851852 0.61875 0.5370370370370371 0.6177083333333334 0.5425925925925926 0.61875 0.5444444444444444 0.63125 0.5481481481481482 0.6322916666666666 0.5499999999999999 0.6447916666666667 0.5592592592592592 0.6458333333333334 0.5592592592592592 0.6510416666666666 0.5592592592592592 0.6510416666666666 0.5574074074074075 0.6479166666666666 0.5351851851851852 0.646875 0.5333333333333333 0.6427083333333333 0.5259259259259259 0.6416666666666666 0.5259259259259259 0.6333333333333334 0.5240740740740741 0.6229166666666667 0.5296296296296297 0.621875 0.5314814814814814 0.61875 0.5351851851851852
3 0.553125 0.5555555555555556 0.553125 0.5574074074074075 0.5520833333333334 0.575925925925926 0.553125 0.5777777777777777 0.5552083333333333 0.5888888888888889 0.55625 0.5907407407407407 0.5604166666666667 0.5981481481481481 0.5614583333333334 0.5981481481481481 0.5708333333333333 0.6037037037037037 0.571875 0.6037037037037037 0.5770833333333334 0.6037037037037037 0.578125 0.6018518518518519 0.5822916666666667 0.6 0.5833333333333334 0.5981481481481481 0.5833333333333334 0.5962962962962963 0.5822916666666667 0.5962962962962963 0.571875 0.5944444444444444 0.5708333333333333 0.5962962962962963 0.5677083333333334 0.5981481481481481 0.5666666666666667 0.5962962962962963 0.5656249999999999 0.5944444444444444 0.5666666666666667 0.5925925925925926 0.5708333333333333 0.587037037037037 0.5708333333333333 0.5851851851851853 0.571875 0.575925925925926 0.5708333333333333 0.5740740740740741 0.5604166666666667 0.5611111111111111 0.5593750000000001 0.5592592592592592 0.5572916666666666 0.5518518518518518 0.5572916666666666 0.5499999999999999 0.5666666666666667 0.5444444444444444 0.5677083333333334 0.5444444444444444 0.5729166666666666 0.5481481481481482 0.5739583333333333 0.5481481481481482 0.5833333333333334 0.5462962962962963 0.584375 0.5444444444444444 0.5833333333333334 0.5388888888888889 0.5822916666666667 0.5388888888888889 0.5802083333333333 0.5407407407407407 0.5791666666666666 0.5388888888888889 0.5750000000000001 0.5351851851851852 0.5739583333333333 0.5351851851851852 0.5697916666666667 0.5351851851851852 0.5604166666666667 0.5407407407407407 0.5593750000000001 0.5425925925925926 0.553125 0.5555555555555556
3 0.5854166666666667 0.4759259259259259 0.5864583333333333 0.4777777777777778 0.5875 0.48148148148148145 0.5864583333333333 0.48333333333333334 0.5802083333333333 0.4944444444444444 0.5791666666666666 0.4944444444444444 0.5677083333333334 0.5037037037037037 0.5666666666666667 0.5055555555555555 0.5666666666666667 0.5148148148148148 0.5677083333333334 0.5166666666666666 0.56875 0.5240740740740741 0.5697916666666667 0.5259259259259259 0.5750000000000001 0.5351851851851852 0.5760416666666667 0.5351851851851852 0.5791666666666666 0.5388888888888889 0.5802083333333333 0.5388888888888889 0.5854166666666667 0.5388888888888889 0.5864583333333333 0.5370370370370371 0.59375 0.5351851851851852 0.5947916666666666 0.5333333333333333 0.5989583333333334 0.5296296296296297 0.5989583333333334 0.5277777777777778 0.6020833333333334 0.5074074074074074 0.6020833333333334 0.5055555555555555 0.603125 0.48518518518518516 0.6020833333333334 0.48333333333333334 0.5947916666666666 0.4740740740740741 0.59375 0.4740740740740741 0.5822916666666667 0.4703703703703703 0.5750000000000001 0.4759259259259259 0.5760416666666667 0.4777777777777778 0.5854166666666667 0.4759259259259259
1 0.5807291666666666 0.7538888888888889 0.5690625 0.7487037037037036 0.5623958333333333 0.7868518518518519 0.5604166666666667 0.7864814814814814 0.5357291666666667 0.7348148148148148 0.531875 0.74 0.5572916666666666 0.7961111111111111 0.5614583333333334 0.8094444444444444 0.5553125 0.8442592592592594 0.5563541666666667 0.8433333333333333 0.5682291666666667 0.8381481481481481 0.5807291666666666 0.7538888888888889
1 0.6142708333333333 0.4874074074074074 0.6170833333333333 0.48074074074074075 0.6477083333333333 0.44203703703703706 0.6460416666666666 0.43444444444444447 0.6181249999999999 0.46796296296296297 0.6204166666666666 0.4403703703703704 0.6109375 0.4381481481481482 0.6035416666666668 0.4846296296296297 0.6042708333333334 0.5003703703703704 0.6030208333333333 0.5107407407407407 0.6110416666666667 0.5133333333333333 0.6142708333333333 0.4874074074074074
1 0.6369791666666667 0.24277777777777776 0.6294791666666667 0.23796296296296296 0.6233333333333333 0.2725925925925926 0.6020833333333334 0.23407407407407407 0.59875 0.23722222222222222 0.6168750000000001 0.2759259259259259 0.6236458333333333 0.2962962962962963 0.6215625 0.3264814814814815 0.6302083333333334 0.3285185185185185 0.6369791666666667 0.24277777777777776