2 0.27398958333333334 0.027092592592592595 0.27820833333333334 0.10233333333333333 0.2829375 0.15166666666666664 0.29278125 0.19849999999999998 0.2798645833333333 0.21962962962962962 0.285875 0.2344074074074074 0.30659375 0.32511111111111113 0.3146458333333333 0.36624074074074076 0.33037500000000003 0.45081481481481483 0.3408541666666667 0.5153703703703704 0.34661458333333334 0.5421851851851852 0.3494270833333333 0.5592407407407408 0.35479166666666667 0.6072037037037037 0.35727083333333337 0.6628333333333333 0.3585833333333333 0.6662592592592593 0.35866666666666663 0.6698333333333333 0.36308333333333337 0.6791851851851852 0.3633020833333333 0.6947592592592593 0.36428124999999995 0.7006851851851853 0.3674479166666667 0.7401666666666666 0.37667708333333333 0.8212222222222222 0.3768854166666667 0.8409629629629629 0.3819166666666667 0.8553148148148148 0.3840104166666667 0.9162407407407407 0.38096874999999997 0.9387777777777778 0.39082291666666663 0.9702777777777778 0.39689583333333334 0.9939444444444445 0.42090625000000004 0.9941296296296296 0.41239583333333335 0.9415370370370371 0.41296875 0.9195555555555556 0.40981249999999997 0.9006481481481481 0.40578125000000004 0.8786481481481482 0.40434375 0.8326481481481481 0.3962916666666667 0.8418518518518519 0.39025 0.8367407407407407 0.38651041666666663 0.8203703703703703 0.38910416666666664 0.8111666666666666 0.39888541666666666 0.8029814814814814 0.36911458333333336 0.5177777777777778 0.35896875 0.4736851851851852 0.32795833333333335 0.3113518518518518 0.3104895833333333 0.22316666666666668 0.3104895833333333 0.19911111111111113 0.30485416666666665 0.152 0.29176041666666663 0.008148148148148147 0.2908645833333333 0.005277777777777777 0.2716875 0.0055 0.27398958333333334 0.027092592592592595
2 0.33667708333333335 0.9498148148148148 0.3323541666666667 0.8779814814814815 0.32990625 0.8627222222222223 0.32010416666666663 0.8167777777777778 0.31664583333333335 0.7698333333333333 0.3140833333333333 0.7409074074074075 0.30584375 0.6991111111111111 0.3049479166666667 0.660888888888889 0.30472916666666666 0.6240370370370371 0.3019375 0.5531296296296296 0.3008020833333333 0.5149444444444444 0.2979791666666667 0.5256296296296297 0.29083333333333333 0.5236296296296297 0.29328125 0.5600555555555555 0.29459375 0.6068518518518519 0.29515625 0.6071851851851852 0.2968541666666667 0.7030925925925926 0.3039895833333333 0.7295 0.3088854166666667 0.7629074074074075 0.3103854166666667 0.796 0.31470833333333337 0.8046851851851853 0.31283333333333335 0.8147222222222221 0.3163958333333333 0.8357592592592593 0.32335416666666666 0.8722037037037036 0.3271145833333333 0.9029444444444444 0.32748958333333333 0.9383703703703703 0.329375 0.9771296296296297 0.3291979166666667 0.9948518518518519 0.34029166666666666 0.9943703703703703 0.3404270833333334 0.98 0.3375520833333333 0.9758333333333333 0.33667708333333335 0.9498148148148148
2 0.10356249999999999 0.9357222222222222 0.09974999999999999 0.8968148148148147 0.09608333333333334 0.854037037037037 0.09241666666666666 0.8342222222222223 0.08412499999999999 0.7972407407407408 0.08194791666666666 0.7762222222222221 0.07352083333333333 0.7436111111111111 0.07175 0.732 0.06916666666666667 0.7022777777777778 0.06740625 0.6986481481481481 0.06698958333333332 0.6940555555555555 0.06305208333333333 0.675462962962963 0.05516666666666667 0.6508148148148147 0.04864583333333333 0.6247037037037038 0.047552083333333335 0.5971666666666666 0.046739583333333334 0.5708148148148149 0.04633333333333333 0.5478703703703703 0.04103125 0.5551111111111111 0.04170833333333333 0.5775925925925927 0.04197916666666667 0.6300185185185185 0.04945833333333333 0.6544259259259259 0.06345833333333334 0.7049444444444445 0.06959375 0.7666296296296297 0.07732291666666667 0.7936296296296297 0.08211458333333334 0.8158888888888889 0.08957291666666667 0.8570925925925926 0.09569791666666667 0.9200925925925927 0.09836458333333332 0.9541851851851852 0.10955208333333334 0.9968148148148148 0.11633333333333333 0.9970925925925926 0.116875 0.9954074074074074 0.10356249999999999 0.9357222222222222
2 0.03094791666666667 0.35394444444444445 0.031510416666666666 0.37722222222222224 0.031364583333333335 0.37822222222222224 0.034854166666666665 0.41833333333333333 0.03791666666666666 0.4388888888888889 0.039031249999999997 0.4611851851851852 0.04154166666666667 0.47405555555555556 0.038885416666666665 0.48370370370370375 0.03916666666666667 0.5149074074074074 0.04390625 0.5248148148148148 0.04460416666666666 0.5347222222222222 0.046135416666666665 0.5342222222222222 0.04655208333333333 0.47455555555555556 0.045989583333333334 0.4544814814814815 0.04348958333333334 0.44137037037037036 0.04154166666666667 0.41709259259259257 0.03958333333333334 0.40174074074074073 0.037218749999999995 0.3702962962962963 0.03652083333333333 0.3393333333333334 0.038197916666666665 0.3096296296296296 0.03958333333333334 0.30194444444444446 0.04 0.2836296296296296 0.041812499999999996 0.25787037037037036 0.03623958333333333 0.2541481481481482 0.03457291666666667 0.29055555555555557 0.031510416666666666 0.3163148148148148 0.03025 0.33438888888888885 0.03094791666666667 0.35394444444444445
2 0.26153125 0.06066666666666666 0.262375 0.0732037037037037 0.2611979166666667 0.11349999999999999 0.2677395833333333 0.1302037037037037 0.26976041666666667 0.05351851851851852 0.26153125 0.06066666666666666
2 0.18990625 0.9111111111111112 0.19254166666666667 0.9395370370370371 0.1945625 0.949962962962963 0.19617708333333336 0.9855555555555555 0.1957708333333333 0.9945555555555556 0.20022916666666665 0.9945555555555556 0.20022916666666665 0.9434814814814815 0.19638541666666665 0.9345 0.19273958333333333 0.8970925925925926 0.19213541666666667 0.8873703703703704 0.18221875 0.8327037037037037 0.16947916666666668 0.7708518518518518 0.16441666666666668 0.7625740740740741 0.16522916666666668 0.7751666666666667 0.17575000000000002 0.8186851851851853 0.18161458333333333 0.8503333333333333 0.18728125 0.8791111111111112 0.18990625 0.9111111111111112
2 0.13488541666666667 0.4655 0.13832291666666666 0.4867222222222222 0.14236458333333332 0.5079444444444444 0.143375 0.5367222222222222 0.14742708333333332 0.537074074074074 0.14601041666666667 0.5065 0.13751041666666666 0.47125925925925927 0.13629166666666667 0.4583148148148148 0.13488541666666667 0.4277407407407407 0.13447916666666668 0.38135185185185183 0.13205208333333335 0.37955555555555553 0.13123958333333333 0.4126296296296296 0.13244791666666667 0.4335 0.13326041666666666 0.45435185185185184 0.13488541666666667 0.4655
3 0.041666666666666664 0.003703703703703704 0.040625 0.005555555555555556 0.01875 0.011111111111111112 0.01979166666666667 0.011111111111111112 0.02395833333333333 0.014814814814814815 0.025 0.014814814814814815 0.03229166666666666 0.014814814814814815 0.03333333333333333 0.016666666666666666 0.035416666666666666 0.02962962962962963 0.036458333333333336 0.03148148148148148 0.041666666666666664 0.046296296296296294 0.042708333333333334 0.04814814814814815 0.05625 0.07037037037037036 0.057291666666666664 0.07037037037037036 0.07083333333333333 0.08518518518518518 0.07187500000000001 0.08518518518518518 0.08958333333333333 0.1 0.090625 0.1 0.103125 0.1 0.10416666666666667 0.09814814814814815 0.1125 0.0962962962962963 0.11354166666666667 0.09444444444444444 0.12812500000000002 0.08703703703703704 0.12916666666666665 0.08518518518518518 0.13541666666666666 0.07777777777777778 0.13541666666666666 0.07592592592592592 0.14479166666666665 0.05185185185185185 0.14479166666666665 0.05 0.14583333333333334 0.027777777777777776 0.14479166666666665 0.025925925925925925 0.14375000000000002 0.005555555555555556 0.14270833333333333 0.003703703703703704 0.125 0.003703703703703704 0.12395833333333332 0.001851851851851852 0.11875 0 0.115625 0.003703703703703704 0.11458333333333333 0.003703703703703704 0.041666666666666664 0.003703703703703704
3 0.12708333333333333 0 0.12083333333333333 0.003703703703703704 0.11979166666666667 0.001851851851851852 0.11770833333333333 0 0.11770833333333333 0.001851851851851852 0.1125 0.003703703703703704 0.11145833333333333 0.001851851851851852 0.11041666666666668 0 0.11041666666666668 0.001851851851851852 0.08854166666666667 0.003703703703703704 0.0875 0.001851851851851852 0.0875 0 0.08645833333333333 0.001851851851851852 0.07395833333333333 0.003703703703703704 0.07291666666666667 0.001851851851851852 0.07083333333333333 0 0.07083333333333333 0.001851851851851852 0.065625 0.003703703703703704 0.06458333333333333 0.001851851851851852 0.06354166666666666 0 0.0625 0.003703703703703704 0.06145833333333334 0.003703703703703704 0.021875 0.005555555555555556 0.020833333333333332 0.007407407407407408 0.009375 0.007407407407407408 0.008333333333333333 0.009259259259259259 0.007291666666666667 0.011111111111111112 0.007291666666666667 0.012962962962962963 0.005208333333333333 0.05185185185185185 0.005208333333333333 0.053703703703703705 0.005208333333333333 0.1037037037037037 0.00625 0.10555555555555556 0.009375 0.10740740740740741 0.010416666666666666 0.10740740740740741 0.02291666666666667 0.10740740740740741 0.02395833333333333 0.10555555555555556 0.0375 0.10185185185185185 0.03854166666666666 0.1 0.052083333333333336 0.08518518518518518 0.053125 0.08333333333333333 0.058333333333333334 0.07222222222222222 0.059375 0.07222222222222222 0.07187500000000001 0.08703703703703704 0.07291666666666667 0.08703703703703704 0.08958333333333333 0.1 0.090625 0.1 0.10416666666666667 0.1 0.10520833333333333 0.09814814814814815 0.11979166666666667 0.09259259259259259 0.12083333333333333 0.09074074074074075 0.13125 0.08333333333333333 0.13229166666666667 0.08148148148148149 0.13749999999999998 0.07407407407407407 0.13749999999999998 0.07222222222222222 0.14583333333333334 0.04814814814814815 0.14583333333333334 0.046296296296296294 0.14479166666666665 0.014814814814814815 0.14375000000000002 0.012962962962962963 0.14270833333333333 0.005555555555555556 0.14166666666666666 0.005555555555555556 0.13749999999999998 0 0.13645833333333335 0 0.13333333333333333 0 0.13229166666666667 0.001851851851851852 0.13125 0.003703703703703704 0.13020833333333334 0.003703703703703704 0.12812500000000002 0 0.12708333333333333 0
3 0.0125 0.5185185185185185 0.011458333333333334 0.5203703703703704 0.00625 0.5296296296296297 0.00625 0.5314814814814814 0.007291666666666667 0.5462962962962963 0.008333333333333333 0.5481481481481482 0.015625 0.5592592592592592 0.016666666666666666 0.5592592592592592 0.02395833333333333 0.5648148148148148 0.025 0.5648148148148148 0.03229166666666666 0.5629629629629629 0.03333333333333333 0.5611111111111111 0.03958333333333334 0.5555555555555556 0.040625 0.5537037037037037 0.04479166666666667 0.5407407407407407 0.04479166666666667 0.5388888888888889 0.04375 0.5240740740740741 0.042708333333333334 0.5222222222222223 0.03958333333333334 0.5148148148148148 0.03854166666666666 0.5148148148148148 0.036458333333333336 0.5111111111111112 0.035416666666666666 0.5111111111111112 0.02708333333333333 0.5092592592592593 0.020833333333333332 0.5111111111111112 0.01979166666666667 0.512962962962963 0.0125 0.5185185185185185
3 0.07395833333333333 0.2796296296296296 0.075 0.28148148148148144 0.07604166666666667 0.28888888888888886 0.07708333333333332 0.29074074074074074 0.08020833333333333 0.2962962962962963 0.08125 0.2962962962962963 0.0875 0.30185185185185187 0.08854166666666667 0.30185185185185187 0.096875 0.30185185185185187 0.09791666666666667 0.3 0.103125 0.2962962962962963 0.10416666666666667 0.29444444444444445 0.10625 0.29074074074074074 0.10625 0.28888888888888886 0.10520833333333333 0.26666666666666666 0.10416666666666667 0.26481481481481484 0.0875 0.25 0.08645833333333333 0.25 0.08333333333333333 0.25 0.07395833333333333 0.26666666666666666 0.07395833333333333 0.26851851851851855 0.07395833333333333 0.2796296296296296
3 0.1 0.24444444444444444 0.1 0.24629629629629632 0.1 0.2555555555555556 0.10104166666666667 0.2574074074074074 0.11041666666666668 0.2740740740740741 0.11145833333333333 0.2740740740740741 0.12604166666666666 0.2740740740740741 0.12708333333333333 0.2722222222222222 0.13229166666666667 0.2574074074074074 0.13229166666666667 0.2555555555555556 0.13229166666666667 0.24814814814814815 0.13125 0.24629629629629632 0.12708333333333333 0.23703703703703705 0.12604166666666666 0.23703703703703705 0.11666666666666667 0.23148148148148148 0.103125 0.23518518518518516 0.103125 0.23703703703703705 0.1 0.24444444444444444
3 0.0625 0.20555555555555555 0.0625 0.2074074074074074 0.06354166666666666 0.21666666666666665 0.06458333333333333 0.21851851851851853 0.06770833333333333 0.2277777777777778 0.06874999999999999 0.22962962962962963 0.07916666666666668 0.24074074074074073 0.08020833333333333 0.24074074074074073 0.09270833333333332 0.2388888888888889 0.09375 0.23703703703703705 0.096875 0.23518518518518516 0.09791666666666667 0.23333333333333334 0.10208333333333333 0.21666666666666665 0.10208333333333333 0.21481481481481482 0.10104166666666667 0.20555555555555555 0.1 0.2037037037037037 0.08125 0.18333333333333335 0.08020833333333333 0.18333333333333335 0.07291666666666667 0.18333333333333335 0.065625 0.19074074074074077 0.065625 0.1925925925925926 0.0625 0.20555555555555555
3 0.04583333333333334 0.17037037037037037 0.046875 0.17222222222222225 0.04791666666666666 0.17592592592592593 0.046875 0.17777777777777778 0.042708333333333334 0.1814814814814815 0.042708333333333334 0.18333333333333335 0.042708333333333334 0.18888888888888888 0.04375 0.19074074074074077 0.05 0.2037037037037037 0.051041666666666666 0.2037037037037037 0.05625 0.20925925925925928 0.057291666666666664 0.20925925925925928 0.06041666666666667 0.20925925925925928 0.06145833333333334 0.2074074074074074 0.06354166666666666 0.19444444444444445 0.06458333333333333 0.1925925925925926 0.06874999999999999 0.18518518518518517 0.06979166666666667 0.18518518518518517 0.075 0.1814814814814815 0.07604166666666667 0.1796296296296296 0.07604166666666667 0.17592592592592593 0.075 0.17592592592592593 0.06874999999999999 0.17222222222222225 0.06770833333333333 0.17037037037037037 0.06145833333333334 0.1537037037037037 0.06041666666666667 0.1537037037037037 0.053125 0.15185185185185185 0.04583333333333334 0.1611111111111111 0.04583333333333334 0.16296296296296298 0.04583333333333334 0.17037037037037037
3 0.07708333333333332 0.16296296296296298 0.078125 0.16296296296296298 0.08645833333333333 0.17777777777777778 0.0875 0.17777777777777778 0.09270833333333332 0.18333333333333335 0.09375 0.18333333333333335 0.1 0.18333333333333335 0.1 0.1814814814814815 0.1 0.17222222222222225 0.09895833333333333 0.17037037037037037 0.09479166666666668 0.15925925925925924 0.09375 0.15925925925925924 0.084375 0.15185185185185185 0.08333333333333333 0.15185185185185185 0.078125 0.15185185185185185 0.07604166666666667 0.15555555555555556 0.07604166666666667 0.1574074074074074 0.07708333333333332 0.16296296296296298
3 0.14479166666666665 0.15925925925925924 0.14479166666666665 0.1611111111111111 0.14583333333333334 0.1685185185185185 0.146875 0.17037037037037037 0.15 0.17592592592592593 0.15104166666666666 0.17592592592592593 0.15416666666666665 0.17592592592592593 0.15520833333333334 0.17407407407407408 0.16458333333333333 0.17037037037037037 0.16458333333333333 0.1685185185185185 0.165625 0.1611111111111111 0.16458333333333333 0.15925925925925924 0.16354166666666667 0.15185185185185185 0.1625 0.15 0.15729166666666666 0.14444444444444443 0.15625 0.14444444444444443 0.153125 0.14444444444444443 0.146875 0.15185185185185185 0.146875 0.1537037037037037 0.14479166666666665 0.15925925925925924
3 0.165625 0.15 0.165625 0.15185185185185185 0.16458333333333333 0.15555555555555556 0.165625 0.1574074074074074 0.16666666666666666 0.16296296296296298 0.16770833333333335 0.16481481481481483 0.17708333333333334 0.17037037037037037 0.178125 0.17037037037037037 0.18333333333333335 0.1685185185185185 0.184375 0.16666666666666666 0.18541666666666665 0.15555555555555556 0.184375 0.1537037037037037 0.18333333333333335 0.14444444444444443 0.18229166666666666 0.1425925925925926 0.17604166666666665 0.13703703703703704 0.175 0.13703703703703704 0.171875 0.13703703703703704 0.16770833333333335 0.1425925925925926 0.16770833333333335 0.14444444444444443 0.165625 0.15
3 0.15208333333333335 0.11296296296296296 0.15208333333333335 0.11481481481481481 0.153125 0.13148148148148148 0.15416666666666665 0.13333333333333333 0.15625 0.1388888888888889 0.15729166666666666 0.1388888888888889 0.16145833333333334 0.1425925925925926 0.1625 0.1425925925925926 0.16875 0.14074074074074072 0.16979166666666665 0.1388888888888889 0.17395833333333335 0.1277777777777778 0.17395833333333335 0.1259259259259259 0.17291666666666666 0.11481481481481481 0.171875 0.11296296296296296 0.16458333333333333 0.1037037037037037 0.16354166666666667 0.1037037037037037 0.159375 0.1037037037037037 0.15416666666666665 0.10740740740740741 0.15416666666666665 0.10925925925925926 0.15208333333333335 0.11296296296296296
3 0.13749999999999998 0.12962962962962962 0.13749999999999998 0.13148148148148148 0.13749999999999998 0.14444444444444443 0.13854166666666667 0.1462962962962963 0.14270833333333333 0.15185185185185185 0.14375000000000002 0.15185185185185185 0.14583333333333334 0.15185185185185185 0.146875 0.15 0.15416666666666665 0.14074074074074072 0.15416666666666665 0.1388888888888889 0.15208333333333335 0.1259259259259259 0.15104166666666666 0.12407407407407407 0.14895833333333333 0.11851851851851852 0.14791666666666667 0.11851851851851852 0.14166666666666666 0.11851851851851852 0.13958333333333334 0.12037037037037036 0.13958333333333334 0.12222222222222222 0.13749999999999998 0.12962962962962962
3 0.19375 0.03888888888888889 0.19479166666666667 0.040740740740740744 0.2 0.053703703703703705 0.20104166666666665 0.053703703703703705 0.203125 0.05555555555555555 0.20416666666666666 0.053703703703703705 0.21041666666666667 0.04814814814814815 0.21041666666666667 0.046296296296296294 0.21041666666666667 0.037037037037037035 0.209375 0.03518518518518518 0.203125 0.020370370370370372 0.20208333333333334 0.020370370370370372 0.19895833333333335 0.020370370370370372 0.19375 0.027777777777777776 0.19375 0.02962962962962963 0.19375 0.03888888888888889
3 0.175 0.32592592592592595 0.175 0.3277777777777778 0.17395833333333335 0.337037037037037 0.175 0.3388888888888889 0.17604166666666665 0.35185185185185186 0.17708333333333334 0.35370370370370374 0.18541666666666665 0.36851851851851847 0.18645833333333334 0.36851851851851847 0.190625 0.37222222222222223 0.19166666666666665 0.37222222222222223 0.20104166666666665 0.37407407407407406 0.20208333333333334 0.37222222222222223 0.20625 0.37222222222222223 0.20729166666666665 0.37037037037037035 0.21145833333333333 0.3666666666666667 0.2125 0.3648148148148148 0.21979166666666666 0.3425925925925926 0.21979166666666666 0.34074074074074073 0.221875 0.3222222222222222 0.22083333333333335 0.32037037037037036 0.19791666666666666 0.3111111111111111 0.196875 0.3111111111111111 0.18541666666666665 0.3111111111111111 0.18125 0.31296296296296294 0.18020833333333333 0.3148148148148148 0.175 0.32592592592592595
3 0.17291666666666666 0.38148148148148153 0.17395833333333335 0.3833333333333333 0.175 0.3907407407407408 0.17604166666666665 0.3925925925925926 0.18125 0.40370370370370373 0.18229166666666666 0.40370370370370373 0.196875 0.40370370370370373 0.19791666666666666 0.40185185185185185 0.20208333333333334 0.4 0.203125 0.39814814814814814 0.20520833333333335 0.39444444444444443 0.20520833333333335 0.3925925925925926 0.20729166666666665 0.387037037037037 0.20729166666666665 0.3851851851851852 0.20833333333333334 0.37222222222222223 0.20729166666666665 0.37222222222222223 0.18854166666666666 0.37222222222222223 0.1875 0.37037037037037035 0.18541666666666665 0.37037037037037035 0.184375 0.36851851851851847 0.17708333333333334 0.3574074074074074 0.17291666666666666 0.362962962962963 0.17291666666666666 0.3648148148148148 0.17291666666666666 0.38148148148148153
3 0.3229166666666667 0.7425925925925926 0.3239583333333333 0.7444444444444445 0.328125 0.75 0.32916666666666666 0.75 0.3375 0.7462962962962962 0.3385416666666667 0.7444444444444445 0.340625 0.7370370370370369 0.340625 0.7351851851851853 0.340625 0.7277777777777777 0.3395833333333333 0.725925925925926 0.33125 0.7185185185185184 0.3302083333333333 0.7185185185185184 0.3260416666666667 0.7185185185185184 0.321875 0.7277777777777777 0.321875 0.7296296296296296 0.3229166666666667 0.7425925925925926
3 0.325 0.7166666666666667 0.3260416666666667 0.7166666666666667 0.3385416666666667 0.7222222222222222 0.3395833333333333 0.7203703703703703 0.34270833333333334 0.7037037037037037 0.3416666666666667 0.7018518518518518 0.3395833333333333 0.6962962962962963 0.3385416666666667 0.6962962962962963 0.334375 0.6962962962962963 0.3260416666666667 0.7 0.3260416666666667 0.7018518518518518 0.325 0.7166666666666667
3 0.3239583333333333 0.6907407407407407 0.325 0.6925925925925925 0.3364583333333333 0.6944444444444444 0.3375 0.6925925925925925 0.3395833333333333 0.6870370370370371 0.3395833333333333 0.6851851851851852 0.3395833333333333 0.674074074074074 0.3385416666666667 0.6722222222222222 0.3354166666666667 0.6666666666666666 0.334375 0.6666666666666666 0.32916666666666666 0.6666666666666666 0.3229166666666667 0.6777777777777778 0.3229166666666667 0.6796296296296297 0.3239583333333333 0.6907407407407407
3 0.3375 0.6685185185185185 0.3385416666666667 0.6703703703703704 0.340625 0.674074074074074 0.3416666666666667 0.674074074074074 0.3552083333333333 0.6629629629629629 0.3552083333333333 0.6611111111111112 0.3510416666666667 0.6537037037037037 0.35 0.6537037037037037 0.34479166666666666 0.6518518518518519 0.3375 0.6629629629629629 0.3375 0.6648148148148147 0.3375 0.6685185185185185
3 0.34270833333333334 0.6907407407407407 0.34375 0.6925925925925925 0.34479166666666666 0.6981481481481482 0.3458333333333333 0.7 0.3479166666666667 0.7018518518518518 0.3489583333333333 0.7018518518518518 0.35833333333333334 0.7037037037037037 0.359375 0.7018518518518518 0.3625 0.6944444444444444 0.3625 0.6925925925925925 0.3625 0.6796296296296297 0.3614583333333333 0.6777777777777778 0.35833333333333334 0.6703703703703704 0.3572916666666667 0.6703703703703704 0.3520833333333333 0.6685185185185185 0.34270833333333334 0.6777777777777778 0.34270833333333334 0.6796296296296297 0.34270833333333334 0.6907407407407407
3 0.34270833333333334 0.7333333333333334 0.34375 0.7351851851851853 0.3479166666666667 0.7388888888888888 0.3489583333333333 0.7388888888888888 0.3541666666666667 0.7388888888888888 0.3552083333333333 0.7370370370370369 0.35833333333333334 0.7351851851851853 0.359375 0.7333333333333334 0.3614583333333333 0.725925925925926 0.3614583333333333 0.7240740740740741 0.36041666666666666 0.7148148148148148 0.359375 0.7129629629629629 0.3541666666666667 0.7055555555555556 0.353125 0.7055555555555556 0.346875 0.7055555555555556 0.34270833333333334 0.7129629629629629 0.34270833333333334 0.7148148148148148 0.34270833333333334 0.7333333333333334
3 0.11666666666666667 0.5259259259259259 0.11666666666666667 0.5277777777777778 0.115625 0.5388888888888889 0.11666666666666667 0.5407407407407407 0.11770833333333333 0.5462962962962963 0.11875 0.5481481481481482 0.12083333333333333 0.5499999999999999 0.121875 0.5499999999999999 0.12812500000000002 0.5499999999999999 0.12916666666666665 0.5481481481481482 0.13645833333333335 0.5388888888888889 0.13645833333333335 0.5370370370370371 0.13854166666666667 0.5277777777777778 0.13749999999999998 0.5259259259259259 0.13229166666666667 0.5148148148148148 0.13125 0.5148148148148148 0.12395833333333332 0.5148148148148148 0.11979166666666667 0.5185185185185185 0.11875 0.5203703703703704 0.11666666666666667 0.5259259259259259
3 0.3145833333333333 0.46851851851851856 0.315625 0.46851851851851856 0.321875 0.4740740740740741 0.3229166666666667 0.4722222222222222 0.328125 0.4666666666666667 0.328125 0.46481481481481485 0.328125 0.45185185185185184 0.32708333333333334 0.45 0.321875 0.44074074074074077 0.3208333333333333 0.44074074074074077 0.315625 0.44074074074074077 0.3083333333333333 0.4537037037037037 0.309375 0.4555555555555556 0.3145833333333333 0.46851851851851856
3 0.303125 0.4611111111111111 0.3041666666666667 0.46296296296296297 0.3104166666666667 0.4777777777777778 0.31145833333333334 0.4777777777777778 0.31875 0.4759259259259259 0.31875 0.4740740740740741 0.3104166666666667 0.46296296296296297 0.3104166666666667 0.4611111111111111 0.3083333333333333 0.45185185185185184 0.3072916666666667 0.45185185185185184 0.3052083333333333 0.45185185185185184 0.303125 0.4555555555555556 0.303125 0.4574074074074074 0.303125 0.4611111111111111
3 0.22291666666666665 0.6037037037037037 0.22395833333333334 0.6055555555555556 0.22604166666666667 0.6092592592592593 0.22708333333333333 0.6092592592592593 0.23541666666666666 0.6074074074074074 0.23645833333333335 0.6055555555555556 0.23645833333333335 0.5907407407407407 0.23541666666666666 0.5888888888888889 0.22708333333333333 0.587037037037037 0.221875 0.5944444444444444 0.221875 0.5962962962962963 0.22291666666666665 0.6037037037037037
3 0.22291666666666665 0.6259259259259259 0.22395833333333334 0.6277777777777778 0.22604166666666667 0.6296296296296297 0.22708333333333333 0.6296296296296297 0.234375 0.6277777777777778 0.23541666666666666 0.6259259259259259 0.23854166666666665 0.6203703703703703 0.23854166666666665 0.6185185185185185 0.23541666666666666 0.6092592592592593 0.234375 0.6092592592592593 0.23020833333333335 0.6092592592592593 0.22291666666666665 0.6185185185185185 0.22291666666666665 0.6203703703703703 0.22291666666666665 0.6259259259259259
3 0.13229166666666667 0.5925925925925926 0.13333333333333333 0.5925925925925926 0.14166666666666666 0.5925925925925926 0.14270833333333333 0.5907407407407407 0.14479166666666665 0.5888888888888889 0.14479166666666665 0.587037037037037 0.14375000000000002 0.5740740740740741 0.14270833333333333 0.5740740740740741 0.13333333333333333 0.5740740740740741 0.13125 0.5777777777777777 0.13125 0.5796296296296296 0.13229166666666667 0.5925925925925926
3 0.090625 0.5592592592592592 0.090625 0.5611111111111111 0.08958333333333333 0.5648148148148148 0.090625 0.5666666666666667 0.09270833333333332 0.5703703703703704 0.09375 0.5703703703703704 0.096875 0.5703703703703704 0.09791666666666667 0.5685185185185185 0.109375 0.5574074074074075 0.10833333333333332 0.5555555555555556 0.10625 0.5499999999999999 0.10520833333333333 0.5499999999999999 0.10104166666666667 0.5481481481481482 0.09479166666666668 0.5518518518518518 0.09375 0.5537037037037037 0.090625 0.5592592592592592
3 0.17083333333333334 0.48703703703703705 0.17083333333333334 0.4888888888888889 0.175 0.4944444444444444 0.17604166666666665 0.4944444444444444 0.18125 0.4944444444444444 0.18229166666666666 0.49259259259259264 0.18645833333333334 0.48703703703703705 0.18645833333333334 0.48518518518518516 0.184375 0.4759259259259259 0.18333333333333335 0.4759259259259259 0.17916666666666667 0.4740740740740741 0.17395833333333335 0.47962962962962963 0.17291666666666666 0.48148148148148145 0.17083333333333334 0.48703703703703705
3 0.20416666666666666 0.49074074074074076 0.20520833333333335 0.49074074074074076 0.21145833333333333 0.49259259259259264 0.2125 0.49074074074074076 0.215625 0.48703703703703705 0.215625 0.48518518518518516 0.21458333333333335 0.4759259259259259 0.21354166666666666 0.4759259259259259 0.20729166666666665 0.4759259259259259 0.20208333333333334 0.48148148148148145 0.20208333333333334 0.48333333333333334 0.20416666666666666 0.49074074074074076
3 0.209375 0.4722222222222222 0.21041666666666667 0.4722222222222222 0.21979166666666666 0.4740740740740741 0.22083333333333335 0.4722222222222222 0.22291666666666665 0.4666666666666667 0.22291666666666665 0.46481481481481485 0.221875 0.45925925925925926 0.22083333333333335 0.45925925925925926 0.215625 0.4574074074074074 0.20833333333333334 0.4611111111111111 0.20833333333333334 0.46296296296296297 0.209375 0.4722222222222222
3 0.21770833333333334 0.4574074074074074 0.21875 0.4574074074074074 0.22395833333333334 0.45925925925925926 0.225 0.4574074074074074 0.22708333333333333 0.44814814814814813 0.22708333333333333 0.4462962962962963 0.22604166666666667 0.4425925925925926 0.225 0.44074074074074077 0.21666666666666665 0.4388888888888889 0.21354166666666666 0.44814814814814813 0.21458333333333335 0.44814814814814813 0.21770833333333334 0.4574074074074074
3 0.2885416666666667 0.5666666666666667 0.2895833333333333 0.5666666666666667 0.29062499999999997 0.5666666666666667 0.29062499999999997 0.5648148148148148 0.2916666666666667 0.5462962962962963 0.29062499999999997 0.5444444444444444 0.28750000000000003 0.5444444444444444 0.28229166666666666 0.5518518518518518 0.2833333333333333 0.5537037037037037 0.2885416666666667 0.5666666666666667
3 0.3354166666666667 0.5944444444444444 0.3364583333333333 0.5962962962962963 0.3395833333333333 0.6018518518518519 0.340625 0.6018518518518519 0.346875 0.6037037037037037 0.3479166666666667 0.6018518518518519 0.3489583333333333 0.5944444444444444 0.3479166666666667 0.5925925925925926 0.346875 0.5814814814814815 0.3458333333333333 0.5796296296296296 0.34479166666666666 0.575925925925926 0.34375 0.575925925925926 0.3416666666666667 0.575925925925926 0.3364583333333333 0.5833333333333334 0.3364583333333333 0.5851851851851853 0.3354166666666667 0.5944444444444444
3 0.19375 0.2925925925925926 0.19479166666666667 0.29444444444444445 0.196875 0.29814814814814816 0.19791666666666666 0.29814814814814816 0.22291666666666665 0.3074074074074074 0.22291666666666665 0.3055555555555556 0.22291666666666665 0.30185185185185187 0.221875 0.3 0.21666666666666665 0.28703703703703703 0.21770833333333334 0.2851851851851852 0.21979166666666666 0.28148148148148144 0.22083333333333335 0.28148148148148144 0.22395833333333334 0.28148148148148144 0.22291666666666665 0.2796296296296296 0.20520833333333335 0.2574074074074074 0.20416666666666666 0.2574074074074074 0.2 0.2574074074074074 0.19270833333333334 0.2759259259259259 0.19270833333333334 0.2777777777777778 0.19375 0.2925925925925926
3 0.21041666666666667 0.20185185185185187 0.21041666666666667 0.2037037037037037 0.21041666666666667 0.22592592592592592 0.21145833333333333 0.2277777777777778 0.21666666666666665 0.24814814814814815 0.21770833333333334 0.24814814814814815 0.23125 0.25925925925925924 0.23229166666666665 0.2574074074074074 0.234375 0.2537037037037037 0.23333333333333334 0.2518518518518518 0.21770833333333334 0.2074074074074074 0.21770833333333334 0.20555555555555555 0.22291666666666665 0.1962962962962963 0.22291666666666665 0.19444444444444445 0.22291666666666665 0.18888888888888888 0.221875 0.18703703703703703 0.21979166666666666 0.18703703703703703 0.215625 0.19074074074074077 0.21458333333333335 0.1925925925925926 0.21041666666666667 0.20185185185185187
3 0.340625 0.15 0.3395833333333333 0.15185185185185185 0.3385416666666667 0.1574074074074074 0.3385416666666667 0.15925925925925924 0.34479166666666666 0.1814814814814815 0.3458333333333333 0.1814814814814815 0.35 0.17222222222222225 0.3510416666666667 0.17222222222222225 0.35833333333333334 0.16481481481481483 0.35833333333333334 0.16296296296296298 0.35833333333333334 0.15 0.3572916666666667 0.14814814814814814 0.35625 0.1425925925925926 0.3552083333333333 0.1425925925925926 0.3489583333333333 0.1425925925925926 0.3458333333333333 0.14814814814814814 0.34479166666666666 0.14814814814814814 0.340625 0.15
3 0.3458333333333333 0.18703703703703703 0.346875 0.18888888888888888 0.353125 0.2037037037037037 0.3541666666666667 0.2037037037037037 0.3625 0.20555555555555555 0.3635416666666667 0.2037037037037037 0.3677083333333333 0.1962962962962963 0.3677083333333333 0.19444444444444445 0.3677083333333333 0.1814814814814815 0.3666666666666667 0.1796296296296296 0.3625 0.17037037037037037 0.3614583333333333 0.17037037037037037 0.35625 0.16666666666666666 0.346875 0.1796296296296296 0.346875 0.1814814814814815 0.3458333333333333 0.18703703703703703
3 0.3635416666666667 0.21851851851851853 0.3645833333333333 0.22037037037037038 0.3677083333333333 0.2277777777777778 0.36875 0.2277777777777778 0.375 0.22592592592592592 0.37604166666666666 0.22407407407407406 0.38125 0.21666666666666665 0.38125 0.21481481481481482 0.3802083333333333 0.2037037037037037 0.3791666666666667 0.20185185185185187 0.375 0.1962962962962963 0.37395833333333334 0.1962962962962963 0.3677083333333333 0.1962962962962963 0.3635416666666667 0.20555555555555555 0.3635416666666667 0.2074074074074074 0.3635416666666667 0.21851851851851853
3 0.3666666666666667 0.22962962962962963 0.3666666666666667 0.23148148148148148 0.3666666666666667 0.23703703703703705 0.3677083333333333 0.2388888888888889 0.375 0.24629629629629632 0.37604166666666666 0.24629629629629632 0.3802083333333333 0.24444444444444444 0.38125 0.24259259259259258 0.384375 0.23518518518518516 0.384375 0.23333333333333334 0.384375 0.22407407407407406 0.3833333333333333 0.2222222222222222 0.38125 0.21851851851851853 0.375 0.22592592592592592 0.37395833333333334 0.22592592592592592 0.3666666666666667 0.22962962962962963
3 0.22916666666666666 0.34814814814814815 0.23020833333333335 0.35 0.2375 0.35370370370370374 0.23854166666666665 0.35185185185185186 0.24166666666666667 0.35 0.24270833333333333 0.34814814814814815 0.24166666666666667 0.337037037037037 0.240625 0.3351851851851852 0.23541666666666666 0.3277777777777778 0.234375 0.3277777777777778 0.23229166666666665 0.3277777777777778 0.228125 0.34074074074074073 0.228125 0.3425925925925926 0.22916666666666666 0.34814814814814815
3 0.13645833333333335 0.37777777777777777 0.13749999999999998 0.37962962962962965 0.140625 0.3833333333333333 0.14166666666666666 0.3833333333333333 0.146875 0.3833333333333333 0.14791666666666667 0.38148148148148153 0.15 0.37592592592592594 0.15 0.37407407407407406 0.15 0.3666666666666667 0.14895833333333333 0.3648148148148148 0.14583333333333334 0.3611111111111111 0.14479166666666665 0.3611111111111111 0.13854166666666667 0.3611111111111111 0.13541666666666666 0.36851851851851847 0.13541666666666666 0.37037037037037035 0.13645833333333335 0.37777777777777777
3 0.2375 0.3611111111111111 0.23854166666666665 0.3611111111111111 0.24166666666666667 0.3648148148148148 0.24270833333333333 0.3648148148148148 0.246875 0.3648148148148148 0.246875 0.362962962962963 0.24791666666666665 0.35370370370370374 0.246875 0.35185185185185186 0.24270833333333333 0.34814814814814815 0.2375 0.35370370370370374 0.2375 0.35555555555555557 0.2375 0.3611111111111111
1 0.3216666666666667 0.2790740740740741 0.3129166666666667 0.2285185185185185 0.2969791666666666 0.07481481481481482 0.27572916666666664 0.07555555555555556 0.28260416666666666 0.1527777777777778 0.27895833333333336 0.1548148148148148 0.2705208333333333 0.14277777777777778 0.21833333333333332 0.007592592592592592 0.20343750000000002 0.014074074074074074 0.2652083333333333 0.1748148148148148 0.2680208333333333 0.19518518518518516 0.28208333333333335 0.2190740740740741 0.301875 0.3007407407407407 0.31322916666666667 0.2859259259259259 0.3216666666666667 0.2790740740740741
1 0.045208333333333336 0.45592592592592596 0.07177083333333333 0.42444444444444446 0.07041666666666667 0.42166666666666663 0.04645833333333333 0.4459259259259259 0.0446875 0.4425925925925926 0.042916666666666665 0.42277777777777775 0.036875 0.42592592592592593 0.03927083333333333 0.47555555555555556 0.0459375 0.47388888888888886 0.045208333333333336 0.45592592592592596
1 0.04020833333333334 0.3025925925925926 0.043437500000000004 0.2987037037037037 0.07135416666666666 0.2864814814814815 0.07072916666666666 0.28259259259259256 0.04479166666666667 0.29203703703703704 0.041562499999999995 0.29055555555555557 0.04052083333333333 0.2840740740740741 0.042083333333333334 0.2659259259259259 0.034687499999999996 0.2651851851851852 0.03125 0.31703703703703706 0.03802083333333334 0.32074074074074077 0.04020833333333334 0.3025925925925926