2 0.511918886574074 1 0.5133856319444444 0.9988392314814816 0.5232192800925927 0.9898991759259259 0.5230563263888889 0.9888703333333333 0.5235817592592592 0.9803499050925927 0.5252478587962963 0.9790313680555556 0.5304091111111111 0.9761046041666667 0.5302461597222222 0.975075761574074 0.531423400462963 0.9706707013888889 0.5330895 0.9693521666666667 0.5409311435185186 0.9596729629629629 0.5407681898148149 0.9586441203703703 0.5646555949074075 0.9200572384259259 0.5644926435185186 0.9190283958333333 0.5685132268518518 0.9088997384259259 0.5701793263888889 0.907581201388889 0.5763548680555556 0.8992205347222223 0.5761919166666667 0.8981916921296297 0.5922376782407407 0.8692840138888889 0.5920747268518519 0.8682551712962963 0.5944292106481481 0.8594450486111112 0.5960953101851851 0.8581265138888888 0.6036110486111111 0.8463896249999999 0.6034480949074074 0.8453607824074074 0.6272091226851851 0.7941381041666666 0.6288752222222223 0.7928195694444445 0.6405744953703704 0.7719828634259259 0.6422405949074075 0.7706643287037037 0.6530885324074075 0.7562903703703704 0.6547546319444444 0.7549718356481482 0.6647512314814814 0.7470606226851851 0.6665802847222223 0.7467709282407408 0.6850703356481481 0.7332958796296296 0.6868993888888889 0.7330061875 0.7077073495370371 0.7223279722222222 0.7093734490740741 0.7210094351851851 0.7142087962962963 0.7160249884259259 0.7140458449074074 0.7149961458333333 0.7133940347222222 0.7108807777777778 0.7114020300925925 0.7101416296296296 0.7039228657407407 0.7102715601851851 0.7022567662037038 0.7115900972222222 0.6742955462962963 0.7244559282407408 0.6724664953703703 0.7247456203703704 0.6668163842592593 0.7245858587962963 0.6648243796296297 0.7238467106481481 0.6625064699074074 0.7210498773148147 0.6641725694444445 0.7197313425925926 0.6673783912037037 0.704458474537037 0.6690444907407408 0.7031399375 0.708525375 0.6209518958333333 0.710191474537037 0.619633361111111 0.7636529699074074 0.5310124027777777 0.7653190694444445 0.5296938680555555 0.795870875 0.4858328425925926 0.791886863425926 0.4843545462962963 0.7900578125000001 0.48464424074074075 0.7681091828703704 0.4881205601851852 0.766117175925926 0.487381412037037 0.758638013888889 0.48751134490740744 0.7566460092592593 0.48677219675925926 0.7488409421296296 0.4848444444444444 0.7470118888888889 0.48513413657407406 0.7425024467592592 0.49217626851851853 0.742665400462963 0.4932051111111111 0.7373046203703704 0.5067099907407407 0.7356385208333334 0.508028525462963 0.7281227847222221 0.5197654120370371 0.7282857361111111 0.5207942546296296 0.7272714467592593 0.5262281574074075 0.7256053472222221 0.5275466944444445 0.661132962962963 0.6295127685185186 0.6612959166666668 0.6305416111111112 0.6368830787037036 0.6776489212962963 0.6370460324074074 0.6786777638888888 0.6305080115740741 0.6965877037037037 0.6288419097222222 0.6979062384259259 0.6186457847222222 0.7163955648148148 0.6169796851851852 0.7177141018518518 0.6123072893518519 0.7237273912037038 0.610478238425926 0.7240170856481482 0.5936542847222221 0.7361735972222222 0.5938172384259259 0.7372024398148148 0.5874787430555556 0.7445342662037037 0.5876416967592593 0.7455631064814815 0.5884564583333334 0.7507073171296297 0.5904484629629629 0.7514464652777777 0.592766375 0.7542432986111111 0.5929293263888888 0.7552721412037037 0.592729800925926 0.7658502546296296 0.5910636990740741 0.7671687893518518 0.587694925925926 0.7814128171296296 0.5860288263888889 0.7827313518518518 0.5753072685185185 0.8097411087962962 0.5736411689814814 0.8110596435185186 0.5356634305555555 0.8909003078703704 0.5339973310185185 0.8922188449074073 0.4979217939814815 0.9485559027777777 0.4980847476851852 0.9495847453703704 0.47468619907407406 0.9912581527777777 0.4748491527777778 0.9922869953703704 0.4710175208333333 1 0.511918886574074 1
2 0.5018910624999999 0 0.47246023842592594 0.0037127546296296297 0.4626737314814815 0.0038979421296296297 0.4670999837962963 0.00953699074074074 0.4973597615740741 0.2690167314814815 0.5060556898148149 0.26596296296296296 0.5065445462962963 0.26904949074074075 0.5035382523148149 0.2737442453703704 0.4979649560185185 0.27420632638888887 0.5018721527777777 0.2750627800925926 0.5020351041666666 0.27609162268518517 0.4985701527777778 0.2793959236111111 0.5006949097222222 0.2794678425925926 0.49768861574074075 0.2841625972222222 0.49917534722222223 0.2845855162037037 0.49618546759259263 0.286509974537037 0.4966743263888889 0.2895965 0.49500822685185186 0.290915037037037 0.5003857407407407 0.2949647060185185 0.4958229884259259 0.29605924537037037 0.49415688888888887 0.29737778240740737 0.5009909351851852 0.30015430092592593 0.49330555324074077 0.30384052777777776 0.4897738263888889 0.31705571064814814 0.48510143055555555 0.32306900231481483 0.48408714120370366 0.32850290509259256 0.4809178935185185 0.33216881944444443 0.4812437986111111 0.3342265023148148 0.4767343564814815 0.3412686342592593 0.4757200671296296 0.34670253935185186 0.47255081944444444 0.3503684513888889 0.47153653009259255 0.35580235648148145 0.4636948888888889 0.3654815578703704 0.4641837453703704 0.3685680856481482 0.4625176458333333 0.3698866203703704 0.4630065046296296 0.37297314583333335 0.4613404050925926 0.37429168287037035 0.46065202083333334 0.3817832685185185 0.45447647685185183 0.3901439375 0.45480238194444444 0.3922016203703703 0.4531362824074074 0.3935201574074074 0.45378809259259256 0.397635525462963 0.45212199305555556 0.39895406018518514 0.45261085185185185 0.40204058564814815 0.44810140972222223 0.4090827199074074 0.4484273148148148 0.41114040277777775 0.4452580671296296 0.4148063171296296 0.44558397222222224 0.416864 0.44107453009259256 0.4239061319444445 0.44006024074074074 0.42934003703703705 0.4280350625 0.4481190555555556 0.41620940972222226 0.45631996296296296 0.41503216666666665 0.4607250231481481 0.41336606712962964 0.4620435601851852 0.4143437824074074 0.4682166111111111 0.4126776828703704 0.4695351481481481 0.4133294930555556 0.4736505162037037 0.4153214976851852 0.47438966435185187 0.416136261574074 0.4795338726851852 0.41812826620370375 0.4802730231481482 0.41959484027777777 0.48953259953703704 0.4215868449074074 0.49027175 0.4264754212962963 0.5211370092592593 0.4248093217592593 0.5224555462962963 0.42562408333333335 0.5275997546296296 0.4239579837962963 0.5289182916666667 0.42542455787037037 0.5381778680555556 0.42375845833333337 0.5394964050925926 0.4251884560185185 0.5603629375 0.42352235648148145 0.5616814745370371 0.42433712037037036 0.5668256828703704 0.42267101851851857 0.5681442199074074 0.4226344444444444 0.579751175925926 0.4196281504629629 0.5844459305555555 0.42027996064814815 0.5885612986111111 0.4186138611111111 0.5898798333333334 0.4192656712962963 0.593995201388889 0.41759957175925927 0.5953137384259259 0.41825138194444444 0.5994291064814815 0.41658528240740744 0.6007476412037037 0.41723709259259256 0.6048630092592592 0.41557099305555556 0.6061815439814815 0.4162228032407408 0.610296912037037 0.4145567013888889 0.6116154490740741 0.41520851157407407 0.6157308171296297 0.413542412037037 0.6170493518518518 0.41317993287037036 0.6265986226851852 0.41151383333333336 0.6279171597222223 0.41200269212962964 0.6310036851851852 0.40883344444444447 0.6346695972222222 0.4093223009259259 0.6377561226851852 0.4076562013888889 0.6390746597222223 0.40827143750000006 0.6547969837962963 0.40660533796296294 0.6561155185185186 0.40709419444444445 0.6592020439814815 0.40392494907407406 0.6628679583333332 0.40441380555555556 0.6659544837962963 0.4027477060185185 0.6672730185185186 0.40205932175925924 0.6747646064814815 0.3990530277777778 0.6794593611111112 0.3983646412037037 0.6869509490740741 0.392189099537037 0.6953116180555555 0.3925150046296296 0.6973693009259259 0.3878426111111111 0.7033825925925926 0.3881685162037037 0.705440275462963 0.3849992685185185 0.7091061898148148 0.3853251736111111 0.7111638726851852 0.38215592592592595 0.7148297847222223 0.3824818310185185 0.7168874699074074 0.3749660949074074 0.7286243564814815 0.3754549537037037 0.7317108842592593 0.3737888518518519 0.7330294189814814 0.37427771064814813 0.7361159444444445 0.37261161111111113 0.7374344814814814 0.3732634212962963 0.7415498495370371 0.37159732175925925 0.7428683842592593 0.37208617824074075 0.7459549097222222 0.37042007870370375 0.7472734444444445 0.36989464583333337 0.755793875 0.3653852037037037 0.7628360069444445 0.3658740625 0.7659225347222223 0.364207962962963 0.7672410694444445 0.3631936736111111 0.7726749722222223 0.35401183564814814 0.7857303958333334 0.352309162037037 0.798655886574074 0.3491399143518518 0.8023217986111112 0.34946581944444444 0.8043794837962963 0.34645952546296294 0.8090742384259259 0.33845493055555553 0.817724599537037 0.33959559953703705 0.8249264953703703 0.3437425625 0.8274336342592592 0.3481422800925926 0.8552123680555556 0.3464761805555555 0.8565309027777778 0.3456248425925926 0.8629936481481482 0.34395874305555557 0.8643121851851852 0.34509941203703703 0.8715140787037037 0.34709141666666665 0.8722532268518519 0.34790618055555556 0.8773974375 0.3447369328703704 0.881063349537037 0.353120662037037 0.9103203819444444 0.3514545625 0.9116389166666666 0.35292113425925925 0.9208984953703704 0.35125503472222225 0.9222170324074074 0.35435113425925924 0.9417650300925926 0.35268503472222223 0.9430835648148148 0.35578113194444444 0.9626315624999999 0.35411503240740744 0.963950099537037 0.3572111319444445 0.9834980972222221 0.35554503240740737 0.9848166319444445 0.35794984027777776 1 0.4976688402777778 1 0.5002563611111112 0.998809400462963 0.5132226805555555 0.9978103888888888 0.5127338217592593 0.9947238634259259 0.5143999212962963 0.9934053263888889 0.5107418171296296 0.9939847152777778 0.5105788657407407 0.9929558726851851 0.5172840023148149 0.9879389421296296 0.5243965208333333 0.9854941157407408 0.5260626226851852 0.9841755787037038 0.5201680833333333 0.9824725555555555 0.521426800925926 0.9785819143518518 0.523092900462963 0.9772633796296296 0.5252478587962963 0.9790313680555556 0.5269139583333333 0.9777128333333333 0.5230521643518519 0.9770061689814815 0.5229299490740741 0.976234537037037 0.5259362430555555 0.9715397824074075 0.5295943495370371 0.9709603935185185 0.532274738425926 0.9642079560185186 0.5359328425925926 0.9636285694444444 0.5337778842592593 0.9618605787037038 0.5354439861111111 0.9605420416666667 0.5349551273148149 0.9574555162037037 0.5386539699074073 0.9571333402777777 0.5440962268518518 0.9441428819444445 0.5477950694444444 0.9438207060185185 0.5456401111111111 0.9420527152777778 0.5473062106481481 0.9407341805555556 0.5468173541666667 0.9376476550925926 0.550679150462963 0.9383543194444444 0.5650995509259259 0.9110223865740741 0.5698534212962963 0.9055235185185184 0.5679836319444445 0.905556 0.5711936157407407 0.9021472986111112 0.5687127546296297 0.898321625 0.5705884212962963 0.8969577037037036 0.5076480833333333 0.35723984259259256 0.4984468865740741 0.3599773842592593 0.4981209814814815 0.35791969907407406 0.4997870810185185 0.35660116435185185 0.5006384166666668 0.35013841898148146 0.5023045185185185 0.34881988194444447 0.5070428888888889 0.35205025 0.5064376944444444 0.3468606550925926 0.5034817592592593 0.34441482175925925 0.5114863541666667 0.3357644606481482 0.5111604490740741 0.33370677546296296 0.5128265486111111 0.33238824074074075 0.5125006435185185 0.33033055555555557 0.5141667430555555 0.32901202083333336 0.5165212291666667 0.3202018981481482 0.519690474537037 0.3165359837962963 0.5193645694444444 0.31447830092592594 0.5210306712962963 0.3131597638888889 0.5207047662037037 0.3111020810185185 0.5223708657407408 0.3097835462962963 0.5220449606481482 0.3077258611111111 0.5237110601851852 0.3064073263888889 0.5233851550925925 0.3043496412037037 0.5250512546296296 0.30303110648148146 0.5247253495370371 0.30097342129629634 0.5263914490740741 0.2996548865740741 0.5260655439814814 0.29759720370370374 0.5277316435185185 0.2962786666666667 0.527405738425926 0.2942209837962963 0.529071837962963 0.29290244675925925 0.5287459328703703 0.29084476388888886 0.5304120347222222 0.2895262291666667 0.5300861296296296 0.2874685439814815 0.5317522291666666 0.28615000925925926 0.5314263240740741 0.2840923240740741 0.5344326180555555 0.27939756944444444 0.534106712962963 0.27733988657407405 0.5372759606481482 0.27367397222222223 0.5369500555555555 0.2716162893518519 0.5386161550925925 0.27029775231481484 0.5382902500000001 0.26824006944444445 0.5399563495370371 0.26692153472222224 0.5396304444444444 0.264863849537037 0.5412965439814814 0.2635453148148148 0.540970638888889 0.2614876296296296 0.542636738425926 0.2601690949074074 0.5423108333333333 0.25811140972222224 0.5453171296296296 0.2534166550925926 0.5445023657407407 0.24827244675925927 0.5461684652777777 0.24695390972222223 0.5447018935185185 0.2376943310185185 0.5463679930555555 0.2363757962962963 0.5457161828703704 0.23226042824074075 0.5488854305555555 0.22859451620370372 0.5497367662037037 0.22213177083333335 0.5514028657407407 0.2208132337962963 0.550425150462963 0.21464018287037037 0.5520912523148148 0.21332164583333332 0.5512764884259259 0.2081774375 0.5542827824074075 0.20348268055555555 0.5536309722222222 0.19936731249999998 0.561309662037037 0.18865926851851852 0.5604948981481481 0.18351505787037037 0.5666704421296296 0.1751543888888889 0.562360525462963 0.1716184097222222 0.560731 0.1613299884259259 0.5639002476851852 0.1576640763888889 0.5635743425925925 0.15560639120370368 0.5665806365740741 0.15091163657407408 0.565765875 0.14576742592592593 0.5674319745370371 0.14444889120370372 0.565965400462963 0.1351893125 0.5676315 0.13387077777777778 0.5669796898148148 0.12975540972222221 0.5699859861111111 0.1250606550925926 0.5694971273148148 0.12197412731481481 0.5711632268518518 0.12065559259259259 0.5706743703703704 0.11756906712962963 0.5723404699074074 0.1162505300925926 0.5716886597222223 0.11213516203703705 0.5733547592592593 0.11081662731481481 0.5728659027777778 0.10773010185185185 0.5745320023148148 0.10641156712962963 0.5740431435185185 0.10332503935185186 0.5757092430555555 0.10200650462962962 0.5747315277777778 0.09583345138888888 0.5763976273148148 0.09451491666666667 0.5749310555555556 0.08525533796296296 0.5765971550925926 0.08393680324074075 0.5757823935185185 0.0787925925925926 0.5822838402777778 0.0724896087962963 0.5834610810185185 0.06808454861111111 0.5866303287037037 0.06441863425925926 0.5863044236111111 0.06236095138888889 0.5879705231481481 0.06104241435185185 0.587155761574074 0.05589820601851852 0.5888218611111111 0.054579668981481484 0.5881700509259259 0.05046430092592593 0.5916652037037037 0.04885607175925926 0.594834449074074 0.04519015972222222 0.595685787037037 0.038727414351851855 0.5973518865740741 0.03740887962962963 0.5997063726851851 0.028598754629629627 0.6013724722222222 0.027280219907407408 0.6022238078703703 0.02081747453703704 0.6037269560185186 0.01847009722222222 0.6103913564814816 0.013195956018518518 0.6188414097222222 0 0.5018910624999999 0
2 0.6537066898148148 0.08543431712962964 0.653543738425926 0.08440547685185186 0.6296762523148148 0.06392873842592593 0.627847199074074 0.06421843055555555 0.6127259212962963 0.0634494513888889 0.6110598217592593 0.06476798842592592 0.6266333819444445 0.08023044907407408 0.6267963356481482 0.08125928935185185 0.6294401504629629 0.08611380787037037 0.6314321550925925 0.08685295601851852 0.6596095578703703 0.11086567592592592 0.6616015625 0.11160482407407407 0.6692436782407407 0.1125037337962963 0.6712356828703704 0.11324288194444444 0.6951397430555555 0.12211266435185185 0.6953026944444445 0.12314150694444444 0.7233537175925926 0.13451842824074076 0.7235166712962964 0.13554727083333334 0.7338026018518519 0.14130069907407408 0.7357946064814814 0.1420398472222222 0.7636826782407407 0.15238792592592595 0.7655117291666668 0.15209823379629628 0.7773008078703704 0.15550428240740743 0.779129861111111 0.15521458796296295 0.7846170185185185 0.15434550925925927 0.7862831180555555 0.15302697222222222 0.7871344537037037 0.14656422685185186 0.7826615856481481 0.1419994050925926 0.7808325347222222 0.14228909722222222 0.6845644814814814 0.10269459953703704 0.6844015300925925 0.10166575694444445 0.6797657083333334 0.09607209027777779 0.6777737037037037 0.09533294212962963 0.665984625 0.09192689351851852 0.6658216736111112 0.09089805092592593 0.6537066898148148 0.08543431712962964
2 0.5276121319444445 0.6506603912037037 0.5256201273148148 0.6499212407407408 0.5148286828703704 0.5936246249999999 0.5128366782407408 0.5928854745370371 0.5079115277777778 0.5736271712962963 0.5059195231481481 0.5728880208333333 0.4996541759259259 0.5570059375 0.496395125 0.5364290949074074 0.4944031203703703 0.5356899467592593 0.47662137037037033 0.482609787037037 0.4746293657407407 0.48187063888888887 0.46535772453703705 0.4706833078703704 0.463691625 0.47200184490740743 0.4608482824074074 0.4777254421296296 0.4634555254629629 0.4941869143518518 0.4654475300925926 0.4949260625 0.4734687800925926 0.5337323657407408 0.4754607847222222 0.5344715138888889 0.4767644050925926 0.54270225 0.4787564097222222 0.5434413981481482 0.4845328981481481 0.5562369583333333 0.4881178541666667 0.5788714814814815 0.49010986111111116 0.5796106319444445 0.5008480740740741 0.6000575393518518 0.5060991296296297 0.6213735277777778 0.5181210462962963 0.7091147939814815 0.520113050925926 0.7098539421296296 0.5207648611111111 0.7139693101851853 0.5227568657407408 0.7147084583333333 0.5773724212962963 0.7872663449074074 0.5792014745370371 0.7869766527777777 0.5840368217592593 0.7819922037037037 0.5862283518518518 0.772153238425926 0.5749647060185185 0.7602267592592592 0.5691882199074074 0.7474311990740742 0.567196212962963 0.7466920509259259 0.5575986689814815 0.7334470370370371 0.5349815717592593 0.685351326388889 0.5265978425925926 0.6560942939814814 0.5276121319444445 0.6506603912037037
2 0.5444129027777778 0.8040877824074074 0.539451175925926 0.7964364328703704 0.5329863032407407 0.791132462962963 0.5321715416666667 0.7859882523148148 0.530179537037037 0.7852491041666667 0.5293647731481482 0.7801048935185185 0.5273727685185186 0.7793657453703703 0.5265580046296297 0.7742215347222222 0.524566 0.7734823865740741 0.523751238425926 0.768338175925926 0.5217592314814815 0.7675990277777778 0.5209444699074074 0.7624548171296296 0.5189524652777778 0.7617156689814815 0.5181377013888889 0.7565714583333333 0.5161456967592593 0.7558323101851853 0.5153309328703704 0.7506880995370371 0.5133389282407408 0.7499489513888888 0.5089392106481482 0.7221702175925926 0.5069472037037037 0.7214310694444445 0.5030363425925926 0.6967388587962964 0.501044337962963 0.6959997106481481 0.4995777638888889 0.6867401319444445 0.49758575925925924 0.6860009837962963 0.49709690277777774 0.6829144583333333 0.49510489583333334 0.6821753101851852 0.49099450925925925 0.6680612152777777 0.4890025046296296 0.6673220671296297 0.48802478703703706 0.6611490138888889 0.4860327824074074 0.6604098657407407 0.48505506712962965 0.6542368125000001 0.48306306250000003 0.6534976643518519 0.4819223935185185 0.6462957708333333 0.4799303888888889 0.6455566226851852 0.4725975231481481 0.5992587314814815 0.4706055185185185 0.5985195833333333 0.4681001226851852 0.5827011365740741 0.4597492546296297 0.5891652083333333 0.4614602569444444 0.5999680509259259 0.4597941574074074 0.6012865856481482 0.4646827337962963 0.6321518472222223 0.46301663425925926 0.6334703819444444 0.4657868263888889 0.6509606967592592 0.4699337893518518 0.6534678356481481 0.4723780787037037 0.6689004652777777 0.4743700833333333 0.6696396134259259 0.47632551388888894 0.6819857175925926 0.47831751851851856 0.6827248680555555 0.47913228240740735 0.687869076388889 0.4811242870370371 0.688608224537037 0.48621239120370374 0.7088953726851851 0.48820439583333336 0.7096345208333333 0.4896709699074074 0.7188940995370371 0.49166297453703706 0.7196332476851852 0.49557383564814816 0.7443254560185184 0.4939077361111111 0.7456439907407407 0.49452297222222225 0.7613663148148149 0.4988328865740741 0.7649022962962962 0.4994846967592593 0.7690176643518518 0.5014767037037037 0.7697568124999999 0.5021285138888889 0.7738721805555556 0.5041205185185186 0.7746113310185185 0.5047723287037037 0.7787266990740741 0.5067643333333334 0.7794658472222222 0.5100599583333333 0.7884357314814815 0.512051962962963 0.7891748796296296 0.5123778680555555 0.7912325648148149 0.5166877847222222 0.7947685462962963 0.5173395949074074 0.7988839143518518 0.5238044675925926 0.8041878842592594 0.5241303726851851 0.8062455694444445 0.5261223773148148 0.8069847175925925 0.5264482824074074 0.8090424027777778 0.528440287037037 0.8097815509259259 0.5334020138888889 0.8174329004629629 0.5375489768518519 0.8199400393518518 0.5378748819444444 0.8219977222222222 0.5398668865740741 0.8227368703703704 0.5401927916666667 0.8247945555555555 0.5421847962962962 0.8255337037037037 0.5425107013888889 0.8275913888888888 0.5468206157407407 0.8311273703703704 0.5476353796296296 0.8362715787037037 0.5496273842592593 0.8370107268518518 0.5499532893518518 0.8390684120370371 0.5519452939814815 0.8398075601851852 0.5554404467592593 0.8381993310185185 0.5601128425925926 0.8321860416666667 0.5665018680555556 0.8343380717592593 0.6090893587962962 0.9436045046296295 0.6003121597222223 0.943940025462963 0.5961651967592593 0.9414328865740741 0.5933584282407408 0.9355495277777778 0.5913664236111111 0.9348103796296295 0.5902257546296297 0.927608486111111 0.58823375 0.926869337962963 0.5866042245370371 0.9165809166666667 0.5846122199074074 0.9158417685185185 0.5837974560185185 0.9106975578703703 0.5798134467592593 0.9092192615740741 0.5753405787037037 0.9046544375000001 0.5740003842592593 0.9080306574074074 0.5706681851851853 0.9106677291666666 0.5711570416666667 0.9137542546296296 0.5694909421296296 0.9150727893518519 0.5686396041666667 0.9215355347222222 0.5706316111111112 0.9222746828703704 0.5719352314814815 0.9305054189814815 0.5762451458333333 0.9340414004629629 0.579866675925926 0.9450689699074074 0.5818586828703703 0.9458081180555555 0.5825104930555556 0.9499234861111111 0.5845024976851851 0.9506626342592592 0.5853172592592593 0.9558068449074073 0.5873092662037037 0.9565459930555555 0.5876351712962963 0.9586036782407407 0.5919450856481482 0.9621396597222223 0.5924339421296296 0.9652261851851852 0.5944259490740741 0.9659653333333333 0.5972327152777778 0.9718486921296297 0.6058525462962963 0.9789206550925926 0.6066673101851853 0.9840648657407407 0.6086593148148148 0.9848040138888889 0.6214626828703703 0.9827761597222222 0.6231287824074074 0.981457625 0.6226399236111112 0.9783710972222223 0.6286781712962963 0.9759080902777777 0.6564251226851852 0.948160412037037 0.6589682175925925 0.9473056342592593 0.6609602222222222 0.9480447824074074 0.6624633703703703 0.9456974050925925 0.661974511574074 0.9426108773148149 0.6578275486111111 0.940103738425926 0.6591677430555556 0.9367275185185185 0.6571757384259259 0.9359883703703703 0.6566868819444445 0.9329018449074075 0.564566074074074 0.8293714166666667 0.561453037037037 0.8288098217592592 0.5623043726851852 0.8223470763888889 0.5558394999999999 0.8170431041666667 0.5508777754629629 0.8093917546296296 0.5467308125 0.8068846157407408 0.5464049074074074 0.8048269328703703 0.5444129027777778 0.8040877824074074
2 0.48210559722222224 0 0.4436307685185185 0.011871965277777776 0.4082982013888889 0.12873685185185185 0.4114975069444444 0.13415568981481482 0.41532986574074077 0.13618227314814815 0.3799972986111111 0.2530471597222222 0.3207319675925926 0.35921793750000003 0.31959009027777774 0.3593987939814815 0.27292019444444443 0.4194621782407407 0.2720483472222222 0.4656878888888889 0.2558779398148148 0.5926856342592592 0.24028666435185184 0.6346588032407406 0.2408057060185185 0.6674962662037037 0.16164957638888888 0.9289066782407408 0.1627914537037037 0.9287258240740741 0.1358155949074074 1 0.18199971527777775 1 0.2520850231481481 0.7756618217592594 0.2532269027777778 0.7754809652777778 0.29263043518518517 0.6178092361111112 0.3260093356481481 0.4294886712962963 0.32819135879629635 0.42848465277777775 0.3311081851851852 0.42473079166666666 0.4184689097222222 0.2594632824074074 0.4218945416666667 0.25892071527777777 0.4329442175925926 0.2201500439814815 0.43493721296296295 0.20345470138888888 0.4440990601851852 0.16314066203703703 0.44526163425925924 0.1459539675925926 0.44766595601851855 0.13658605787037037 0.45623118055555556 0.10830864351851852 0.46606707870370373 0.08289975 0.47231502777777773 0.057182608796296296 0.4755142314814815 0.0501177662037037 0.4844278912037037 0.037971108796296296 0.4858195787037037 0.03397060648148148 0.4861773194444445 0.025313583333333334 0.4891622523148148 0.01606369212962963 0.4897922222222222 0.007252708333333333 0.49177062499999996 0 0.48210559722222224 0
2 0.4447902175925926 0.9091746435185185 0.4056519375 0.8415393078703703 0.39249713425925925 0.8534986828703703 0.4132489398148148 0.9000619074074074 0.4137575787037037 0.9032733333333334 0.42543387962962964 0.9136512986111112 0.4255792013888889 0.9145688194444445 0.4272831921296297 0.9147692037037037 0.4870220578703704 0.9593900092592592 0.49216623842592594 0.949639824074074 0.4447902175925926 0.9091746435185185
3 0.5106683287037037 0.4371405347222222 0.5126603333333334 0.4378796828703703 0.5133121435185185 0.4419950509259259 0.5153041481481482 0.4427341990740741 0.5199399699074074 0.44832786574074074 0.5219319745370371 0.44906701388888887 0.5338840046296296 0.4535019050925926 0.5357130578703704 0.45321221064814815 0.5451842245370371 0.45382142824074073 0.5470132777777778 0.45353173611111114 0.5561585393518519 0.4520832685185185 0.5578246388888889 0.4507647314814815 0.5686360023148148 0.4479977291666667 0.5703021018518518 0.4466791944444444 0.5854599537037037 0.43584121759259264 0.5852970000000001 0.434812375 0.5899693958333333 0.42879908333333333 0.5898064421296296 0.4277702430555555 0.590331875 0.4192498125 0.5677680092592593 0.4070038101851852 0.5659389560185185 0.40729350462962965 0.5419983217592592 0.4100306759259259 0.5403322222222222 0.41134921296296295 0.5243596064814815 0.41704297916666666 0.5226935069444445 0.41836151388888887 0.5158661550925926 0.4226068148148148 0.5160291064814815 0.4236356574074074 0.5106683287037037 0.4371405347222222
3 0.49723306944444445 0.375989400462963 0.49556696990740745 0.3773079351851852 0.487562375 0.3859582962962963 0.48772532870370366 0.3869871388888889 0.4837047430555556 0.3971157986111111 0.4838676967592593 0.39814463888888885 0.48451950694444446 0.4022600069444444 0.48651151157407413 0.40299915740740744 0.49098437962962965 0.4075639791666667 0.49297638425925927 0.40830312731481483 0.5185465439814815 0.415854375 0.5203755972222223 0.41556468287037035 0.5348450648148148 0.4122182916666667 0.5365111643518519 0.4108997569444444 0.5469966203703703 0.40607506944444444 0.5468336689814814 0.40504622916666666 0.5483733912037037 0.3910918958333333 0.534954787037037 0.3773974259259259 0.5347918333333334 0.37636858333333334 0.5336511666666667 0.3691666898148148 0.5318221134259259 0.3694563819444444 0.5223509467592593 0.3688471666666666 0.5205218935185185 0.36913685879629626 0.5113766319444445 0.3705853263888889 0.5097105324074074 0.37190386111111107 0.49723306944444445 0.375989400462963
3 0.4875424560185185 0.4450219166666667 0.4892085555555556 0.4437033819444444 0.5051811712962964 0.43800961574074077 0.5068472708333334 0.43669107870370366 0.517206349537037 0.41923059490740744 0.5148884398148148 0.4164337615740741 0.5128964351851851 0.4156946134259259 0.48301635879629634 0.4046073865740741 0.4831793101851852 0.40563622685185186 0.47464928472222223 0.42280701851851854 0.4748122384259259 0.4238358611111111 0.46908897916666664 0.4468900092592593 0.47108098379629626 0.4476291597222222 0.4875424560185185 0.4450219166666667
3 0.4377789050925926 0.41493624768518517 0.43960795601851854 0.4146465555555555 0.44460625694444444 0.41069094907407405 0.4444433032407407 0.4096621064814815 0.45297333101851855 0.39249131481481486 0.4528103773148148 0.3914624722222222 0.45885954166666665 0.3704660069444444 0.4530464791666667 0.36927740277777776 0.4512174259259259 0.3695670972222222 0.4347559537037037 0.37217433796296295 0.4330898541666667 0.37349287268518516 0.42593659722222227 0.37568048842592594 0.4260995486111111 0.3767093310185185 0.4244334490740741 0.37802786574074076 0.42459640277777777 0.3790567083333333 0.4377789050925926 0.41493624768518517
3 0.4609478773148148 0.18240733796296296 0.4626139768518519 0.18108880324074073 0.4714333333333333 0.17758265277777777 0.4730994328703704 0.17626411574074072 0.4814299328703704 0.1696714398148148 0.48126698148148145 0.16864259722222222 0.4802892662037037 0.16246954398148147 0.46788495138888886 0.1433411712962963 0.46589294675925924 0.14260202314814815 0.45426682175925925 0.14022481481481483 0.45260072222222225 0.14154335185185185 0.45077166898148147 0.14183304398148147 0.45093462037037035 0.1428618865740741 0.4406653472222222 0.184565125 0.4426573518518519 0.18530427314814815 0.4609478773148148 0.18240733796296296
3 0.7131709861111111 0.3069847060185185 0.7133339375 0.30801354861111113 0.7104905949074074 0.31373714583333334 0.7106535486111112 0.3147659861111111 0.7117942152777778 0.3219678819444444 0.7137862199074073 0.3227070300925926 0.7224060509259259 0.3297789930555556 0.7243980555555555 0.3305181412037037 0.7303740717592592 0.33273558564814815 0.7322031250000001 0.3324458935185185 0.7380161875 0.3336344953703704 0.7398452384259259 0.33334480324074073 0.7563067106481481 0.33073756249999997 0.7579728125 0.329419025462963 0.7651260694444445 0.3272314097222222 0.7649631157407407 0.3262025694444444 0.7682953171296296 0.32356549768518517 0.768132363425926 0.3225366550925926 0.7669916967592593 0.3153347615740741 0.7562169074074073 0.30649480787037037 0.7543878541666666 0.3067845023148148 0.7379263819444445 0.30939174305555556 0.7359343773148148 0.3086525949074074 0.7246341574074074 0.3083330717592592 0.7226421527777779 0.3075939236111111 0.7186581435185184 0.306115625 0.7168290902777777 0.30640531944444444 0.7131709861111111 0.3069847060185185
3 0.716666136574074 0.3053764768518519 0.7186581435185184 0.306115625 0.7377634305555555 0.30836290046296294 0.7395924814814815 0.30807320833333335 0.7560539560185185 0.3054659675925926 0.7577200555555555 0.3041474305555556 0.7613781597222222 0.30356804398148146 0.7630442592592592 0.30224950925925925 0.7680425601851851 0.2982939027777778 0.7678796064814816 0.2972650601851852 0.7692198009259259 0.2938888402777778 0.7627549282407408 0.28858486805555555 0.7609258773148149 0.2888745625 0.7438125925925926 0.2873664351851852 0.7421464930555556 0.2886849699074074 0.7371481944444445 0.29264057638888885 0.7353191412037037 0.29293027083333334 0.7178433796296296 0.3009714143518519 0.7180063333333334 0.30200025694444443 0.716666136574074 0.3053764768518519
3 0.8128078125 0.3323351782407407 0.8147998171296296 0.33307432638888884 0.8167918217592592 0.3338134745370371 0.818620875 0.33352378240740743 0.837726162037037 0.33577105787037037 0.8395552152777778 0.33548136342592594 0.8487004768518518 0.3340328981481481 0.8503665763888889 0.33271436111111113 0.8646730925925925 0.32833912962962963 0.8663391921296296 0.3270205949074074 0.8675164328703703 0.3226155324074074 0.8537353518518519 0.31847033564814814 0.8519062986111111 0.3187600277777778 0.8462561875 0.3186002662037037 0.8445900879629629 0.31991880324074073 0.8299576689814815 0.32223634953703706 0.8282915694444445 0.32355488425925927 0.8121560023148148 0.32821981018518515 0.8123189537037037 0.3292486527777778 0.8128078125 0.3323351782407407
3 0.8217734652777778 0.2824012037037037 0.8219364189814814 0.28343004629629626 0.8284012916666667 0.28873401851851854 0.8302303449074074 0.28844432407407405 0.8355545486111111 0.28654640277777776 0.8353915972222222 0.2855175601851852 0.8360799814814815 0.2780259722222222 0.8377460810185186 0.2767074375 0.8444104791666667 0.2714332962962963 0.8462395324074073 0.2711436018518518 0.8515637384259259 0.26924568055555553 0.8532298379629629 0.2679271435185185 0.8678988310185185 0.2540026412037037 0.8697278842592593 0.25371294675925926 0.873223037037037 0.2521047175925926 0.8730600833333333 0.2510758773148148 0.8727341782407407 0.2490181921296296 0.8572869953703703 0.2461915300925926 0.8574499490740741 0.24722037268518518 0.8494453541666667 0.2558707337962963 0.8476163009259259 0.2561604259259259 0.8331468356481482 0.25950681712962964 0.8333097870370371 0.2605356574074074 0.824127951388889 0.2735910810185185 0.8242909027777777 0.2746199236111111 0.8217734652777778 0.2824012037037037
3 0.8744002777777778 0.2476996574074074 0.8762293310185185 0.24740996296296294 0.8835455416666667 0.24625118981481484 0.8852116412037037 0.2449326550925926 0.8938680462962963 0.2403976597222222 0.8955341458333334 0.239079125 0.8967113888888889 0.2346740648148148 0.8708153217592594 0.22506513194444444 0.8689862708333332 0.2253548263888889 0.8561829027777778 0.22738268055555558 0.8545168032407408 0.22870121527777776 0.8498444074074074 0.23471450694444443 0.8500073611111111 0.23574334722222223 0.8549690856481482 0.24339469675925926 0.8569610902777778 0.24413384490740742 0.8744002777777778 0.2476996574074074
3 0.5035205648148148 0.13172128703703703 0.4953376481481481 0.13680954166666667 0.49919697453703704 0.15032575925925926 0.4967951087962963 0.1576955625 0.5066217060185185 0.17383570138888887 0.5124883287037038 0.17498840046296296 0.5167004282407407 0.17320597685185188 0.5228893287037037 0.15386005555555557 0.5258533171296297 0.13167881712962964 0.5035205648148148 0.13172128703703703
3 0.4949125717592593 0.1341257037037037 0.4942192986111111 0.13475597916666665 0.49481550925925927 0.13518201851851852 0.4961626157407408 0.13534042129629628 0.5081309953703703 0.129950125 0.5264996296296297 0.12741258333333333 0.5298512893518519 0.1160258912037037 0.5268306203703703 0.11531467361111111 0.5262458981481482 0.11496116666666667 0.5231164930555555 0.11523375694444445 0.5170531666666667 0.11701197453703704 0.5061076435185184 0.12134803240740741 0.4989281643518519 0.1277643125 0.49804592592592595 0.12887063194444445 0.4949125717592593 0.1341257037037037
2 0.3668605277777778 0.16314536342592592 0.3662509768518519 0.16067119444444444 0.35827864583333335 0.13781749537037036 0.3572823935185185 0.1356493587962963 0.35663498842592595 0.1329361898148148 0.3560969861111111 0.13228694212962963 0.3431273078703704 0.06688859953703703 0.32223001157407405 0.025638233796296293 0.2953149467592593 0.045325856481481484 0.2907592592592593 0.06465493518518518 0.30739841435185183 0.08589115972222222 0.3399878333333333 0.1693602777777778 0.3434184444444444 0.23773848148148147 0.343918625 0.2381489351851852 0.35848680787037035 0.27379118055555557 0.3594538287037037 0.2730260046296296 0.3782385740740741 0.23773227546296297 0.3693757523148148 0.19139289814814814 0.3668605277777778 0.16314536342592592
2 0.6417824074074074 0.31271992824074074 0.6853163796296295 0.3569334328703704 0.6847553611111111 0.35930550231481484 0.6935164398148148 0.3456237106481481 0.6575187685185185 0.30759312037037034 0.6427233333333333 0.31274650000000004 0.6417824074074074 0.31271992824074074
2 0.6238769537037037 0.2728380717592592 0.5563396805555555 0.2185694675925926 0.5548601041666666 0.21760899537037037 0.5499051087962963 0.23661404861111113 0.6039796782407407 0.27628827314814813 0.6239692662037037 0.27342091203703706 0.6238769537037037 0.2728380717592592
2 0.45872351620370366 0.11696322453703703 0.5153646342592593 0.20910968287037035 0.5159423587962964 0.18005397916666668 0.46752911574074074 0.09945833796296297 0.46266153472222227 0.10142895138888888 0.45861759722222223 0.11629447916666667 0.45872351620370366 0.11696322453703703