2 0.7471264050925925 0.2335453773148148 0.6436586365740742 0.24969318287037037 0.2406087083333333 0.25646583796296296 0.025839997685185186 0.24018556018518517 0.02575828935185185 0.24111949305555558 0.0190614375 0.2602962962962963 0.22917274305555554 0.27669192824074074 0.6232524884259258 0.27258511342592595 0.6276589583333333 0.2710884675925926 0.6683931944444444 0.26869207175925924 0.8908149282407407 0.2569912106481481 0.9235812708333333 0.2351806550925926 0.7471264050925925 0.2335453773148148
2 0.47601501157407405 0.5425506550925926 0.4758239976851852 0.5511082384259259 0.47338943518518517 0.5513135 0.6397291203703703 0.5878248958333333 0.6442267361111111 0.5789121388888889 0.47601501157407405 0.5425506550925926
2 0.6871921736111112 0.5892586967592592 0.6799335231481481 0.595734037037037 0.6763012916666666 0.5968801620370371 0.8786502662037037 0.6488805810185185 0.887351712962963 0.6386625787037038 0.6871921736111112 0.5892586967592592
2 0.6724883541666666 0.9591764884259258 0.48981778703703704 0.918099388888889 0.48926434490740744 0.9180509699074074 0.48862847453703706 0.9316932962962964 0.6706246712962963 0.9719794444444445 0.6724883541666666 0.9591764884259258
2 0 0.8546449791666667 0.03029028935185185 0.8543689143518519 0.1339432800925926 0.8785992384259259 0.25479325694444444 0.8868718217592593 0.24857284722222223 0.8772304884259259 0.14015278703703704 0.8671175763888889 0.08341195601851853 0.8527425856481481 0.04186171527777778 0.8453430856481482 0 0.8443496296296297 0 0.8546449791666667
2 0.22763016435185185 0.49405126851851855 0.20174225 0.4946096111111111 0.00804425925925926 0.4690889398148148 0.007254409722222222 0.4781169537037037 0.006830976851851852 0.47870729629629627 0.22327454166666666 0.5055905601851852 0.22763016435185185 0.49405126851851855
3 0.6371765347222222 0.5893791712962964 0.6354225162037037 0.5881800694444445 0.6263800671296296 0.5852976643518518 0.6245352615740741 0.5851362662037037 0.6116216273148148 0.5840064699074075 0.6096860347222223 0.5848827731481481 0.6039700439814815 0.5864739791666667 0.6038792569444444 0.5875116828703704 0.5995541365740741 0.5944528032407407 0.5994633495370371 0.5954905046296296 0.5986462638888889 0.6048298310185186 0.6106520277777777 0.6163366550925926 0.6124968310185186 0.6164980555555556 0.6232933009259258 0.6205795601851852 0.6252288935185185 0.6197032569444445 0.6244735347222222 0.6070894236111111 0.6264091273148148 0.6062131203703705 0.636722599537037 0.5945676851851852 0.636813386574074 0.5935299814814814 0.6371765347222222 0.5893791712962964
3 0.5875774351851851 0.6038614328703703 0.5895130277777777 0.6029851296296296 0.5953198032407407 0.6003562199074074 0.5954105902777778 0.5993185185185185 0.6022160277777778 0.5852748773148149 0.6004620092592593 0.584075775462963 0.6006435833333333 0.5820003680555556 0.5988895648148147 0.5808012662037038 0.5935367245370371 0.5782416620370371 0.5916919212962962 0.5780802638888889 0.5588485787037037 0.5710242592592593 0.5570037731481482 0.5708628611111111 0.5459349444444445 0.569894462962963 0.5439993518518519 0.5707707662037037 0.5338674537037037 0.5803407986111111 0.5337766666666667 0.5813785 0.5331411574074074 0.5886424189814815 0.534713599537037 0.5919169282407407 0.5364676180555555 0.5931160300925926 0.5488365300925926 0.6004720439814816 0.5506813356481481 0.6006334444444446 0.5633226087962963 0.6048763495370371 0.565167412037037 0.6050377476851851 0.5725466319444444 0.6056833449074075 0.574482224537037 0.6048070416666667 0.5875774351851851 0.6038614328703703
3 0.6399909398148148 0.5572103842592593 0.6419265300925926 0.5563340810185186 0.6477333078703703 0.5537051712962963 0.6478240949074073 0.5526674675925926 0.6518768541666666 0.5488394560185186 0.6519676412037037 0.5478017523148149 0.6523307893518518 0.5436509421296296 0.6505767731481482 0.5424518402777777 0.6508491342592593 0.5393387314814815 0.6490951157407407 0.5381396273148148 0.6405973888888888 0.5290310092592593 0.6387525833333334 0.5288696087962963 0.6315549374999999 0.5261486041666666 0.6297101342592593 0.5259872060185186 0.6112620833333333 0.5243732106481481 0.6093264907407407 0.5252495138888889 0.5940233287037038 0.5301845347222222 0.5939325416666668 0.5312222361111112 0.5929338819444445 0.5426369675925926 0.5978327847222222 0.5503850856481481 0.5995868032407408 0.5515841875 0.6030948379629629 0.5539823935185185 0.6049396435185186 0.5541437916666667 0.6121372893518519 0.5568647962962964 0.6139820949074074 0.5570261967592592 0.6305853402777778 0.5584787916666666 0.6325209305555555 0.557602488425926 0.6399909398148148 0.5572103842592593
3 0.6861110648148149 0.5612453726851852 0.6880466550925926 0.5603690694444444 0.6938534328703704 0.5577401597222222 0.6939442199074074 0.5567024560185185 0.6971508333333333 0.5412983124999999 0.6953968148148149 0.5400992106481481 0.6867175138888889 0.5330659953703704 0.6848727083333332 0.5329045972222223 0.6740762407407408 0.5288230902777777 0.6722314351851851 0.5286616921296297 0.659408587962963 0.5264941921296297 0.6574729953703703 0.5273704953703704 0.653783386574074 0.5270476967592592 0.6518477939814815 0.527924 0.6460410162037037 0.5305529097222222 0.6459502291666667 0.531590613425926 0.6458594421296296 0.5326283148148148 0.6526031527777777 0.5405378333333334 0.6525123634259259 0.5415755347222222 0.649487326388889 0.5549042731481482 0.6512413425925926 0.5561033750000001 0.6528137870370371 0.5593778842592593 0.6546585925925926 0.5595392824074074 0.6804858611111112 0.561798875 0.6824214537037037 0.5609225717592593 0.6861110648148149 0.5612453726851852
3 1 0.08784282175925925 0.9970948726851852 0.0875886574074074 0.9780113125 0.09323858101851851 0.9723861087962964 0.09379208564814814 0.9511853819444445 0.10239371759259258 0.9471326226851852 0.10622173148148148 0.9354282824074074 0.11251725231481481 0.9252963842592593 0.12208728472222222 0.9250240231481482 0.1252003912037037 0.9230884305555556 0.12607669444444444 0.9228160694444445 0.12918980324074075 0.9208804768518518 0.13006610648148148 0.9189739467592593 0.15185786574074076 0.9239636365740741 0.1585682824074074 0.9237820625 0.1606436875 0.9255360810185186 0.16184278935185184 0.9253545069444444 0.16391819444444444 0.9287717546296297 0.16735410185185184 0.9302534097222223 0.1716663125 0.9441039791666667 0.18333453703703703 0.9459487824074074 0.1834959375 0.9548096597222222 0.18845374537037038 0.9658784884259259 0.18942214351851852 0.9793368472222221 0.1843257222222222 0.9834803935185186 0.17946000694444444 0.9873515787037037 0.17770740046296296 0.9892702245370371 0.1793856388888889 1 0.18090079398148148 1 0.15992837037037036 0.9986936712962964 0.15961667361111112 1 0.15916827083333335 1 0.15580979166666667 0.9911937013888888 0.15503934027777777 0.9913752777777778 0.15296393287037038 0.9994807939814815 0.14530790972222224 0.9764969884259259 0.1317949837962963 0.9767693518518519 0.128681875 0.9750153333333332 0.12748277314814815 0.9770417129629629 0.12556876851851853 0.9807313217592593 0.12589156712962962 0.9913462152777778 0.13204847685185184 0.9950358263888889 0.1323712777777778 1 0.1342479375 1 0.08784282175925925
3 1 0.24876152546296296 0.9997168842592593 0.24884748611111113 0.9978720787037036 0.24868608564814815 0.9736172523148148 0.24970099999999998 0.9717724467592593 0.24953959953703705 0.9551692013888889 0.24808700462962963 0.9534151851851852 0.24688790277777778 0.9410462731481481 0.2395318888888889 0.9392014675925926 0.23937048842592593 0.9299774421296296 0.23856349074074074 0.9280418495370371 0.23943979629629628 0.9147650671296297 0.2424608101851852 0.912829474537037 0.24333711342592593 0.8992803287037037 0.2494712361111111 0.8991895416666666 0.2505089398148148 0.8890576435185186 0.26007896990740736 0.8889668564814814 0.2611166712962963 0.8821614212962963 0.2751603125 0.8820706342592592 0.2761980162037037 0.8814351226851852 0.2834619351851852 0.8823720555555555 0.2940003634259259 0.8841260740740741 0.2951994652777778 0.8871801736111111 0.3027861851851852 0.8889341898148148 0.30398528703703703 0.8991859351851852 0.31429300925925924 0.9009399537037036 0.31549211111111114 0.9185709189814815 0.3264454305555556 0.9204157222222222 0.32660683101851856 0.934811013888889 0.332048837962963 0.9366558194444444 0.33221023842592595 0.9643278935185186 0.33463123148148144 0.966263486111111 0.33375492824074077 0.9791771203703704 0.334884724537037 0.981112712962963 0.3340084212962963 0.9978975324074073 0.3333856111111111 0.999833125 0.3325093078703704 1 0.3324554930555556 1 0.24876152546296296
3 0.7902430393518519 1 0.7581857291666666 0.9910375810185186 0.7563409236111112 0.9908761828703704 0.737892875 0.9892621875000001 0.7359572824074073 0.9901384907407407 0.7154828518518519 0.9904385023148149 0.713547261574074 0.9913148055555555 0.6965808657407407 0.9940130208333334 0.694645275462963 0.994889324074074 0.6820488217592592 1 0.7902430393518519 1
3 0.6723502013888889 1 0.6738076967592592 0.9993401458333333 0.6740800578703704 0.996227037037037 0.6721444652777777 0.9971033402777778 0.666700837962963 0.9955814398148148 0.666791625 0.9945437361111111 0.6651283935185185 0.9923069305555556 0.6652191828703704 0.9912692291666666 0.6694535162037036 0.9853658101851851 0.6676994976851852 0.9841667083333333 0.6484053009259259 0.9709765833333334 0.6465604976851852 0.9708151828703704 0.6376088333333334 0.9668950763888888 0.6357640277777777 0.9667336782407406 0.6136263680555556 0.9647968819444445 0.6116907754629629 0.9656731851851852 0.6002587986111111 0.968855599537037 0.6001680092592593 0.9698933032407407 0.5941796597222222 0.9745976180555554 0.5940888726851852 0.9756353217592593 0.5906098958333333 0.9941525717592592 0.5940429027777777 1 0.6723502013888889 1
3 0.67841325 1 0.6793421111111111 0.9998243449074075 0.6799776226851852 0.9925604236111112 0.6765603726851852 0.9891245162037037 0.6750787175925926 0.9848123055555555 0.688264712962963 0.9828289953703704 0.6916819629629629 0.9862649027777778 0.6915003888888889 0.9883403078703703 0.694826849537037 0.9928139166666667 0.6985164583333334 0.9931367175925926 0.7249792384259259 0.9881323912037038 0.7232252222222222 0.9869332870370371 0.7234067962962962 0.9848578819444443 0.7181447430555556 0.9812605763888889 0.7144551319444444 0.980937775462963 0.7127011157407408 0.9797386736111112 0.7090115046296297 0.979415875 0.7018138587962963 0.9766948703703704 0.688900224537037 0.9755650740740741 0.6869646319444445 0.9764413773148148 0.6866014837962964 0.9805921898148149 0.6780226550925925 0.9794930902777778 0.6704521736111111 0.9739510787037037 0.6606834259259259 0.9793702986111111 0.6690806805555555 0.9825448032407408 0.6601387037037036 0.9855965162037037 0.6618927199074074 0.9867956180555555 0.6615295717592593 0.9909464282407408 0.6632835902777778 0.9921455324074074 0.6628296527777777 0.9973340462962962 0.6645836712962963 0.9985331481481481 0.664455337962963 1 0.67841325 1
3 0.7018755856481482 0.954741712962963 0.7076369699074073 0.9526316550925926 0.702057162037037 0.9526663078703704 0.7003939305555555 0.9504295023148148 0.708136298611111 0.9469242893518519 0.7012110162037037 0.9410901759259259 0.6751113842592593 0.9419436921296296 0.6733573657407407 0.9407445902777778 0.674537599537037 0.9272544537037036 0.6634687708333333 0.9262860555555555 0.6595975856481482 0.9280386620370371 0.6539723842592593 0.9285921666666667 0.6438404861111111 0.9381621967592593 0.6523533449074074 0.9470978657407407 0.643023400462963 0.9475015231481481 0.6447774189814814 0.948700625 0.6445958449074074 0.9507760300925926 0.6481038796296297 0.9531742361111112 0.6517027037037038 0.9545347361111112 0.6738403634259259 0.9564715324074073 0.6744758726851852 0.9492076111111111 0.6710132314814815 0.9462905555555556 0.6896731180555555 0.9454832430555555 0.7052020486111111 0.9592153240740741 0.7052928356481482 0.9581776203703704 0.7071376388888888 0.9583390208333333 0.7035388171296296 0.9569785185185185 0.7018755856481482 0.954741712962963
3 0.8466782476851852 0.9569538472222222 0.8448334444444444 0.9567924490740741 0.8339461874999999 0.9537486458333333 0.8321013819444445 0.9535872453703703 0.8246313749999999 0.953979349537037 0.8226957847222223 0.9548556527777777 0.8212431875 0.9714588981481482 0.8283500462962963 0.9752176041666667 0.8301948518518519 0.9753790046296296 0.8376648587962963 0.974986900462963 0.839600451388889 0.9741105972222223 0.8603472407407408 0.9706974768518519 0.8622828333333333 0.9698211736111111 0.8626459837962963 0.9656703634259259 0.8608919652777778 0.9644712615740741 0.8466782476851852 0.9569538472222222
3 0.7990764675925925 0.9486066481481481 0.7972316620370371 0.9484452499999999 0.7954776458333334 0.9472461458333333 0.7936328402777777 0.9470847476851851 0.7807192060185185 0.9459549513888889 0.778783613425926 0.9468312546296296 0.7749124282407407 0.9485838611111111 0.7748216412037038 0.9496215625 0.7717058148148148 0.9639880023148147 0.7839839398148148 0.9723817199074074 0.7858287430555556 0.9725431180555555 0.8024319884259259 0.9739957152777777 0.8043675810185185 0.973119412037037 0.8155271990740741 0.9730501064814815 0.8156179861111111 0.9720124027777778 0.8126546736111111 0.9633879814814814 0.8109006550925926 0.9621888796296296 0.7990764675925925 0.9486066481481481
3 0.5983919328703704 0.28902259027777777 0.5964563402777777 0.2898988935185185 0.5938852384259259 0.2980391157407407 0.6009920972222221 0.30179782175925923 0.6028369027777778 0.3019592222222222 0.6158413240740741 0.3020513148148148 0.6177769166666667 0.3011750115740741 0.6257916458333334 0.2945566898148148 0.6258824351851852 0.29351898842592594 0.6262455833333334 0.28936817592592595 0.6244007777777777 0.28920677777777776 0.5983919328703704 0.28902259027777777
3 0.5770240555555556 0.04456334722222222 0.5751792523148148 0.044401949074074076 0.5696448356481482 0.04391775 0.5677092453703704 0.04479405324074074 0.5619932546296296 0.04638526157407408 0.5619024675925925 0.04742296296296296 0.5579404953703704 0.05021327314814815 0.5578497083333334 0.05125097453703704 0.5553693935185186 0.05835349537037037 0.5605406597222222 0.06298850462962963 0.562385462962963 0.06314990509259259 0.5716094884259258 0.06395690277777778 0.5735450810185185 0.06308059953703704 0.581196662037037 0.06061308796296297 0.581287449074074 0.059575386574074074 0.5821953217592593 0.0491983587962963 0.5804413055555555 0.04799925462962963 0.5770240555555556 0.04456334722222222
3 0.0731201412037037 0.5348024027777778 0.07496494675925926 0.534963800925926 0.0804993611111111 0.535448 0.0824349537037037 0.5345716967592593 0.09994607175925926 0.5256472638888889 0.10003685879629629 0.5246095625 0.10251717361111111 0.5175070416666666 0.10076315740740742 0.5163079398148148 0.09429180787037036 0.5052853125 0.09244700462962963 0.5051239143518518 0.07454367824074074 0.4972837013888889 0.07269887268518518 0.49712230324074075 0.05618641435185185 0.49463200462962964 0.05425082175925926 0.49550830787037037 0.04493600925925926 0.4957390115740741 0.043000416666666666 0.4966153148148148 0.031296076388888885 0.502910837962963 0.03120528935185185 0.5039485416666667 0.022918196759259258 0.5136799699074074 0.02282740972222222 0.5147176736111111 0.022373474537037037 0.5199061875 0.030961988425925926 0.5279771041666667 0.03280679398148148 0.5281385046296296 0.050800907407407406 0.5349410138888889 0.05264571296296296 0.5351024143518518 0.05818012731481481 0.535586611111111 0.06011571990740741 0.5347103078703704 0.06592249537037037 0.5320813981481481 0.06776730092592592 0.5322427986111111 0.0731201412037037 0.5348024027777778
3 0.1381422523148148 0.5352628726851852 0.1400778449074074 0.5343865694444444 0.1498465925925926 0.5289673495370371 0.14993737962962964 0.5279296458333333 0.1539901388888889 0.5241016342592593 0.15408092592592593 0.5230639305555556 0.1547164375 0.5158000115740741 0.15296241898148147 0.5146009097222222 0.1514807638888889 0.510288699074074 0.14972674537037037 0.5090895972222222 0.1392026388888889 0.5018949814814815 0.13735783333333332 0.5017335833333333 0.1301601898148148 0.4990125787037037 0.12831538425925926 0.4988511805555556 0.11540174768518519 0.49772138194444443 0.11346615740740741 0.4985976851851852 0.10212496527777777 0.5007423981481481 0.10203417824074074 0.5017800995370371 0.09779984490740741 0.5076835185185185 0.10436197916666667 0.5176684421296296 0.10427119212962964 0.5187061435185185 0.10142772685185185 0.5299594768518519 0.10318174537037038 0.5311585787037038 0.11019781712962963 0.5359549884259259 0.11204262037037037 0.5361163865740741 0.12864586574074074 0.5375689814814815 0.13058145833333332 0.5366926782407407 0.1381422523148148 0.5352628726851852
3 0.0781134398148148 0.4777287476851852 0.12423356481481482 0.4817637361111111 0.12441513888888889 0.4796883310185185 0.12266112037037037 0.47848922916666664 0.12117946527777777 0.4741770162037037 0.11250016435185185 0.4671438032407408 0.10705653472222222 0.465621900462963 0.10354849999999999 0.4632236967592593 0.09801408564814815 0.46273949768518513 0.09626006712962963 0.4615403958333333 0.07772122916666666 0.46096410416666667 0.07578563888888888 0.4618404074074074 0.07025122222222223 0.46135620833333335 0.06444444675925926 0.4639851180555556 0.06371814814814815 0.47228674074074073 0.06547216666666666 0.4734858425925926 0.06649988657407407 0.4829865671296296 0.06982634722222222 0.4874601782407407 0.06779996759259259 0.4893741851851852 0.07647926851851851 0.4964073981481481 0.08367691435185184 0.49912840277777776 0.09290093981481481 0.499935400462963 0.09483653240740741 0.4990590972222222 0.10037094675925927 0.4995432962962963 0.11373851851851852 0.4954845787037037 0.11401087962962962 0.49237146990740743 0.10847646527777777 0.49188727083333333 0.10672244675925927 0.4906881689814815 0.07905037268518518 0.48826717592592594 0.0781134398148148 0.4777287476851852
3 0.03392890740740741 0.4728174560185185 0.05975617592592593 0.4750770509259259 0.061691768518518514 0.4742007476851852 0.06205491898148149 0.47004993518518523 0.05364797916666667 0.4599036134259259 0.04285150925925926 0.4558221064814815 0.03362748379629629 0.4550151087962963 0.03169189351851852 0.45589141203703704 0.024312673611111113 0.4552458148148148 0.017115027777777778 0.45252481018518514 0.013425416666666667 0.4522020115740741 0.011489824074074074 0.4530783148148148 0.010854314814814815 0.4603422337962963 0.008918722222222222 0.461218537037037 0.007974534722222223 0.47201064814814814 0.009492504629629629 0.4759077777777778 0.007502442129629629 0.4774067013888889 0.011246523148148148 0.47710687962962967 0.011064949074074074 0.4791822847222222 0.012818967592592592 0.48038138657407403 0.007102976851851852 0.4819725949074074 0.006558254629629629 0.4881988101851852 0.010066289351851852 0.4905970162037037 0.013665113425925926 0.4919575185185185 0.043181993055555555 0.4945399097222222 0.05452318287037037 0.4923951990740741 0.054613972222222223 0.4913574953703704 0.06042074768518518 0.4887285856481482 0.06060232175925925 0.48665318055555556 0.056912712962962964 0.48633038194444445 0.051559872685185186 0.48377077777777777 0.032189418981481484 0.4820760810185185 0.03392890740740741 0.4728174560185185
3 0.011638733796296296 0.49387152314814814 0.009793928240740742 0.493710125 0.003896363425925926 0.4973767361111111 0.003805576388888889 0.49841443981481476 0.0020806203703703703 0.5181307939814815 0.0054070810185185185 0.5226044027777778 0.0073426736111111114 0.521728099537037 0.012967874999999999 0.5211745949074074 0.014903467592592591 0.5202982916666667 0.025216939814814814 0.5086528564814815 0.025307726851851852 0.5076151527777778 0.020590395833333334 0.49779162962962964 0.018836377314814814 0.4965925277777778 0.011638733796296296 0.49387152314814814
1 0.5947412060185185 0.34987346296296296 0.6714476527777777 0.26990038194444443 0.7682192893518518 0.26017256944444445 0.7655308842592592 0.25690499074074075 0.7633668611111111 0.2327703773148148 0.5387611412037037 0.2524362013888889 0.5443881689814815 0.27310946296296296 0.6269482708333334 0.2707125972222222 0.6420575162037038 0.2722436134259259 0.636465 0.2830473055555556 0.5789394328703703 0.3477590347222222 0.5947412060185185 0.34987346296296296
1 0.31904234259259256 0.27786236574074075 0.3144194259259259 0.2563358726851852 0.15824252546296297 0.25239666898148144 0.15435536805555555 0.2692051736111111 0.18349420833333333 0.27185905787037035 0.11051765046296297 0.28157737962962964 0.11198986805555557 0.2923717662037037 0.26215553009259257 0.27790451388888887 0.31904234259259256 0.27786236574074075
1 0.4932864537037037 0.5469895185185185 0.4916195972222222 0.5554179814814815 0.5755273611111111 0.5737382384259259 0.5792507384259259 0.5651760046296297 0.5520536643518518 0.5594505023148147 0.5368420092592593 0.5505910069444444 0.5126427361111111 0.5318480787037038 0.5088536203703703 0.5262883449074074 0.5023241736111111 0.5265536087962963 0.5295230740740741 0.5535058773148148 0.4932864537037037 0.5469895185185185
1 0.695674650462963 0.6006664027777778 0.7730892824074075 0.6188368425925925 0.779038412037037 0.6124560625000001 0.7795253958333334 0.6111393287037037 0.7501751990740742 0.6024022106481481 0.7304248842592592 0.579552238425926 0.7250368101851853 0.5582724953703704 0.7181656365740741 0.5581941689814814 0.7220720555555556 0.5751617013888889 0.733547986111111 0.5969740648148147 0.6964372615740742 0.5919496990740741 0.695674650462963 0.6006664027777778
1 0.6438699074074073 0.9526992453703704 0.6453820671296296 0.9524132847222222 0.6104339027777778 0.9439183587962964 0.5750517662037037 0.9085123726851853 0.5702581782407408 0.9101842777777778 0.5918801759259259 0.9392627453703704 0.5565267384259259 0.9311506203703703 0.5517204444444445 0.9435915671296295 0.635888224537037 0.9631893472222223 0.6438699074074073 0.9526992453703704
1 0.09040770601851851 0.8960169768518519 0.15073100462962963 0.8800679745370371 0.17063674074074076 0.8820186296296296 0.17154461342592595 0.8716416018518518 0.14340080555555557 0.8682382569444445 0.10365615046296296 0.8593236921296297 0.09881680787037038 0.8678928587962963 0.12948851157407407 0.8785231921296296 0.1256293101851852 0.8822635717592592 0.0876739074074074 0.89326825 0.09040770601851851 0.8960169768518519
0 0.8199500648148148 0.20007752314814817 0.707540074074074 0.20582304398148146 0.6724459328703704 0.21174525694444443 0.6699627106481482 0.2167562314814815 0.6729863055555555 0.22894112268518518 0.6865409027777778 0.2333684976851852 0.6868612037037037 0.23820649074074074 0.6771741643518518 0.24269177777777778 0.645062212962963 0.24427405787037038 0.6420709421296296 0.24871775925925926 0.6447531759259258 0.2541806527777778 0.6427569375 0.2578748935185185 0.6447764236111111 0.2709130185185185 0.7335336898148148 0.26142512037037036 0.7882310648148149 0.2587864351851852 0.7887496342592593 0.23373630787037036 0.7273023750000001 0.23066078935185186 0.6992373703703704 0.2242319675925926 0.695535775462963 0.2219213935185185 0.6973958333333333 0.21978370601851852 0.7072793379629629 0.21730233564814816 0.8217338657407408 0.2094352685185185 0.8199500648148148 0.20007752314814817