2 0.64375 0.024074074074074074 0.6447916666666667 0.025925925925925925 0.653125 0.05555555555555555 0.653125 0.05740740740740741 0.6645833333333334 0.12222222222222222 0.6708013541666666 0.14125185185185185 0.6760416666666667 0.16666666666666666 0.6760416666666667 0.1685185185185185 0.6760416666666667 0.19074074074074077 0.675 0.1925925925925926 0.66875 0.19814814814814813 0.6697916666666667 0.2 0.6729166666666666 0.21851851851851853 0.6739583333333333 0.22037037037037038 0.6812691666666667 0.24634185185185184 0.6847201041666666 0.26291740740740743 0.6864583333333334 0.2722222222222222 0.6875 0.2740740740740741 0.6986708333333334 0.32617611111111117 0.7083333333333334 0.36851851851851847 0.73125 0.4944444444444444 0.73125 0.4962962962962963 0.7354166666666666 0.5296296296296297 0.7354166666666666 0.5314814814814814 0.7364583333333333 0.5555555555555556 0.7375 0.5659962962962963 0.7409892708333333 0.575392037037037 0.74375 0.5907407407407407 0.7447916666666666 0.6 0.74375 0.6171892592592593 0.7385416666666667 0.6481481481481481 0.7375 0.65 0.728125 0.6555555555555556 0.728125 0.6574074074074074 0.7229166666666667 0.6685185185185185 0.7229166666666667 0.6703703703703704 0.7239583333333334 0.6833333333333333 0.725 0.6851851851851852 0.7375 0.6981481481481482 0.7375 0.7 0.746875 0.7240740740740741 0.746875 0.725925925925926 0.7503386458333333 0.7407520370370371 0.7499871874999999 0.7468983333333333 0.7447916666666666 0.7555555555555555 0.7447916666666666 0.7574074074074074 0.7458333333333333 0.7648148148148147 0.746875 0.7648148148148147 0.7522808333333333 0.7714090740740741 0.7552083333333334 0.7759259259259259 0.75625 0.7759259259259259 0.7625 0.7814814814814816 0.7666474999999999 0.7876277777777778 0.7697916666666667 0.7944444444444444 0.7932578124999999 0.8453757407407407 0.85 0.9574074074074075 0.8510416666666666 0.9574074074074075 0.8708333333333333 0.9925925925925926 0.871875 0.9925925925925926 0.8927083333333333 0.9944444444444445 0.8975459375 0.99566 0.9037704166666666 0.9956372222222222 0.8996229166666666 0.9870370370370369 0.890625 0.9722222222222222 0.8895833333333334 0.9703703703703703 0.878125 0.9481481481481482 0.878125 0.9462962962962963 0.8722264583333333 0.9345488888888889 0.8663535416666667 0.9247216666666667 0.8604166666666666 0.9092592592592593 0.8604166666666666 0.9074074074074074 0.8555469791666667 0.8987161111111112 0.8527798958333334 0.8919562962962964 0.8479166666666667 0.8833333333333334 0.8479166666666667 0.8814814814814815 0.8354166666666666 0.85 0.834375 0.8481481481481481 0.8291666666666666 0.8407407407407407 0.8234152083333334 0.8307088888888889 0.8155482291666667 0.8067596296296295 0.8088701041666667 0.791410925925926 0.796875 0.7574074074074074 0.7916986458333334 0.7445125925925926 0.7895833333333334 0.7314814814814815 0.7895833333333334 0.7296296296296296 0.7875 0.7166666666666667 0.7875 0.7148148148148148 0.7875 0.6981481481481482 0.7885416666666666 0.6962962962962963 0.7895833333333334 0.6833333333333333 0.7895833333333334 0.6814814814814815 0.7885416666666666 0.6685185185185185 0.7875 0.6666666666666666 0.7815503125 0.6523744444444445 0.7749936458333333 0.6407066666666666 0.76950875 0.6261129629629629 0.7666666666666666 0.6092592592592593 0.7649412499999999 0.6000455555555555 0.7625 0.5777777777777777 0.7625 0.575925925925926 0.7614583333333333 0.5481481481481482 0.7604166666666666 0.5462962962962963 0.7566014583333334 0.5369914814814815 0.7541794791666667 0.5308566666666666 0.753125 0.5222222222222223 0.753125 0.5203703703703704 0.7427083333333334 0.45 0.7416666666666666 0.44814814814814813 0.7333333333333334 0.4 0.7333333333333334 0.39814814814814814 0.7316014583333333 0.3912633333333333 0.7277990625 0.3722335185185185 0.7260416666666666 0.35555555555555557 0.7260416666666666 0.35370370370370374 0.7243097916666668 0.3456259259259259 0.7215427083333333 0.33579870370370374 0.7197916666666666 0.3277777777777778 0.7197916666666666 0.32592592592592595 0.7197916666666666 0.32037037037037036 0.71875 0.3185185185185185 0.7114583333333334 0.28703703703703703 0.7114583333333334 0.2851851851851852 0.7052083333333333 0.24629629629629632 0.7052083333333333 0.24444444444444444 0.7052083333333333 0.22592592592592592 0.7041666666666666 0.22407407407407406 0.7020833333333334 0.2037037037037037 0.7010416666666667 0.20185185185185187 0.696875 0.17222222222222225 0.6958333333333334 0.17037037037037037 0.69375 0.1611111111111111 0.69375 0.15925925925925924 0.6927083333333334 0.14444444444444443 0.6916666666666667 0.1425925925925926 0.6864455208333333 0.11657574074074074 0.6833333333333333 0.1 0.678125 0.08148148148148149 0.678125 0.07962962962962962 0.6645833333333334 0.012962962962962963 0.66374875 0.007798333333333333 0.6604166666666667 0.007407407407407408 0.659375 0.007407407407407408 0.646875 0.007407407407407408 0.6408448958333333 0.007050740740740741 0.6416730208333333 0.012215370370370371 0.64375 0.024074074074074074
2 0.4647658333333333 0.05668055555555556 0.45486791666666665 0.10222388888888888 0.4455521875 0.13638129629629628 0.4321609375 0.21297685185185186 0.4240096875 0.24920462962962964 0.419351875 0.2792216666666667 0.41120072916666667 0.3082038888888889 0.41003625 0.32373 0.40421395833333335 0.352712037037037 0.39839166666666664 0.39308000000000004 0.3951413541666667 0.4199887037037037 0.39024041666666665 0.44276351851851853 0.4007205208333333 0.4469038888888889 0.40304947916666667 0.4168866666666667 0.4065428125 0.38893962962962964 0.4170230208333333 0.3361509259259259 0.4240096875 0.31544944444444445 0.43448989583333336 0.25438 0.4391477083333334 0.23574851851851852 0.44497 0.2222925925925926 0.44729895833333333 0.19745074074074076 0.4496278125 0.18295981481481483 0.4502101041666667 0.1695037037037037 0.4566145833333333 0.14259185185185186 0.46418354166666664 0.1032588888888889 0.4740814583333333 0.06910148148148149 0.4845616666666666 0.025628333333333336 0.4845616666666666 0.019417962962962963 0.478739375 0.011137222222222222 0.4740814583333333 0.019417962962962963 0.4659303125 0.05461037037037037 0.4647658333333333 0.05668055555555556
3 0.396875 0.08333333333333333 0.396875 0.08518518518518518 0.396875 0.1037037037037037 0.3979166666666667 0.10555555555555556 0.4041666666666667 0.1277777777777778 0.40520833333333334 0.12962962962962962 0.4104166666666667 0.1388888888888889 0.4114583333333333 0.1388888888888889 0.42291666666666666 0.14444444444444443 0.4239583333333333 0.1425925925925926 0.43125 0.1388888888888889 0.4322916666666667 0.13703703703703704 0.4395833333333333 0.1277777777777778 0.4395833333333333 0.1259259259259259 0.4447916666666667 0.1111111111111111 0.4447916666666667 0.10925925925925926 0.4447916666666667 0.09074074074074075 0.44375 0.08888888888888889 0.4427083333333333 0.08148148148148149 0.4416666666666667 0.07962962962962962 0.434375 0.05925925925925926 0.4333333333333333 0.05925925925925926 0.4104166666666667 0.05740740740740741 0.3989583333333333 0.07407407407407407 0.3989583333333333 0.07592592592592592 0.396875 0.08333333333333333
3 0.3885416666666667 0.1611111111111111 0.3885416666666667 0.16296296296296298 0.3885416666666667 0.1962962962962963 0.38958333333333334 0.19814814814814813 0.3989583333333333 0.21481481481481482 0.4 0.21481481481481482 0.41875 0.21666666666666665 0.4197916666666667 0.21481481481481482 0.4260416666666667 0.2074074074074074 0.4260416666666667 0.20555555555555555 0.4302083333333333 0.1925925925925926 0.4302083333333333 0.19074074074074077 0.4302083333333333 0.16481481481481483 0.4291666666666667 0.16296296296296298 0.4270833333333333 0.15555555555555556 0.4260416666666667 0.1537037037037037 0.42083333333333334 0.1462962962962963 0.4197916666666667 0.1462962962962963 0.4114583333333333 0.14074074074074072 0.4104166666666667 0.14074074074074072 0.403125 0.14074074074074072 0.3958333333333333 0.1462962962962963 0.3947916666666667 0.14814814814814814 0.3885416666666667 0.1611111111111111
3 0.4 0.21666666666666665 0.3989583333333333 0.21851851851851853 0.3958333333333333 0.22407407407407406 0.3958333333333333 0.22592592592592592 0.3947916666666667 0.23703703703703705 0.3958333333333333 0.2388888888888889 0.396875 0.24814814814814815 0.3979166666666667 0.25 0.4020833333333333 0.25925925925925924 0.403125 0.25925925925925924 0.4114583333333333 0.26481481481481484 0.4125 0.26481481481481484 0.4166666666666667 0.26481481481481484 0.4177083333333333 0.26296296296296295 0.4197916666666667 0.2611111111111111 0.4197916666666667 0.25925925925925924 0.4260416666666667 0.2277777777777778 0.4260416666666667 0.22592592592592592 0.425 0.21481481481481482 0.4239583333333333 0.21296296296296297 0.42291666666666666 0.21296296296296297 0.415625 0.21851851851851853 0.4145833333333333 0.21851851851851853 0.4 0.21666666666666665
3 0.4552083333333333 0.1962962962962963 0.45625 0.21666666666666665 0.453125 0.22037037037037038 0.4447916666666667 0.2222222222222222 0.44375 0.22407407407407406 0.44375 0.22962962962962963 0.4458333333333333 0.22962962962962963 0.446875 0.23148148148148148 0.45 0.2277777777777778 0.453125 0.2277777777777778 0.4614583333333333 0.21851851851851853 0.4614583333333333 0.21666666666666665 0.4583333333333333 0.21481481481481482 0.4586805555555556 0.20555555555555555 0.45625 0.19814814814814813 0.4579861111111111 0.1962962962962963 0.4625 0.19814814814814813 0.4635416666666667 0.1962962962962963 0.4666666666666667 0.1962962962962963 0.46770833333333334 0.19444444444444445 0.46770833333333334 0.1814814814814815 0.465625 0.17592592592592593 0.465625 0.17222222222222225 0.459375 0.1611111111111111 0.4552083333333333 0.15925925925925924 0.453125 0.16296296296296298 0.453125 0.16481481481481483 0.4510416666666667 0.1685185185185185 0.45 0.1796296296296296 0.4489583333333333 0.1814814814814815 0.4489583333333333 0.18888888888888888 0.45 0.19074074074074077 0.45 0.19444444444444445 0.4552083333333333 0.1962962962962963
3 0.4583333333333333 0.13148148148148148 0.4583333333333333 0.13333333333333333 0.45625 0.1574074074074074 0.4572916666666667 0.1574074074074074 0.4583333333333333 0.15925925925925924 0.459375 0.15925925925925924 0.46979166666666666 0.1611111111111111 0.4708333333333333 0.15925925925925924 0.475 0.1574074074074074 0.4760416666666667 0.15555555555555556 0.48333333333333334 0.14444444444444443 0.48333333333333334 0.1425925925925926 0.4864583333333333 0.13333333333333333 0.4864583333333333 0.13148148148148148 0.4864583333333333 0.11481481481481481 0.48541666666666666 0.11296296296296296 0.4822916666666667 0.08888888888888889 0.48125 0.08703703703703704 0.478125 0.08333333333333333 0.4770833333333333 0.08333333333333333 0.471875 0.08333333333333333 0.4666666666666667 0.09444444444444444 0.4666666666666667 0.0962962962962963 0.4583333333333333 0.13148148148148148
3 0.690625 0.9333333333333333 0.690625 0.9296296296296297 0.6947916666666666 0.9166666666666666 0.6947916666666666 0.9092592592592593 0.7083333333333334 0.9148148148148147 0.7083333333333334 0.9537037037037037 0.709375 0.9555555555555556 0.709375 0.9870370370370369 0.7114583333333334 0.9925925925925926 0.7760416666666666 0.9907407407407407 0.775 0.9685185185185184 0.7729166666666666 0.9629629629629629 0.771875 0.9518518518518518 0.7708333333333334 0.95 0.7697916666666667 0.9425925925925925 0.759375 0.9185185185185185 0.75625 0.9166666666666666 0.75 0.9037037037037037 0.7416666666666666 0.8962962962962963 0.7354166666666666 0.8944444444444444 0.734375 0.8925925925925926 0.7125 0.8925925925925926 0.7104166666666666 0.8962962962962963 0.7104166666666666 0.9018518518518519 0.709375 0.9037037037037037 0.70625 0.8975308657407408 0.7 0.9024691342592592 0.69375 0.9037037037037037 0.6916666666666667 0.9055555555555556 0.6885416666666666 0.9111111111111112 0.6875 0.9111111111111112 0.68125 0.924074074074074 0.6760416666666667 0.9425925925925925 0.6760416666666667 0.9555555555555556 0.6802083333333334 0.9537037037037037 0.690625 0.9333333333333333
3 0.6145833333333334 0.9888888888888888 0.6145833333333334 0.9907407407407407 0.615625 0.9925925925925926 0.6166666666666666 0.9925925925925926 0.6572916666666666 0.9925925925925926 0.6572916666666666 0.9907407407407407 0.6583333333333333 0.9796296296296296 0.6572916666666666 0.9777777777777777 0.6552083333333334 0.975925925925926 0.6541666666666667 0.975925925925926 0.6479166666666666 0.9722222222222222 0.646875 0.9722222222222222 0.634375 0.9722222222222222 0.6208333333333333 0.9796296296296296 0.6197916666666666 0.9814814814814815 0.6145833333333334 0.9888888888888888
3 0.37395833333333334 0.7222222222222222 0.375 0.7240740740740741 0.37604166666666666 0.7296296296296296 0.3770833333333333 0.7314814814814815 0.3833333333333333 0.7425925925925926 0.384375 0.7425925925925926 0.3885416666666667 0.7462962962962962 0.38958333333333334 0.7462962962962962 0.39375 0.7462962962962962 0.3947916666666667 0.7444444444444445 0.390625 0.7092592592592593 0.39166666666666666 0.7074074074074075 0.3927083333333333 0.7 0.39375 0.6981481481481482 0.403125 0.6851851851851852 0.403125 0.6833333333333333 0.403125 0.6759259259259259 0.4020833333333333 0.6759259259259259 0.3833333333333333 0.674074074074074 0.37395833333333334 0.6925925925925925 0.37395833333333334 0.6944444444444444 0.37395833333333334 0.7222222222222222
3 0.3737433333333333 0.6418616666666667 0.37276447916666666 0.6436018518518518 0.37276447916666666 0.6470818518518519 0.3737433333333333 0.6511418518518518 0.37537458333333334 0.655202037037037 0.3776583333333334 0.658102037037037 0.3789633333333334 0.662742037037037 0.38222593749999995 0.6685422222222223 0.3848359375 0.6702822222222222 0.3880985416666667 0.6743422222222222 0.39103479166666666 0.6749222222222222 0.39723364583333337 0.6801424074074075 0.40049625 0.6807224074074075 0.40408499999999997 0.6801424074074075 0.40441125 0.6784024074074074 0.40408499999999997 0.6766624074074074 0.40180125 0.6714422222222223 0.39690739583333334 0.6523018518518519 0.3920135416666667 0.6418616666666667 0.39038229166666666 0.6366416666666667 0.3874460416666667 0.6337416666666668 0.3848359375 0.6389616666666667 0.3832046875 0.6407016666666666 0.3796158333333334 0.6424418518518519 0.3737433333333333 0.6418616666666667