2 0.5138170833333333 0.5389227777777778 0.5259955208333333 0.6694111111111112 0.5496940625 0.6471753703703704 0.5306035416666667 0.44412833333333335 0.5111838541666667 0.46577888888888885 0.51414625 0.5359968518518519 0.5138170833333333 0.5389227777777778
3 0.4583333333333333 0.020370370370370372 0.4583333333333333 0.022222222222222223 0.459375 0.07037037037037036 0.4604166666666667 0.07222222222222222 0.465625 0.07407407407407407 0.4666666666666667 0.07222222222222222 0.4791666666666667 0.07037037037037036 0.4802083333333333 0.07222222222222222 0.484375 0.07592592592592592 0.484375 0.07777777777777778 0.4822916666666667 0.08703703703703704 0.4822916666666667 0.08888888888888889 0.4822916666666667 0.10740740740740741 0.48333333333333334 0.10925925925925926 0.484375 0.11666666666666667 0.48541666666666666 0.11666666666666667 0.4895833333333333 0.12037037037037036 0.490625 0.12037037037037036 0.515625 0.12222222222222222 0.5166666666666666 0.12037037037037036 0.5270833333333333 0.10925925925925926 0.5281250000000001 0.10740740740740741 0.5427083333333333 0.07777777777777778 0.5427083333333333 0.07592592592592592 0.5479166666666666 0.04814814814814815 0.5479166666666666 0.046296296296296294 0.5489583333333333 0.03148148148148148 0.5489583333333333 0.02962962962962963 0.5489583333333333 0.014814814814814815 0.5479166666666666 0.012962962962962963 0.5458333333333334 0.007407407407407408 0.5447916666666667 0.007407407407407408 0.465625 0.005555555555555556 0.459375 0.011111111111111112 0.459375 0.012962962962962963 0.4583333333333333 0.020370370370370372
3 0.6885416666666666 0.3925925925925926 0.6875 0.39444444444444443 0.6854166666666667 0.39814814814814814 0.6854166666666667 0.4 0.6822916666666666 0.42407407407407405 0.6833333333333333 0.42592592592592593 0.6854166666666667 0.4333333333333333 0.6854166666666667 0.4351851851851852 0.6854166666666667 0.4462962962962963 0.6864583333333334 0.4462962962962963 0.696875 0.4537037037037037 0.6979166666666666 0.4537037037037037 0.7083333333333334 0.4537037037037037 0.709375 0.45185185185185184 0.71875 0.44074074074074077 0.71875 0.4388888888888889 0.7229166666666667 0.42592592592592593 0.7229166666666667 0.42407407407407405 0.7229166666666667 0.4148148148148148 0.721875 0.412962962962963 0.7208333333333333 0.4055555555555555 0.7197916666666666 0.40370370370370373 0.715625 0.39444444444444443 0.7145833333333333 0.39444444444444443 0.7072916666666667 0.387037037037037 0.70625 0.387037037037037 0.7 0.387037037037037 0.6927083333333334 0.3925925925925926 0.6916666666666667 0.3925925925925926 0.6885416666666666 0.3925925925925926
3 0.7072916666666667 0.3851851851851852 0.7083333333333334 0.387037037037037 0.7166666666666667 0.39444444444444443 0.7177083333333334 0.39629629629629626 0.7229166666666667 0.4111111111111111 0.7229166666666667 0.412962962962963 0.7239583333333334 0.42592592592592593 0.7229166666666667 0.4277777777777778 0.721875 0.4351851851851852 0.7229166666666667 0.43703703703703706 0.7302083333333333 0.43703703703703706 0.73125 0.4351851851851852 0.734375 0.4333333333333333 0.7354166666666666 0.4314814814814815 0.7427083333333334 0.41851851851851857 0.7427083333333334 0.4166666666666667 0.74375 0.39629629629629626 0.7427083333333334 0.39444444444444443 0.7385416666666667 0.37777777777777777 0.7375 0.37592592592592594 0.7333333333333334 0.37037037037037035 0.7322916666666667 0.37037037037037035 0.715625 0.36851851851851847 0.709375 0.37777777777777777 0.709375 0.37962962962962965 0.7072916666666667 0.3851851851851852
2 0.7165694791666667 0.17192407407407406 0.7205176041666667 0.12113962962962964 0.7135503125 0.12237814814814814 0.6970608333333334 0.21279925925925927 0.6893966666666667 0.26275796296296294 0.6942738541666666 0.2730801851851852 0.7165694791666667 0.17192407407407406
3 0.6510416666666666 0.41851851851851857 0.6572916666666666 0.39629629629629626 0.6666666666666666 0.39629629629629626 0.6666666666666666 0.4 0.665625 0.40185185185185185 0.665625 0.4055555555555555 0.6645833333333334 0.4074074074074074 0.6645833333333334 0.4111111111111111 0.6625 0.41851851851851857 0.6625 0.4314814814814815 0.6645833333333334 0.4314814814814815 0.665625 0.42962962962962964 0.66875 0.42962962962962964 0.6708333333333334 0.4277777777777778 0.6729166666666666 0.42407407407407405 0.6770833333333334 0.42037037037037034 0.68125 0.412962962962963 0.68125 0.4111111111111111 0.6833333333333333 0.4074074074074074 0.6854166666666667 0.3851851851851852 0.6822916666666666 0.37592592592592594 0.6739583333333333 0.37222222222222223 0.6708333333333334 0.38148148148148153 0.6684027777777778 0.3765432083333333 0.6572916666666666 0.3851851851851852 0.6552083333333334 0.3851851851851852 0.6479166666666666 0.39629629629629626 0.646875 0.39629629629629626 0.6447916666666667 0.4 0.6447916666666667 0.4055555555555555 0.65 0.41851851851851857 0.6510416666666666 0.41851851851851857
3 0.67 0.4477777777777778 0.6685416666666667 0.4577777777777778 0.659375 0.47962962962962963 0.659375 0.48148148148148145 0.6645833333333334 0.4888888888888889 0.6666666666666666 0.4888888888888889 0.6708333333333334 0.49259259259259264 0.6739583333333333 0.49259259259259264 0.6833333333333333 0.48333333333333334 0.6822916666666666 0.48148148148148145 0.6770833333333334 0.48148148148148145 0.6760416666666667 0.47962962962962963 0.6666666666666666 0.47962962962962963 0.665625 0.4777777777777778 0.6670833333333334 0.4677777777777778 0.675 0.44814814814814813 0.678125 0.44814814814814813 0.6802083333333334 0.4444444444444444 0.68125 0.4444444444444444 0.6822916666666666 0.4425925925925926 0.6822916666666666 0.4388888888888889 0.68125 0.43703703703703706 0.6770833333333334 0.43703703703703706 0.6739583333333333 0.4462962962962963 0.6714583333333333 0.43777777777777777 0.6739583333333333 0.4314814814814815 0.6729166666666666 0.4277777777777778 0.6635416666666666 0.43703703703703706 0.6635416666666666 0.4425925925925926 0.6645833333333334 0.4444444444444444 0.6677083333333333 0.4444444444444444 0.67 0.4477777777777778
3 0.94375 0.8277777777777778 0.9447916666666666 0.8296296296296296 0.9520833333333334 0.8425925925925926 0.953125 0.8425925925925926 0.9583333333333334 0.8425925925925926 0.959375 0.8407407407407407 0.9614583333333334 0.8388888888888888 0.9625 0.8370370370370371 0.96875 0.8277777777777778 0.96875 0.825925925925926 0.9708333333333333 0.8203703703703703 0.9708333333333333 0.8185185185185185 0.975 0.7925925925925925 0.9739583333333334 0.7907407407407407 0.971875 0.7851851851851852 0.9708333333333333 0.7851851851851852 0.9645833333333333 0.7851851851851852 0.94375 0.8129629629629629 0.94375 0.8148148148148148 0.94375 0.8277777777777778
3 0.5499999999999999 0.6407407407407407 0.553125 0.6481481481481481 0.5697916666666667 0.65 0.5797521875 0.6590590740740742 0.5809507291666667 0.6483568518518519 0.58320375 0.6423622222222222 0.571875 0.6259259259259259 0.5656249999999999 0.6222222222222222 0.5499999999999999 0.6314814814814815 0.5499999999999999 0.6407407407407407
2 0.6850466666666667 0.28062425925925927 0.6733666666666667 0.3332877777777778 0.6818304166666667 0.33419055555555555 0.6936796875 0.29115703703703705 0.6850466666666667 0.28062425925925927
3 0.9369938541666666 0.8314696296296297 0.9334116666666666 0.8323187037037038 0.9288742708333333 0.8357151851851852 0.9240980208333334 0.8437816666666668 0.9207546875 0.853122037037037 0.9193217708333333 0.8548201851851852 0.9150231249999999 0.8658585185185186 0.9150231249999999 0.8696796296296296 0.9162171875 0.8739251851851852 0.9200382291666668 0.8785951851851851 0.9226652083333333 0.8785951851851851 0.9233815624999999 0.8777461111111111 0.9240980208333334 0.8747742592592593 0.9264861458333333 0.8713777777777778 0.929113125 0.8709533333333334 0.9415313541666666 0.8811425925925925 0.9513226041666667 0.8811425925925925 0.9539495833333334 0.8794444444444445 0.9563377083333334 0.8743496296296297 0.9570540625 0.8709533333333334 0.9577705208333334 0.8620375925925926 0.9594421875 0.853122037037037 0.9594421875 0.849300925925926 0.9529942708333334 0.8433572222222222 0.9538964861111111 0.8437346041666667 0.9529942708333334 0.8429325925925926 0.9501285416666667 0.8395362962962963 0.948456875 0.838687037037037 0.9446358333333333 0.8335924074074074 0.9405760416666666 0.8318942592592592 0.9369938541666666 0.8314696296296297
3 0.9028437500000001 0.8590657407407407 0.9016496875000001 0.8650094444444444 0.8992615625 0.8726514814814814 0.8992615625 0.8862372222222222 0.900455625 0.8909074074074075 0.90762 0.8998229629629629 0.9123962499999999 0.9010966666666667 0.9145455208333333 0.9010966666666667 0.9164560416666667 0.8998229629629629 0.9188441666666667 0.8960020370370371 0.9207546875 0.8845390740740741 0.9229039583333333 0.8794444444444445 0.9221874999999999 0.8777461111111111 0.9193217708333333 0.8764724074074074 0.9169336458333334 0.8722268518518519 0.9145455208333333 0.8594903703703705 0.914784375 0.8556692592592592 0.9100081250000001 0.8522727777777779 0.9071423958333333 0.8522727777777779 0.905231875 0.8535464814814815 0.9028437500000001 0.8590657407407407