3 0.5666666666666667 0.037037037037037035 0.5656249999999999 0.03888888888888889 0.5604166666666667 0.044444444444444446 0.5604166666666667 0.046296296296296294 0.5541666666666667 0.06296296296296296 0.5541666666666667 0.06481481481481481 0.5520833333333334 0.07407407407407407 0.5520833333333334 0.07592592592592592 0.5520833333333334 0.09074074074074075 0.553125 0.09259259259259259 0.5552083333333333 0.1037037037037037 0.55625 0.10555555555555556 0.5625 0.12037037037037036 0.5635416666666666 0.12037037037037036 0.56875 0.1259259259259259 0.5697916666666667 0.1259259259259259 0.5822916666666667 0.1259259259259259 0.5833333333333334 0.12407407407407407 0.6 0.11851851851851852 0.6010416666666666 0.11666666666666667 0.6041666666666666 0.11481481481481481 0.6052083333333333 0.11296296296296296 0.6104166666666666 0.1037037037037037 0.6104166666666666 0.10185185185185185 0.615625 0.08703703703703704 0.615625 0.08518518518518518 0.6166666666666666 0.07037037037037036 0.615625 0.06851851851851852 0.6145833333333334 0.06296296296296296 0.6135416666666667 0.06111111111111111 0.6104166666666666 0.05555555555555555 0.609375 0.05555555555555555 0.5979166666666667 0.044444444444444446 0.596875 0.04259259259259259 0.5895833333333333 0.027777777777777776 0.5885416666666666 0.027777777777777776 0.5864583333333333 0.027777777777777776 0.5760416666666667 0.03518518518518518 0.5750000000000001 0.03518518518518518 0.5666666666666667 0.037037037037037035
3 0.2895833333333333 0.6148148148148148 0.2885416666666667 0.6166666666666666 0.284375 0.6203703703703703 0.284375 0.6222222222222222 0.2833333333333333 0.6351851851851852 0.284375 0.637037037037037 0.28541666666666665 0.6481481481481481 0.2864583333333333 0.65 0.2947916666666667 0.6648148148148147 0.29583333333333334 0.6648148148148147 0.3125 0.6648148148148147 0.31354166666666666 0.6629629629629629 0.325 0.6462962962962963 0.325 0.6444444444444444 0.3260416666666667 0.6222222222222222 0.325 0.6203703703703703 0.325 0.6148148148148148 0.3239583333333333 0.612962962962963 0.3208333333333333 0.6037037037037037 0.3197916666666667 0.6037037037037037 0.315625 0.6 0.3145833333333333 0.6 0.3083333333333333 0.6 0.29791666666666666 0.612962962962963 0.296875 0.612962962962963 0.2895833333333333 0.6148148148148148
3 0.5895833333333333 0.016666666666666666 0.5906250000000001 0.018518518518518517 0.5927083333333334 0.03148148148148148 0.59375 0.03333333333333333 0.6 0.044444444444444446 0.6010416666666666 0.044444444444444446 0.6104166666666666 0.053703703703703705 0.6114583333333333 0.053703703703703705 0.6229166666666667 0.05185185185185185 0.6239583333333334 0.05 0.6270833333333333 0.04814814814814815 0.628125 0.046296296296296294 0.6458333333333334 0.014814814814814815 0.6458333333333334 0.012962962962962963 0.6458333333333334 0.007407407407407408 0.6447916666666667 0.007407407407407408 0.6416666666666666 0.005555555555555556 0.640625 0.005555555555555556 0.5916666666666667 0.005555555555555556 0.5895833333333333 0.007407407407407408 0.5895833333333333 0.009259259259259259 0.5895833333333333 0.016666666666666666
3 0.3885416666666667 0.17407407407407408 0.38958333333333334 0.17592592592592593 0.390625 0.18518518518518517 0.39166666666666666 0.18703703703703703 0.396875 0.2 0.3979166666666667 0.2 0.4 0.2037037037037037 0.4010416666666667 0.2037037037037037 0.40520833333333334 0.2037037037037037 0.40520833333333334 0.20185185185185187 0.403125 0.18333333333333335 0.4041666666666667 0.1814814814814815 0.4104166666666667 0.1685185185185185 0.4104166666666667 0.16666666666666666 0.4104166666666667 0.15925925925925924 0.409375 0.1574074074074074 0.40625 0.1462962962962963 0.40520833333333334 0.1462962962962963 0.4010416666666667 0.14444444444444443 0.390625 0.15925925925925924 0.390625 0.1611111111111111 0.3885416666666667 0.17407407407407408
3 0.3885416666666667 0.23148148148148148 0.3885416666666667 0.23333333333333334 0.38958333333333334 0.24444444444444444 0.390625 0.24629629629629632 0.3958333333333333 0.2555555555555556 0.396875 0.2555555555555556 0.4114583333333333 0.24629629629629632 0.4114583333333333 0.24444444444444444 0.4114583333333333 0.2388888888888889 0.4104166666666667 0.23703703703703705 0.4083333333333333 0.23148148148148148 0.409375 0.22962962962962963 0.4104166666666667 0.2222222222222222 0.409375 0.22037037037037038 0.40729166666666666 0.2074074074074074 0.40625 0.20555555555555555 0.4 0.20555555555555555 0.390625 0.21851851851851853 0.390625 0.22037037037037038 0.3885416666666667 0.23148148148148148
3 0.7729166666666666 0.8777777777777778 0.7729166666666666 0.8796296296296297 0.7729166666666666 0.8833333333333334 0.7739583333333334 0.8851851851851852 0.7854166666666667 0.8925925925925926 0.7864583333333334 0.8925925925925926 0.7895833333333334 0.8925925925925926 0.790625 0.8907407407407407 0.79375 0.887037037037037 0.7947916666666667 0.887037037037037 0.7989583333333333 0.887037037037037 0.8 0.8888888888888888 0.8010416666666667 0.8925925925925926 0.8 0.8944444444444444 0.7989583333333333 0.8981481481481481 0.8 0.9 0.8 0.9037037037037037 0.8010416666666667 0.9055555555555556 0.8041666666666666 0.9111111111111112 0.8041666666666666 0.9129629629629629 0.8041666666666666 0.9222222222222222 0.8052083333333334 0.924074074074074 0.80625 0.924074074074074 0.8072916666666666 0.9222222222222222 0.8125 0.9037037037037037 0.8125 0.9018518518518519 0.8104166666666667 0.8833333333333334 0.809375 0.8814814814814815 0.8020833333333334 0.8685185185185185 0.8010416666666667 0.8685185185185185 0.7916666666666666 0.862962962962963 0.790625 0.862962962962963 0.7854166666666667 0.862962962962963 0.7791666666666667 0.8666666666666666 0.778125 0.8685185185185185 0.7729166666666666 0.8777777777777778
3 0.8229166666666666 0.9129629629629629 0.8229166666666666 0.9148148148148147 0.81875 0.9333333333333333 0.81875 0.9351851851851852 0.8197916666666666 0.938888888888889 0.8208333333333334 0.938888888888889 0.825 0.9425925925925925 0.825 0.9444444444444444 0.825 0.9555555555555556 0.8260416666666667 0.9555555555555556 0.8364583333333334 0.9537037037037037 0.8375 0.9518518518518518 0.8427083333333334 0.9425925925925925 0.8427083333333334 0.9407407407407407 0.8458333333333333 0.9259259259259259 0.8458333333333333 0.924074074074074 0.8395833333333333 0.9037037037037037 0.8385416666666666 0.9037037037037037 0.8322916666666667 0.8981481481481481 0.8260416666666667 0.9037037037037037 0.8260416666666667 0.9055555555555556 0.8229166666666666 0.9129629629629629
3 0.4041666666666667 0.2925925925925926 0.4041666666666667 0.29444444444444445 0.409375 0.3074074074074074 0.4104166666666667 0.3074074074074074 0.4145833333333333 0.3111111111111111 0.415625 0.3111111111111111 0.425 0.30925925925925923 0.425 0.3074074074074074 0.4270833333333333 0.3037037037037037 0.4270833333333333 0.30185185185185187 0.4270833333333333 0.2851851851851852 0.4260416666666667 0.2833333333333333 0.4197916666666667 0.2833333333333333 0.415625 0.28888888888888886 0.4145833333333333 0.28888888888888886 0.4041666666666667 0.2925925925925926
3 0.2739583333333333 0.5203703703703704 0.2739583333333333 0.5222222222222223 0.2760416666666667 0.5351851851851852 0.27499999999999997 0.5370370370370371 0.2708333333333333 0.5444444444444444 0.2708333333333333 0.5462962962962963 0.2708333333333333 0.5481481481481482 0.27187500000000003 0.5499999999999999 0.2791666666666667 0.5555555555555556 0.28020833333333334 0.5555555555555556 0.284375 0.5555555555555556 0.28541666666666665 0.5537037037037037 0.2895833333333333 0.5444444444444444 0.2895833333333333 0.5425925925925926 0.2895833333333333 0.5259259259259259 0.2885416666666667 0.5240740740740741 0.28541666666666665 0.512962962962963 0.284375 0.512962962962963 0.28020833333333334 0.512962962962963 0.27499999999999997 0.5166666666666666 0.27499999999999997 0.5185185185185185 0.2739583333333333 0.5203703703703704
3 0.01875 0.8185185185185185 0.01875 0.8203703703703703 0.015625 0.8277777777777778 0.015625 0.8296296296296296 0.015625 0.8388888888888888 0.016666666666666666 0.8407407407407407 0.021875 0.8888888888888888 0.02291666666666667 0.8907407407407407 0.02395833333333333 0.8944444444444444 0.025 0.8944444444444444 0.029166666666666667 0.8907407407407407 0.029166666666666667 0.8888888888888888 0.03333333333333333 0.8703703703703703 0.034374999999999996 0.8685185185185185 0.04479166666666667 0.8537037037037037 0.04583333333333334 0.8537037037037037 0.05520833333333334 0.8481481481481481 0.05625 0.8481481481481481 0.06354166666666666 0.8481481481481481 0.06458333333333333 0.85 0.07291666666666667 0.8537037037037037 0.07395833333333333 0.8555555555555556 0.07708333333333332 0.8592592592592593 0.078125 0.8592592592592593 0.08333333333333333 0.8574074074074074 0.08333333333333333 0.8555555555555556 0.084375 0.8425925925925926 0.08333333333333333 0.8407407407407407 0.07604166666666667 0.8333333333333334 0.07604166666666667 0.8314814814814815 0.075 0.8185185185185185 0.07395833333333333 0.8166666666666667 0.06874999999999999 0.8092592592592593 0.06770833333333333 0.8092592592592593 0.057291666666666664 0.8074074074074075 0.026041666666666668 0.8092592592592593 0.025 0.811111111111111 0.01875 0.8185185185185185
3 0.09270833333333332 0.362962962962963 0.09375 0.3648148148148148 0.09375 0.3666666666666667 0.09479166666666668 0.36851851851851847 0.10208333333333333 0.37592592592592594 0.103125 0.37592592592592594 0.115625 0.37592592592592594 0.115625 0.37407407407407406 0.11666666666666667 0.37222222222222223 0.115625 0.37037037037037035 0.11041666666666668 0.3388888888888889 0.109375 0.337037037037037 0.10416666666666667 0.32592592592592595 0.103125 0.32592592592592595 0.1 0.32592592592592595 0.09479166666666668 0.34629629629629627 0.09479166666666668 0.34814814814814815 0.09270833333333332 0.362962962962963
3 0.09583333333333333 0.05185185185185185 0.09583333333333333 0.053703703703703705 0.09583333333333333 0.06111111111111111 0.096875 0.06296296296296296 0.09791666666666667 0.06481481481481481 0.096875 0.06666666666666667 0.09791666666666667 0.07962962962962962 0.09895833333333333 0.08148148148148149 0.11145833333333333 0.09814814814814815 0.1125 0.09814814814814815 0.12708333333333333 0.09444444444444444 0.12708333333333333 0.09259259259259259 0.125 0.08333333333333333 0.12395833333333332 0.08333333333333333 0.115625 0.07222222222222222 0.115625 0.07037037037037036 0.115625 0.05185185185185185 0.11666666666666667 0.05 0.11770833333333333 0.040740740740740744 0.11666666666666667 0.03888888888888889 0.10625 0.03333333333333333 0.09895833333333333 0.040740740740740744 0.09895833333333333 0.04259259259259259 0.09583333333333333 0.05185185185185185