2 0.6300123402777777 0 0.6501469189814815 0.18838152083333332 0.6600227962962962 0.25740369444444444 0.6762977337962963 0.30124163888888894 0.8508490833333333 0.8434048981481481 0.8575602731481482 0.8779157731481482 0.8788328796296296 0.917597574074074 0.8812939259259259 0.9267405625 0.8878190092592592 0.9338161689814816 0.9091801226851851 0.9408880925925927 0.8814890138888889 0.8866754444444445 0.8231992453703704 0.6820382384259259 0.6746203634259259 0.2314189212962963 0.6509854513888889 0.05908636805555555 0.6490297731481481 0 0.6300123402777777 0
2 0.1759883425925926 0.7363554513888888 0.15916679398148148 0.6940296689814814 0.10586446064814814 0.5965004513888889 0.10527908564814814 0.5972728865740741 0.08387147685185185 0.5928316319444445 0.17095904166666664 0.7677728310185186 0.24991327314814815 0.8532022083333333 0.2564945486111111 0.8374658356481481 0.25416853472222223 0.8229380300925926 0.19923157407407407 0.7638804189814814 0.18494474305555555 0.7440453958333334 0.1759883425925926 0.7363554513888888
2 0.5393253541666666 0.9637626250000001 0.5390979236111111 0.9634036666666667 0.538229550925926 0.96474725 0.5393253541666666 0.9637626250000001
3 0.6967475810185185 0.7511583425925926 0.6968445000000001 0.7530076550925926 0.6956362870370371 0.7697605138888889 0.6957332060185185 0.7716098287037036 0.697283900462963 0.8011988518518519 0.6984210578703703 0.802993650462963 0.7037450347222222 0.8249673495370371 0.7048821944444446 0.8267621481481482 0.7097215787037037 0.8394892777777777 0.7108587361111112 0.8412840763888889 0.723270550925926 0.8591775324074074 0.7243107893518519 0.8591230162037037 0.7331172939814814 0.8679334537037037 0.7341575347222222 0.8678789375 0.7427702013888889 0.8729907453703704 0.7438104421296297 0.8729362291666667 0.7707597384259259 0.8696694837962964 0.7717030601851852 0.8677656527777777 0.7895550972222223 0.8501405277777778 0.7904984189814814 0.8482366967592592 0.799931625 0.8291983912037038 0.7998347060185185 0.8273490763888889 0.8039697986111111 0.8067340393518518 0.8038728819444444 0.8048847268518519 0.8021994027777778 0.7530494189814815 0.8010622453703704 0.7512546226851852 0.7911896388888889 0.7221017314814815 0.7900524814814814 0.7203069351851852 0.7821892962962963 0.7095926666666666 0.7811490578703704 0.7096471828703704 0.7660041990740741 0.6993145324074074 0.7649639606481481 0.6993690486111112 0.7490696180555555 0.6946388564814815 0.7480293796296296 0.6946933726851852 0.7397074675925926 0.6951295069444444 0.7187605763888889 0.733315150462963 0.7177203356481482 0.7333696666666667 0.7137532175925926 0.737286361111111 0.7127129768518518 0.7373408796296296 0.7043910648148148 0.737777011574074 0.7034477430555556 0.7396808425925926 0.6993837060185185 0.7417482222222221 0.6994806250000001 0.743597537037037 0.6967475810185185 0.7511583425925926
3 0.6784046967592593 0.9783556273148148 0.6785016157407407 0.9802049398148148 0.6807759305555555 0.9837945347222222 0.6818161689814815 0.9837400185185184 0.7170873796296297 0.9800371388888889 0.7169904606481481 0.9781878263888889 0.7177399444444444 0.9725853657407407 0.7186832662037038 0.9706815370370371 0.7244401087962963 0.9611078657407407 0.7243431898148148 0.9592585532407407 0.7264947222222221 0.940601863425926 0.7274380439814815 0.9386980324074075 0.7429188472222222 0.915634 0.743959087962963 0.9155794837962963 0.750853087962963 0.9078006111111111 0.7497159305555555 0.9060058125 0.7366515486111112 0.8955641296296297 0.7356113101851852 0.8956186458333334 0.7220882013888889 0.8963273611111111 0.713113724537037 0.9042152662037037 0.7121704027777779 0.9061190972222222 0.7015031203703704 0.9215132916666667 0.7004628819444444 0.9215678078703704 0.689601761574074 0.933263375 0.6886584421296297 0.9351672060185185 0.6858284791666667 0.9408786967592592 0.6859253981481481 0.9427280115740742 0.6784046967592593 0.9783556273148148
3 0.6796387731481481 0.9819997384259259 0.6807759305555555 0.9837945347222222 0.6849368865740741 0.9835764675925925 0.6860740439814814 0.9853712662037037 0.7027178703703704 0.984499 0.7036611898148147 0.9825951689814815 0.7151038194444445 0.9819954861111112 0.7252865115740741 0.9573547222222223 0.724898837962963 0.9499574675925926 0.7274380439814815 0.9386980324074075 0.7302680046296296 0.9329865416666666 0.7313082453703704 0.9329320254629629 0.7331948865740741 0.929124363425926 0.734235125 0.9290698472222223 0.7361217662037036 0.9252621851851851 0.7371620046296296 0.9252076689814814 0.7390486458333334 0.9214000069444445 0.740088886574074 0.9213454907407408 0.7419755277777779 0.9175378310185186 0.7488695277777778 0.9097589583333333 0.7497159305555555 0.9060058125 0.7441270601851853 0.8988811412037037 0.7398691851851852 0.8972498935185186 0.7375948703703704 0.8936602986111111 0.736263875 0.8881668726851851 0.7249892199074074 0.872068212962963 0.7097474421296297 0.8598862500000001 0.6982078935185185 0.8586366180555556 0.6942407754629629 0.8625533125000001 0.6938789652777778 0.8755530254629629 0.6855570509259259 0.8759891597222222 0.6854601342592593 0.8741398449074075 0.6822424976851852 0.8724540810185185 0.6793156180555555 0.8763162592592593 0.6772351388888889 0.8764252916666666 0.6775258935185186 0.8819732337962962 0.6756392523148148 0.8857808958333334 0.6736556921296296 0.8877392430555555 0.6725185347222222 0.8859444444444444 0.6704380578703704 0.8860534791666667 0.6620450902777778 0.9050372685185185 0.6622389259259259 0.9087358958333334 0.6579099976851852 0.9256523032407408 0.6577420231481482 0.9423506458333334 0.6567987037037036 0.9442544768518518 0.6571863773148148 0.9516517337962962 0.6583235347222222 0.9534465300925925 0.6586142893518518 0.9589944722222222 0.6597514467592593 0.9607892685185185 0.6600422037037037 0.9663372106481481 0.6611793611111111 0.9681320092592592 0.6640351851851852 0.9828174861111111 0.6796387731481481 0.9819997384259259
3 0.6567921666666666 0.8645159097222221 0.6599128842592592 0.8643523611111111 0.6610500416666667 0.8661471574074073 0.6641707592592593 0.8659836087962963 0.6653079166666667 0.8677784050925926 0.6673883958333333 0.8676693726851852 0.6683317152777777 0.8657655416666666 0.6724926712962963 0.8655474745370371 0.6734359930555556 0.8636436458333334 0.6775969490740741 0.8634255787037036 0.6825073888888888 0.8576050532407408 0.6812474490740741 0.8335639722222221 0.6768926550925926 0.8300834097222222 0.6766019004629629 0.8245354675925926 0.6814154236111111 0.8168656296296296 0.6812215856481482 0.8131670023148148 0.6821649074074074 0.8112631712962963 0.6787534328703703 0.8058787800925926 0.6784626782407407 0.800330837962963 0.6860092430555556 0.7851001921296296 0.6858154074074074 0.7814015648148148 0.6867587268518519 0.7794977337962963 0.6855246504629631 0.7758536226851852 0.6824039351851852 0.7760171736111111 0.6812667777777778 0.774222375 0.6739851041666667 0.7746039907407407 0.6728479444444445 0.7728091944444444 0.6666065115740741 0.7731362939814815 0.6656631898148149 0.7750401250000001 0.663582712962963 0.7751491574074074 0.6598094305555555 0.7827644814814815 0.6534710763888889 0.7812422662037037 0.6523339189814814 0.7794474699074074 0.6419315277777777 0.7799926342592592 0.6386169745370371 0.7764575578703704 0.6313353009259259 0.7768391736111111 0.6294486597222223 0.7806468333333334 0.6296424953703704 0.784345462962963 0.6270063703703704 0.7937555810185185 0.6282663101851852 0.8177966643518518 0.6294034675925926 0.8195914606481481 0.6310252175925926 0.8306328287037036 0.6404132337962963 0.8505391481481481 0.6436308680555556 0.852224912037037 0.6525342916666667 0.862884662037037 0.6556550092592592 0.862721113425926 0.6567921666666666 0.8645159097222221
3 0.6717559791666666 0.7320697708333334 0.6723374907407407 0.7431656550925927 0.6784820046296296 0.7409892407407407 0.6794253263888889 0.7390854097222223 0.6825460439814814 0.7389218611111111 0.689343125 0.7292936736111111 0.6935040810185186 0.7290756087962963 0.6933120277777779 0.7471238611111111 0.6997942731481481 0.7332976435185186 0.6975681203703703 0.7270082268518517 0.6983176041666667 0.7214057685185185 0.699260923611111 0.7195019375 0.7030353935185185 0.7263845393518518 0.7192410092592593 0.6918189976851852 0.7217326458333333 0.6905083472222222 0.7220234027777778 0.6960562893518519 0.7229667222222221 0.6941524583333333 0.7224821296296297 0.6849058888888889 0.7254723356481482 0.6862326921296296 0.7304835578703703 0.670393162037037 0.7323676226851852 0.6744977152777778 0.7334660324074074 0.6954566064814814 0.7396105486111111 0.6932801921296297 0.7405538680555556 0.6913763611111112 0.7446179074074074 0.6893089814814815 0.7442302337962963 0.6819117245370371 0.7430930763888889 0.6801169282407408 0.7426084837962963 0.6708703587962963 0.7414713263888889 0.6690755601851852 0.7411805694444444 0.6635276180555556 0.7357061597222222 0.6614303009259259 0.7327617384259258 0.6621144375 0.7335112222222222 0.6565119791666667 0.7354947824074074 0.6545536319444445 0.7302317500000001 0.6593329814814815 0.7192829282407408 0.6551383449074074 0.7175199629629629 0.6499324722222222 0.7241232083333334 0.6366056597222222 0.7248726921296296 0.6310032013888889 0.7192838217592593 0.6238785277777779 0.7172033449074073 0.6239875601851852 0.7084937569444444 0.6170264375000001 0.7147610555555555 0.6370963078703703 0.712221849537037 0.6483557430555555 0.7083341087962963 0.6509437083333333 0.7053019861111111 0.6357376435185186 0.7041648287037037 0.6339428472222223 0.7068512268518519 0.6476069837962962 0.7028596967592592 0.6488463912037038 0.7019163773148148 0.6507502222222222 0.7014806064814815 0.6468582291666666 0.6961099861111111 0.6461094722222221 0.6947316203703703 0.6529811527777777 0.6876437847222222 0.6570613958333333 0.6853687430555555 0.644611962962963 0.6907393634259259 0.6453607175925926 0.6958429143518517 0.6343789791666666 0.6947057569444445 0.6325841828703703 0.6895045625 0.6328567662037037 0.6883674050925926 0.6310619675925926 0.6908096921296296 0.6179532199074074 0.6870364097222222 0.6255685439814814 0.6827785347222223 0.6239372962962962 0.6830692893518518 0.6294852384259259 0.6762722083333332 0.6391134236111111 0.6752319699074074 0.6391679398148148 0.6739978935185185 0.6355238287037037 0.676537099537037 0.6242643958333333 0.672666900462963 0.6300304027777778 0.6728607361111111 0.6337290324074074 0.668796699074074 0.635796412037037 0.6692568796296295 0.6423656944444445 0.6660636550925927 0.6433572175925926 0.6638862592592593 0.6416169375 0.6727896805555557 0.6522766875 0.6730804375 0.6578246296296297 0.6709999583333334 0.6579336620370371 0.6700566388888889 0.6598374930555556 0.6658956828703704 0.6600555601851852 0.6619285625000001 0.6639722546296296 0.6586140069444445 0.6604371759259259 0.6572830138888889 0.65494375 0.6602357569444445 0.6714785439814815 0.6550345625 0.6717511273148148 0.6523015185185186 0.6793119328703704 0.6539491319444445 0.7107502685185184 0.6563203657407407 0.7161891782407408 0.6591761921296296 0.7308746574074073 0.6626845833333334 0.738108363425926 0.6683445069444445 0.7266853796296296 0.6717559791666666 0.7320697708333334
3 0.6039852546296296 0.6132315300925926 0.6051224120370371 0.6150263287037037 0.6139289166666666 0.6238367638888889 0.6149691574074074 0.6237822476851852 0.6243313078703703 0.623291599537037 0.6252746296296297 0.6213877685185186 0.6272581898148147 0.6194294212962963 0.6261210324074074 0.6176346226851851 0.6204352430555556 0.6086606365740741 0.6203383263888889 0.6068113217592592 0.6190073310185185 0.6013178981481482 0.6199506527777778 0.5994140671296295 0.6194660601851851 0.5901674976851852 0.6204093796296296 0.5882636666666667 0.6246413912037037 0.5694979444444445 0.6235042337962964 0.5677031458333334 0.6182061203703704 0.5661264166666666 0.6151823217592592 0.5681392800925926 0.614239 0.5700431111111111 0.6076357546296296 0.5833699236111111 0.6065955162037037 0.5834244398148148 0.5997015162037037 0.5912033125 0.5997984351851853 0.5930526273148148 0.6001861087962963 0.6004498819444444 0.6013232662037038 0.6022446805555555 0.6039852546296296 0.6132315300925926
3 0.5994818171296296 0.5671077152777778 0.5985384953703703 0.5690115462962962 0.59193525 0.5823383587962963 0.5930724074074075 0.5841331574074075 0.5996045972222221 0.589354 0.5997015162037037 0.5912033125 0.6014201851851851 0.6040939930555557 0.6025573425925926 0.6058887916666668 0.6051224120370371 0.6150263287037037 0.6061626527777777 0.6149718101851852 0.6149691574074074 0.6237822476851852 0.6160093958333334 0.6237277314814814 0.6252746296296297 0.6213877685185186 0.6262179490740741 0.6194839375 0.6260241134259259 0.6157853101851851 0.6248869560185185 0.613990511574074 0.6204352430555556 0.6086606365740741 0.6203383263888889 0.6068113217592592 0.6203124629629629 0.5864143518518519 0.6212557824074074 0.5845105231481481 0.6248352291666666 0.5731965717592592 0.6247383101851852 0.5713472569444444 0.6219794027777779 0.5585110925925926 0.6208422453703704 0.5567162962962963 0.6150595393518518 0.5458929953703704 0.6140193009259259 0.5459475115740741 0.6062530347222223 0.5370825578703704 0.6061561157407408 0.5352332453703704 0.6049220393518518 0.5315891342592592 0.6038818009259259 0.531643650462963 0.5804150300925927 0.5217471319444444 0.5818688055555555 0.5494868425925926 0.5829090462962964 0.549432324074074 0.5968908819444444 0.5375732083333333 0.5979311203703703 0.5375186921296297 0.6053097129629629 0.5389863888888888 0.6054066319444444 0.5408357037037037 0.6056973865740741 0.5463836458333333 0.6047540671296296 0.5482874768518519 0.5994818171296296 0.5671077152777778
3 0.8184876736111112 0.5463581388888888 0.8195279120370371 0.5463036226851852 0.8269065046296297 0.5477713194444445 0.8268095856481481 0.5459220046296296 0.8241475972222223 0.5349351550925926 0.8250909189814815 0.533031324074074 0.8392665925925926 0.5248708356481482 0.839169673611111 0.5230215208333333 0.8397253194444445 0.5137204351851852 0.838588162037037 0.5119256388888889 0.8263701851851851 0.49773081018518517 0.8253299467592592 0.4977853263888889 0.82012875 0.4980579097222222 0.8120975925925926 0.5040419837962963 0.8111542731481483 0.5059458148148148 0.8092676319444444 0.509753474537037 0.809364550925926 0.5116027893518519 0.8090996574074074 0.5264518171296296 0.8102368148148149 0.5282466157407407 0.8116647291666667 0.5355893541666666 0.8128018865740742 0.537384150462963 0.8184876736111112 0.5463581388888888
3 0.8180482731481482 0.49816694212962964 0.8221123101851852 0.4960995625 0.8230556319444444 0.4941957314814815 0.8237081967592593 0.48674395833333334 0.8304083587962963 0.47526645833333336 0.8303114421296297 0.47341714583333333 0.8239730879629629 0.47189493055555554 0.8247225717592592 0.4662924722222222 0.8169563055555555 0.45742751851851854 0.8116888865740741 0.46141235879629633 0.8065539143518519 0.4579726851851852 0.8045703564814815 0.4599310324074074 0.7989104305555556 0.4713540162037037 0.8027095787037036 0.48413566435185185 0.8017662569444445 0.4860394930555556 0.7996857777777777 0.4861485277777778 0.8042344097222222 0.49332771527777775 0.8045251643518518 0.4988756574074074 0.8100171157407408 0.5041510162037037 0.8139842337962963 0.5002343217592592 0.8171049513888888 0.5000707731481482 0.8180482731481482 0.49816694212962964
3 0.8248646805555556 0.4291971597222222 0.8259049212962963 0.42914264351851855 0.845669462962963 0.4281068263888889 0.8466127847222222 0.4262029976851852 0.8474333217592593 0.40205288194444444 0.8462961643518518 0.4002580856481482 0.8461992476851852 0.39840877083333337 0.8451590069444445 0.39846328703703704 0.8373927407407408 0.3895983333333333 0.8363525023148148 0.389652849537037 0.8268934328703703 0.38829418518518516 0.8200963495370371 0.3979223726851852 0.8190561111111111 0.3979768888888889 0.8129115949074075 0.4001533032407408 0.8130085138888888 0.40200261574074075 0.8113157083333333 0.4095089050925926 0.8114126273148149 0.4113582199074074 0.8119941388888889 0.4224541041666666 0.8131312962962963 0.42424890046296293 0.8248646805555556 0.4291971597222222
3 0.1687003287037037 0.8659886087962962 0.16766009027777778 0.866043125 0.15634024305555555 0.8888890902777778 0.1567279166666667 0.8962863472222222 0.16524366435185184 0.8995488425925926 0.1692107847222222 0.8956321481481482 0.1753553009259259 0.8934557337962963 0.17886369212962963 0.9006894398148149 0.18406488657407408 0.9004168564814814 0.19095888657407406 0.8926379837962963 0.19303936574074074 0.8925289513888889 0.19899004398148148 0.8866539097222222 0.21219653472222222 0.8600002824074074 0.21200269675925926 0.8563016550925927 0.2163316273148148 0.8393852453703703 0.21594395370370373 0.8319879884259259 0.2136696388888889 0.8283983958333333 0.2074282037037037 0.8287254953703703 0.2092684398148148 0.8222229675925926 0.20046604166666668 0.8098721087962963 0.1950163888888889 0.8108320370370371 0.19606484490740742 0.8036966782407406 0.1916636458333333 0.79752125 0.1921605625 0.7961465601851851 0.18726244907407408 0.7913458240740741 0.18647477546296296 0.7871725717592594 0.18286125 0.7851703958333333 0.18078898842592592 0.7781985856481481 0.17846005092592593 0.7789949652777778 0.17405885416666667 0.7728195370370371 0.17463153935185186 0.7701765138888889 0.1696576550925926 0.7666441064814814 0.16951433101851854 0.7620999259259259 0.16525645601851852 0.7604686782407407 0.14938797916666666 0.7761354560185185 0.14750133796296297 0.7799431180555556 0.14590545138888888 0.7892987199074075 0.1440188101851852 0.7931063819444445 0.14147960185185185 0.8043658148148148 0.14206111342592592 0.8154616990740741 0.14566642361111112 0.8245447199074074 0.14682944444444446 0.8467364861111112 0.15459571064814814 0.8556014398148148 0.15771642824074075 0.8554378912037037 0.16252994907407406 0.8477680509259259 0.16357018750000002 0.8477135347222222 0.17058696990740743 0.8621809467592593 0.1687003287037037 0.8659886087962962
3 0.1928713935185185 0.9092272939814814 0.1918311527777778 0.9092818101851853 0.18633920370370372 0.9040064513888888 0.18529896296296297 0.9040609675925926 0.18113800694444446 0.9042790347222223 0.17925136574074074 0.9080866967592592 0.17934828472222222 0.9099360092592592 0.17719675231481483 0.928592699074074 0.17833390972222224 0.9303874976851851 0.19064880555555555 0.9464316388888889 0.19074572453703703 0.9482809537037037 0.1978594236111111 0.9645976782407407 0.1979563425925926 0.9664469930555556 0.19950703703703704 0.9960360162037036 0.20581952777777776 0.9771612592592592 0.2057226087962963 0.9753119467592593 0.2071246574074074 0.9622577152777778 0.20702773842592592 0.9604084004629629 0.2046306412037037 0.9345725231481481 0.20349348379629628 0.932777724537037 0.19855718055555555 0.9182012800925926 0.19742002314814813 0.9164064837962963 0.1928713935185185 0.9092272939814814
3 0.19781902314814814 1 0.20129675925925927 0.9903790416666667 0.2011998425925926 0.9885297268518519 0.19928733796296297 0.9719404189814815 0.19815017824074074 0.9701456203703704 0.19425411342592594 0.9555146597222222 0.19311695601851853 0.9537198611111111 0.18837449074074075 0.9428420439814815 0.18733425 0.9428965601851852 0.17521319212962963 0.9305510462962963 0.17238322916666668 0.9362625370370371 0.17248014814814816 0.9381118518518519 0.16919145833333335 0.9549737430555555 0.1681512175925926 0.955028261574074 0.1620067013888889 0.9572046736111112 0.16086954398148148 0.9554098773148149 0.15245071296296295 0.9539966967592592 0.15150739351851852 0.9559005277777778 0.14650003472222223 0.9598717384259259 0.14555671296296296 0.9617755671296296 0.14093702777777778 0.9731440347222221 0.14197726851851852 0.9730895185185184 0.15341989814814813 0.9724898356481482 0.15455705555555554 0.9742846319444445 0.16089540972222222 0.9758068472222222 0.16203256712962963 0.9776016435185185 0.1697988310185185 0.9864665972222222 0.16989575 0.9883159120370371 0.17463862037037037 1 0.19781902314814814 1
3 0.17385255787037035 1 0.16989575 0.9883159120370371 0.1687585925925926 0.9865211157407408 0.16420996296296297 0.979341925925926 0.16316972453703704 0.9793964421296296 0.15455705555555554 0.9742846319444445 0.15351681712962964 0.9743391504629629 0.13989678935185185 0.973198550925926 0.1359296712962963 0.9771152453703704 0.13602658796296296 0.9789645601851852 0.13368121990740742 0.9939226226851852 0.13377813657407409 0.9957719351851851 0.13399971990740742 1 0.17385255787037035 1
3 0.29642975462962967 0.5366301689814814 0.29633283796296295 0.5347808564814814 0.29451725 0.5200408611111111 0.2933800925925926 0.5182460624999999 0.2910088587962963 0.5128071550925926 0.2898717013888889 0.5110123564814815 0.27729191435185185 0.5098172430555555 0.27615475694444447 0.5080224467592592 0.26650184953703704 0.5029651527777778 0.26263164814814816 0.508731162037037 0.2637688055555556 0.5105259583333334 0.2660689837962963 0.5345125231481481 0.2672061435185185 0.5363073217592592 0.28576247222222223 0.552024363425926 0.28680271296296295 0.5519698472222222 0.29096366898148146 0.5517517800925926 0.29190698842592594 0.5498479513888889 0.29642975462962967 0.5366301689814814
3 0.27066280555555555 0.502747087962963 0.2696225671296296 0.5028016041666666 0.26650184953703704 0.5029651527777778 0.26659876851851855 0.5048144675925926 0.2636718865740741 0.5086766458333334 0.2637688055555556 0.5105259583333334 0.2647379907407407 0.5290190995370371 0.26587514814814817 0.5308138958333333 0.26938353935185183 0.5380476018518519 0.27042377777777776 0.5379930856481482 0.27487549074074075 0.5433229606481481 0.2759157291666667 0.5432684444444444 0.28680271296296295 0.5519698472222222 0.2878429513888889 0.5519153310185185 0.28992343055555553 0.5518062986111111 0.29086675 0.5499024675925925 0.29568027083333337 0.5422326273148148 0.29558335416666665 0.5403833148148148 0.29584824537037036 0.5255342870370371 0.29471108796296297 0.5237394884259259 0.29110577777777774 0.5146564675925925 0.2910088587962963 0.5128071550925926 0.2925078263888889 0.501602238425926 0.2924109097222222 0.49975292361111107 0.2908860763888889 0.4905608703703703 0.2897489189814815 0.4887660740740741 0.28510337037037037 0.47973756944444446 0.28406313194444444 0.4797920856481482 0.2830228935185185 0.4798466041666667 0.27632272916666667 0.49132410416666666 0.2764196481481481 0.49317341666666664 0.28239619212962963 0.5076953449074074 0.28145287037037037 0.5095991759259259 0.27842907175925924 0.5116120393518518 0.27729191435185185 0.5098172430555555 0.27189688194444445 0.506391199074074 0.270759724537037 0.504596400462963 0.27066280555555555 0.502747087962963
3 0.22559004166666666 0.45874941898148147 0.22672719907407407 0.4605442175925926 0.23117891203703705 0.4658740925925926 0.23221915046296296 0.4658195763888889 0.2363801064814815 0.46560150925925925 0.23751726388888889 0.4673963055555555 0.23969466203703704 0.4691365879629629 0.23875134027777778 0.4710404166666667 0.23676778009259258 0.4729987638888889 0.2368646990740741 0.47484807870370366 0.23696161805555555 0.47669739351851853 0.23809877546296296 0.47849218981481484 0.2400112800925926 0.49508149999999995 0.2410515185185185 0.49502698148148144 0.25607359490740744 0.48311334953703705 0.25597667592592593 0.4812640347222222 0.25237136805555554 0.47218101620370373 0.2522744490740741 0.47033170138888886 0.24958659722222223 0.43894788194444445 0.2485463564814815 0.4390023981481481 0.24012752546296295 0.4375892175925926 0.23124996527777777 0.4473264351851852 0.23020972685185187 0.44738095370370373 0.22396829166666665 0.4477080532407407 0.22302497222222223 0.44961188194444446 0.21915477083333335 0.4553778912037037 0.2192516898148148 0.4572272060185185 0.22152600462962965 0.4608168009259259 0.22256624305555556 0.4607622824074074 0.22559004166666666 0.45874941898148147
3 0.25650617824074073 0.15300868287037037 0.25744949768518516 0.15110485185185188 0.25703596064814815 0.1233106273148148 0.2558988032407407 0.12151582870370371 0.25456781018518515 0.1160224050925926 0.2534306504629629 0.11422760648148148 0.24452722916666667 0.1035678564814815 0.24348698842592592 0.10362237268518519 0.23194743981481483 0.10237274074074074 0.22609368055555557 0.11009709722222222 0.2261905972222222 0.11194641203703704 0.22309574537037039 0.13250693055555557 0.22423290277777777 0.13430172916666666 0.2350488310185185 0.16155078703703704 0.23618598842592592 0.16334558564814813 0.23836338425925926 0.16508586574074074 0.23930670601851853 0.16318203472222223 0.25650617824074073 0.15300868287037037
3 0.25438050925925926 0.1920623425925926 0.2564609861111111 0.19195331018518516 0.2589291388888889 0.1992415324074074 0.2630900949074074 0.19902346527777778 0.2640334166666667 0.19711963425925927 0.2637426597222222 0.19157169212962963 0.2684592638888889 0.18205253935185187 0.2667405949074074 0.1691618587962963 0.2644662800925926 0.1655722638888889 0.26436936111111115 0.16372295138888887 0.2620950462962963 0.1601333564814815 0.25556285648148147 0.1549125138888889 0.24337074305555556 0.16111465509259257 0.23950054166666668 0.16688066435185187 0.23846030324074072 0.16693518055555556 0.23751698148148148 0.16883901157407408 0.23771081944444444 0.17253763888888887 0.23884797685185186 0.17433243518518518 0.24300893287037037 0.1741143703703704 0.24632348842592594 0.17764944675925928 0.25162160185185184 0.17922617824074075 0.2549361550925926 0.18276125694444442 0.2524938680555555 0.19587000462962964 0.25363102546296296 0.19766480092592592 0.25438050925925926 0.1920623425925926
3 0.2794690300925926 0.21300022685185185 0.27833187268518517 0.21120543055555555 0.2758637199074074 0.20391720833333335 0.27482348148148145 0.20397172453703705 0.27378324074074073 0.20402624074074074 0.26376852314814814 0.21196866435185185 0.2638654421296296 0.21381797685185186 0.26435003472222224 0.2230645462962963 0.2654871921296296 0.2248593449074074 0.2721163009259259 0.2319295 0.27315653935185186 0.2318749837962963 0.2783577361111111 0.231602400462963 0.27930105555555557 0.22969856944444444 0.2794690300925926 0.21300022685185185
3 0.22929198842592594 0.1711244583333333 0.23137246527777777 0.1710154236111111 0.23231578703703704 0.1691115949074074 0.2316373587962963 0.15616639583333333 0.22926612500000002 0.15072748842592595 0.22783821064814816 0.1433847476851852 0.22556389583333333 0.13979515277777776 0.22016886342592593 0.1363691087962963 0.2183791412037037 0.14202608333333333 0.21528210879629628 0.13600708333333333 0.20935511342592591 0.13569956944444445 0.20882315277777777 0.1388181064814815 0.20550859722222223 0.1352830277777778 0.2034281203703704 0.13539206018518518 0.20154147916666665 0.1391997222222222 0.20185809722222223 0.16514463425925927 0.20809953240740742 0.16481753472222224 0.20848720601851853 0.17221478935185186 0.20754388657407408 0.17411862037037037 0.21755860185185186 0.16617619907407408 0.21869575925925927 0.16797099537037036 0.22181647685185185 0.16780744675925927 0.22295363425925924 0.16960224305555555 0.22815483101851852 0.16932965972222222 0.22929198842592594 0.1711244583333333
3 0.20918496296296296 0.1258183912037037 0.2101282824074074 0.12391456018518518 0.20983752777777778 0.11836661805555557 0.21078084953703705 0.11646278935185185 0.21026394907407406 0.1065997824074074 0.21985224537037037 0.11042419675925925 0.21890892361111114 0.11232802777777778 0.21949043518518518 0.12342391203703704 0.2206275925925926 0.12521870833333335 0.2226111527777778 0.1232603611111111 0.22326371759259261 0.11580858796296296 0.22420703935185185 0.11390475925925926 0.2217388865740741 0.10661653472222223 0.2215450486111111 0.1029179074074074 0.2152486898148148 0.0972211087962963 0.20974705092592594 0.09673677083333333 0.2092301527777778 0.08687376388888889 0.20809299537037038 0.08507896759259259 0.20493028472222222 0.08941710416666666 0.19977108333333332 0.08551509953703704 0.19193376157407407 0.09519780324074073 0.19176578935185185 0.11189614583333334 0.19849181712962963 0.12081561574074075 0.19868565277777778 0.12451424305555554 0.1998228101851852 0.12630904166666668 0.20001664814814812 0.1300076689814815 0.2024847986111111 0.1372958912037037 0.20768599537037036 0.13702330787037037 0.2086293148148148 0.13511947685185186 0.2094757175925926 0.13136633333333333 0.20918496296296296 0.1258183912037037
3 0.5539886967592592 0.11701995833333333 0.5570124953703703 0.1150070949074074 0.5588991365740741 0.11119943518518519 0.5605337986111111 0.11111376620370371 0.5599652384259259 0.13154188888888887 0.5609085601851852 0.1296380578703704 0.5608826967592593 0.10924108796296296 0.5619229351851852 0.10918657175925926 0.5657931365740742 0.10342056250000001 0.5719376527777777 0.10124414814814814 0.5737273749999999 0.0955871736111111 0.5732427824074074 0.08634060416666667 0.572105625 0.08454580555555556 0.5717179513888889 0.07714855092592592 0.5668785671296296 0.06442141898148147 0.5595968935185185 0.06480303472222222 0.5556297731481481 0.06871972916666667 0.5559205277777778 0.0742676712962963 0.5569607685185185 0.07421315509259259 0.5604691597222222 0.0814468611111111 0.5599716550925926 0.0833273287037037 0.5574453587962963 0.08345972453703704 0.5534782407407407 0.08737641898148149 0.5517854351851852 0.09488270833333334 0.5524638657407407 0.10782790740740741 0.5559722569444444 0.11506161342592593 0.5539886967592592 0.11701995833333333
3 0.5278858009259259 0.11653356018518518 0.5267486435185186 0.11473876388888889 0.5192731319444445 0.11142175231481481 0.5182328935185185 0.11147626851851851 0.5109512199074074 0.11185788425925926 0.5052912962962963 0.12328086805555555 0.505388212962963 0.12513018287037037 0.5056789699074075 0.130678125 0.5068161273148148 0.1324729212962963 0.5115585949074074 0.1433507384259259 0.5125988333333333 0.1432962222222222 0.5199774259259259 0.14476391898148147 0.5209207453703704 0.14286009027777777 0.5278858009259259 0.11653356018518518
0 0.7376333842592593 0.6256984583333334 0.7288210810185185 0.6346905 0.7131277106481482 0.661659900462963 0.7181383078703704 0.6677022430555555 0.7220027106481481 0.679738712962963 0.7264091759259259 0.6643017546296297 0.735047025462963 0.6519809467592593 0.755453787037037 0.6353345717592593 0.7663084560185185 0.6334676273148148 0.7823772499999999 0.6415265856481481 0.8091728425925925 0.7109601087962963 0.8195668217592592 0.6963219953703704 0.8218837685185185 0.6887829953703704 0.7761492893518519 0.5406031087962964 0.7596275925925925 0.5557478009259259 0.7750154282407408 0.608533324074074 0.7740385115740741 0.6137768217592593 0.7653244074074074 0.6107101620370371 0.7376333842592593 0.6256984583333334
0 0.14126712037037037 0.8978383703703704 0.1484699814814815 0.9098853194444444 0.1622534328703704 0.8683663078703704 0.1982715138888889 0.8271655439814815 0.21548391666666666 0.8271906759259259 0.247376 0.8585274837962963 0.248783875 0.8575265023148149 0.2536581064814815 0.8231502199074073 0.2099402384259259 0.7811213773148148 0.1943417962962963 0.7561627916666667 0.18122705324074073 0.7805863402777778 0.20149236111111113 0.8090091319444445 0.2006821388888889 0.8114623055555555 0.16790946296296297 0.8389559143518518 0.14126712037037037 0.8978383703703704
1 0.14842780324074076 0.7199976620370371 0.17538619675925926 0.7686534513888889 0.1965999976851852 0.7992518055555555 0.19740311342592592 0.7986533981481481 0.20179536574074072 0.7869259722222223 0.20961588888888888 0.7789131041666666 0.18178653703703704 0.7295612037037037 0.17069014351851852 0.6452115324074074 0.16416571296296298 0.6461097800925926 0.17504178009259258 0.7282457268518518 0.16102759953703705 0.6996807662037037 0.14842780324074076 0.7199976620370371
1 0.7614063425925927 0.563813912037037 0.779244824074074 0.5578721736111111 0.7804181620370371 0.558367 0.7684682893518519 0.5094809675925925 0.7780668819444444 0.4717046226851852 0.8024568796296295 0.41164213194444443 0.7941343124999999 0.4041044074074074 0.7623360231481482 0.48402628009259263 0.7460998518518518 0.4409280625 0.7311314074074075 0.45784574537037037 0.7614063425925927 0.563813912037037
1 0.6558831550925925 0.2520574652777778 0.6602476412037037 0.25572295833333336 0.6809600810185186 0.3086003078703704 0.7005017106481481 0.30331106944444447 0.6995532175925926 0.30113550694444446 0.6763428981481482 0.2324412824074074 0.6648762800925927 0.1469983773148148 0.645487787037037 0.16118067592592594 0.6556550416666667 0.2138689189814815 0.6535978425925926 0.23233522453703706 0.588478875 0.23574796527777778 0.5889227662037038 0.2501889699074074 0.6558831550925925 0.2520574652777778