2 0.44188412962962964 0.6461955046296296 0.21634111111111112 0.6435088263888888 0.17918273379629632 0.6395263842592592 0.1660856736111111 0.6364848449074074 0.002713587962962963 0.6372795648148148 0.0026990439814814815 0.6381127708333333 0.00018265046296296296 0.6549464166666666 0.09002014583333333 0.654430886574074 0.4012760277777778 0.6700737662037036 0.8054493634259259 0.6360807199074074 0.9911062824074074 0.610671175925926 0.9850130138888888 0.5883739375 0.8387439027777778 0.6067614907407408 0.44188412962962964 0.6461955046296296
2 0.863599625 0.7744083148148149 0.9868372708333333 0.8021883402777777 0.9874311944444444 0.7893842546296297 0.7779343032407406 0.7481175787037038 0.6794692430555556 0.733584412037037 0.6734805902777778 0.7371262685185186 0.6695650254629629 0.7386206597222221 0.863599625 0.7744083148148149
2 0.09802106712962963 0.6841583819444444 0.22761095601851852 0.6875663888888889 0.22481024074074074 0.6782452569444445 0.03943747453703703 0.6661540486111112 0.004905833333333333 0.6602379861111111 0.0035985532407407407 0.6714668819444444 0.002857923611111111 0.6714539537037036 0.09802106712962963 0.6841583819444444
2 0.3426578101851852 0.1659531226851852 0.4002577175925926 0.17664750925925926 0.4518092546296297 0.18369411342592593 0.5430791967592592 0.17538989583333334 0.5421100555555556 0.16724674074074072 0.45795425231481485 0.17119528935185185 0.3898655671296296 0.16719386805555556 0.36312143055555557 0.16078864351851851 0.2998431921296297 0.15707955324074074 0.27739738425925925 0.15908395833333333 0.2800705648148148 0.16506779861111112 0.3426578101851852 0.1659531226851852
3 0.7285892824074074 0.7738228032407407 0.7304590300925925 0.7728136157407407 0.736050099537037 0.7708275578703704 0.7360682800925926 0.7697860486111111 0.7435836365740741 0.7636662777777778 0.7436018148148148 0.7626247708333332 0.7455806435185186 0.7553665324074074 0.7437472523148148 0.7542927060185185 0.741913861111111 0.7532188796296296 0.7400622916666667 0.7531865601851853 0.688363775462963 0.7439495555555555 0.6865122037037037 0.7439172361111112 0.6772543564814816 0.7437556412037037 0.677236175925926 0.7447971481481481 0.6771998171296296 0.7468801643518518 0.6788332314814816 0.7594105787037037 0.6806666226851852 0.7604844074074074 0.6842788634259259 0.7657565856481482 0.6861122546296295 0.7668304120370371 0.7063340856481481 0.7755179884259259 0.7081856550925926 0.7755503078703704 0.7211466435185185 0.7757765439814815 0.7230163935185184 0.7747673541666666 0.7285892824074074 0.7738228032407407
3 0.7211466435185185 0.7757765439814815 0.7285892824074074 0.7738228032407407 0.7398077777777778 0.7677676712962963 0.739844136574074 0.7656846550925926 0.7436018148148148 0.7626247708333332 0.7437290717592592 0.7553342152777778 0.7382107222222223 0.7531542407407408 0.7345075833333333 0.7530896018518518 0.727137662037037 0.7508773078703704 0.7215829537037037 0.7507803518518519 0.7197495625 0.7497065231481481 0.7160464236111111 0.7496418842592593 0.7142130324074074 0.7485680578703703 0.7105098935185185 0.7485034189814814 0.703139974537037 0.7462911249999999 0.6938821249999999 0.7461295300925926 0.6920487337962963 0.7450557013888889 0.682790886574074 0.7448941064814816 0.6809574953703703 0.7438202777777777 0.6716996458333333 0.7436586828703704 0.6698662569444445 0.7425848541666666 0.6643115462962963 0.7424878981481482 0.6418745532407407 0.754598162037037 0.6309651111111111 0.7429476574074074 0.6365743587962962 0.7399200925925926 0.6366107175925926 0.7378370763888888 0.6292589768518518 0.7345832754629629 0.6181495578703704 0.7343893587962964 0.616188912037037 0.7406060879629629 0.6253922222222222 0.7438922083333332 0.6202640462962963 0.7458863472222221 0.6284143125 0.7564468634259259 0.6343955555555555 0.7586349166666666 0.632453087962963 0.7638101388888889 0.6379714398148147 0.7659901111111111 0.6564689583333333 0.7673548124999999 0.6602084560185185 0.7653364351851851 0.6695026643518518 0.7634150162037037 0.6732421620370371 0.7613966388888889 0.680684800925926 0.7594428981481482 0.6843334027777778 0.7626320624999999 0.6861122546296295 0.7668304120370371 0.6879638240740741 0.7668627314814814 0.7044825162037037 0.7754856689814815 0.7211466435185185 0.7757765439814815
3 0.719006949074074 0.6861422152777777 0.7171735578703704 0.6850683888888889 0.7024700763888889 0.6785607847222223 0.7006185069444444 0.6785284675925927 0.6858059490740741 0.6782699120370371 0.6839361990740741 0.6792791018518519 0.6765117407407407 0.6801913310185185 0.6746419907407407 0.6812005208333333 0.6709024930555556 0.6832188981481481 0.6708843125 0.6842604050925927 0.6651659884259259 0.6935370208333334 0.6705207222222223 0.7050905671296297 0.6723541111111111 0.7061643935185186 0.6815210625 0.7115335300925926 0.6833726319444444 0.711565849537037 0.685224201388889 0.7115981689814815 0.687093951388889 0.7105889791666667 0.7076975532407408 0.6974048888888889 0.7077157337962964 0.6963633796296297 0.719006949074074 0.6861422152777777
3 0.7556383935185186 0.7097017777777778 0.7649507824074073 0.7067388495370371 0.7706145694444444 0.7005867592592593 0.7708145439814814 0.6891301712962963 0.7689811527777778 0.6880563425925926 0.7672204814814815 0.6828164837962963 0.763553701388889 0.6806688287037036 0.7617021319444445 0.680636511574074 0.7560928842592594 0.6836640763888888 0.7542413125 0.6836317569444444 0.7486320648148147 0.686659324074074 0.7486138865740741 0.6877008310185184 0.7392469583333333 0.6937882824074074 0.7392287800925926 0.6948297916666667 0.7317497824074074 0.6988665462962963 0.7114552314814815 0.6943450023148148 0.7114734120370371 0.6933034953703704 0.7170826597222223 0.6902759282407408 0.7208585185185186 0.6861745347222222 0.7358528726851852 0.6760180092592593 0.737740800925926 0.6739673125000001 0.735907412037037 0.6728934837962962 0.7229282430555556 0.6737087569444445 0.7080066064814815 0.6796992523148149 0.6858059490740741 0.6782699120370371 0.6783633101851853 0.6802236504629631 0.6671266342592593 0.6873202916666666 0.6669266597222223 0.6987768796296296 0.6705752592592593 0.7019660416666667 0.6723541111111111 0.7061643935185186 0.6815210625 0.7115335300925926 0.685224201388889 0.7115981689814815 0.7001821967592592 0.7035246597222223 0.7020701273148148 0.7014739629629629 0.7162412569444444 0.7031104212962963 0.7261223541666667 0.7029356203703704 0.7261041736111111 0.7039771296296295 0.7223646759259259 0.7059955069444444 0.7334013773148148 0.7103554537037037 0.7556383935185186 0.7097017777777778
3 0.7922516597222222 0.7343028472222223 0.7904182685185185 0.7332290185185185 0.7757875069444444 0.7225553842592594 0.7739359375 0.7225230671296297 0.7665841967592593 0.7192692638888888 0.7647326273148147 0.7192369444444444 0.7554747777777777 0.7190753495370371 0.7536050277777777 0.7200845370370371 0.7368136435185185 0.7270842199074075 0.7367954629629629 0.7281257291666667 0.7310771365740741 0.7374023425925926 0.7365773078703703 0.7406238240740741 0.7384288773148149 0.7406561435185185 0.7734996273148148 0.7475192592592592 0.7753511967592592 0.7475515787037037 0.782757474537037 0.7476808541666666 0.7827756550925926 0.7466393472222222 0.7921607615740741 0.7395103865740741 0.7921789398148148 0.7384688796296296 0.7922516597222222 0.7343028472222223
3 0.6944484398148149 0.6075766435185186 0.6925968703703703 0.6075443240740741 0.6889300902777777 0.6053966712962963 0.6870785208333333 0.6053643518518519 0.6778388518518519 0.6041612476851852 0.6759691018518518 0.6051704351851852 0.6648051435185186 0.6081010439814816 0.6647869652777778 0.609142550925926 0.6627899583333333 0.6174422962962963 0.6664203796296296 0.6216729675925926 0.6682719490740742 0.6217052870370371 0.6830663287037037 0.623005349537037 0.6849360763888889 0.6219961597222222 0.6960636759259259 0.6211485671296296 0.697933425925926 0.6201393796296296 0.701727462962963 0.6149964768518518 0.6998940717592593 0.613922650462963 0.6944484398148149 0.6075766435185186
3 0.7057760138888889 0.595272462962963 0.7039426249999999 0.594198636574074 0.6965727037037036 0.5919863425925926 0.6947211342592593 0.5919540231481482 0.6891664259259259 0.5918570671296296 0.6872966759259259 0.5928662546296296 0.6854269259259259 0.5938754444444444 0.6854087453703704 0.5949169513888889 0.6816147083333334 0.6000598541666667 0.6907634814814815 0.6064704976851851 0.6926150509259259 0.6065028171296296 0.698133400462963 0.6086827916666666 0.6999849699074074 0.6087151111111111 0.7074276087962963 0.6067613703703704 0.7074457893518519 0.6057198634259259 0.7093337175925926 0.6036691666666667 0.7093518958333334 0.6026276574074074 0.7057760138888889 0.595272462962963
3 0.668871875 0.5873355231481482 0.667038486111111 0.5862616944444444 0.6486136851851853 0.580730962962963 0.6467621157407407 0.5806986435185185 0.6393558356481482 0.5805693657407408 0.6374860856481481 0.5815785555555556 0.6318950185185186 0.5835646134259259 0.631876837962963 0.5846061203703704 0.6281191597222223 0.5876660069444445 0.6281009814814815 0.5887075138888889 0.6280464421296296 0.5918320393518518 0.6408983518518518 0.5983073217592593 0.642749923611111 0.5983396412037038 0.6556745509259259 0.6006488912037037 0.657544300925926 0.5996397037037037 0.6631171898148148 0.5986951527777777 0.6631353703703704 0.5976536435185186 0.6668930486111111 0.5945937592592593 0.6669112268518519 0.59355225 0.668871875 0.5873355231481482
3 0.6389195254629629 0.6055655578703705 0.637049775462963 0.6065747476851853 0.633255738425926 0.6117176481481481 0.6478865023148148 0.6223912824074075 0.6497380717592592 0.6224236018518519 0.662717238425926 0.6216083287037037 0.6627354189814815 0.6205668217592591 0.6629717546296297 0.6070272175925925 0.661138363425926 0.6059533888888888 0.6537684444444445 0.6037410972222221 0.6519168726851852 0.6037087777777778 0.6389195254629629 0.6055655578703705
3 0.7968555625 0.7262673888888889 0.7967050277777779 0.7210973078703703 0.7960359444444444 0.7201688217592592 0.7946095925925926 0.7169976134259259 0.7932713541666666 0.710900412037037 0.7907290787037037 0.703750787037037 0.7893370300925926 0.7007364513888888 0.7887941574074074 0.6978827916666667 0.7854998449074074 0.6966792800925925 0.7762419953703704 0.6965176851851852 0.7725024976851851 0.6985360625 0.7724843171296297 0.6995775694444445 0.7630264930555556 0.7108725625 0.7666205555555555 0.7171862476851851 0.7684539444444445 0.7182600763888888 0.7904909884259259 0.729062988425926 0.7923425578703704 0.7290953078703704 0.7974915856481481 0.7280287569444445 0.7968555625 0.7262673888888889
3 0.6510706782407408 0.3338612430555556 0.6492191087962963 0.3338289236111111 0.6381096898148149 0.33363500925925926 0.6362399398148149 0.33464419675925927 0.630667050925926 0.33558874768518515 0.628797300925926 0.33659793518518516 0.6250032638888889 0.341740837962963 0.6249850833333334 0.34278234490740744 0.6248760069444445 0.34903139351851853 0.6377642777777778 0.3534236597222222 0.6396340254629629 0.3524144722222222 0.6600194745370371 0.3517284768518518 0.661889224537037 0.35071928703703703 0.6656832615740741 0.345576386574074 0.6657014398148149 0.3445348773148148 0.6639225902777777 0.34033652546296295 0.662089199074074 0.3392626990740741 0.6510706782407408 0.3338612430555556
3 0.6450069398148147 0.3629265092592593 0.6431553703703704 0.3628941898148148 0.6320641319444446 0.3616587662037037 0.6301943819444444 0.36266795601851853 0.6189395254629629 0.37080610416666665 0.6189213472222223 0.37184761111111114 0.6188486273148148 0.3760136435185185 0.6280337592592593 0.3803412731481482 0.6298853287037036 0.3803735925925926 0.6391431782407407 0.3805351875 0.6410129259259258 0.379526 0.6503434953703704 0.3755215648148148 0.6503616736111111 0.3744800555555556 0.6541557106481481 0.3693371550925926 0.6523223217592593 0.36826332638888887 0.6450069398148147 0.3629265092592593
3 0.6786806087962963 0.3437196041666667 0.6768108587962963 0.3447287939814815 0.6675348310185185 0.3456087037037037 0.6675166504629629 0.34665021296296294 0.6655196458333333 0.3549499583333333 0.6710198148148149 0.3581714398148148 0.6728895648148148 0.35716225 0.6803322037037036 0.35520851157407407 0.682201951388889 0.35419932407407406 0.6878112013888888 0.3511717569444444 0.6878293796296296 0.3501302476851852 0.6860323495370371 0.3469734050925926 0.6841989583333334 0.3458995787037037 0.6786806087962963 0.3437196041666667
3 0.6347855717592593 0.41796483796296297 0.6329158240740741 0.41897402777777776 0.6254550046296296 0.42196927314814814 0.625436826388889 0.4230107824074074 0.6254186458333334 0.42405228935185185 0.6345855972222223 0.4294214259259259 0.6364371666666666 0.4294537453703704 0.6419918773148148 0.4295507037037037 0.643861625 0.4285415138888889 0.6476193032407408 0.42548162962962965 0.6476374837962964 0.4244401203703704 0.6477102013888889 0.42027409027777773 0.6458768125 0.4192002615740741 0.6347855717592593 0.41796483796296297
3 0.33609115277777774 0.12833278935185186 0.3379609027777778 0.12732360185185185 0.354752287037037 0.12032391898148148 0.35477046759259256 0.11928240972222222 0.3604160740740741 0.1141718287037037 0.3604342546296296 0.11313031944444445 0.3587463009259259 0.10372442824074074 0.3569129097222222 0.10265060185185185 0.3551158796296296 0.09949375694444444 0.3532824884259259 0.09841993055555555 0.3385971875 0.09087081944444445 0.3367456180555556 0.0908385 0.3146176782407408 0.08524312962962963 0.3127479282407407 0.08625231944444443 0.30160215046296296 0.08814141898148148 0.29973240046296296 0.08915060648148147 0.2959929027777778 0.0911689837962963 0.2959747222222222 0.09221049305555555 0.2959383634259259 0.09429350925925926 0.31245705555555553 0.10291644675925926 0.312438875 0.1039579537037037 0.31792086574074074 0.10822094444444445 0.31790268749999995 0.10926245138888889 0.32149675 0.11557613888888889 0.3214785694444444 0.11661764814814815 0.319427025462963 0.12804191666666667 0.3212785949074074 0.1280742361111111 0.33609115277777774 0.12833278935185186
3 0.3082085277777778 0.1340970486111111 0.3082267083333334 0.13305553935185185 0.3157238842592593 0.1279772777777778 0.3157420648148148 0.1269357685185185 0.31957246064814815 0.11970985185185185 0.3195906412037037 0.11866834490740741 0.312438875 0.1039579537037037 0.3106054861111111 0.10288412731481482 0.29040183333333336 0.09315504398148147 0.2885502638888889 0.09312272453703703 0.26633142592592596 0.0927348935185185 0.26446167824074074 0.09374408101851851 0.25888878703703705 0.09468863194444445 0.25701903935185183 0.09569781944444446 0.24391261342592593 0.10380365046296296 0.24389443287037038 0.1048451574074074 0.24189742824074076 0.11314490277777776 0.2527886921296296 0.12583691435185185 0.2546220810185185 0.12691074074074074 0.2674558125 0.1344275324074074 0.2693073819444444 0.13445985185185186 0.2840654027777778 0.13784293055555555 0.28591697222222223 0.13787525 0.30074771064814815 0.1370922962962963 0.30261746064814815 0.13608310648148148 0.3082085277777778 0.1340970486111111
3 0.3072113981481482 0.08511385185185186 0.30906296990740745 0.0851461712962963 0.3201905671296296 0.0842985787037037 0.32020874768518515 0.08325707175925927 0.3202814652777778 0.07909103935185186 0.3184480740740741 0.07801721296296298 0.3130024421296296 0.07167120601851852 0.31116905324074073 0.07059737962962963 0.30566888194444447 0.06737589583333334 0.3038173125 0.06734357870370371 0.28907747222222224 0.06291899074074074 0.28722590277777776 0.0628866712962963 0.2687102037037037 0.06256347916666666 0.2668404560185185 0.06357266898148148 0.2612675671296296 0.0645172175925926 0.2593978171296296 0.06552640740740741 0.257455349537037 0.07070162731481482 0.2665677615740741 0.07919528935185184 0.2665495810185185 0.08023679629629629 0.26455257407407407 0.08853654166666666 0.2663859652777778 0.08961036805555554 0.2682193564814815 0.09068419675925926 0.27007092592592596 0.0907165162037037 0.29227158333333336 0.09214585416666667 0.29414133333333337 0.09113666666666667 0.3072113981481482 0.08511385185185186
3 0.2522251226851852 0.15812366203703704 0.2540766944444445 0.1581559814814815 0.27818346064814814 0.15649311574074073 0.28005321064814814 0.15548392824074073 0.29319599305555555 0.14529508333333332 0.2932141736111111 0.14425357407407408 0.29330507175925924 0.1390460347222222 0.2914535023148148 0.13901371527777778 0.26743763425925926 0.13546904166666668 0.2656042430555556 0.13439521296296297 0.2491037314814815 0.12473076851851853 0.24912190972222223 0.12368925925925926 0.24184288888888889 0.11626942592592593 0.23999131944444443 0.11623710648148149 0.2307334699074074 0.11607551157407407 0.22886371990740742 0.11708469907407408 0.21951497222222222 0.12213064351851852 0.2176634027777778 0.12209832407407407 0.21023894444444444 0.12301055555555555 0.20836919444444443 0.12401974305555556 0.20455697916666668 0.13020415277777778 0.21192689814814814 0.13241644675925926 0.21376028935185185 0.13349027314814815 0.22657584027777777 0.14204857175925925 0.22655765972222225 0.14309008101851853 0.22643040277777776 0.15038063657407405 0.2282637939814815 0.15145446296296294 0.23007900462962963 0.1535697986111111 0.23193057407407405 0.15360211805555557 0.2522251226851852 0.15812366203703704
1 0.9681855 0.7990498425925926 0.988705201388889 0.8012833009259259 0.9909325393518519 0.8010096319444444 0.9885385 0.7896119490740742 0.9124628888888888 0.7763030532407407 0.9065394097222222 0.7867220925925926 0.953599912037037 0.7963990532407408 0.8961928773148148 0.838320212962963 0.9035209837962962 0.842927974537037 0.9421905300925927 0.8133900208333332 0.9681855 0.7990498425925926
1 0.8094979791666667 0.7542943819444444 0.7718513935185185 0.7464486620370371 0.7663054976851852 0.7564575648148149 0.8493661712962962 0.7728054976851851 0.8580542800925925 0.7631639907407407 0.8355523912037037 0.7577704560185184 0.8242417291666667 0.7478840532407408 0.8130237824074074 0.7326859583333333 0.8023506736111111 0.707495849537037 0.794011337962963 0.7077670162037037 0.8097722152777778 0.749194224537037 0.8094979791666667 0.7542943819444444
1 0.7763739884259259 0.6465123726851851 0.7187617986111111 0.6895759606481482 0.7301088217592593 0.6973793472222222 0.8180418564814815 0.6361963379629629 0.8751032037037036 0.6246904444444444 0.8708124189814815 0.6052375972222223 0.8500475694444445 0.6064378842592592 0.8332182800925926 0.6049981203703704 0.6980422268518518 0.6245169444444444 0.7023439189814815 0.6433448865740741 0.7750290787037037 0.6386752060185186 0.7814895763888889 0.6399339837962963 0.7763739884259259 0.6465123726851851
1 0.4299917199074074 0.6696373564814815 0.4832408518518519 0.6643158726851852 0.473974462962963 0.6434218032407407 0.33479794907407406 0.6480768796296297 0.3357595439814815 0.66726325 0.3909545023148148 0.6671848564814815 0.3877177546296296 0.6722333032407407 0.3164657592592593 0.711516601851852 0.3321004791666667 0.7177279097222221 0.4299917199074074 0.6696373564814815
1 0.05074323148148148 0.6550996782407408 0.13832066666666668 0.6567325300925927 0.18567722222222222 0.6600595231481482 0.1877248564814815 0.6594701689814815 0.18233949305555555 0.6390605717592592 0.15594930555555553 0.6335991689814814 0.14987939583333335 0.6205745833333333 0.0818411712962963 0.5606280231481482 0.06916141666666667 0.5655116412037037 0.1239592361111111 0.620017962962963 0.11982915046296297 0.6338021481481482 0.10827306481481482 0.6379761041666667 0.045290604166666665 0.638543662037037 0.05074323148148148 0.6550996782407408
0 0.8085999490740741 0.5935250555555556 0.8120233981481482 0.5990023032407408 0.8191881643518519 0.602357025462963 0.8282499467592592 0.6031402939814815 0.8283732939814814 0.6066846527777777 0.8255632152777778 0.6085108888888889 0.7795079375 0.6155206805555556 0.7807689467592593 0.6387753958333333 0.8230865439814815 0.6336798310185185 0.8740177129629629 0.6232129421296295 0.9219063819444444 0.6172769768518519 0.9200699050925926 0.595158224537037 0.9189535092592592 0.5954512847222223 0.8876201666666667 0.5973005578703704 0.8550870763888889 0.5936072152777777 0.8751622037037037 0.5894777777777778 0.9671200509259259 0.5842068611111111 0.9643084305555555 0.5755106342592593 0.8252607152777778 0.5833976180555556 0.8118585138888889 0.5872268009259259 0.8085999490740741 0.5935250555555556