2 0.7081272916666668 0.8059062962962963 0.7144852916666666 0.8135186412037037 0.7469822916666666 0.669427037037037 0.7544272916666667 0.6269338888888889 0.767358125 0.5314987037037037 0.7548191666666667 0.562846111111111 0.7394433333333333 0.6674764814814814 0.7081272916666668 0.8059062962962963
2 0.6764508333333333 0.9599122222222222 0.6929082291666667 0.9055768518518519 0.7023123958333334 0.8582075925925926 0.7136758333333333 0.8171077777777778 0.714205150462963 0.8147607847222221 0.7034721875000001 0.8222068518518518 0.6885195833333333 0.8864061111111111 0.6694760416666666 0.9485992592592593 0.6478934375000001 0.9927362962962962 0.6529403125000001 0.9968324074074074 0.6580342708333333 0.9912594444444445 0.6764508333333333 0.9599122222222222
2 0.2861094791666667 0.7824120370370371 0.2914833333333333 0.7477807407407406 0.30122333333333334 0.7107609259259259 0.30155927083333334 0.6844888888888889 0.30693302083333335 0.6092553703703705 0.30760479166666665 0.5477548148148148 0.3099558333333334 0.5244683333333333 0.31432208333333334 0.49879333333333337 0.3163372916666667 0.4767009259259259 0.31029166666666663 0.47789518518518515 0.3092840625 0.5053612962962963 0.30186822916666667 0.5402553703703704 0.29872458333333335 0.5729283333333334 0.2990872916666667 0.616133888888889 0.2931626041666667 0.6881431481481483 0.2866334375 0.7380122222222222 0.27865333333333336 0.781002962962963 0.27696052083333333 0.808516851851852 0.27623510416666663 0.8358159259259259 0.28140739583333335 0.8307764814814815 0.2820790625 0.8122666666666667 0.2861094791666667 0.7824120370370371
2 0.06550197916666667 0.9332157407407408 0.07427041666666667 0.9386927777777778 0.08540875 0.930687962962963 0.08019510416666667 0.915942037037037 0.059814270833333336 0.8388427777777778 0.04891302083333333 0.7524746296296295 0.036115729166666666 0.7625859259259259 0.04393625 0.8455837037037037 0.06550197916666667 0.9332157407407408
2 0.4090376041666666 0.1160925925925926 0.4127616666666667 0.1910251851851852 0.41310020833333333 0.1922288888888889 0.4147929166666667 0.22743833333333333 0.4228191666666667 0.34536203703703705 0.42506468750000004 0.4150683333333333 0.42744208333333333 0.5396375925925926 0.428219375 0.6055053703703704 0.43141489583333337 0.6650781481481481 0.4339194791666667 0.719891111111111 0.4339194791666667 0.7226548148148147 0.43936041666666664 0.7552048148148147 0.4530061458333333 0.7790033333333334 0.45516531250000003 0.7714798148148149 0.4565470833333333 0.7409259259259259 0.45101979166666667 0.6706055555555556 0.4404832291666667 0.6799712962962963 0.440396875 0.6787429629629629 0.43979229166666667 0.6586294444444444 0.44190427083333333 0.6550794444444444 0.4391173958333333 0.6220488888888889 0.437259375 0.5510331481481482 0.43633041666666667 0.4643279629629629 0.437259375 0.42386555555555555 0.43772385416666665 0.4230398148148148 0.44004635416666665 0.39166074074074075 0.42982750000000003 0.2777053703703704 0.4256470833333333 0.18687129629629629 0.422395625 0.07291592592592593 0.424718125 0.03988537037037037 0.41775072916666667 0.0068548148148148145 0.40942135416666664 0.005482592592592593 0.407559375 0.023538703703703704 0.4090376041666666 0.1160925925925926
2 0.0452246875 0.4993187037037037 0.048520625 0.5603798148148148 0.048694062499999996 0.5613049999999999 0.05684708333333333 0.5532868518518519 0.054071562499999996 0.4715638888888889 0.054591979166666665 0.4706387037037037 0.06465322916666667 0.3975505555555556 0.053377708333333336 0.40310148148148145 0.04453083333333333 0.47033018518518516 0.0452246875 0.4993187037037037
2 0.9510003125 0.18046 0.9540230208333333 0.22452537037037038 0.9478565625 0.23462814814814814 0.9521605208333334 0.26888814814814815 0.9677338541666666 0.3766225925925926 0.9704421875 0.42808240740740744 0.9909245833333334 0.5457477777777777 0.9914323958333333 0.5460487037037037 0.9983727083333334 0.5794524074074074 0.9971878125000001 0.48676462962962963 0.9938022916666667 0.4653983333333333 0.9789244791666667 0.3327338888888889 0.9737220833333333 0.26568185185185184 0.9737220833333333 0.2529651851851852 0.9711209375000001 0.21134666666666668 0.9672192708333334 0.10845648148148149 0.970470625 0.004410185185185185 0.949778125 0.005237777777777778 0.9517829166666666 0.05597666666666667 0.9510003125 0.18046
2 0.5142805208333333 0.4175203703703704 0.49606625000000004 0.5117992592592593 0.5033767708333333 0.517085925925926 0.5167586458333333 0.43602370370370375 0.5145283333333334 0.4311775925925926 0.5142805208333333 0.4296355555555556 0.5142805208333333 0.4175203703703704
2 0.5341055208333333 0.2513575925925926 0.5285296875 0.32037796296296295 0.52873625 0.323682037037037 0.5345185416666667 0.32735333333333333 0.5353445833333333 0.32735333333333333 0.5423659375000001 0.23373537037037037 0.5489742708333333 0.19518666666666665 0.547115625 0.19518666666666665 0.5374096875000001 0.20583351851851853 0.5341055208333333 0.2513575925925926
3 0.9302083333333334 0.688888888888889 0.9291666666666666 0.6907407407407407 0.9239583333333333 0.6962962962962963 0.9239583333333333 0.6981481481481482 0.9260416666666667 0.7092592592592593 0.9260416666666667 0.7111111111111111 0.925 0.7222222222222222 0.9260416666666667 0.7240740740740741 0.9458333333333334 0.7222222222222222 0.946875 0.7203703703703703 0.953125 0.7111111111111111 0.953125 0.7092592592592593 0.95625 0.7018518518518518 0.95625 0.7 0.9541666666666666 0.6851851851851852 0.953125 0.6833333333333333 0.9416666666666667 0.6537037037037037 0.940625 0.6537037037037037 0.93125 0.6518518518518519 0.9291666666666666 0.6555555555555556 0.9291666666666666 0.6574074074074074 0.9302083333333334 0.688888888888889
3 0.9677083333333334 0.6351851851851852 0.9666666666666667 0.6351851851851852 0.9583333333333334 0.6444444444444444 0.9572916666666667 0.6444444444444444 0.9447916666666666 0.65 0.9447916666666666 0.6518518518518519 0.94375 0.6537037037037037 0.94375 0.6555555555555556 0.953125 0.6814814814814815 0.9541666666666666 0.6814814814814815 0.9645833333333333 0.6833333333333333 0.965625 0.6814814814814815 0.9697916666666666 0.6814814814814815 0.9708333333333333 0.6796296296296297 0.978125 0.674074074074074 0.9791666666666666 0.6722222222222222 0.984375 0.6648148148148147 0.984375 0.6629629629629629 0.990625 0.6481481481481481 0.990625 0.6462962962962963 0.9916666666666666 0.6314814814814815 0.990625 0.6296296296296297 0.9895833333333334 0.6203703703703703 0.9885416666666667 0.6185185185185185 0.9822916666666667 0.6037037037037037 0.98125 0.6037037037037037 0.975 0.5981481481481481 0.9729166666666667 0.6203703703703703 0.971875 0.6222222222222222 0.9677083333333334 0.6351851851851852
3 0.915625 0.5833333333333334 0.915625 0.5851851851851853 0.915625 0.612962962962963 0.9166666666666666 0.6148148148148148 0.921875 0.6333333333333334 0.9229166666666666 0.6333333333333334 0.93125 0.6444444444444444 0.9322916666666666 0.6444444444444444 0.9375 0.6481481481481481 0.9385416666666666 0.6481481481481481 0.9520833333333334 0.6462962962962963 0.953125 0.6444444444444444 0.9614583333333334 0.6407407407407407 0.9625 0.6388888888888888 0.9666666666666667 0.6351851851851852 0.9677083333333334 0.6333333333333334 0.971875 0.6203703703703703 0.971875 0.6185185185185185 0.975 0.5981481481481481 0.975 0.5962962962962963 0.971875 0.5777777777777777 0.9708333333333333 0.575925925925926 0.965625 0.5666666666666667 0.9645833333333333 0.5666666666666667 0.9552083333333333 0.5574074074074075 0.9541666666666666 0.5574074074074075 0.9322916666666666 0.5555555555555556 0.9197916666666667 0.5703703703703704 0.91875 0.5722222222222222 0.915625 0.5833333333333334
3 0.909375 0.48703703703703705 0.909375 0.4888888888888889 0.9072916666666666 0.4962962962962963 0.9072916666666666 0.4981481481481481 0.9072916666666666 0.5111111111111112 0.9083333333333333 0.512962962962963 0.9104166666666667 0.5240740740740741 0.9114583333333334 0.5259259259259259 0.9229166666666666 0.5425925925925926 0.9239583333333333 0.5425925925925926 0.9395833333333333 0.5537037037037037 0.940625 0.5537037037037037 0.9572916666666667 0.5518518518518518 0.9583333333333334 0.5499999999999999 0.965625 0.5388888888888889 0.965625 0.5370370370370371 0.9677083333333334 0.5296296296296297 0.9677083333333334 0.5277777777777778 0.96875 0.4962962962962963 0.9677083333333334 0.4944444444444444 0.965625 0.48148148148148145 0.9645833333333333 0.47962962962962963 0.959375 0.4703703703703703 0.9583333333333334 0.4703703703703703 0.95 0.46296296296296297 0.9489583333333333 0.46296296296296297 0.9302083333333334 0.4611111111111111 0.9166666666666666 0.4740740740740741 0.915625 0.4759259259259259 0.909375 0.48703703703703705
3 0.9677083333333334 0.5351851851851852 0.9666666666666667 0.5370370370370371 0.965625 0.5425925925925926 0.9645833333333333 0.5444444444444444 0.959375 0.5518518518518518 0.959375 0.5537037037037037 0.959375 0.5574074074074075 0.9604166666666666 0.5592592592592592 0.971875 0.5740740740740741 0.971875 0.575925925925926 0.9760416666666666 0.5907407407407407 0.9770833333333334 0.5907407407407407 0.9875 0.5888888888888889 0.9885416666666667 0.587037037037037 0.9947916666666666 0.5814814814814815 0.9947916666666666 0.5796296296296296 0.9947916666666666 0.5592592592592592 0.99375 0.5574074074074075 0.9864583333333333 0.5296296296296297 0.9864583333333333 0.5277777777777778 0.98125 0.5 0.9802083333333333 0.4981481481481481 0.9770833333333334 0.4944444444444444 0.9760416666666666 0.4944444444444444 0.9697916666666666 0.4944444444444444 0.9697916666666666 0.5185185185185185 0.96875 0.5203703703703704 0.9677083333333334 0.5351851851851852
3 0.7104166666666666 0.7907407407407407 0.7125 0.7870370370370371 0.71875 0.7907407407407407 0.71875 0.7962962962962963 0.7197916666666666 0.7981481481481482 0.7270833333333334 0.7981481481481482 0.728125 0.8 0.7322916666666667 0.8018518518518518 0.7322916666666667 0.7981481481481482 0.7302083333333333 0.7925925925925925 0.7291666666666666 0.7851851851851852 0.725 0.7777777777777778 0.7229166666666667 0.7777777777777778 0.7197916666666666 0.7833333333333333 0.7194444444444444 0.7777777777777778 0.7138888888888888 0.7777777777777778 0.7125 0.7796296296296297 0.7083333333333334 0.7777777777777778 0.703125 0.7870370370370371 0.703125 0.7981481481481482 0.709375 0.7962962962962963 0.7104166666666666 0.7907407407407407
3 0.728125 0.8129629629629629 0.728125 0.8148148148148148 0.728125 0.8296296296296296 0.7291666666666666 0.8314814814814815 0.73125 0.8351851851851853 0.7322916666666667 0.8351851851851853 0.7375 0.8296296296296296 0.7385416666666667 0.8296296296296296 0.7572916666666666 0.8333333333333334 0.7583333333333334 0.8314814814814815 0.7625 0.825925925925926 0.7625 0.8240740740740741 0.7635416666666667 0.8222222222222222 0.7625 0.8203703703703703 0.7614583333333333 0.8185185185185185 0.7604166666666666 0.8185185185185185 0.75 0.8055555555555556 0.7489583333333334 0.8055555555555556 0.7385416666666667 0.8018518518518518 0.73125 0.8074074074074075 0.7302083333333333 0.8092592592592593 0.728125 0.8129629629629629
3 0.7520833333333333 0.7962962962962963 0.7520833333333333 0.7981481481481482 0.7520833333333333 0.8074074074074075 0.753125 0.8092592592592593 0.7552083333333334 0.8148148148148148 0.75625 0.8148148148148148 0.7625 0.8222222222222222 0.7635416666666667 0.8203703703703703 0.7729166666666666 0.8055555555555556 0.7729166666666666 0.8037037037037037 0.7760416666666666 0.7944444444444444 0.7760416666666666 0.7925925925925925 0.7760416666666666 0.7870370370370371 0.775 0.7851851851851852 0.76875 0.7796296296296297 0.7677083333333333 0.7796296296296297 0.7604166666666666 0.7796296296296297 0.7552083333333334 0.7851851851851852 0.7552083333333334 0.7870370370370371 0.7520833333333333 0.7962962962962963
3 0.7104166666666666 0.8407407407407407 0.7104166666666666 0.8425925925925926 0.7104166666666666 0.862962962962963 0.7114583333333334 0.8648148148148148 0.7145833333333333 0.8722222222222222 0.715625 0.8722222222222222 0.7197916666666666 0.8777777777777778 0.7208333333333333 0.8777777777777778 0.7260416666666666 0.8685185185185185 0.7260416666666666 0.8666666666666666 0.73125 0.8462962962962963 0.73125 0.8444444444444444 0.7291666666666666 0.8351851851851853 0.728125 0.8333333333333334 0.7239583333333334 0.8296296296296296 0.7125 0.8333333333333334 0.7125 0.8351851851851853 0.7104166666666666 0.8407407407407407
3 0.4322916666666667 0.8185185185185185 0.4322916666666667 0.8203703703703703 0.428125 0.8370370370370371 0.428125 0.8388888888888888 0.428125 0.8592592592592593 0.4291666666666667 0.8611111111111112 0.4416666666666667 0.8925925925925926 0.4427083333333333 0.8925925925925926 0.453125 0.9129629629629629 0.45416666666666666 0.9129629629629629 0.4645833333333333 0.9166666666666666 0.465625 0.9148148148148147 0.46979166666666666 0.9129629629629629 0.4708333333333333 0.9111111111111112 0.4760416666666667 0.9037037037037037 0.4770833333333333 0.9018518518518519 0.484375 0.887037037037037 0.484375 0.8851851851851852 0.4875 0.8703703703703703 0.4875 0.8685185185185185 0.4875 0.85 0.4864583333333333 0.8481481481481481 0.4822916666666667 0.8333333333333334 0.48125 0.8314814814814815 0.46770833333333334 0.8055555555555556 0.4666666666666667 0.8055555555555556 0.4614583333333333 0.8 0.4604166666666667 0.8 0.4479166666666667 0.8 0.43645833333333334 0.8092592592592593 0.4354166666666667 0.811111111111111 0.4322916666666667 0.8185185185185185
3 0.4 0.8240740740740741 0.4 0.825925925925926 0.396875 0.8314814814814815 0.396875 0.8333333333333334 0.3927083333333333 0.85 0.3927083333333333 0.8518518518518519 0.3927083333333333 0.8703703703703703 0.39375 0.8722222222222222 0.3958333333333333 0.8833333333333334 0.396875 0.8851851851851852 0.4041666666666667 0.8962962962962963 0.40520833333333334 0.8962962962962963 0.4114583333333333 0.9018518518518519 0.4125 0.9018518518518519 0.415625 0.9018518518518519 0.415625 0.9 0.4177083333333333 0.8925925925925926 0.41875 0.8907407407407407 0.421875 0.887037037037037 0.421875 0.8851851851851852 0.421875 0.8777777777777778 0.42083333333333334 0.8759259259259259 0.41875 0.8685185185185185 0.4197916666666667 0.8666666666666666 0.42083333333333334 0.8592592592592593 0.421875 0.8592592592592593 0.4260416666666667 0.8574074074074074 0.4260416666666667 0.8555555555555556 0.4270833333333333 0.8537037037037037 0.4270833333333333 0.8518518518518519 0.4270833333333333 0.8351851851851853 0.428125 0.8333333333333334 0.4302083333333333 0.8203703703703703 0.4302083333333333 0.8185185185185185 0.428125 0.8074074074074075 0.4270833333333333 0.8074074074074075 0.4166666666666667 0.8055555555555556 0.4041666666666667 0.8166666666666667 0.403125 0.8185185185185185 0.4 0.8240740740740741
3 0.4114583333333333 0.9333333333333333 0.4114583333333333 0.9351851851851852 0.409375 0.9425925925925925 0.409375 0.9444444444444444 0.4083333333333333 0.9629629629629629 0.409375 0.9648148148148148 0.4114583333333333 0.9814814814814815 0.4125 0.9833333333333334 0.415625 0.9907407407407407 0.4166666666666667 0.9907407407407407 0.41875 0.9925925925925926 0.4197916666666667 0.9925925925925926 0.459375 0.9925925925925926 0.4604166666666667 0.9907407407407407 0.4645833333333333 0.9888888888888888 0.465625 0.9870370370370369 0.471875 0.9703703703703703 0.471875 0.9685185185185184 0.46770833333333334 0.9277777777777778 0.4666666666666667 0.9259259259259259 0.4614583333333333 0.9185185185185185 0.4604166666666667 0.9185185185185185 0.4479166666666667 0.9129629629629629 0.446875 0.9111111111111112 0.4416666666666667 0.9037037037037037 0.440625 0.9037037037037037 0.434375 0.9018518518518519 0.41875 0.9166666666666666 0.4177083333333333 0.9185185185185185 0.4114583333333333 0.9333333333333333
3 0.3947916666666667 0.9407407407407407 0.3947916666666667 0.9425925925925925 0.3927083333333333 0.9537037037037037 0.3927083333333333 0.9555555555555556 0.3927083333333333 0.9777777777777777 0.39375 0.9796296296296296 0.396875 0.9925925925925926 0.3979166666666667 0.9925925925925926 0.4125 0.9925925925925926 0.4135416666666667 0.9907407407407407 0.4145833333333333 0.9888888888888888 0.4135416666666667 0.9870370370370369 0.409375 0.9777777777777777 0.409375 0.975925925925926 0.40729166666666666 0.9574074074074075 0.4083333333333333 0.9555555555555556 0.4083333333333333 0.9444444444444444 0.409375 0.9425925925925925 0.4125 0.9277777777777778 0.4135416666666667 0.9259259259259259 0.41875 0.9148148148148147 0.4197916666666667 0.9148148148148147 0.421875 0.9129629629629629 0.421875 0.9111111111111112 0.42083333333333334 0.9074074074074074 0.4197916666666667 0.9074074074074074 0.415625 0.9074074074074074 0.4020833333333333 0.9222222222222222 0.4010416666666667 0.924074074074074 0.3947916666666667 0.9407407407407407
3 0.4791666666666667 0.9925925925925926 0.4791666666666667 0.9907407407407407 0.475 0.975925925925926 0.4739583333333333 0.975925925925926 0.4708333333333333 0.975925925925926 0.4635416666666667 0.9907407407407407 0.4645833333333333 0.9925925925925926 0.4791666666666667 0.9925925925925926
3 0.4739583333333333 0.9703703703703703 0.475 0.9703703703703703 0.4822916666666667 0.9685185185185184 0.48333333333333334 0.9666666666666667 0.4885416666666667 0.9611111111111111 0.4895833333333333 0.9592592592592593 0.4958333333333333 0.9444444444444444 0.4958333333333333 0.9425925925925925 0.4958333333333333 0.924074074074074 0.4947916666666667 0.9222222222222222 0.49375 0.9111111111111112 0.4927083333333333 0.9092592592592593 0.4864583333333333 0.8925925925925926 0.48541666666666666 0.8925925925925926 0.48333333333333334 0.8925925925925926 0.46770833333333334 0.9203703703703704 0.46875 0.9222222222222222 0.4739583333333333 0.9703703703703703
3 0.2635416666666667 0.6259259259259259 0.2635416666666667 0.6277777777777778 0.26145833333333335 0.6351851851851852 0.26145833333333335 0.637037037037037 0.26145833333333335 0.6481481481481481 0.2625 0.65 0.26458333333333334 0.6592592592592593 0.265625 0.6611111111111112 0.26979166666666665 0.6666666666666666 0.2708333333333333 0.6666666666666666 0.284375 0.6685185185185185 0.28541666666666665 0.6666666666666666 0.2916666666666667 0.6574074074074074 0.2916666666666667 0.6555555555555556 0.29375 0.65 0.29375 0.6481481481481481 0.29375 0.6314814814814815 0.29270833333333335 0.6296296296296297 0.284375 0.6185185185185185 0.2833333333333333 0.6185185185185185 0.2729166666666667 0.612962962962963 0.26666666666666666 0.6185185185185185 0.265625 0.6203703703703703 0.2635416666666667 0.6259259259259259
3 0.26145833333333335 0.6925925925925925 0.2625 0.6944444444444444 0.26458333333333334 0.7 0.265625 0.7 0.2708333333333333 0.7055555555555556 0.27187500000000003 0.7055555555555556 0.27708333333333335 0.7055555555555556 0.278125 0.7037037037037037 0.2833333333333333 0.7018518518518518 0.284375 0.7 0.2885416666666667 0.6925925925925925 0.2885416666666667 0.6907407407407407 0.2885416666666667 0.6703703703703704 0.28750000000000003 0.6703703703703704 0.2739583333333333 0.6703703703703704 0.2729166666666667 0.6685185185185185 0.265625 0.6648148148148147 0.25937499999999997 0.6759259259259259 0.25937499999999997 0.6777777777777778 0.26145833333333335 0.6925925925925925
3 0.2916666666666667 0.6277777777777778 0.29583333333333334 0.6333333333333334 0.29375 0.637037037037037 0.29583333333333334 0.6425925925925926 0.2947916666666667 0.6462962962962963 0.29583333333333334 0.6481481481481481 0.29583333333333334 0.6518518518518519 0.303125 0.6462962962962963 0.3041666666666667 0.6481481481481481 0.3041666666666667 0.6574074074074074 0.3072916666666667 0.6555555555555556 0.31354166666666666 0.6462962962962963 0.31354166666666666 0.6425925925925926 0.315625 0.637037037037037 0.3145833333333333 0.6166666666666666 0.31145833333333334 0.6111111111111112 0.30625 0.6111111111111112 0.3041666666666667 0.6092592592592593 0.296875 0.6074074074074074 0.296875 0.6111111111111112 0.29270833333333335 0.612962962962963 0.2895833333333333 0.6185185185185185 0.2895833333333333 0.6222222222222222 0.2916666666666667 0.6259259259259259 0.2916666666666667 0.6277777777777778
3 0.3104166666666667 0.6111111111111112 0.31145833333333334 0.6092592592592593 0.31354166666666666 0.6092592592592593 0.3145833333333333 0.6074074074074074 0.31875 0.5981481481481481 0.31875 0.5962962962962963 0.3208333333333333 0.5814814814814815 0.3197916666666667 0.5796296296296296 0.31875 0.5722222222222222 0.3177083333333333 0.5703703703703704 0.315625 0.5666666666666667 0.3145833333333333 0.5666666666666667 0.3125 0.5629629629629629 0.31145833333333334 0.5629629629629629 0.3072916666666667 0.5629629629629629 0.3052083333333333 0.6055555555555556 0.30625 0.6074074074074074 0.3104166666666667 0.6111111111111112
3 0.265625 0.5833333333333334 0.265625 0.5851851851851853 0.265625 0.5962962962962963 0.26666666666666666 0.5981481481481481 0.2708333333333333 0.6092592592592593 0.27187500000000003 0.6092592592592593 0.28020833333333334 0.6166666666666666 0.28125 0.6166666666666666 0.2864583333333333 0.6185185185185185 0.28750000000000003 0.6166666666666666 0.29583333333333334 0.6055555555555556 0.29583333333333334 0.6037037037037037 0.29583333333333334 0.5740740740740741 0.2947916666666667 0.5722222222222222 0.2885416666666667 0.5611111111111111 0.28750000000000003 0.5611111111111111 0.278125 0.5611111111111111 0.2677083333333333 0.575925925925926 0.2677083333333333 0.5777777777777777 0.265625 0.5833333333333334
3 0.07083333333333333 0.7388888888888888 0.07187500000000001 0.7407407407407407 0.07916666666666668 0.7518518518518519 0.08020833333333333 0.7518518518518519 0.08645833333333333 0.7574074074074074 0.0875 0.7574074074074074 0.1 0.75 0.10104166666666667 0.7481481481481481 0.10625 0.7388888888888888 0.10625 0.7370370370370369 0.10208333333333333 0.7314814814814815 0.10104166666666667 0.7314814814814815 0.09375 0.7314814814814815 0.09270833333333332 0.7296296296296296 0.07395833333333333 0.7222222222222222 0.06979166666666667 0.7296296296296296 0.06979166666666667 0.7314814814814815 0.07083333333333333 0.7388888888888888
3 0.07604166666666667 0.6685185185185185 0.07604166666666667 0.6703703703703704 0.07604166666666667 0.6907407407407407 0.07708333333333332 0.6907407407407407 0.09895833333333333 0.6851851851851852 0.1 0.6833333333333333 0.10729166666666667 0.6777777777777778 0.10729166666666667 0.6759259259259259 0.10520833333333333 0.6611111111111112 0.10416666666666667 0.6611111111111112 0.10104166666666667 0.6574074074074074 0.1 0.6574074074074074 0.08645833333333333 0.6574074074074074 0.07916666666666668 0.6629629629629629 0.078125 0.6648148148148147 0.07604166666666667 0.6685185185185185
3 0.05 0.6777777777777778 0.05 0.6796296296296297 0.05 0.6907407407407407 0.051041666666666666 0.6925925925925925 0.053125 0.7 0.05416666666666666 0.7 0.0625 0.7 0.06354166666666666 0.6981481481481482 0.06979166666666667 0.6962962962962963 0.07083333333333333 0.6944444444444444 0.075 0.6907407407407407 0.075 0.688888888888889 0.075 0.674074074074074 0.07604166666666667 0.6722222222222222 0.07708333333333332 0.6629629629629629 0.07604166666666667 0.6611111111111112 0.07187500000000001 0.6555555555555556 0.07083333333333333 0.6555555555555556 0.06770833333333333 0.6555555555555556 0.05625 0.6648148148148147 0.05520833333333334 0.6666666666666666 0.05 0.6777777777777778
3 0.06145833333333334 0.6592592592592593 0.06458333333333333 0.6555555555555556 0.06666666666666667 0.6555555555555556 0.06770833333333333 0.6537037037037037 0.06979166666666667 0.6537037037037037 0.07083333333333333 0.6518518518518519 0.075 0.65 0.06458333333333333 0.6444444444444444 0.07083333333333333 0.6333333333333334 0.07604166666666667 0.6333333333333334 0.07708333333333332 0.6351851851851852 0.08229166666666667 0.637037037037037 0.08229166666666667 0.6351851851851852 0.07604166666666667 0.6185185185185185 0.07708333333333332 0.6166666666666666 0.08020833333333333 0.6166666666666666 0.08229166666666667 0.6148148148148148 0.08229166666666667 0.6111111111111112 0.08125 0.6092592592592593 0.08020833333333333 0.6018518518518519 0.07604166666666667 0.5944444444444444 0.07187500000000001 0.5925925925925926 0.07083333333333333 0.5962962962962963 0.06791666666666667 0.6003703703703704 0.06666666666666667 0.6092592592592593 0.06395833333333333 0.6081481481481482 0.05604166666666667 0.6237037037037036 0.05520833333333334 0.6333333333333334 0.05 0.6314814814814815 0.04895833333333333 0.6444444444444444 0.051041666666666666 0.6518518518518519 0.05625 0.6592592592592593 0.06145833333333334 0.6592592592592593
3 0.4666666666666667 0.5222222222222223 0.4604166666666667 0.5222222222222223 0.453125 0.5333333333333333 0.453125 0.5351851851851852 0.4510416666666667 0.5444444444444444 0.45208333333333334 0.5462962962962963 0.45416666666666666 0.5592592592592592 0.4572916666666667 0.5648148148148148 0.4583333333333333 0.5648148148148148 0.46515625 0.5700131481481482 0.46592062500000003 0.5688438888888888 0.4666401041666667 0.5683233333333333 0.46720052083333335 0.5675166666666667 0.46901760416666666 0.5665527777777778 0.4625 0.5499999999999999 0.4635416666666667 0.5481481481481482 0.46979166666666666 0.5444444444444444 0.46979166666666666 0.5425925925925926 0.46875 0.5277777777777778 0.46770833333333334 0.5259259259259259 0.4666666666666667 0.5222222222222223
3 0.4979166666666667 0.5648148148148148 0.49895833333333334 0.5648148148148148 0.5020833333333333 0.5703703703703704 0.5031249999999999 0.5703703703703704 0.5052083333333334 0.5703703703703704 0.50625 0.5685185185185185 0.5114583333333333 0.5648148148148148 0.5125000000000001 0.5629629629629629 0.5104166666666666 0.5555555555555556 0.509375 0.5555555555555556 0.5052083333333334 0.5555555555555556 0.49895833333333334 0.5611111111111111 0.4979166666666667 0.5629629629629629 0.4979166666666667 0.5648148148148148
3 0.50625 0.5518518518518518 0.5072916666666667 0.5518518518518518 0.515625 0.5481481481481482 0.5166666666666666 0.5462962962962963 0.5197916666666667 0.5425925925925926 0.5197916666666667 0.5407407407407407 0.515625 0.5351851851851852 0.5145833333333334 0.5351851851851852 0.5104166666666666 0.5333333333333333 0.50625 0.5425925925925926 0.50625 0.5444444444444444 0.50625 0.5518518518518518
3 0.09221520833333334 0.6394624074074075 0.09110010416666665 0.6381407407407408 0.09085229166666667 0.6370392592592593 0.08998489583333333 0.6361581481481481 0.08899364583333334 0.6330742592592593 0.08862197916666667 0.6324135185185185 0.08725895833333333 0.6326337037037036 0.08354177083333335 0.6346162962962963 0.08230270833333332 0.6368190740740741 0.08242666666666666 0.6405637037037037 0.08354177083333335 0.6447490740740741 0.08366572916666666 0.6458503703703704 0.08515260416666666 0.6495951851851851 0.08614385416666667 0.6513574074074073 0.08763072916666667 0.6524587037037037 0.08837416666666666 0.6533398148148147 0.09184354166666665 0.655102037037037 0.09233916666666667 0.655762962962963 0.09308260416666668 0.6562035185185185 0.09754322916666666 0.6562035185185185 0.09828666666666666 0.655762962962963 0.09964958333333333 0.655762962962963 0.10187989583333333 0.656644074074074 0.10460583333333334 0.658185925925926 0.10547322916666667 0.6570846296296297 0.10572104166666667 0.655762962962963 0.10584489583333333 0.6528992592592593 0.10522541666666667 0.6520181481481481 0.10262333333333334 0.6506964814814815 0.10026916666666666 0.6509168518518519 0.09766708333333333 0.6504762962962963 0.09791489583333333 0.6495951851851851 0.09890614583333333 0.6502559259259258 0.09642802083333334 0.6460707407407407 0.09531291666666666 0.6447490740740741 0.09444552083333334 0.6429868518518519 0.09221520833333334 0.6394624074074075