2 0.05092708333333333 0.8347037037037036 0.06740625 0.7327037037037037 0.07730208333333334 0.6354074074074073 0.07532291666666666 0.5603703703703704 0.07597916666666667 0.5603703703703704 0.08587499999999999 0.44196296296296295 0.08653125 0.27314814814814814 0.09510416666666667 0.25674074074074077 0.08983333333333333 0.23564814814814813 0.08191666666666667 0.23212962962962963 0.08323958333333333 0.18874074074074074 0.08983333333333333 0.16998148148148148 0.07466666666666667 0.16646296296296298 0.06674999999999999 0.19342592592592592 0.0726875 0.24033333333333332 0.07334375 0.30362962962962964 0.07005208333333333 0.33411111111111114 0.07861458333333333 0.35755555555555557 0.07005208333333333 0.36342592592592593 0.07005208333333333 0.5017592592592592 0.058833333333333335 0.5638888888888889 0.054218749999999996 0.6963703703703703 0.04103125 0.7561481481481481 0.0416875 0.7561481481481481 0.03576041666666666 0.8382222222222223 0.029166666666666667 0.8921481481481481 0.017947916666666668 0.9144259259259259 0.014656250000000001 0.9929629629629629 0.033114583333333336 0.9929629629629629 0.03576041666666666 0.9296666666666666 0.03641666666666667 0.9296666666666666 0.05026041666666666 0.8347037037037036 0.05092708333333333 0.8347037037037036
2 0.48351041666666666 0.46775925925925926 0.4795625 0.34114814814814814 0.48483333333333334 0.30246296296296293 0.4749375 0.28135185185185185 0.46109374999999997 0.09729629629629628 0.45186458333333335 0 0.41361458333333334 0.0035185185185185185 0.4188854166666666 0.035166666666666666 0.41493749999999996 0.07855555555555556 0.428125 0.13012962962962962 0.4439479166666667 0.3095 0.4591145833333333 0.4958888888888889 0.4630729166666667 0.6154814814814814 0.4756041666666667 0.6717407407407407 0.47691666666666666 0.7397407407407407 0.526375 0.878074074074074 0.54615625 0.9413888888888889 0.5725416666666666 0.9953148148148148 0.6160625000000001 0.9871111111111112 0.6114479166666668 0.9824074074074074 0.5593541666666666 0.8698703703703704 0.5052708333333333 0.6682222222222223 0.48351041666666666 0.46775925925925926
2 0.6688125 0.6424444444444445 0.6721145833333333 0.6576851851851852 0.7037708333333333 0.6084444444444445 0.7044270833333334 0.6084444444444445 0.7209166666666667 0.5369259259259259 0.74465625 0.4923888888888889 0.7697083333333333 0.45487037037037037 0.7782812499999999 0.3974259259259259 0.8099375 0.26846296296296296 0.8580729166666666 0.11253703703703703 0.8719270833333334 0.07151851851851852 0.8673020833333334 0.0597962962962963 0.8745624999999999 0.05040740740740741 0.8807395833333332 0.003425925925925926 0.8632395833333334 0.005814814814814815 0.8632395833333334 0.023166666666666665 0.8464166666666666 0.09733333333333334 0.8218541666666667 0.15774074074074076 0.81378125 0.2037962962962963 0.7811458333333333 0.3096666666666667 0.7740833333333333 0.3533333333333333 0.7565833333333333 0.4340740740740741 0.7491875 0.4544074074074074 0.7485104166666666 0.4544074074074074 0.7266458333333333 0.4944814814814815 0.7152083333333334 0.5028518518518519 0.7148645833333334 0.5184074074074074 0.7020833333333334 0.5483148148148148 0.6933333333333332 0.5614814814814815 0.6882916666666666 0.5812222222222222 0.6818958333333334 0.6027407407407408 0.6647395833333334 0.6368333333333334 0.6640625 0.6368333333333334 0.6223437500000001 0.6894814814814815 0.5638020833333334 0.7959444444444445 0.5725520833333333 0.8079074074074074 0.5764895833333333 0.8171111111111111 0.6279270833333334 0.717462962962963 0.6661770833333334 0.6635370370370371 0.6668333333333334 0.6424444444444445 0.6688125 0.6424444444444445
2 0.5601354166666667 0.4391111111111111 0.5744375 0.4003703703703704 0.5866979166666666 0.3222592592592593 0.591125 0.2853148148148148 0.6023645833333333 0.21872222222222223 0.60815625 0.19812962962962963 0.61496875 0.10548148148148148 0.6207604166666667 0.051 0.61496875 0.0407037037037037 0.6085 0.0976111111111111 0.6078125 0.11699999999999999 0.6037291666666667 0.12364814814814815 0.6037291666666667 0.15272222222222223 0.5979375 0.1950925925925926 0.5870416666666667 0.26290740740740737 0.5802291666666667 0.28835185185185186 0.5829479166666667 0.30590740740740735 0.5795416666666666 0.3065185185185185 0.5775 0.33255555555555555 0.5744375 0.35737037037037034 0.5441250000000001 0.4494074074074074 0.5281145833333333 0.5081481481481481 0.5114270833333333 0.5517407407407408 0.5155104166666666 0.5674814814814815 0.5298229166666667 0.5317592592592593 0.5400416666666666 0.5214629629629629 0.5373125 0.5087407407407407 0.5601354166666667 0.4391111111111111
3 0.115625 0.11666666666666667 0.11458333333333333 0.11851851851851852 0.1125 0.12037037037037036 0.11145833333333333 0.12222222222222222 0.10833333333333332 0.13333333333333333 0.10833333333333332 0.13518518518518519 0.10729166666666667 0.15 0.10833333333333332 0.15185185185185185 0.11041666666666668 0.16666666666666666 0.11145833333333333 0.1685185185185185 0.11666666666666667 0.18333333333333335 0.11770833333333333 0.18333333333333335 0.125 0.19444444444444445 0.12604166666666666 0.19444444444444445 0.13854166666666667 0.20185185185185187 0.13958333333333334 0.2 0.15 0.1962962962962963 0.15104166666666666 0.19444444444444445 0.16041666666666665 0.18333333333333335 0.16041666666666665 0.1814814814814815 0.16458333333333333 0.1685185185185185 0.16458333333333333 0.16666666666666666 0.16458333333333333 0.1462962962962963 0.16354166666666667 0.14444444444444443 0.16354166666666667 0.1388888888888889 0.1625 0.13703703703703704 0.16041666666666665 0.12962962962962962 0.159375 0.1277777777777778 0.153125 0.11666666666666667 0.15208333333333335 0.11666666666666667 0.14583333333333334 0.10925925925925926 0.14479166666666665 0.10925925925925926 0.13541666666666666 0.10740740740740741 0.12604166666666666 0.11666666666666667 0.125 0.11666666666666667 0.115625 0.11666666666666667
3 0.04895833333333333 0.08148148148148149 0.04895833333333333 0.08333333333333333 0.04583333333333334 0.09814814814814815 0.04583333333333334 0.1 0.04583333333333334 0.12222222222222222 0.046875 0.12407407407407407 0.04895833333333333 0.13333333333333333 0.05 0.13518518518518519 0.059375 0.15185185185185185 0.06041666666666667 0.15185185185185185 0.07395833333333333 0.16296296296296298 0.075 0.16296296296296298 0.08854166666666667 0.16481481481481483 0.08958333333333333 0.16296296296296298 0.09583333333333333 0.15925925925925924 0.096875 0.1574074074074074 0.10520833333333333 0.1462962962962963 0.10520833333333333 0.14444444444444443 0.10833333333333332 0.13148148148148148 0.10833333333333332 0.12962962962962962 0.10833333333333332 0.12037037037037036 0.10729166666666667 0.11851851851851852 0.09791666666666667 0.09259259259259259 0.096875 0.09259259259259259 0.08541666666666667 0.08333333333333333 0.084375 0.08148148148148149 0.07708333333333332 0.07222222222222222 0.07604166666666667 0.07222222222222222 0.06979166666666667 0.06851851851851852 0.06874999999999999 0.06851851851851852 0.06041666666666667 0.06851851851851852 0.053125 0.07407407407407407 0.052083333333333336 0.07592592592592592 0.04895833333333333 0.08148148148148149
3 0.1125 0.05925925925925926 0.11145833333333333 0.06111111111111111 0.11041666666666668 0.07407407407407407 0.11145833333333333 0.07592592592592592 0.11666666666666667 0.08703703703703704 0.11770833333333333 0.08703703703703704 0.12708333333333333 0.1 0.12812500000000002 0.1 0.13645833333333335 0.10185185185185185 0.13749999999999998 0.1 0.146875 0.08703703703703704 0.146875 0.08518518518518518 0.14895833333333333 0.06851851851851852 0.14791666666666667 0.06666666666666667 0.14583333333333334 0.05555555555555555 0.14479166666666665 0.053703703703703705 0.14166666666666666 0.04814814814814815 0.140625 0.04814814814814815 0.13749999999999998 0.044444444444444446 0.13645833333333335 0.044444444444444446 0.13125 0.044444444444444446 0.12395833333333332 0.05555555555555555 0.12291666666666667 0.05555555555555555 0.1125 0.05925925925925926
3 0.04895833333333333 0.011111111111111112 0.04791666666666666 0.012962962962962963 0.041666666666666664 0.018518518518518517 0.040625 0.020370370370370372 0.0375 0.027777777777777776 0.0375 0.02962962962962963 0.0375 0.05740740740740741 0.03854166666666666 0.05925925925925926 0.04479166666666667 0.07777777777777778 0.04583333333333334 0.07777777777777778 0.04895833333333333 0.07962962962962962 0.05 0.07777777777777778 0.053125 0.07222222222222222 0.05416666666666666 0.07222222222222222 0.06041666666666667 0.06666666666666667 0.06145833333333334 0.06666666666666667 0.078125 0.06666666666666667 0.07916666666666668 0.06851851851851852 0.084375 0.07037037037037036 0.08541666666666667 0.06851851851851852 0.090625 0.06296296296296296 0.09166666666666667 0.06296296296296296 0.09895833333333333 0.05925925925925926 0.1 0.05740740740740741 0.10208333333333333 0.053703703703703705 0.10208333333333333 0.05185185185185185 0.103125 0.040740740740740744 0.10208333333333333 0.03888888888888889 0.10104166666666667 0.03148148148148148 0.1 0.02962962962962963 0.09270833333333332 0.014814814814814815 0.09166666666666667 0.014814814814814815 0.08645833333333333 0.009259259259259259 0.08541666666666667 0.009259259259259259 0.07187500000000001 0.005555555555555556 0.05520833333333334 0.007407407407407408 0.05416666666666666 0.009259259259259259 0.04895833333333333 0.011111111111111112
3 0.5552083333333333 0.2851851851851852 0.5552083333333333 0.28703703703703703 0.5552083333333333 0.2962962962962963 0.55625 0.29814814814814816 0.5593750000000001 0.3074074074074074 0.5604166666666667 0.3074074074074074 0.5635416666666666 0.3111111111111111 0.5645833333333333 0.3111111111111111 0.5729166666666666 0.31296296296296294 0.5739583333333333 0.3111111111111111 0.5791666666666666 0.30185185185185187 0.5791666666666666 0.3 0.5802083333333333 0.2833333333333333 0.5791666666666666 0.28148148148148144 0.5729166666666666 0.2740740740740741 0.571875 0.2740740740740741 0.5635416666666666 0.2722222222222222 0.5572916666666666 0.2777777777777778 0.5572916666666666 0.2796296296296296 0.5552083333333333 0.2851851851851852
1 0.8179166666666666 0.16074074074074074 0.8127083333333333 0.15444444444444444 0.8021875 0.1198148148148148 0.8003125 0.10351851851851851 0.7935416666666667 0.10518518518518517 0.7951041666666667 0.11833333333333333 0.8121875000000001 0.17555555555555558 0.8148958333333334 0.1788888888888889 0.8083690347222222 0.21804968055555557 0.8251041666666666 0.22685185185185186 0.8330208333333333 0.18555555555555556 0.8470833333333333 0.14129629629629628 0.8340625 0.13037037037037036 0.8206249999999999 0.1587037037037037 0.8179166666666666 0.16074074074074074
1 0.6183333333333333 0.08296296296296297 0.6092708333333333 0.07796296296296296 0.6066666666666666 0.09925925925925927 0.6015625 0.1024074074074074 0.5792708333333333 0.06759259259259259 0.5775 0.07092592592592593 0.6032291666666667 0.12000000000000001 0.6024999999999999 0.14092592592592593 0.603125 0.14092592592592593 0.6121875 0.13944444444444445 0.6183333333333333 0.08296296296296297
1 0.08499999999999999 0.22296296296296295 0.08729166666666667 0.18537037037037038 0.09072916666666667 0.16648148148148148 0.075 0.16574074074074072 0.068125 0.17685185185185187 0.018333333333333333 0.14944444444444446 0.014479166666666666 0.15944444444444444 0.06645833333333334 0.18962962962962962 0.07166666666666667 0.23796296296296296 0.08093750000000001 0.23425925925925928 0.08499999999999999 0.22296296296296295