2 0.36765325694444445 1 0.32460832638888887 0.9268346226851852 0.32265816435185185 0.9022440972222222 0.31070756712962966 0.8887605092592593 0.30279249305555556 0.8891753217592593 0.28381565277777776 0.8678288657407407 0.2618318402777778 0.8395851481481481 0.21329196527777777 0.771578625 0.19701515740740738 0.7512667245370371 0.1706270810185185 0.7020885208333333 0.14904058564814815 0.656186474537037 0.0985177962962963 0.537722912037037 0.07608742361111112 0.4883374791666667 0.07126947916666666 0.47212834259259256 0.061371375 0.4220859375 0.0493265625 0.381563 0.022782821759259258 0.30417298379629626 0.014343243055555555 0.26934008796296294 0.0021262708333333333 0.1876718101851852 0 0.1817822800925926 0 0.295742212962963 0.005113011574074074 0.3203849675925926 0.021238328703703704 0.3630457962962963 0.0371178287037037 0.40101620833333335 0.05069910648148149 0.47085464814814815 0.055779256944444446 0.5046877337962963 0.06632048148148148 0.5417620439814814 0.0904388125 0.5981140532407407 0.1437679375 0.707023761574074 0.18097173842592593 0.7732724560185185 0.18352006018518519 0.796655761574074 0.20488932870370372 0.8131733518518518 0.2243413125 0.8309672916666666 0.24399404629629629 0.8652125300925926 0.2618974675925926 0.891318537037037 0.2912597546296296 0.9215273078703704 0.3139811226851852 0.9638424513888888 0.33033588194444446 0.9982605300925926 0.34864562962962964 1 0.36765325694444445 1
2 0.3103468333333333 1 0.2915711967592593 0.9779511134259259 0.26814524305555554 0.9474312337962963 0.23350613425925926 0.9174990092592593 0.2096663796296296 0.8917041111111111 0.18349553703703703 0.871910550925926 0.15973361805555555 0.8602216527777777 0.14916369907407406 0.8478413912037036 0.14477592592592592 0.8398404351851851 0.13793416435185185 0.8354956990740741 0.12184161111111111 0.8187015694444445 0.10163579398148148 0.773902849537037 0.08643228935185185 0.7488312175925926 0.07067570138888889 0.7132061041666666 0.06182231944444445 0.6830981921296296 0.057814442129629634 0.659494861111111 0.05350554861111111 0.6506106018518518 0.046004171296296296 0.6463004351851852 0.015580780092592592 0.5832238217592592 0.009152706018518518 0.5741539212962963 0.003937444444444445 0.5756031111111111 0.009079050925925926 0.6106088472222223 0.026031967592592593 0.6438197060185185 0.034746046296296296 0.6586487847222222 0.049748812499999996 0.6672693032407407 0.05780327546296297 0.682132951388889 0.06630431018518518 0.7181384976851852 0.06897543055555555 0.7438669236111111 0.09525696527777779 0.8036329907407407 0.11845348611111112 0.8423958055555555 0.13108008796296297 0.8687783587962963 0.15275674305555556 0.8911591921296297 0.18263935185185184 0.9060547453703705 0.22958130787037037 0.9435731157407408 0.24441618981481483 0.9616090277777778 0.26868602314814816 0.9956122939814814 0.2735355555555556 1 0.3103468333333333 1
2 0.5315451574074074 0.4456545763888889 0.5386491250000001 0.4676232592592593 0.5472074351851851 0.4542405300925926 0.5536805740740741 0.4515495462962963 0.5635130416666667 0.4498583773148148 0.5592932569444444 0.43244202314814817 0.5474041064814815 0.42013089814814814 0.5412341597222222 0.37812401851851857 0.5320980416666666 0.2668984375 0.5265384652777778 0.18605694675925924 0.5448104027777778 0.029888868055555556 0.5449005532407407 0.006367469907407408 0.5324296157407408 0.008196729166666666 0.5279231134259259 0.04841139814814815 0.5170664768518518 0.09366215972222222 0.517312300925926 0.09835275925925925 0.5139405555555556 0.1349803472222222 0.5096920763888889 0.14225803935185186 0.5113513402777777 0.17391866435185185 0.5113718935185185 0.23741275231481482 0.5214626967592593 0.3920944050925926 0.5213438611111111 0.4403100347222222 0.5315451574074074 0.4456545763888889
3 0.46741664120370374 0.535086699074074 0.4675135601851852 0.5369360138888889 0.4687735 0.5609770949074074 0.46991065740740745 0.5627718912037037 0.47153240740740743 0.5738132592592593 0.4726695648148148 0.5756080578703704 0.48520416203703703 0.6157477986111111 0.4863413194444444 0.6175425949074074 0.49212402546296297 0.6283658958333334 0.4931642638888889 0.6283113796296297 0.5108741921296297 0.6477815671296296 0.5119144305555555 0.6477270509259259 0.5255344583333333 0.6488676481481482 0.5264777777777778 0.6469638171296296 0.5377265717592592 0.6426655069444445 0.5386698935185186 0.6407616759259258 0.5467010509259259 0.6347776018518518 0.5476443703703704 0.6328737708333334 0.558867300925926 0.6081784884259259 0.5587703819444444 0.606329175925926 0.5640426319444445 0.5875089351851851 0.5639457129629629 0.5856596226851851 0.5661941643518519 0.5688522476851852 0.5660972476851852 0.5670029328703704 0.5651280625 0.5485097939814815 0.5639909050925925 0.5467149953703704 0.5573359328703704 0.5192478703703703 0.5561987754629629 0.5174530717592593 0.5479479166666666 0.49934154861111113 0.5468107592592593 0.4975467523148148 0.5388506574074073 0.4849831712962963 0.5378104166666667 0.4850376875 0.529003912037037 0.47622725000000005 0.5279636736111111 0.4762817662037037 0.5161333703703703 0.46948419444444445 0.5150931296296296 0.4695387106481481 0.5109321736111111 0.4697567777777778 0.5007236203703703 0.47400057175925925 0.4997802986111111 0.47590440277777774 0.4857015439814815 0.48591420370370375 0.484758224537037 0.48781803472222224 0.47324453935185185 0.5069653749999999 0.4733414583333333 0.5088146875 0.46881868981481484 0.5220324675925926 0.4689156087962963 0.5238817824074075 0.46741664120370374 0.535086699074074
3 0.4483691828703704 0.4303845208333333 0.44950634027777775 0.43217931712962965 0.45320856712962965 0.4431116504629629 0.45434572453703703 0.4449064490740741 0.4634429861111111 0.4592648287037037 0.46448322453703705 0.45921031018518516 0.4755640439814815 0.4716103425925926 0.47660428472222227 0.4715558263888889 0.48407979398148143 0.474872837962963 0.4851200347222222 0.47481832175925925 0.49760290277777774 0.47416412037037037 0.49854622453703706 0.47226029166666667 0.5057309791666666 0.4700293611111111 0.5066742986111111 0.4681255300925926 0.5126249791666667 0.4622504884259259 0.5135682986111111 0.4603466574074074 0.5191313055555555 0.4470743611111111 0.5190343865740741 0.4452250462962963 0.5181621203703703 0.4285812199074074 0.5191054421296296 0.42667739120370374 0.5208693009259259 0.4006234444444445 0.5207723819444444 0.39877413194444444 0.5181814467592593 0.369239625 0.5170442893518519 0.36744482638888887 0.5068098726851852 0.35129165046296296 0.5057696342592592 0.3513461666666667 0.4937454930555556 0.3408499675925926 0.4927052546296296 0.3409044837962963 0.4862699814814815 0.3375329560185185 0.48522974305555555 0.3375874722222222 0.4748273518518519 0.33813263888888884 0.4567814768518519 0.3520591342592593 0.45583815740740746 0.35396296527777776 0.4480977546296296 0.36549498148148146 0.44819467361111115 0.3673442962962963 0.445002900462963 0.38605550231481484 0.44509981944444443 0.38790481712962965 0.44473800925925927 0.4009045300925926 0.4448349282407407 0.40275384490740745 0.4483691828703704 0.4303845208333333
3 0.5599913842592593 0.45049615277777777 0.5589511458333333 0.4505506712962963 0.5495889930555555 0.4510413194444445 0.548645673611111 0.45294515046296296 0.5425980763888889 0.4569708773148148 0.5416547546296296 0.4588747083333333 0.5389217106481481 0.46643551388888893 0.5378814722222223 0.4664900300925926 0.5368412337962963 0.4665445486111111 0.5357040763888888 0.46474975 0.5319049282407408 0.4519681018518519 0.5308646898148148 0.4520226203703704 0.5253727384259259 0.44674726157407413 0.5243325 0.4468017777777778 0.5222520231481481 0.4469108101851852 0.5213087013888889 0.4488146412037037 0.5156487777777777 0.460237625 0.5157456967592593 0.4620869375 0.5148992939814815 0.4658400833333334 0.5160364513888889 0.46763487962962963 0.534302025462963 0.47780398148148145 0.5354391851851852 0.47959877777777776 0.5409311342592593 0.4848741365740741 0.5420682916666667 0.4866689351851852 0.553536787037037 0.5064662222222223 0.554577025462963 0.5064117060185185 0.5556172638888889 0.5063571898148148 0.5565605856481481 0.5044533587962964 0.564494824074074 0.4966199699074074 0.5654381458333334 0.49471613888888893 0.569960912037037 0.4814983587962963 0.5698639930555556 0.47964904398148145 0.5731526828703704 0.46278715277777777 0.5730557638888889 0.46093783796296295 0.571989662037037 0.44059538425925926 0.5708525046296297 0.438800587962963 0.5677059236111112 0.41856716666666666 0.5665687662037038 0.41677237037037035 0.5591643101851852 0.39490770138888887 0.5580271527777778 0.39311290509259256 0.5467524953703704 0.3770142453703704 0.5457122569444445 0.3770687615740741 0.5425915393518518 0.3772323125 0.5468042222222222 0.41780818518518514 0.5479413796296296 0.4196029837962963 0.550312613425926 0.4250418912037037 0.5513528541666667 0.424987375 0.5624336736111112 0.4373874074074074 0.5625305925925926 0.43923671990740737 0.5638615856481481 0.4447301458333333 0.5629182662037037 0.44663397685185185 0.5599913842592593 0.45049615277777777
3 0.4449321273148148 0.7031604537037036 0.44606928472222224 0.7049552523148148 0.46312664814814813 0.7318772106481481 0.46416688657407407 0.7318226944444445 0.49121310416666664 0.7304052615740741 0.49215642592592596 0.7285014328703704 0.4991473425925926 0.722571875 0.5000906643518518 0.7206680439814815 0.5103702731481482 0.6978765925925926 0.5102733541666666 0.6960272800925926 0.5116754027777778 0.6829730486111111 0.5115784861111111 0.6811237337962963 0.5101247083333333 0.653384025462963 0.508987550925926 0.6515892268518518 0.5054791597222222 0.6443555208333334 0.5044389212962963 0.6444100393518518 0.501027449074074 0.6390256458333333 0.4999872083333333 0.639080162037037 0.49345501851851853 0.6338593217592593 0.49231786111111114 0.6320645231481481 0.48767231250000004 0.6230360208333333 0.48663207407407405 0.6230905370370371 0.4821803634259259 0.6177606620370371 0.4811401226851852 0.6178151782407407 0.4714872152777778 0.612757886574074 0.47044697685185183 0.6128124027777778 0.46004458564814815 0.6133575694444444 0.4489896296296296 0.6213545069444444 0.44804630787037036 0.6232583379629629 0.4388069398148148 0.6459952708333333 0.4389038564814815 0.6478445856481481 0.43730797222222223 0.6572001875 0.4374048888888889 0.6590495023148149 0.44009274305555557 0.6904333217592593 0.441229900462963 0.6922281203703704 0.4449321273148148 0.7031604537037036
3 0.5200749074074074 0.7437278263888888 0.5212120648148149 0.7455226226851851 0.5280350092592593 0.7562914074074074 0.52907525 0.7562368912037037 0.5463005856481482 0.7664605069444443 0.547340824074074 0.7664059907407407 0.5546224976851852 0.766024375 0.5555658194444445 0.7641205439814814 0.5657743726851852 0.75987675 0.5667176944444444 0.7579729189814814 0.5814490138888888 0.7405113449074073 0.5823923356481482 0.7386075138888889 0.5896481458333334 0.7178289282407407 0.5895512268518518 0.715979613425926 0.5908563564814815 0.7010760694444444 0.5907594398148148 0.6992267546296297 0.5871282662037037 0.6697467638888889 0.5859911087962962 0.6679519675925926 0.5821919606481482 0.6551703194444444 0.5810548032407407 0.6533755231481481 0.5765061736111111 0.6461963333333333 0.5754659351851852 0.646250849537037 0.5731916203703703 0.6426612546296296 0.5721513796296297 0.6427157708333333 0.5614582337962963 0.6377129953703703 0.5604179953703704 0.6377675138888889 0.547935125 0.638421712962963 0.5266716157407407 0.6506624444444445 0.5257282939814815 0.652566275462963 0.5137558819444444 0.6828640138888888 0.5138528009259259 0.6847133287037037 0.5105641087962963 0.7015752199074073 0.5106610277777778 0.7034245347222222 0.5127673703703703 0.7237124722222221 0.5139045277777777 0.7255072685185185 0.5200749074074074 0.7437278263888888
3 0.48782039583333336 0.06856468287037037 0.48886063425925924 0.06851016666666666 0.49444950231481477 0.07563483796296297 0.49548974305555554 0.07558032175925927 0.5048518935185184 0.0750896736111111 0.5057952152777778 0.07318584259259259 0.5102210625 0.058118747685185185 0.5101241435185185 0.056269432870370374 0.5098075254629629 0.030324520833333337 0.5086703680555555 0.028529724537037036 0.5074362916666667 0.024885613425925924 0.5063960532407408 0.02494012962962963 0.5011948564814814 0.025212712962962965 0.500057699074074 0.02341791435185185 0.4925821898148148 0.02010090277777778 0.48559127083333337 0.026030460648148148 0.4856881898148148 0.027879775462962962 0.48380154861111113 0.0316874375 0.4838984675925926 0.03353675 0.4814561782407407 0.04664549768518519 0.4815530972222222 0.0484948125 0.4820376898148148 0.05774138194444444 0.48317484722222226 0.059536180555555554 0.48782039583333336 0.06856468287037037
3 0.5061118333333333 0.09913075462962963 0.5060149166666666 0.09728143981481481 0.5076108009259259 0.08792583796296295 0.5075138842592593 0.08607652314814815 0.5069323726851852 0.07498063888888888 0.5058921342592593 0.0750351550925926 0.49444950231481477 0.07563483796296297 0.4901205740740741 0.09255124768518518 0.49021749305555556 0.0944005625 0.4907990023148148 0.10549644444444445 0.49193615972222227 0.10729124305555555 0.4966786273148148 0.11816906018518518 0.49771886574074076 0.11811454398148148 0.4987591064814815 0.11806002546296296 0.4997024259259259 0.11615619675925926 0.5061118333333333 0.09913075462962963
3 0.5129023796296296 0.009764002314814814 0.5128054606481481 0.0079146875 0.5094909074074074 0.004379608796296296 0.5084506666666667 0.0044341250000000006 0.48972636342592596 0.005415425925925926 0.4878397222222222 0.009223085648148149 0.4889768796296296 0.011017884259259259 0.490307875 0.01651130787037037 0.4914450324074074 0.018306106481481482 0.500057699074074 0.02341791435185185 0.5010979398148149 0.023363398148148147 0.5093229328703704 0.021077951388888887 0.5102662546296296 0.01917412037037037 0.5129023796296296 0.009764002314814814