2 0.9849091412037038 0.3882603472222222 0.6842651967592593 0.42310509027777776 0.5677480185185185 0.4286586550925926 0.5676891388888888 0.4275351967592592 0.45639953009259254 0.4373001111111111 0.301582025462963 0.45439481018518524 0.1838601435185185 0.4560686087962963 0.07345195138888888 0.46354467361111107 0.006571108796296297 0.46368054861111113 0.0036810532407407404 0.4846104861111111 0.25688992824074075 0.4780787731481482 0.28731448379629626 0.46805607175925923 0.30058241898148147 0.4735358587962963 0.5291649097222222 0.4542651157407407 0.7113697199074074 0.44526900694444443 0.886857599537037 0.42204243287037035 0.9882966180555556 0.41503642361111115 0.9849091412037038 0.3882603472222222
2 0.8525205277777778 0.36767123148148145 0.7716427870370371 0.37955575 0.7062208703703704 0.39443756481481484 0.644058900462963 0.40677027083333334 0.5935826203703704 0.41562204398148145 0.5661633912037037 0.4270831782407407 0.587363113425926 0.4264519722222222 0.8005859791666666 0.3808969861111111 0.8967091990740741 0.3687037407407407 0.9811712592592593 0.3604595393518519 0.9828290578703703 0.35989283333333333 0.986464849537037 0.3482386643518518 0.9097156875000001 0.35751812037037034 0.8525205277777778 0.36767123148148145
2 0.3893039166666667 0.2429723888888889 0.4473563449074074 0.23325417361111112 0.4867790509259259 0.2240220462962963 0.5297675856481482 0.2184312037037037 0.5618954930555555 0.21578780324074073 0.5653298935185185 0.21656746296296295 0.607843587962963 0.2019161388888889 0.6456401597222222 0.19420870601851853 0.6700491273148148 0.19006097222222224 0.7429402962962962 0.17191919675925926 0.7421146898148149 0.17244228935185185 0.788256275462963 0.1619088240740741 0.8933751180555555 0.14302728472222223 0.9761854212962964 0.13581886574074073 0.9766871990740741 0.12911675462962963 0.9031287893518518 0.13488065277777778 0.8965096759259259 0.1380856296296296 0.7979848703703704 0.15328368055555555 0.6488499513888889 0.19070258101851853 0.6479926828703704 0.1902676851851852 0.6454406296296297 0.19040143055555556 0.5506674675925927 0.21207868287037038 0.48728686805555554 0.21778900925925926 0.38905477546296297 0.23821849537037038 0.3893039166666667 0.2429723888888889
3 0.13454880555555557 0.5681780069444444 0.13449428703703703 0.5671377685185185 0.13607101851851852 0.5618396527777778 0.1341671875 0.5608963333333333 0.1262792824074074 0.5519218541666666 0.12437545138888889 0.5509785347222222 0.12056779166666667 0.5490918935185185 0.11871847685185186 0.5491888101851852 0.09995275462962962 0.5449568009259259 0.09810343981481481 0.5450537175925926 0.07765195370370372 0.5440393425925926 0.07585715740740741 0.5451765 0.05388345601851852 0.5505004791666667 0.05208865740740741 0.551637636574074 0.041319875 0.5584605810185186 0.0413743912037037 0.5595008194444444 0.040124759259259256 0.5710403680555556 0.04779459953703703 0.5758538912037037 0.04964391203703703 0.5757569722222222 0.06084882870370371 0.5772559398148148 0.06269814351851852 0.5771590208333334 0.08499894444444445 0.5780764791666667 0.08684825694444445 0.5779795601851853 0.12198522222222222 0.5761381087962962 0.12378002083333334 0.5750009513888888 0.13454880555555557 0.5681780069444444
3 0.6335287175925927 0.9248438796296297 0.6316248888888888 0.9239005601851852 0.6240640810185185 0.9211675162037037 0.6222147685185185 0.9212644351851852 0.611173400462963 0.9228861851851852 0.6093786041666667 0.9240233425925927 0.6057890092592593 0.9262976574074074 0.6058435254629629 0.9273378958333333 0.6024719976851851 0.9337731666666668 0.6103599027777777 0.9427476458333333 0.6122637337962963 0.9436909675925926 0.6179207083333333 0.9454806898148148 0.6197700231481482 0.9453837708333334 0.627112761574074 0.9439558587962963 0.6289075578703703 0.9428187013888889 0.6415801736111112 0.9369390763888888 0.6415256574074074 0.9358988379629629 0.6335287175925927 0.9248438796296297
3 0.6414668888888889 0.8993935509259259 0.6396175763888889 0.8994904675925925 0.6266723773148148 0.9001688981481482 0.6248775810185185 0.9013060555555555 0.6196022222222223 0.9067980069444445 0.619656738425926 0.9078382453703704 0.619983837962963 0.9140796805555556 0.6256953287037037 0.9169096412037037 0.6275446435185186 0.9168127222222222 0.6330925856481481 0.9165219675925926 0.6348873819444444 0.9153848101851851 0.6513676574074074 0.9113918263888889 0.6513131412037038 0.910351587962963 0.6510405578703704 0.9051503935185186 0.6491367291666668 0.9042070717592593 0.6414668888888889 0.8993935509259259
3 0.6011090810185186 0.9077671898148147 0.601163599537037 0.9088074282407407 0.6013816643518518 0.912968386574074 0.6070931574074074 0.9157983472222222 0.6089424699074074 0.9157014282407407 0.6182435578703703 0.9162570763888889 0.6200383541666666 0.9151199189814814 0.6212879861111111 0.9035803703703704 0.6193841550925926 0.9026370486111112 0.6064389583333333 0.9033154791666667 0.6046441597222222 0.9044526365740742 0.6011090810185186 0.9077671898148147
3 0.6014361805555555 0.914008625 0.5995868680555555 0.9141055439814815 0.5885454999999999 0.9157272939814816 0.5867507037037037 0.9168644513888888 0.5814208287037037 0.921316162037037 0.5814753449074074 0.922356400462963 0.5818569606481482 0.9296380740740742 0.5857191388888888 0.9325649560185185 0.5875684537037037 0.9324680370370371 0.5987733703703704 0.9339670046296297 0.6005681666666667 0.9328298472222222 0.6004591342592592 0.9307493680555555 0.6022539305555555 0.9296122106481481 0.6146539629629629 0.9185313912037038 0.6127501319444444 0.9175880717592593 0.6014361805555555 0.914008625
3 0.6551208032407407 0.9122382291666666 0.6532714884259259 0.9123351481481481 0.6385314930555555 0.9141507337962963 0.6367366967592593 0.9152878912037037 0.6314068217592592 0.9197396041666667 0.6314613379629629 0.9207798425925925 0.6315703703703703 0.9228603217592593 0.6471281157407408 0.9366483217592593 0.6489774305555556 0.9365514027777778 0.6617045601851852 0.9317120162037037 0.6616500439814814 0.9306717777777778 0.6669254027777778 0.9251798263888888 0.6668708865740741 0.9241395879629629 0.6608322939814815 0.9150681921296296 0.658928462962963 0.9141248703703704 0.6551208032407407 0.9122382291666666
3 0.02473906712962963 0.6313031828703705 0.01386125 0.6360456481481482 0.022998787037037036 0.6334805787037037 0.028328662037037038 0.6290288657407408 0.020549789351851852 0.6221348657407408 0.02413938425925926 0.619860550925926 0.05193361111111111 0.6194470138888889 0.05737251851851852 0.6170757800925926 0.06107114814814815 0.6168819444444444 0.06835937037037038 0.6144137916666667 0.07015416666666667 0.6132766342592592 0.07167638194444444 0.6069382824074074 0.07347117824074074 0.6058011226851852 0.07276246296296296 0.5922780162037037 0.07085863194444444 0.5913346944444444 0.06879125231481481 0.5872706574074074 0.05938113194444444 0.5846345324074074 0.053833189814814816 0.5849252870370371 0.051929358796296295 0.5839819675925926 0.04453210416666667 0.5843696412037037 0.04262827314814815 0.5834263194444445 0.035231016203703704 0.5838139930555556 0.0333271875 0.5828706736111111 0.02777924537037037 0.5831614282407407 0.025875414351851853 0.5822181064814815 0.01847815740740741 0.5826057800925926 0.016574328703703706 0.5816624606481482 0.012875699074074074 0.5818562962962963 0.011080902777777778 0.5829934537037037 0.011898652777777777 0.5985970416666667 0.010103854166666667 0.5997341990740741 0.01097612037037037 0.6163780254629629 0.012879951388888889 0.6173213449074074 0.0130435 0.6204420625 0.014947331018518518 0.6213853819444445 0.012200618055555557 0.6220508796296296 0.01505636574074074 0.623465861111111 0.013425118055555555 0.6277237361111111 0.017178261574074073 0.6285701388888889 0.022726203703703703 0.6282793819444444 0.02463003472222222 0.6292227037037037 0.02473906712962963 0.6313031828703705
3 0.03897990972222223 0.5491953472222222 0.037076081018518524 0.5482520277777778 0.03109200462962963 0.5402208703703704 0.029188173611111114 0.5392775486111111 0.012053699074074074 0.5307876620370371 0.010204386574074074 0.5308845810185185 0.006560273148148148 0.5321186574074074 0.006614791666666667 0.5331588958333333 0.008413840277777777 0.567486787037037 0.0122215 0.5693734282407408 0.014070814814814816 0.5692765092592592 0.03446778472222222 0.5692506458333333 0.03626258101851852 0.5681134884259259 0.03598999768518519 0.5629122939814815 0.0377847962962963 0.5617751342592593 0.03947056018518519 0.5585575 0.03941604398148148 0.5575172615740741 0.03897990972222223 0.5491953472222222
3 0.07699350231481482 0.4960914259259259 0.07693898611111111 0.4950511875 0.08047406481481481 0.49173663194444445 0.08041954861111111 0.4906963935185185 0.08020148148148147 0.4865354375 0.07829765046296296 0.48559211574074074 0.026407826388888892 0.4862253541666667 0.02461303009259259 0.48736251157407406 0.015420976851851852 0.4888873425925926 0.015475493055555555 0.48992758333333336 0.013953277777777776 0.4962659351851852 0.01792449074074074 0.5012732939814815 0.019828319444444447 0.5022166157407407 0.027443643518518517 0.5059898981481482 0.02929295601851852 0.5058929791666666 0.04968992592592593 0.5058671157407407 0.051484724537037035 0.5047299583333333 0.0643754050925926 0.5030112893518519 0.06617020138888889 0.5018741319444445 0.07699350231481482 0.4960914259259259
3 0.4273903564814815 0.5298827152777777 0.42733584027777777 0.5288424768518518 0.43424244675925927 0.519092650462963 0.43418793055555555 0.518052412037037 0.4336427638888889 0.5076500208333333 0.4317389328703704 0.5067066990740741 0.4297260694444444 0.5036829004629629 0.4278222384259259 0.5027395810185186 0.41835760185185183 0.49906321527777775 0.41650828935185186 0.49916013425925926 0.409002 0.49746732870370375 0.4071526851851852 0.4975642476851852 0.3960568032407408 0.4981457592592593 0.3942620046296297 0.4992829166666667 0.3850699513888889 0.5008077476851852 0.38327515509259263 0.5019449050925926 0.37424665046296296 0.5065904537037037 0.3743011666666667 0.5076306921296296 0.369243875 0.517283599537037 0.3791991620370371 0.5303221157407407 0.38110299305555556 0.5312654375 0.3906221458333333 0.5359820393518518 0.39247145833333336 0.5358851226851852 0.3999777476851852 0.5375779259259259 0.40177254629629633 0.5364407685185185 0.41651253935185184 0.5346251828703704 0.41830733796296293 0.5334880254629629 0.4273903564814815 0.5298827152777777
3 0.4530081689814815 0.5233246620370371 0.45295365277777777 0.5222844212962963 0.4469150625 0.5132130254629629 0.44501123148148153 0.5122697060185185 0.43929973842592596 0.5094397430555555 0.437450425925926 0.509536662037037 0.4356556273148148 0.5106738194444445 0.4357101435185185 0.5117140578703704 0.43794107407407407 0.5188988125 0.43614627777777776 0.5200359699074074 0.43456954629629635 0.5253340856481481 0.43277475000000004 0.5264712430555556 0.42565007638888885 0.5320601111111111 0.4238007638888889 0.5321570300925926 0.41656705787037035 0.5356654212962964 0.41471774305555553 0.5357623402777778 0.39818295138888893 0.5387150833333334 0.4187434699074074 0.5418099375 0.42059278472222217 0.5417130185185185 0.42983935416666663 0.5412284259259259 0.431634150462963 0.5400912685185185 0.4371275763888889 0.538760275462963 0.438922375 0.5376231180555555 0.44789636111111114 0.5319373287037037 0.4478418449074074 0.5308970902777778 0.4530081689814815 0.5233246620370371
3 0.46411680787037035 0.6291382939814815 0.46221297685185186 0.628194974537037 0.44894067824074074 0.6226319675925927 0.44709136574074076 0.6227288865740741 0.43599548148148143 0.6233103958333333 0.43420068287037034 0.6244475555555555 0.4288162916666667 0.6278590277777778 0.42887080787037035 0.6288992662037037 0.42908887500000004 0.6330602222222222 0.43507294907407407 0.6410913796296297 0.4369222638888889 0.6409944606481481 0.44437403703703704 0.6416470277777777 0.44616883333333335 0.6405098703703703 0.45889596527777776 0.6356704837962963 0.45884144907407404 0.6346302453703703 0.46422584027777775 0.6312187731481481 0.4641713240740741 0.6301785324074074 0.46411680787037035 0.6291382939814815
3 0.4183746064814815 0.6409234074074074 0.4164707777777778 0.6399800856481482 0.4051568263888889 0.6364006412037037 0.4033620300925926 0.6375377986111112 0.39781408796296297 0.6378285532407408 0.3960192893518518 0.6389657106481481 0.39242969675925926 0.641240025462963 0.39248421296296293 0.6422802662037037 0.39264776157407405 0.6454009814814815 0.3949332083333333 0.6536259768518519 0.3968370393518519 0.6545692962962962 0.3987953865740741 0.6565528564814814 0.40064470138888886 0.6564559398148149 0.41168606712962963 0.6548341898148148 0.4134808657407408 0.6536970324074074 0.42060553703703707 0.648108162037037 0.42055102083333334 0.6470679236111111 0.4183746064814815 0.6409234074074074
3 0.3930293773148148 0.6526826550925926 0.39297486111111113 0.6516424166666667 0.3947151435185185 0.6494650208333334 0.3928113125 0.6485216990740741 0.3905258657407408 0.6402967060185185 0.3886765509259259 0.6403936226851852 0.3740455902777778 0.6442896875 0.37410010648148145 0.6453299282407408 0.37448172222222226 0.6526116018518517 0.3766036203703704 0.6577158773148148 0.3785074490740741 0.6586591990740741 0.3823151111111111 0.6605458402777777 0.3841644259259259 0.6604489212962963 0.3971096226851852 0.6597704930555556 0.39705510648148146 0.6587302546296295 0.3987953865740741 0.6565528564814814 0.39689155555555555 0.6556095370370371 0.3930293773148148 0.6526826550925926
3 0.1632605625 0.05451305555555556 0.1632060462962963 0.053472817129629625 0.1667411226851852 0.05015826388888889 0.16668660648148148 0.04911802314814815 0.1660869236111111 0.03767539351851852 0.16418309259259262 0.03673207407407408 0.16211571296296295 0.032668034722222225 0.16021188194444444 0.031724715277777774 0.15248752777777777 0.025870953703703705 0.15063821296296298 0.025967872685185186 0.13752946527777776 0.023525583333333336 0.13568015046296297 0.023622502314814817 0.12278946990740741 0.025341171296296296 0.12099467361111112 0.026478328703703702 0.11376096759259259 0.029986719907407405 0.1138154837962963 0.031026958333333333 0.108540125 0.03651890972222222 0.10859464120370371 0.03755914814814815 0.10734501157407407 0.04909869675925926 0.11131622222222222 0.05410605555555556 0.11322005324074073 0.055049375000000005 0.12469755324074074 0.06174953935185185 0.12654686574074075 0.06165262037037037 0.13971012962962964 0.06513514814814815 0.14155944444444446 0.06503822916666667 0.14525807175925926 0.06484439351851852 0.14705287037037038 0.0637072337962963 0.1632605625 0.05451305555555556
3 0.1750609097222222 0.031989606481481477 0.17315708101851854 0.03104628472222222 0.16369244444444445 0.027369921296296295 0.16184312962962963 0.027466840277777776 0.15819901851851853 0.02870091666666667 0.16010284953703702 0.02964423611111111 0.16799075462962965 0.03861871527777778 0.16804527083333334 0.0396589537037037 0.16842688657407406 0.04694062731481482 0.16663209027777778 0.048077784722222225 0.1633150787037037 0.055553296296296295 0.16152028240740743 0.05669045370370371 0.14890218287037038 0.06361031712962963 0.14895669907407408 0.06465055555555556 0.1472164189814815 0.06682795138888889 0.1675588726851852 0.06576184953703704 0.1693536712962963 0.06462469212962964 0.17664189351851853 0.06215653935185185 0.1765873773148148 0.06111630092592593 0.18371204861111112 0.05552743055555556 0.1836575324074074 0.05448719212962963 0.18289429861111112 0.039923844907407406 0.18099046990740741 0.03898052546296297 0.1750609097222222 0.031989606481481477
3 0.0669872037037037 0.057472335648148146 0.06513788888888888 0.057569254629629626 0.05409652314814815 0.059191004629629625 0.05230172453703704 0.06032816203703703 0.045340601851851854 0.06903775 0.060680280092592596 0.07866479166666666 0.06252959490740741 0.078567875 0.06992684953703704 0.07818019907407407 0.07172164814814815 0.07704304166666667 0.07873728703703703 0.06937369444444445 0.07868277083333333 0.06833345601851852 0.07650635648148148 0.06218893981481481 0.07460252546296296 0.06124562037037037 0.0669872037037037 0.057472335648148146
3 0.04724443287037037 0.06998106944444445 0.04539511805555555 0.07007798842592593 0.037834312499999995 0.06734494444444444 0.035984999999999996 0.06744186342592592 0.028642259259259256 0.06886977546296297 0.028696775462962964 0.06991001388888889 0.02353045138888889 0.07748244444444445 0.02358496759259259 0.07852268287037037 0.023803034722222224 0.0826836388888889 0.04284134027777778 0.0921168449074074 0.04469065277777778 0.09201992824074073 0.05393722453703704 0.09153533564814814 0.05573202083333333 0.09039817824074074 0.06111641203703704 0.08698670601851852 0.06106189583333333 0.08594646527777777 0.05883096527777778 0.07876171064814814 0.05692713425925926 0.07781839120370371 0.04724443287037037 0.06998106944444445
3 0.4310549768518519 0.24596849537037038 0.4291511458333333 0.24502517592592593 0.4214813055555556 0.24021165277777778 0.4196319930555556 0.24030857175925927 0.4048919976851852 0.2421241574074074 0.4030971990740741 0.2432613148148148 0.39972567129629627 0.24969658796296296 0.4094628912037037 0.25857414814814816 0.4113667222222222 0.2595174675925926 0.41702369675925927 0.2613071898148148 0.41887301157407403 0.26121027314814815 0.4280105486111111 0.2586452013888889 0.4298053449074074 0.25750804398148147 0.4333404236111111 0.25419349074074077 0.43328590740740736 0.25315325 0.4310549768518519 0.24596849537037038
3 0.3978218425925926 0.2487532662037037 0.3959725277777778 0.2488501851851852 0.39221938194444445 0.24800378240740742 0.39042458564814814 0.2491409398148148 0.38678047453703707 0.2503750162037037 0.38683499074074074 0.2514152546296296 0.3761752407407407 0.26031867824074073 0.37622975694444444 0.2613589189814815 0.3745439930555556 0.26457655324074075 0.37655685648148146 0.2676003518518519 0.3784061712962963 0.26750343518518516 0.384117662037037 0.2703333958333333 0.38596697685185183 0.27023647685185187 0.3988576574074074 0.2685178101851852 0.39880314120370375 0.26747756944444445 0.40364236574074075 0.2536637060185185 0.40173853472222226 0.2527203865740741 0.3978218425925926 0.2487532662037037
3 0.42265516435185185 0.05030662731481481 0.42075133564814815 0.049363305555555556 0.4167801226851852 0.04435594675925926 0.4148762939814815 0.043412627314814815 0.4092738356481482 0.04266314351851852 0.40742452083333336 0.0427600625 0.4000272638888889 0.043147736111111105 0.3982324675925926 0.044284893518518526 0.39105327777777776 0.04883352314814814 0.39110779398148143 0.049873761574074076 0.38958558101851853 0.05621211574074074 0.39736445370370366 0.06310611574074075 0.3992682824074074 0.06404943518518519 0.4030214282407407 0.06489583796296296 0.4048707407407407 0.06479891898148148 0.4177614236111111 0.06308025231481482 0.41955621990740743 0.0619430925925926 0.42314581481481484 0.05966877777777778 0.4230912986111111 0.05862853935185185 0.42265516435185185 0.05030662731481481
3 0.4425614861111111 0.04091861111111111 0.4406576550925926 0.03997528935185185 0.4367954768518519 0.03704840972222222 0.4349461643518518 0.037145328703703705 0.42569959259259255 0.03762992129629629 0.4239047962962963 0.03876707870370371 0.4185749212962963 0.043218789351851854 0.4186294375 0.04425903009259259 0.4187384699074074 0.04633950694444445 0.4266808935185185 0.056354224537037034 0.42858472453703705 0.05729754398148148 0.43429621527777773 0.06012750694444445 0.4361455300925926 0.06003058796296296 0.44724141203703704 0.0594490787037037 0.4471868958333334 0.05840883796296296 0.44870911111111106 0.05207048611111111 0.44680528009259257 0.051127164351851856 0.4425614861111111 0.04091861111111111
3 0.25997430555555556 0.09534073611111112 0.25812499074074075 0.0954376550925926 0.2507277361111111 0.0958253287037037 0.2489329375 0.0969624861111111 0.24751975694444445 0.10538131712962963 0.2553531458333333 0.11331555555555556 0.25720246064814817 0.11321863657407408 0.2645997152777778 0.11283096296296297 0.2663945138888889 0.11169380555555557 0.27177890509259256 0.10828233333333334 0.2717243888888889 0.1072420949074074 0.27134277083333336 0.09996042129629629 0.2694389421296296 0.09901709953703704 0.25997430555555556 0.09534073611111112
3 0.247083625 0.09705940509259259 0.2451797939814815 0.09611608333333334 0.2373464050925926 0.08818184490740741 0.23544257407407407 0.08723852314814814 0.23168943055555555 0.08639212268518517 0.22984011574074076 0.08648903935185184 0.2206480625 0.08801387037037037 0.2207025787037037 0.08905411111111111 0.21749460185185185 0.09861009953703705 0.2215203287037037 0.10465769675925926 0.22342415972222224 0.10560101851851851 0.22908113425925924 0.10739074074074074 0.2309304490740741 0.10729382175925926 0.2419718148148148 0.10567207175925926 0.24376661342592593 0.10453491435185186 0.2455614097222222 0.10339775694444445 0.2455068935185185 0.10235751851851853 0.247083625 0.09705940509259259
3 0.2128691898148148 0.08111987037037037 0.21101987731481484 0.08121678935185185 0.19432153472222224 0.08104881712962964 0.1925267361111111 0.08218597453703703 0.1872513773148148 0.08767792592592592 0.18730589583333332 0.08871816435185186 0.18746944444444444 0.09183888194444444 0.20095980787037038 0.1015628425925926 0.20280912268518517 0.10146592592592593 0.21026089583333332 0.10211849074074075 0.21205569212962963 0.10098133333333334 0.21569980324074076 0.09974725694444445 0.21564528703703706 0.09870701851851853 0.2205390300925926 0.08593339351851853 0.21863519907407408 0.08499007175925925 0.2128691898148148 0.08111987037037037
3 0.09464338657407406 0.26672836805555555 0.09273955555555556 0.26578504861111113 0.08670096527777778 0.25671365046296296 0.08479713425925926 0.25577033101851854 0.08104398842592593 0.2549239282407407 0.07919467592592593 0.25502084722222224 0.06809879166666667 0.2556023564814815 0.06630399537037036 0.2567395162037037 0.05727549074074074 0.2613850648148148 0.05733000694444445 0.26242530324074076 0.05597134259259259 0.27188437268518517 0.06755787731481482 0.28066501388888887 0.06940718981481482 0.2805680949074074 0.08235238888888888 0.27988966666666665 0.08414718518518519 0.27875250925925926 0.0914899236111111 0.27732459722222225 0.09328472222222223 0.2761874398148148 0.09681980092592593 0.27287288425925926 0.0949159699074074 0.27192956481481484 0.09464338657407406 0.26672836805555555
3 0.11590837037037037 0.24788128240740742 0.11405905787037038 0.24797820138888887 0.1011138587962963 0.24865662962962962 0.09931906250000001 0.24979378703703703 0.09208535648148147 0.25330217824074075 0.09213987268518518 0.25434241898148147 0.090508625 0.2586002916666667 0.09447983564814814 0.263607650462963 0.09632915046296296 0.2635107337962963 0.11672612037037036 0.2634848703703704 0.11852091898148148 0.26234771064814816 0.12928970138888887 0.2555247662037037 0.12738587037037036 0.25458144675925926 0.12727683796296296 0.2525009675925926 0.12537300694444445 0.25155764583333334 0.11590837037037037 0.24788128240740742
3 0.1504499050925926 0.27006225 0.14860059027777778 0.27015916898148146 0.14125785185185186 0.27158708101851853 0.13946305324074074 0.2727242384259259 0.13255644907407407 0.2824740648148148 0.13261096527777777 0.28351430324074073 0.1328290300925926 0.28767525925925924 0.13854052314814813 0.2905052222222222 0.14038983564814814 0.29040830324074074 0.15703366203703706 0.289536037037037 0.15882846064814815 0.2883988796296296 0.16410381944444444 0.28290692824074076 0.16404930092592593 0.2818666898148148 0.16181837037037036 0.2746819351851852 0.1599145416666667 0.2737386134259259 0.1504499050925926 0.27006225
3 0.09252574074074074 0.29708913888888894 0.09247122453703704 0.29604890046296295 0.09192605787037038 0.2856465092592593 0.09002222685185185 0.2847031875 0.08436525231481481 0.2829134652777778 0.0825159375 0.2830103842592593 0.0603786875 0.2852136435185185 0.058583888888888894 0.28635080324074075 0.05325401388888889 0.2908025138888889 0.05330853009259259 0.2918427523148148 0.05363563194444444 0.2980841875 0.06707147916666667 0.30676790972222223 0.06892079166666666 0.3066709907407407 0.07642708101851853 0.3083637962962963 0.07827639583333335 0.3082668773148148 0.09116707638888889 0.3065482106481482 0.09296187268518519 0.30541105324074075 0.09644243518518518 0.3010562592592593 0.09638791898148148 0.30001602083333334 0.09252574074074074 0.29708913888888894
3 0.13304709722222222 0.2918362175925926 0.13293806481481482 0.28975573842592595 0.12902137037037037 0.28578861805555555 0.12162411342592593 0.28617629166666664 0.11069178009259259 0.2898785208333333 0.10873343287037036 0.2878949606481481 0.10503480555555555 0.28808879861111114 0.10313097453703704 0.2871454768518519 0.0956792013888889 0.28649291203703703 0.09388440509259259 0.28763006944444447 0.0940479537037037 0.290750787037037 0.0922531574074074 0.29188794444444444 0.09247122453703704 0.29604890046296295 0.09834626620370371 0.3019995787037037 0.11319529398148148 0.3022644722222222 0.11270464351851851 0.29290231944444445 0.12195121296296296 0.29241772685185186 0.12782625462962963 0.2983684074074074 0.12967556944444444 0.29827148842592593 0.13147036574074075 0.29713433101851855 0.12581339120370372 0.2953446064814815 0.12385504398148148 0.2933610486111111 0.13125230092592594 0.292973375 0.13304709722222222 0.2918362175925926
1 0.17124947222222223 0.5430978703703704 0.19194083101851853 0.548689298611111 0.26123508796296296 0.4944675740740741 0.2946732592592593 0.4779031875 0.35161534953703705 0.47105952314814814 0.33978809259259257 0.45060882175925926 0.2723971666666667 0.45622682175925927 0.20770346296296296 0.45669660648148147 0.19794783796296295 0.4757749884259259 0.24391440509259257 0.4753478657407407 0.2534985532407407 0.47776625231481484 0.24834858333333332 0.48565075231481486 0.17124947222222223 0.5430978703703704