2 1 0.17294922916666666 0.9767059328703703 0.185289625 0.963035488425926 0.18816783796296296 0.9628546041666667 0.18919367824074074 0.9346092986111111 0.20007931018518518 0.9344284143518519 0.20110515277777777 0.9178489513888889 0.20981684259259262 0.9131162152777778 0.21532874768518517 0.903454974537037 0.2167984189814815 0.9032740902777777 0.21782426157407409 0.8846900254629629 0.22724022222222223 0.8670103796296296 0.23152697453703705 0.8633629421296296 0.23088383333333334 0.8252755115740741 0.24426497685185186 0.8234517939814815 0.2439434074074074 0.8156142708333334 0.24573464814814816 0.8010394097222222 0.25374206712962966 0.6947955254629629 0.2910684143518519 0.6946146435185185 0.29209425694444446 0.5929374953703704 0.33551452314814817 0.5927566111111111 0.3365403634259259 0.5785435185185185 0.342496099537037 0.5739916643518518 0.3469821666666667 0.535723349537037 0.361389150462963 0.5355424675925926 0.3624149930555556 0.5003789398148148 0.3805426435185185 0.4396982407407407 0.40474828935185186 0.4395173564814815 0.4057741296296296 0.4333226689814815 0.40891278240740736 0.39723984027777776 0.4215896574074074 0.3970589583333333 0.4226154976851852 0.36845188425925923 0.4355528125 0.3485867523148148 0.4415696782407408 0.33545895833333333 0.44137036574074073 0.298637712962963 0.44757061805555554 0.2652830208333333 0.4554398564814815 0.23922319907407405 0.46459537500000003 0.23904231712962964 0.46562121527777783 0.23503311342592592 0.46702975694444443 0.23230497685185186 0.4718373935185185 0.23923808333333335 0.4751753587962963 0.2756975625 0.4710267893518519 0.35006358564814816 0.45452291666666667 0.3518873032407407 0.4548444861111111 0.3925368703703704 0.4482615324074074 0.3927177523148148 0.4472356921296296 0.41148270138888887 0.4367938888888889 0.4439180925925926 0.42347387500000006 0.4440989768518519 0.4224480347222222 0.45867383796296296 0.4144406157407407 0.5075078101851852 0.3934347523148148 0.5233637407407407 0.38882642824074076 0.5235446226851852 0.3878005856481482 0.5403049699074074 0.3780630555555555 0.5541562962962963 0.3741590023148148 0.5543371805555556 0.3731331597222222 0.5767495648148148 0.36333449999999995 0.6086423078703703 0.35309200925925927 0.6088231898148148 0.3520661689814815 0.6647562685185185 0.32279244444444444 0.7070337847222222 0.30697691898148144 0.7072146689814814 0.30595107638888885 0.7276224513888889 0.2968566875 0.7771948402777779 0.28232744444444446 0.7773757245370371 0.2813016018518518 0.8138203194444444 0.2665730462962963 0.815644037037037 0.26689461805555553 0.8369711203703704 0.26325100462962964 0.8455321782407408 0.25735639814814815 0.8699491643518519 0.2468534675925926 0.8914571296296296 0.24218401388888888 0.9074939421296295 0.23654984722222222 0.9140503981481481 0.23135951157407408 0.9439385393518519 0.22182129166666667 0.9441194212962963 0.2207954513888889 0.958513400462963 0.21381387268518517 0.9743693287037037 0.2092055486111111 0.9747310972222223 0.20715386574074074 0.9865778217592592 0.20395408333333334 0.9867587060185186 0.20292824074074076 1 0.1973797199074074 1 0.17294922916666666
2 0 0.8296302569444444 0.005991071759259259 0.8275254305555556 0.007814789351851852 0.827847 0.0378838125 0.8172829398148148 0.03970753009259259 0.8176045115740741 0.0437167337962963 0.8161959699074074 0.04554045138888889 0.8165175393518518 0.05556346064814815 0.8129961875 0.05738717824074074 0.8133177569444444 0.06741018518518518 0.8097964027777778 0.06923390277777777 0.8101179745370369 0.07324310648148148 0.8087094328703704 0.07506682407407407 0.8090310046296296 0.07707142592592593 0.8083267337962964 0.0788951435185185 0.8086483032407408 0.08290434722222223 0.8072397615740741 0.08472806481481482 0.8075613333333332 0.08873726851851851 0.8061527916666668 0.09056098611111112 0.8064743634259259 0.09457018981481483 0.8050658217592592 0.0963939074074074 0.8053873912037036 0.10040311111111111 0.8039788495370371 0.10222682870370371 0.8043004212962963 0.10824063425925926 0.8021876087962964 0.11006435185185186 0.8025091805555555 0.11407355555555555 0.8011006388888888 0.11589727314814814 0.8014222083333334 0.11990647685185186 0.8000136666666667 0.12173019444444444 0.8003352384259259 0.12573939814814816 0.7989266967592592 0.12756311574074075 0.7992482662037038 0.12956771759259259 0.7985439976851851 0.1332151527777778 0.7991871388888889 0.13521975462962962 0.7984828680555555 0.1370434722222222 0.7988044375 0.13904807407407407 0.7981001666666666 0.14087179166666666 0.7984217384259259 0.14251462731481482 0.7997691504629629 0.14798578240740742 0.8007338611111111 0.14999038194444445 0.8000295925925925 0.15363781944444443 0.8006727337962963 0.1538187037037037 0.7996468912037037 0.15582330324074076 0.7989426203703703 0.1560041875 0.7979167800925926 0.15800878935185186 0.7972125092592592 0.15818967361111114 0.7961866666666666 0.162198875 0.794778125 0.16237975925925927 0.7937522847222221 0.16638896296296296 0.7923437430555557 0.16656984722222223 0.791317900462963 0.16857444675925926 0.7906136319444445 0.16875533101851853 0.7895877893518518 0.17276453472222222 0.7881792476851851 0.1729454189814815 0.7871534074074075 0.1849730277777778 0.7829277824074075 0.18515391203703704 0.7819019421296296 0.19918612268518518 0.7769720462962963 0.19936700462962964 0.7759462037037037 0.2133992175925926 0.7710163101851852 0.21358009953703705 0.7699904675925926 0.22761231018518518 0.7650605740740741 0.22779319444444446 0.7640347314814814 0.2418254050925926 0.7591048379629629 0.24200628935185187 0.7580789953703703 0.25002469675925926 0.7552619120370371 0.2502055787037037 0.7542360717592593 0.2542147824074074 0.7528275300925926 0.2543956666666667 0.7518016875 0.26040946990740743 0.7496888773148148 0.2605903541666667 0.7486630347222223 0.26860875925925926 0.7458459513888889 0.26878964351851853 0.7448201111111111 0.27279884722222225 0.7434115694444444 0.2733414976851852 0.7403340439814814 0.3134335300925926 0.7262486296296297 0.31361441203703705 0.7252227893518518 0.35370644444444443 0.711137375 0.3538873287037037 0.7101115347222223 0.35589193055555557 0.7094072638888889 0.3560728125 0.7083814212962963 0.3600820162037037 0.7069728796296296 0.360262900462963 0.7059470393518518 0.36627670370370374 0.7038342268518518 0.36645758796296296 0.7028083842592593 0.3684621898148148 0.7021041134259259 0.372109625 0.7027472569444444 0.37411422685185186 0.7020429861111112 0.37593794444444445 0.7023645555555555 0.37794254629629626 0.7016602847222222 0.3815899837962963 0.702303425925926 0.38359458564814813 0.7015991550925926 0.3854183032407408 0.7019207268518519 0.3874229050925926 0.7012164560185185 0.3892466226851852 0.7015380254629631 0.38942750462962966 0.7005121851851852 0.39143210648148147 0.6998079143518519 0.3916129907407408 0.698782074074074 0.3976267962962963 0.696669261574074 0.3978076782407407 0.6956434189814815 0.40382148379629634 0.6935306064814816 0.40400236805555556 0.6925047662037037 0.414025375 0.688983412037037 0.41584909259259256 0.6893049837962963 0.4218628981481482 0.6871921712962963 0.4220437824074074 0.6861663287037038 0.4280575856481481 0.6840535185185185 0.42841935416666665 0.6820018356481482 0.4304239560185185 0.6812975648148147 0.43060483796296295 0.6802717222222222 0.4207478310185185 0.6721872499999999 0.41527667592592593 0.671222537037037 0.41126747453703705 0.6726310787037036 0.4094437546296297 0.6723095092592593 0.40543455324074074 0.673718050925926 0.40361083564814815 0.6733964791666667 0.40160623379629634 0.67410075 0.401425349537037 0.6751265902777779 0.39741614583333335 0.6765351319444444 0.3972352638888889 0.677560974537037 0.3912214583333333 0.6796737870370371 0.3910405740740741 0.6806996273148148 0.38502677083333336 0.6828124398148148 0.3848458865740741 0.6838382800925926 0.37883208101851856 0.6859510925925926 0.3770083634259259 0.6856295231481482 0.37500376157407406 0.6863337939814814 0.37318004398148147 0.6860122222222222 0.35914783333333333 0.6909421180555555 0.35896694907407406 0.6919679583333334 0.34894394212962965 0.6954893125 0.3471202222222222 0.6951677430555555 0.34511562268518514 0.6958720115740741 0.34329190277777777 0.6955504421296297 0.34311102083333334 0.6965762824074074 0.31905580092592595 0.7050275324074073 0.3188749166666667 0.7060533726851852 0.29481969907407407 0.7145046226851852 0.2946388148148148 0.7155304629629629 0.29062961111111113 0.7169390046296296 0.29044872916666664 0.7179648449074074 0.2844349236111111 0.7200776574074075 0.28425403935185184 0.7211035 0.2782402361111111 0.7232163125 0.2780593518518519 0.7242421527777778 0.2720455462962963 0.7263549652777778 0.27186466435185186 0.7273808055555555 0.25983705324074075 0.7316064305555555 0.25801333564814816 0.731284861111111 0.2519995324074074 0.7333976712962963 0.25181864814814814 0.7344235138888889 0.24580484259259258 0.7365363263888889 0.24562396064814815 0.7375621666666666 0.23359634953703703 0.7417877916666668 0.2334154675925926 0.7428136319444444 0.21938325462962963 0.7477435277777778 0.2192023726851852 0.7487693703703704 0.20717476157407408 0.7529949930555555 0.20699387962962965 0.7540208356481481 0.1949662685185185 0.7582464583333334 0.1947853865740741 0.7592723009259259 0.18075317592592594 0.7642021967592593 0.1805722916666667 0.765228037037037 0.16854468287037036 0.769453662037037 0.1683637986111111 0.7704795023148149 0.16234999305555556 0.7725923148148148 0.16052627546296297 0.7722707430555557 0.14048025925925925 0.7793134513888889 0.13865654166666666 0.7789918796296297 0.13665193981481483 0.7796961504629629 0.13482822222222224 0.7793745810185185 0.13081901851851852 0.7807831226851852 0.12899530092592593 0.7804615509259258 0.12498609722222222 0.7818700925925925 0.12316237962962963 0.7815485231481482 0.11514397453703704 0.7843656041666667 0.11496309027777778 0.7853914467592593 0.10894928472222222 0.7875042592592593 0.10876840277777777 0.788530099537037 0.10676380092592594 0.7892343703703704 0.10129264583333333 0.7882696574074074 0.09928804398148149 0.7889739282407408 0.0938168912037037 0.7880092175925926 0.0898076875 0.7894177592592593 0.08962680324074074 0.790443599537037 0.08762220138888889 0.7911478703703703 0.0857984837962963 0.7908263009259259 0.08379388194444444 0.7915305694444444 0.08197016435185185 0.7912089999999999 0.07996556249999999 0.7919132708333334 0.07814184490740742 0.7915916990740741 0.07613724305555555 0.7922959699074075 0.07431352546296296 0.791974400462963 0.07230892361111112 0.7926786712962963 0.07048520601851851 0.792357099537037 0.06848060416666667 0.7930613703703704 0.06665688657407408 0.7927398009259259 0.05663387731481481 0.7962611527777779 0.054810159722222224 0.7959395833333333 0.044787152777777776 0.7994609351851851 0.042963432870370376 0.7991393657407407 0.03294042592592593 0.8026607199074074 0.031116708333333333 0.8023391481481482 0.021093699074074074 0.8058605023148148 0.01926998148148148 0.8055389305555556 0.009246974537037036 0.8090602847222222 0.007423256944444444 0.8087387152777779 0 0.8113467060185185 0 0.8296302569444444
2 1 0.20048410416666668 0.9953952407407407 0.2038605625 0.993607537037037 0.20448862962962963 0.9919004884259259 0.20465927546296298 0.9883248819444445 0.2059154837962963 0.9830422430555555 0.2073422337962963 0.9610986273148149 0.21290618981481482 0.9546869513888888 0.2207370972222222 0.9240122361111112 0.2615507476851852 0.9238509236111111 0.2624655925925926 0.9229570532407407 0.26277972916666664 0.8804266967592592 0.3137659861111111 0.8802653842592593 0.3146808310185185 0.8075786111111112 0.37025454861111107 0.8074172824074074 0.3711694976851852 0.7535758541666666 0.4149731111111111 0.7534145439814814 0.4158879560185185 0.6783818935185185 0.4800094907407408 0.6782205625000001 0.48092443749999997 0.6773267106481482 0.4812384722222222 0.6472906435185185 0.5136749212962963 0.6324240023148149 0.5219016712962963 0.630474988425926 0.5234445856481481 0.6287679398148148 0.5236152314814815 0.6286066087962964 0.5245301805555556 0.607146962962963 0.5273493935185185 0.6061724374999999 0.5281209537037037 0.6035713564814814 0.5286056018518518 0.6017029953703704 0.5296910925925926 0.6080474328703703 0.5317530787037037 0.6129267916666667 0.5326134398148148 0.6138206435185185 0.5322994050925925 0.6154470347222222 0.5325861828703704 0.6156083472222222 0.531671337962963 0.624143787037037 0.530818037037037 0.6290231435185185 0.531678400462963 0.6290297430555556 0.5363962199074074 0.6261868773148147 0.5382531689814815 0.6245604837962964 0.5379663912037037 0.5564368634259259 0.6009479513888889 0.5546491597222223 0.6015760208333333 0.49959123842592595 0.6475234606481481 0.49885869907407404 0.646922650462963 0.4856858888888889 0.6455432175925926 0.48479203703703705 0.6458572523148148 0.5065068865740741 0.6511012060185185 0.5097598518518518 0.6516747916666666 0.5658187361111111 0.6238268657407408 0.5659800671296297 0.6229119189814816 0.566954574074074 0.6221404606481481 0.5671158865740741 0.6212256157407408 0.6312672199074074 0.5665051967592593 0.6333777476851852 0.5640473680555556 0.6353267800925926 0.5625043518518519 0.6355687476851851 0.5611320833333333 0.636462599537037 0.5608180486111111 0.6728296874999999 0.5210081157407407 0.6746982476851853 0.5199225555555556 0.6748595601851852 0.5190077083333333 0.7075838009259259 0.49034687499999996 0.7095328333333334 0.4888038587962963 0.7122950462962963 0.48740433333333333 0.7134310671296297 0.48571796064814815 0.7165159189814815 0.4824886412037037 0.7166772314814814 0.4815737962962963 0.7639256342592593 0.4323627476851852 0.7666072083333333 0.43142054166666666 0.7675817152777777 0.43064908564814813 0.7696920625 0.42819122453703706 0.7709087199074074 0.4260475300925926 0.8315403564814815 0.37721664814814815 0.8569097777777778 0.35678514351851853 0.8587781574074074 0.3556995509259259 0.9249723981481481 0.3084142314814815 0.9258664490740741 0.308100125 0.9274928425925927 0.30838690277777775 0.9283866944444445 0.30807286805555556 0.928628662037037 0.30670059953703704 0.9455183726851851 0.29175569212962965 0.9461636388888889 0.2880962083333333 0.9458077592592593 0.26633717592592593 0.9477569583333334 0.2647942939814815 0.9526229143518519 0.25621908564814816 0.9665084120370371 0.24404617592592592 0.9718649212962963 0.23744415046296297 0.9737334814814815 0.23635858796296297 0.9738947939814815 0.23544374305555557 0.9747886458333334 0.23512970833333335 0.9889093449074075 0.2168665763888889 0.9912618425925926 0.21303647685185184 0.9939433981481481 0.212094375 0.9956504444444444 0.21192372916666666 0.9965442962962963 0.21160969444444444 1 0.20429806018518518 1 0.20048410416666668
2 0.8029638981481482 0.42988221527777776 0.7975273425925926 0.4572335925925926 0.7934438587962963 0.47343046527777777 0.7874516342592592 0.4865289212962963 0.7794260000000001 0.5006677939814815 0.7754105625000001 0.5095170439814815 0.7746357986111112 0.5139600069444444 0.7699186342592592 0.5200703773148148 0.7629131157407407 0.5237880694444444 0.7588235925925927 0.5332675717592592 0.7521133680555556 0.5434773587962963 0.7320856180555556 0.5630772384259259 0.7314952129629629 0.5664255833333334 0.7182515023148148 0.5858406921296296 0.717956300925926 0.5875148657407407 0.7146896481481482 0.5921175439814815 0.7034775995370371 0.6174148101851853 0.6975346990740741 0.6232718171296296 0.6896388101851852 0.636724988425926 0.6890484050925926 0.6400733356481482 0.6872084375 0.6435465949074074 0.682598449074074 0.666210287037037 0.6736347916666666 0.6822371435185185 0.6708995023148148 0.6838263101851851 0.6567111458333333 0.7085987731481481 0.6293089537037037 0.7317317685185185 0.6284184907407407 0.7333009814814815 0.6283004097222222 0.733970650462963 0.6500889259259259 0.7391935347222223 0.6513384884259259 0.7390686226851853 0.7052327800925925 0.6805586828703704 0.7158745856481481 0.630648574074074 0.7407436273148148 0.5835923564814814 0.764741474537037 0.5519184444444444 0.7674177222222222 0.5506641134259259 0.7856055046296296 0.5345374953703703 0.7894083796296297 0.530374613425926 0.806268125 0.500894511574074 0.8130769999999999 0.4762018287037037 0.8156747592592593 0.4614692060185185 0.8290171203703705 0.4275712013888889 0.8306799652777778 0.42510244444444445 0.8350635092592592 0.41068470601851853 0.8440223078703704 0.3912045416666667 0.8491143541666667 0.37276868287037035 0.8517266874999999 0.3683959837962963 0.8524942106481481 0.3640431319444445 0.8339473287037037 0.3787254537037037 0.8255596666666667 0.38104417824074077 0.8088527337962963 0.40666626620370366 0.8101959537037038 0.40975233564814817 0.8097236296296296 0.4124310115740741 0.8073497962962962 0.4154020625 0.8068160972222223 0.41847788425925925 0.8041815370370371 0.4229275833333333 0.802789175925926 0.42734319675925925 0.8029638981481482 0.42988221527777776
2 0.6382322175925926 0.4102413888888889 0.6382714120370371 0.4075023101851852 0.633206425925926 0.38588922453703706 0.6323741782407408 0.3755072939814815 0.6261388935185186 0.34794625 0.6179679652777778 0.3514982222222222 0.6180137199074074 0.3839592175925926 0.6376445787037037 0.4513281296296296 0.6337340625000001 0.5162934398148148 0.6403149768518518 0.5142084861111111 0.6450852314814816 0.5098072592592593 0.6472624537037037 0.49745961805555555 0.6470670763888889 0.4809490231481482 0.648137837962963 0.4773932314814815 0.6541923148148149 0.4682256157407408 0.6545163865740741 0.45380372685185183 0.6459154722222222 0.4270737939814815 0.6382322175925926 0.4102413888888889
2 0.6592848796296296 0.38307145601851855 0.6577162870370371 0.38524881712962966 0.6584455810185185 0.3878313587962963 0.6633809791666666 0.39143563888888894 0.664041462962963 0.3928258263888889 0.6675547453703703 0.40787166898148147 0.6675072407407407 0.4209820763888889 0.6657029675925926 0.43378261111111116 0.6638027268518519 0.4407074236111111 0.6598878101851852 0.4485098935185185 0.6646820601851852 0.4917938402777778 0.6717325671296296 0.48704570138888886 0.6752116481481482 0.48241669907407403 0.6747636157407407 0.4698557800925926 0.6760513125000001 0.4675864722222222 0.6737004537037037 0.44819944675925927 0.6775182129629629 0.44018014583333337 0.6797156481481481 0.43778185416666665 0.6796463078703704 0.4341247731481481 0.6824017430555556 0.4240210023148148 0.6829532361111111 0.41837653472222225 0.6775892291666666 0.3984582106481482 0.6765875856481481 0.3970086087962963 0.6764442824074074 0.3908436064814815 0.6738494398148148 0.3854583888888889 0.6680177199074074 0.3545816342592593 0.6614835972222223 0.3287153842592592 0.6601033518518519 0.3264748981481482 0.6564038587962963 0.3273203310185185 0.6526226273148148 0.3311471782407407 0.6499546851851852 0.33117599999999997 0.6509967152777777 0.33785032407407406 0.6495844282407407 0.3433430092592593 0.6516259861111111 0.356933787037037 0.6511563935185185 0.35959697453703704 0.6554816805555556 0.3753379212962963 0.6606167361111112 0.38260353703703703 0.6592848796296296 0.38307145601851855
2 0.43134871064814817 0.8476515833333332 0.4309656435185185 0.8461107175925926 0.4188332824074074 0.8270283217592592 0.3947869513888889 0.8086690092592592 0.38903794675925923 0.8140395879629629 0.42113179166666664 0.8511294375 0.4333868425925926 0.8521853171296295 0.43134871064814817 0.8476515833333332
2 0.17343326157407407 0.48303771064814816 0.1682384560185185 0.4707286388888889 0.15745289583333333 0.4692411689814815 0.066351125 0.4846637337962963 0.0768648449074074 0.4960463055555555 0.17261264351851852 0.4835144328703703 0.17343326157407407 0.48303771064814816
2 0.6775637037037037 0.8404115856481481 0.6825667291666667 0.8290210532407407 0.6898090393518518 0.8170627222222222 0.6934951967592592 0.8131405208333333 0.6963895300925926 0.8064316111111112 0.7178862106481482 0.7839921041666668 0.7214936157407408 0.7829437430555556 0.7404597708333334 0.7602986736111111 0.7275773912037037 0.7435886412037037 0.7277008449074074 0.7428885046296296 0.7055765763888888 0.7616077199074075 0.704873625 0.7631682152777778 0.7025110694444444 0.7644361828703703 0.6676407175925926 0.8044907800925926 0.6253530300925926 0.8793337986111112 0.6193898240740742 0.8864641249999999 0.6317306689814814 0.9013941180555556 0.6323546875 0.9027074305555556 0.6424499953703703 0.8842735347222223 0.6533440486111111 0.8734404814814815 0.6535498032407406 0.872273585648148 0.6576098888888888 0.8686579537037038 0.6631168842592593 0.8616877152777778 0.6670056111111111 0.8541916041666666 0.6775637037037037 0.8404115856481481
2 0.5342645648148148 0.7723720902777778 0.5330608449074075 0.7719192060185185 0.49906996759259264 0.7293482337962963 0.48475402083333335 0.7256206643518518 0.5255239074074074 0.7806972268518519 0.5476944652777778 0.8539112638888888 0.5480203055555556 0.8496371828703704 0.5490147013888889 0.8488499837962963 0.5516275300925926 0.8485887893518518 0.555142349537037 0.8407860069444445 0.549357900462963 0.8274933518518518 0.5437211805555555 0.8012321412037038 0.5444653032407407 0.7994381666666667 0.535677224537037 0.7740650949074074 0.5342645648148148 0.7723720902777778
2 0.5538662268518518 0.8745370601851852 0.5847729722222222 0.8413581273148147 0.5842919907407408 0.8405773263888889 0.5844110300925925 0.8399022199074074 0.5948546736111111 0.8227774513888889 0.5972498078703703 0.8197197222222222 0.5988044467592593 0.8161657939814815 0.6002127407407407 0.8151961296296297 0.6093920069444444 0.79471625 0.6095407847222222 0.7938724953703704 0.6128039027777779 0.7894018356481481 0.6135204976851852 0.7870921180555556 0.6146585439814815 0.7859008055555555 0.6142073356481481 0.7849511527777778 0.619109300925926 0.772939363425926 0.6225856018518519 0.770768261574074 0.6227343796296296 0.7699245069444445 0.6244402453703705 0.7672672314814816 0.6314448495370371 0.7573661712962964 0.6324341203703704 0.7570186134259259 0.6331829189814814 0.7562805532407407 0.6356078078703704 0.7530540717592593 0.6357268310185185 0.7523790671296297 0.6352160925925925 0.7517670185185185 0.6247703032407408 0.7460970902777778 0.5921079398148148 0.7892326365740742 0.5899211111111111 0.7911090069444445 0.5758276759259259 0.8148984351851851 0.5671294097222223 0.8361590138888888 0.5653913402777777 0.8372446319444444 0.5642828657407407 0.8382671620370371 0.5497011412037037 0.8560543611111112 0.5483546226851852 0.8584268981481481 0.5356572939814815 0.8725443171296297 0.5538662268518518 0.8745370601851852
3 0.2552531458333333 0.8429181851851851 0.2570768634259259 0.8432397569444445 0.2683809398148148 0.8431174976851852 0.2685618217592593 0.8420916574074074 0.2836793356481482 0.8310067129629629 0.2856839375 0.8303024421296296 0.29789243055555553 0.8250509768518519 0.2980733125 0.8240251342592593 0.2980584305555556 0.813445150462963 0.2964155949074074 0.812097738425926 0.2936725763888889 0.8063253888888888 0.29202974305555557 0.8049779768518519 0.2854584050925926 0.7995883287037038 0.2836346851851852 0.7992667592592592 0.2750587476851852 0.7945813819444445 0.27323502777777775 0.7942598101851851 0.26064988657407406 0.7909829745370371 0.2586452847222222 0.7916872453703704 0.2420509375 0.7898189490740741 0.24004633564814815 0.7905232199074074 0.2227284560185185 0.7927582916666667 0.22072385416666668 0.7934625625 0.20851536111111113 0.7987140277777778 0.20833447916666667 0.7997398680555555 0.19904988657407408 0.8097378425925926 0.19886900462962964 0.8107636828703704 0.19760281944444444 0.8179445740740741 0.19926053703703703 0.8298719699074074 0.20090337037037037 0.8312193819444444 0.2040081574074074 0.834940048611111 0.205831875 0.8352616180555555 0.2158697662037037 0.84232025 0.21769348379629627 0.8426418194444445 0.2339260625 0.8465617986111111 0.23593066435185187 0.8458575277777778 0.2552531458333333 0.8429181851851851
3 0.3515782013888889 0.8831730856481482 0.35358280324074076 0.8824688148148148 0.36414846064814815 0.8758699375 0.3643293449074074 0.8748440949074074 0.37142845138888886 0.8665762337962962 0.3716093356481482 0.8655503935185186 0.3730564027777778 0.857343662037037 0.37141356712962964 0.85599625 0.3697558518518519 0.8440688541666667 0.3681130162037037 0.8427214421296296 0.36555088194444446 0.8359232523148149 0.3639080462962963 0.834575837962963 0.3467561666666667 0.8252050833333333 0.34493244907407405 0.8248835138888888 0.3232287152777778 0.819998824074074 0.32122411342592594 0.8207030949074074 0.31374835879629626 0.8204426527777777 0.31174375694444445 0.8211469236111112 0.2769419953703704 0.8372228912037037 0.2767611134259259 0.8382487314814815 0.2700237731481482 0.8444649097222222 0.2698428912037037 0.8454907523148149 0.26803405555555554 0.8557491666666667 0.2731583240740741 0.8693455462962963 0.27480115972222224 0.8706929583333334 0.2864818842592593 0.879099 0.2883056041666667 0.8794205717592593 0.2952387083333333 0.8827585370370371 0.29706242592592597 0.8830801087962963 0.31548049074074075 0.8852699722222221 0.3174850925925926 0.8845657037037037 0.3515782013888889 0.8831730856481482
3 0.4039680231481481 0.927316113425926 0.40414890740740744 0.9262902731481482 0.40833899305555554 0.9238558888888889 0.40851987731481487 0.9228300486111111 0.41179066435185185 0.9149448888888889 0.4119715462962963 0.9139190462962963 0.4139612662037037 0.9026347916666666 0.4159658680555556 0.9019305208333334 0.423230974537037 0.8820568333333333 0.4234118564814815 0.8810309930555555 0.4226734398148148 0.8745543726851851 0.4208497222222223 0.8742328032407407 0.4035169583333333 0.8658878888888888 0.4016932407407407 0.8655663171296296 0.3889272152777778 0.8633153217592593 0.3869226134259259 0.8640195925925925 0.37744225694444444 0.8644634236111111 0.37726137268518517 0.8654892638888889 0.3657912962962963 0.877217349537037 0.36378669444444445 0.8779216203703704 0.3464836967592593 0.890736675925926 0.3463028148148148 0.8917625162037036 0.34358956018518516 0.907150138888889 0.354727636574074 0.9186337060185186 0.35655135416666667 0.918955275462963 0.3685938472222222 0.9253096365740741 0.3704175648148148 0.9256312083333333 0.3868310277777778 0.9285253425925926 0.38883562962962964 0.9278210717592593 0.3943067824074074 0.9287857847222222 0.3963113842592592 0.9280815138888889 0.4039680231481481 0.927316113425926
3 0.42975766435185186 0.8557065277777777 0.4281148287037037 0.8543591157407407 0.4122440162037037 0.8483874560185185 0.4104202986111111 0.8480658842592592 0.3956496712962963 0.8465191597222222 0.39364506944444444 0.8472234305555555 0.37797002314814815 0.8508059143518518 0.37778914120370366 0.8518317546296296 0.3750610046296296 0.8566393912037037 0.3776231388888889 0.8634375810185185 0.37944685648148146 0.8637591527777778 0.3909318171296296 0.8626110509259258 0.3927555347222222 0.8629326226851852 0.401874125 0.8645404768518519 0.4035169583333333 0.8658878888888888 0.4246780416666667 0.8738501018518519 0.4248589259259259 0.8728242615740741 0.42975766435185186 0.8557065277777777
3 0.5369357314814814 0.8344109421296296 0.537116613425926 0.8333851018518518 0.5378252662037037 0.8187017499999999 0.5361824305555556 0.817354337962963 0.534901363425926 0.8139552430555556 0.5330776458333334 0.8136336736111112 0.5223162199074074 0.8106784074074075 0.5203116180555556 0.8113826782407407 0.5166641828703704 0.810739537037037 0.5146595810185185 0.8114438078703704 0.508645775462963 0.8135566203703704 0.5084648935185185 0.8145824606481482 0.5017275532407408 0.8207986388888889 0.5015466712962963 0.8218244791666666 0.4997378356481481 0.8320828935185185 0.5161661805555555 0.8455570162037037 0.5179898981481481 0.8458785856481482 0.525103886574074 0.8481907106481481 0.527108488425926 0.8474864398148149 0.5385934467592592 0.8463383402777778 0.5387743310185185 0.8453124976851852 0.5411406990740741 0.8425565439814814 0.5394978657407408 0.8412091319444445 0.5369357314814814 0.8344109421296296
3 0.5263849537037038 0.8515898055555555 0.526565837962963 0.8505639629629629 0.5269276064814815 0.8485122800925926 0.525103886574074 0.8481907106481481 0.5108759097222223 0.8435664629629629 0.5092330763888889 0.8422190486111112 0.5026617361111111 0.8368294004629631 0.5028426203703704 0.8358035601851852 0.4995569513888889 0.833108736111111 0.4997378356481481 0.8320828935185185 0.49918030092592597 0.8245804328703704 0.4973565833333333 0.8242588634259259 0.49571374999999995 0.8229114513888889 0.49370914814814815 0.8236157222222222 0.4835052569444444 0.8281629166666667 0.4833243726851852 0.8291887569444444 0.47987270370370366 0.8380997592592593 0.4891870601851852 0.8492617569444444 0.4910107777777778 0.8495833263888889 0.4995867175925926 0.8542687060185186 0.5014104351851851 0.854590275462963 0.5123527430555556 0.856519699074074 0.5143573449074074 0.8558154305555555 0.5200093819444445 0.855754300925926 0.5220139837962963 0.8550500300925926 0.5263849537037038 0.8515898055555555
3 0.5939987569444445 0.830722125 0.5919941574074075 0.8314263958333333 0.574344275462963 0.8568731180555557 0.5741633912037037 0.8578989606481481 0.5734398564814815 0.8620023263888889 0.5794536620370371 0.8598895138888888 0.5812773796296297 0.8602110856481482 0.5925814560185185 0.860088826388889 0.5945860578703703 0.8593845555555555 0.604789949074074 0.8548373611111111 0.6049708310185186 0.8538115185185186 0.6054985995370371 0.8401540092592592 0.6038557662037037 0.8388065972222222 0.5939987569444445 0.830722125
3 0.5905768541666666 0.8607930972222222 0.588753136574074 0.860471525462963 0.573801625 0.8599506435185185 0.5736207407407408 0.8609764837962963 0.5710734884259259 0.8647582800925926 0.5816540300925926 0.868739386574074 0.5836586319444445 0.8680351157407408 0.5986101435185185 0.8685559976851851 0.6006147453703704 0.8678517291666666 0.6069903171296296 0.8636872337962963 0.607171199074074 0.8626613912037037 0.6086182685185185 0.8544546597222222 0.6066136666666666 0.8551589305555555 0.5905768541666666 0.8607930972222222
3 0.6291920509259259 0.8337544444444445 0.6275492175925926 0.8324070324074073 0.6264490324074075 0.8279820949074074 0.624806199074074 0.8266346828703703 0.6147683078703703 0.8195760532407407 0.6129445902777777 0.8192544814814815 0.5999976805555556 0.8180293287037037 0.5998167962962963 0.8190551689814816 0.5958224768518519 0.8310436967592593 0.6025746967592593 0.8354075023148149 0.6023938148148148 0.8364333449074074 0.6098844537037037 0.8472737708333333 0.6118890555555555 0.8465695000000001 0.6235548958333333 0.8443955578703704 0.6237357800925927 0.8433697175925926 0.6279258680555556 0.8409353333333334 0.6281067499999999 0.8399094930555555 0.6291920509259259 0.8337544444444445
3 0.2502032893518519 0.8822217291666666 0.25220789120370374 0.8815174583333333 0.26587833564814817 0.8786392476851852 0.26605921990740744 0.8776134050925926 0.26094983101851854 0.8745970115740741 0.25912611342592595 0.8742754398148148 0.24964575694444446 0.8747192685185184 0.24782203935185187 0.874397699074074 0.24253176851851851 0.8724071458333333 0.2408889328703704 0.8710597337962963 0.2102326111111111 0.8529613634259259 0.20840889351851852 0.8526397939814815 0.1991094189814815 0.8520577800925926 0.19892853472222224 0.8530836226851852 0.19620040046296297 0.8578912592592592 0.19748146759259258 0.8612903541666667 0.19912430092592592 0.8626377662037037 0.2060574074074074 0.8659757314814814 0.20770024074074075 0.8673231435185186 0.2124478611111111 0.8723912222222223 0.2142715787037037 0.8727127916666667 0.22631407175925927 0.8790671527777777 0.22813778935185186 0.8793887222222223 0.2502032893518519 0.8822217291666666
3 0.1669018472222222 0.7681062500000001 0.16708273148148148 0.7670804074074075 0.1681680324074074 0.7609253587962963 0.16652519675925925 0.7595779467592593 0.15101615277777777 0.7515546041666666 0.14919243518518518 0.7512330324074074 0.1382501273148148 0.7493036087962963 0.13624552546296295 0.7500078796296296 0.13059348611111113 0.7500690092592592 0.13041260416666667 0.7510948495370371 0.1101857037037037 0.7591633981481481 0.11000481944444444 0.7601892407407407 0.1085577523148148 0.7683959722222222 0.11312448842592593 0.7744898912037037 0.11494820601851853 0.7748114606481481 0.11987671064814814 0.7788536967592592 0.12170042824074073 0.7791752685185186 0.13099990277777776 0.7797572800925926 0.13300450462962962 0.7790530092592592 0.1526887523148148 0.7740619861111111 0.15469335416666666 0.7733577152777777 0.1669018472222222 0.7681062500000001
3 0.01960438425925926 0.7467052662037038 0.03197180787037037 0.7510824722222222 0.033761405092592595 0.7521105185185185 0.03794447453703703 0.7532820949074074 0.04110415972222222 0.7534003773148148 0.04365535879629629 0.753850224537037 0.05308510416666667 0.756531224537037 0.06585619444444445 0.7555776435185185 0.06886214351851852 0.7555792268518519 0.06921275231481482 0.7555370740740741 0.06983483333333333 0.7519600254629629 0.0720516087962963 0.7479121134259259 0.07362020138888889 0.74573475 0.07624079861111112 0.743660275462963 0.0775370023148148 0.7431087500000001 0.07734389583333333 0.7427951412037037 0.07552017824074074 0.7424735717592592 0.04285925462962963 0.7250794722222222 0.04103553472222222 0.724757900462963 0.038307400462962965 0.729565537037037 0.03630279861111111 0.7302698078703704 0.02445607175925926 0.7334695902777777 0.024275189814814815 0.7344954328703704 0.019904217592592595 0.7379556574074074 0.018638034722222224 0.7451365462962962 0.01960438425925926 0.7467052662037038
3 0.058029437499999996 0.7597073217592593 0.057753793981481484 0.7580733842592593 0.05292413888888889 0.7566933402777778 0.05173898148148148 0.755956025462963 0.05033551157407407 0.7553914467592593 0.037342011574074074 0.7523605625 0.03450018287037037 0.7524935833333333 0.023384622685185184 0.7505336087962964 0.02272798148148148 0.7499950486111111 0.020029282407407405 0.7482509699074074 0.019666354166666667 0.7492438657407408 0.029903782407407407 0.7615119143518518 0.03240075231481482 0.7622693078703704 0.04238975462962963 0.7663557523148148 0.04348307407407407 0.7665485347222223 0.045068914351851855 0.7671452708333334 0.04796624074074075 0.7677618148148149 0.052589634259259256 0.7649837037037037 0.053826101851851854 0.7632992824074074 0.058029437499999996 0.7597073217592593
3 0.12925517592592592 0.5763643171296297 0.1294360601851852 0.575338474537037 0.12851675925925926 0.5698876967592592 0.12687392592592592 0.5685402847222222 0.11062646296296297 0.5540403217592592 0.10880274537037037 0.5537187523148148 0.09457476851851851 0.5490945023148148 0.09293193287037037 0.5477470902777778 0.07504163657407406 0.5318997152777778 0.07321791898148147 0.5315781458333334 0.0619138425925926 0.5317004050925925 0.059909243055555554 0.5324046759259259 0.05152906944444444 0.5372734398148148 0.051348185185185184 0.5382992824074074 0.04679633101851852 0.5427853472222223 0.04661544675925926 0.5438111898148148 0.044083078703703704 0.5581729699074074 0.05449762037037037 0.5737599027777778 0.056140453703703706 0.5751073148148148 0.07511605092592592 0.5847996412037036 0.07693976851851853 0.5851212106481481 0.09700066898148148 0.5886584884259259 0.09900527083333334 0.5879542175925926 0.10648102546296297 0.5882146597222222 0.10848562731481481 0.5875103888888888 0.12925517592592592 0.5763643171296297
3 0.21622122685185186 0.5737172638888889 0.2182258287037037 0.5730129930555555 0.22241591666666666 0.5705786111111111 0.22423963425925925 0.5709001805555555 0.22824883796296297 0.5694916388888889 0.23007255555555556 0.5698132106481482 0.24666690046296297 0.5716815046296296 0.24867150231481483 0.5709772337962963 0.2526807060185185 0.5695686944444445 0.2545044236111111 0.569890263888889 0.25614725925925924 0.5712376759259259 0.25596637499999997 0.5722635185185185 0.25360000694444446 0.5750194722222223 0.25177628935185187 0.574697900462963 0.24612425000000002 0.5747590300925925 0.24411964814814816 0.5754633009259259 0.23391575694444444 0.5800104953703704 0.233734875 0.581036337962963 0.226108 0.6029617060185186 0.22775083564814816 0.6043091180555555 0.2293936689814815 0.6056565300925926 0.23121738657407406 0.6059781018518519 0.25090163657407405 0.6009870763888889 0.25272535416666664 0.6013086481481481 0.2718669537037037 0.5993951481481481 0.27204783564814816 0.5983693055555556 0.2765996898148148 0.5938832407407408 0.2767805740740741 0.5928573981481482 0.27840852546296296 0.5836248263888889 0.2767656898148148 0.5822774143518519 0.2743844398148148 0.5744533842592593 0.27274160416666665 0.5731059722222223 0.27109877083333334 0.5717585578703703 0.26927505092592596 0.5714369884259259 0.2501185717592592 0.5627705046296296 0.2484757361111111 0.5614230902777778 0.2231096851851852 0.545315275462963 0.22128596527777777 0.5449937037037037 0.2066962222222222 0.5424211388888889 0.20469162037037036 0.5431254097222222 0.19338754398148147 0.5432476689814815 0.1913829421296296 0.5439519398148148 0.18555002083333333 0.5450389097222222 0.1853691388888889 0.5460647523148148 0.18482648842592594 0.549142275462963 0.21109695833333333 0.5601208842592592 0.2109160740740741 0.5611467268518519 0.21201625694444445 0.565571662037037 0.2100116574074074 0.5662759328703704 0.20309343518518516 0.573517951388889 0.2047362685185185 0.5748653634259259 0.21148849074074075 0.5792291712962963 0.21331220833333334 0.5795507430555555 0.21622122685185186 0.5737172638888889
3 0.5946352847222223 0.6351531921296297 0.592992449074074 0.6338057800925926 0.5887874791666666 0.6256601782407407 0.586963761574074 0.6253386064814814 0.5767449884259259 0.6193058171296296 0.5749212685185184 0.6189842476851851 0.5674455138888889 0.6187238055555555 0.5672646296296296 0.6197496458333334 0.5537899513888889 0.6321820023148148 0.5536090694444444 0.6332078425925927 0.5497956319444444 0.6441705277777778 0.5530813009259259 0.6468653518518518 0.5549050185185185 0.6471869236111111 0.5638427268518519 0.6498206180555556 0.5658473287037037 0.6491163472222223 0.5751468009259258 0.6496983587962963 0.5771514027777778 0.648994087962963 0.5868126435185185 0.6475244189814815 0.5869935277777778 0.6464985763888889 0.5946352847222223 0.6351531921296297
3 0.6034516388888889 0.6811326666666666 0.6036325231481482 0.6801068263888889 0.608727025462963 0.6725432361111111 0.6070841921296297 0.6711958240740741 0.6043411736111111 0.665423474537037 0.6026983379629629 0.6640760625 0.5928413310185185 0.6559915902777779 0.591017613425926 0.6556700208333334 0.5860891087962963 0.6516277847222222 0.5842653912037037 0.651306212962963 0.5751468009259258 0.6496983587962963 0.573142199074074 0.6504026296296296 0.5598335231481482 0.6512291597222223 0.5596526388888888 0.652255 0.5534579513888889 0.6553936550925926 0.5532770671296297 0.6564194953703704 0.5520108819444445 0.663600386574074 0.556939386574074 0.6676426226851851 0.5587631041666666 0.6679641921296297 0.572810199074074 0.6736142824074074 0.5744530324074074 0.6749616944444445 0.5824863217592593 0.6827245972222222 0.5843100393518519 0.6830461666666666 0.591604912037037 0.6843324513888889 0.5936095138888888 0.6836281805555556 0.6034516388888889 0.6811326666666666
3 0.638419400462963 0.6534508726851852 0.6367765648148148 0.6521034606481481 0.6342144305555556 0.6453052708333333 0.6325715949074074 0.6439578587962963 0.6292859259259259 0.6412630347222221 0.6274622083333333 0.6409414652777777 0.6075821944444444 0.6363783449074073 0.6055775925925926 0.6370826157407408 0.5960972337962963 0.6375264444444445 0.5959163518518518 0.638552287037037 0.589179011574074 0.6447684652777779 0.5889981296296296 0.6457943055555555 0.5882745949074074 0.6498976712962963 0.6076268425925926 0.668118300925926 0.6094505601851852 0.6684398703703704 0.6149217152777778 0.6694045833333333 0.6169263171296295 0.6687003125 0.6305967592592593 0.6658220995370371 0.6307776435185185 0.6647962592592592 0.6375149814814814 0.6585800810185185 0.6376958657407408 0.6575542384259259 0.638419400462963 0.6534508726851852
3 0.6442820879629629 0.6735238726851852 0.6426392523148148 0.6721764606481481 0.6320587106481482 0.6681953541666666 0.6300541087962963 0.668899625 0.6205737523148147 0.6693434537037036 0.618569150462963 0.6700477245370371 0.6083652592592592 0.6745949189814815 0.608184375 0.6756207592592594 0.6047327060185185 0.684531761574074 0.607475724537037 0.690304111111111 0.6091185601851853 0.6916515231481482 0.6140470625 0.6956937592592592 0.6158707800925926 0.6960153310185185 0.6393982314814814 0.7012215902777778 0.6414028333333334 0.7005173194444445 0.6461206875000001 0.6844254282407407 0.6444778541666666 0.6830780162037037 0.6442820879629629 0.6735238726851852
3 0.1667278310185185 0.3851751134259259 0.16690871527777776 0.3841492731481481 0.1683557824074074 0.37594254166666663 0.16671294907407408 0.37459512962962965 0.16561276388888888 0.37017019212962965 0.16396993055555556 0.3688227800925926 0.15228920370370372 0.3604167361111111 0.15046548611111113 0.3600951666666667 0.1203815787037037 0.36007924305555555 0.12020069675925926 0.36110508333333335 0.1160106087962963 0.3635394675925926 0.11418689120370369 0.36321789583333336 0.10306369907407407 0.36231431249999996 0.10105909722222223 0.3630185833333333 0.10051644675925926 0.3660961087962963 0.10946903703703705 0.37930978703703705 0.11111187268518519 0.380657199074074 0.12425454861111111 0.39143649768518524 0.12607826620370371 0.39175806712962963 0.14632004861111111 0.3942695046296296 0.14832465046296298 0.3935652337962963 0.15816677314814814 0.3910697199074074 0.15834765740740742 0.3900438796296296 0.1667278310185185 0.3851751134259259
3 0.13848252546296297 0.3960607453703704 0.13665880787037038 0.39573917361111116 0.13136853703703702 0.39374862037037034 0.12954481944444443 0.39342705092592595 0.1202453449074074 0.39284503703703705 0.11824074305555556 0.3935493078703704 0.08889525462962962 0.40001000462962966 0.08871437037037036 0.40103584490740746 0.08215791435185185 0.40622618055555554 0.08197703009259259 0.4072520231481481 0.08143437962962963 0.41032954629629625 0.08800571990740741 0.4157191967592592 0.09001031944444444 0.4150149259259259 0.11845139351851852 0.4136834375 0.12045599305555556 0.4129791666666667 0.14451121296296296 0.40452791898148144 0.1446920972222222 0.40350207638888885 0.14505386342592594 0.4014503935185185 0.1434110300925926 0.4001029814814815 0.13848252546296297 0.3960607453703704
3 0.7363517986111111 0.15137059490740742 0.734708962962963 0.1500231828703704 0.7284993912037038 0.14258185185185185 0.7266756736111112 0.1422602800925926 0.7215662870370371 0.13924388657407408 0.7197425694444445 0.13892231481481482 0.7033291064814814 0.13602817824074073 0.7013245046296297 0.13673244907407409 0.6878349444444445 0.13858481944444445 0.6876540601851852 0.13961066203703704 0.6790930046296296 0.1455052685185185 0.6789121203703703 0.1465311111111111 0.6780077037037038 0.15166031712962963 0.6803889537037037 0.15948434953703702 0.6820317893518519 0.16083176157407408 0.6875029421296296 0.1617964722222222 0.6895075439814815 0.16109220138888888 0.7296144583333333 0.15758677314814815 0.7316190601851852 0.15688250231481482 0.7356282638888888 0.15547396064814814 0.7358091481481481 0.15444811805555556 0.7363517986111111 0.15137059490740742
3 0.7247454861111111 0.19586447453703706 0.7227408865740741 0.19656874537037036 0.7189125648148148 0.19695144675925927 0.7187316828703705 0.19797728703703704 0.7163653148148148 0.20073324074074073 0.7300506412037037 0.20843501388888888 0.7320552430555556 0.20773074305555556 0.7393501134259259 0.20901702546296297 0.7413547152777779 0.20831275462962964 0.7488304722222222 0.20857319675925926 0.750835074074074 0.2078689259259259 0.7610389652777777 0.20332173148148147 0.7593961296296295 0.20197431944444444 0.7247454861111111 0.19586447453703706
3 0.7592152476851852 0.2030001597222222 0.759034363425926 0.20402600231481482 0.7488304722222222 0.20857319675925926 0.7470067546296296 0.208251625 0.7300506412037037 0.20843501388888888 0.7298697569444444 0.20946085416666665 0.7296888726851852 0.21048669675925924 0.7433742013888889 0.2181884699074074 0.7451979189814815 0.21851003935185187 0.7619731481481481 0.21935249305555557 0.76397775 0.21864822222222222 0.7670676527777778 0.2117889027777778 0.7654248171296296 0.21044149074074076 0.7645055162037038 0.20499071296296295 0.7626817986111112 0.2046691435185185 0.7592152476851852 0.2030001597222222
3 0.719470099537037 0.2044539074074074 0.717827263888889 0.20310649537037037 0.7145415949074073 0.2004116712962963 0.7127178773148147 0.20009009953703705 0.7090704421296296 0.19944695833333334 0.7070658402777779 0.2001512291666667 0.6904714930555556 0.19828293518518517 0.6884668912037036 0.19898720601851852 0.6764392824074074 0.20321282870370372 0.6762583981481481 0.20423867129629628 0.6758966319444445 0.2062903541666667 0.6826488541666668 0.2106541597222222 0.6844725717592594 0.21097573148148147 0.702890636574074 0.2131655972222222 0.7048952384259259 0.2124613263888889 0.7145564791666666 0.21099165509259257 0.7147373611111112 0.2099658148148148 0.7187465648148148 0.20855727314814818 0.7189274490740741 0.20753143055555553 0.719470099537037 0.2044539074074074
3 0.7643120393518518 0.06745091203703704 0.7644929236111111 0.06642506944444444 0.7655782245370369 0.06027002083333333 0.7639353888888889 0.0589226087962963 0.7630160902777777 0.05347183101851852 0.7613732546296297 0.05212441898148148 0.7564447523148148 0.04808218287037037 0.7546210324074074 0.04776061342592592 0.7495116458333334 0.044744217592592596 0.7476879282407408 0.04442264814814815 0.7330981828703704 0.04185008101851852 0.7310935810185185 0.04255435185185185 0.7250797777777778 0.044667164351851855 0.7248988935185184 0.04569300462962963 0.7189148541666667 0.06896578703703704 0.723662474537037 0.07403386574074074 0.7254861921296296 0.07435543518518518 0.7342430162037038 0.07801497222222223 0.7362476180555555 0.07731070138888889 0.7473708101851853 0.07821428472222222 0.7493754120370371 0.0775100138888889 0.7572129351851852 0.07571877314814815 0.7573938171296296 0.07469293055555556 0.7643120393518518 0.06745091203703704
3 0.6918762013888888 0.030350590277777777 0.6898716018518519 0.03105486111111111 0.6895098333333333 0.03310654398148148 0.6960811712962963 0.03849619212962963 0.6959002893518518 0.039522032407407405 0.6966387060185185 0.045998652777777774 0.6984624236111111 0.04632022222222222 0.7163378379629629 0.051587613425925924 0.7183424375 0.05088334259259259 0.7316362314814815 0.0394768287037037 0.7299933981481481 0.038129416666666666 0.6918762013888888 0.030350590277777777
3 0.3452664791666667 0.03383601851851852 0.3493700138888889 0.034251465277777775 0.3523302685185185 0.0337720787037037 0.3559070787037037 0.032515449074074075 0.3609089652777778 0.029776997685185186 0.3629979351851852 0.028026905092592595 0.3652333449074074 0.026610858796296297 0.3670421828703703 0.024118238425925927 0.3685707847222222 0.02049762962962963 0.3688995972222222 0.018244666666666666 0.3685659444444444 0.017030363425925926 0.3678682847222222 0.016714837962962963 0.36581090046296294 0.017122310185185185 0.35962602777777775 0.01919004398148148 0.35358624537037037 0.020436009259259258 0.3505550810185185 0.02248209259259259 0.34835363888888893 0.024481863425925926 0.34422426620370367 0.029261481481481482 0.34346248148148145 0.030475243055555556 0.3430206736111111 0.0325926712962963 0.3443565 0.03356006018518519 0.3452664791666667 0.03383601851851852
3 0 0.6275489050925926 0.0038845787037037035 0.6261841481481482 0.005527412037037037 0.6275315601851852 0.006627597222222222 0.6319564976851851 0.011375217592592593 0.6370245740740741 0.029612398148148148 0.6402402824074074 0.031978766203703705 0.6374843287037038 0.0381734537037037 0.634345673611111 0.04747292824074074 0.6349276875000001 0.06497169212962962 0.6316667754629629 0.06533345833333333 0.6296150925925926 0.07407539814814815 0.6226946435185184 0.07808460185185186 0.6212861018518518 0.09485983101851853 0.6221285555555556 0.09540248148148149 0.6190510300925927 0.0975879675925926 0.6173209189814814 0.09594513194444444 0.6159735069444444 0.09611113425925925 0.6043676805555556 0.07986367129629629 0.5898677175925926 0.07293056712962963 0.5865297523148149 0.0680020625 0.5824875162037036 0.06435462731481481 0.5818443750000001 0.06271179166666667 0.5804969629629629 0.04848381481481482 0.5758727152777778 0.046840979166666664 0.5745253032407407 0.0395461087962963 0.5732390185185184 0.03754150694444444 0.5739432893518518 0.03024663425925926 0.5726570069444444 0.028242032407407407 0.5733612777777778 0.024594597222222223 0.572718136574074 0.022047344907407406 0.5764999305555555 0.03647108796296296 0.5906783240740741 0.036847738425925924 0.599206625 0.03484313657407407 0.5999108958333332 0.025724546296296297 0.5983030416666666 0.023719944444444446 0.5990073125 0.012777636574074073 0.5970778888888889 0.008768432870370371 0.5984864305555555 0.002211976851851852 0.6036767662037037 0 0.6031571574074074 0 0.6275489050925926