2 0.8020951597222222 0.20041642129629628 0.8106163425925926 0.18572034953703703 0.9352062013888889 0.08274060648148147 0.9545679398148148 0.05573222453703704 0.9251379305555555 0.051911041666666664 0.810291113425926 0.16101741666666666 0.7035240787037037 0.22976824537037038 0.6705277013888888 0.26297367361111107 0.600976326388889 0.30974193055555554 0.6111358333333333 0.31361308564814816 0.6035535231481481 0.32370173148148146 0.5846779444444444 0.3254771111111111 0.5579507800925926 0.35472959953703703 0.5597707592592592 0.3854932060185185 0.635575798611111 0.31514465046296297 0.7705542083333333 0.21113158333333334 0.8020951597222222 0.20041642129629628
2 0.7778410833333333 0.402508625 0.7979124537037037 0.448736787037037 0.8304201527777778 0.4909296435185185 0.8761308680555556 0.5304407222222223 0.8932429560185186 0.5369496782407408 0.8965321319444444 0.5390327222222222 0.8650251666666667 0.500845849537037 0.8374383541666667 0.4808766805555556 0.8047854699074074 0.43530763194444444 0.7819961875 0.38234386574074075 0.7688146296296297 0.37117502083333337 0.7495006458333334 0.34309107175925924 0.7313055787037037 0.3317264398148148 0.7778410833333333 0.402508625
2 0.5686306435185186 0.7859117824074074 0.5681614768518519 0.7866937662037037 0.5625325416666667 0.7899906805555555 0.5858146018518519 0.8161480208333333 0.6375892662037037 0.8655342175925925 0.6625935092592592 0.9019781157407407 0.6775517916666667 0.9017157824074075 0.6704744143518518 0.8879380694444444 0.6227947731481481 0.8355913657407407 0.5686306435185186 0.7859117824074074
2 0 0.5957045787037037 0.1468799351851852 0.560226912037037 0.1499874560185185 0.5501135740740741 0.14315574537037037 0.5449718379629629 0 0.5753178935185185 0 0.5957045787037037
3 0 0.8361209074074074 0.007967909722222222 0.8299961134259258 0.00809485648148148 0.8289622106481481 0.012532636574074075 0.8232101643518519 0.012659583333333333 0.8221762638888889 0.01862073148148148 0.8040173912037036 0.016909629629629632 0.8027578055555556 0.017925208333333335 0.7944865856481482 0.016214106481481482 0.793227 0.008293337962962962 0.7817595578703703 0.006455289351851852 0.781533875 0 0.782678736111111 0 0.8361209074074074
3 0 0.7796603773148149 0.016788055555555556 0.7733571736111111 0.016915002314814815 0.7723232708333333 0.04074884490740741 0.7605568472222223 0.04087579166666667 0.7595229467592594 0.05197024305555556 0.7451428310185185 0.052097189814814815 0.7441089305555556 0.05241724537037037 0.7263069074074074 0.050706143518518515 0.7250473217592592 0.04107427314814815 0.7123202939814816 0.039363171296296295 0.7110607060185186 0.028969618055555556 0.7045370925925926 0.027131569444444444 0.7043114074074074 0.007674719907407407 0.6956254699074074 0.005836671296296296 0.6953997870370371 0 0.6938353402777778 0 0.7796603773148149
3 0.030897002314814816 0.9167706041666667 0.028932006944444446 0.9175788217592592 0.021198972222222223 0.9197777939814814 0.021072025462962964 0.9208116944444446 0.016507296296296298 0.9275976435185185 0.021640599537037036 0.9313764027777778 0.023478648148148148 0.9316020856481482 0.030830842592592594 0.9325048217592593 0.03279583796296296 0.9316966041666667 0.04090971527777777 0.9263959259259259 0.041036662037037035 0.9253620231481482 0.03996029861111111 0.9189329259259259 0.038122249999999996 0.9187072430555555 0.030897002314814816 0.9167706041666667
3 0 0.9112124467592593 0.004783483796296296 0.9167127361111111 0.006621532407407407 0.9169384189814814 0.017522875 0.919326425925926 0.01948787037037037 0.9185182060185185 0.027347854166666668 0.9152853333333333 0.027474800925925927 0.9142514305555556 0.02874427314814815 0.9039124097222222 0.027033171296296298 0.9026528217592592 0.022026814814814815 0.897840162037037 0.020188766203703704 0.8976144791666667 0.005357432870370371 0.8968429074074074 0.0033924375 0.8976511273148148 0 0.9001296898148148 0 0.9112124467592593
3 0 0.8962812175925926 0.0015543888888888888 0.8974254421296296 0.0052304837962962964 0.8978768101851853 0.0071954814814814815 0.8970685925925926 0.013217414351851852 0.8936100347222222 0.011506312500000001 0.892350449074074 0.008464953703703704 0.8867295694444445 0.006753851851851851 0.8854699837962963 0 0.8826435902777777 0 0.8962812175925926
3 0.12154069675925926 0.8775247592592592 0.11970264814814816 0.877299074074074 0.10759799305555555 0.8695158726851852 0.10575994444444445 0.8692901898148149 0.08896361574074074 0.869326837962963 0.08699861805555555 0.8701350578703704 0.07704669444444444 0.8752100509259259 0.07691974537037037 0.8762439537037038 0.07381222453703704 0.8863572916666667 0.07698053472222223 0.8909442685185185 0.07881858101851852 0.8911699513888889 0.08578993287037037 0.8951743935185185 0.08762798148148149 0.8954000787037038 0.1044243125 0.8953634305555556 0.10638930787037036 0.8945552106481481 0.12210927314814815 0.8880894652777778 0.1222362199074074 0.8870555625000001 0.12154069675925926 0.8775247592592592
3 0.17573273379629628 0.8768322777777777 0.17402163194444445 0.8755726921296296 0.16350112962962962 0.8700829791666668 0.16166308101851853 0.8698572962962963 0.14486675000000002 0.8698939444444443 0.14290175462962965 0.870702162037037 0.1270548425925926 0.8782018101851852 0.12692789583333333 0.879235712962963 0.12382037500000001 0.8893490509259259 0.1340869814814815 0.8969065694444445 0.1359250300925926 0.8971322523148147 0.14143917592592592 0.8978093055555555 0.14340417129629632 0.8970010856481481 0.1631810763888889 0.8878850023148148 0.1650191226851852 0.8881106851851852 0.17642825694444444 0.8863630833333334 0.17655520370370373 0.8853291805555555 0.17573273379629628 0.8768322777777777
3 0.19778393981481482 0.9099750185185186 0.19791088888888891 0.9089411157407407 0.19601205324074072 0.8940151180555556 0.1943009513888889 0.8927555300925926 0.18549155092592592 0.8885254050925927 0.1836535023148148 0.8882997199074074 0.17262521296296296 0.8869456157407407 0.17066021527777778 0.8877538356481481 0.1650191226851852 0.8881106851851852 0.16305412731481483 0.8889189027777777 0.14733416203703703 0.895384650462963 0.14720721527777778 0.8964185532407407 0.14315027777777778 0.8990688912037037 0.1430233287037037 0.9001027939814814 0.14251554166666666 0.9042384027777778 0.15030936342592593 0.9167397476851852 0.15214741203703705 0.9169654305555556 0.15740766203703704 0.919710287037037 0.15924571064814813 0.9199359699074073 0.18142923842592593 0.921610275462963 0.1833942361111111 0.9208020578703704 0.1912542175925926 0.9175691851851852 0.19138116435185187 0.9165352824074074 0.19778393981481482 0.9099750185185186
3 0.1991088287037037 0.9447708449074074 0.19923577546296298 0.9437369421296297 0.20063219444444444 0.9323640185185185 0.1989210925925926 0.9311044305555556 0.1957527847222222 0.9265174537037036 0.1940416851851852 0.9252578680555555 0.18878143287037036 0.9225130115740741 0.18694338425925924 0.9222873287037038 0.16463290972222222 0.921646925925926 0.16266791435185185 0.9224551435185185 0.15075099305555556 0.9283383541666667 0.15062404398148146 0.9293722569444444 0.14593237037037035 0.9371921064814814 0.14884678472222224 0.9438468888888889 0.15055788425925926 0.9451064745370371 0.16082449305555555 0.9526639930555555 0.16266254166666666 0.952889675925926 0.18104302546296297 0.9551465162037037 0.18300802083333334 0.9543382986111111 0.19061410879629628 0.9531732291666666 0.19074105555555557 0.9521393263888889 0.1991088287037037 0.9447708449074074
3 0.10530756944444446 0.9185606481481481 0.10543451851851851 0.9175267453703704 0.11132950462962964 0.9151020902777778 0.11316755324074074 0.9153277731481482 0.11500560185185185 0.9155534583333333 0.11513254861111111 0.9145195555555555 0.11589423148148148 0.9083161412037037 0.11418313194444443 0.9070565555555555 0.11126871759259259 0.900401775462963 0.10943066898148147 0.9001760902777778 0.0985293263888889 0.8977880856481482 0.09656433101851852 0.8985963032407407 0.09105018518518519 0.8979192500000001 0.08908518981481482 0.8987274699074074 0.08331715046296297 0.9001182222222222 0.08319020138888888 0.901152125 0.07311132870370371 0.9072610208333333 0.07298438194444444 0.9082949212962963 0.07013075694444444 0.9163404560185185 0.08160067592592592 0.9292931689814815 0.08343872453703705 0.9295188518518519 0.08869897453703704 0.9322637083333334 0.09053702314814815 0.9324893935185186 0.10169226157407409 0.9328095949074074 0.10365725694444444 0.9320013773148148 0.11582807175925926 0.9240503587962963 0.11595501851851851 0.9230164583333333 0.10530756944444446 0.9185606481481481
3 0.14669405324074075 0.9309886944444444 0.14865904861111112 0.9301804768518518 0.15347767129629628 0.921326724537037 0.15176656944444444 0.920067136574074 0.1385855486111111 0.905854837962963 0.13662055324074074 0.9066630578703704 0.12470363194444445 0.9125462685185185 0.12457668518518518 0.9135801712962963 0.12552610416666668 0.9210431712962963 0.12356110648148147 0.9218513888888888 0.120961375 0.9278291180555556 0.11899637962962963 0.9286373356481482 0.11481249537037037 0.9323215787037037 0.11823469675925925 0.93484075 0.12007274537037037 0.9350664351851852 0.1274249398148148 0.9359691689814815 0.12913603935185186 0.9372287569444444 0.1376915462962963 0.9435266874999999 0.1395295949074074 0.9437523703703704 0.1470087361111111 0.9436212060185185 0.14713568287037038 0.9425873032407408 0.14669405324074075 0.9309886944444444
3 0.15476326157407408 0.8196841018518518 0.15292521296296296 0.8194584189814814 0.14924911805555555 0.8190070509259259 0.14728412037037036 0.8198152685185185 0.1398049814814815 0.8199464351851852 0.13783998379629628 0.8207546527777778 0.13536719907407407 0.8256984814814815 0.13695135416666668 0.8279919699074073 0.1387894027777778 0.8282176527777778 0.14772575 0.8314138773148149 0.1496907453703704 0.8306056597222222 0.1593887777777778 0.8275984699074074 0.15951572453703702 0.8265645671296297 0.15989656481481482 0.8234628611111111 0.1581854652777778 0.822203275462963 0.15476326157407408 0.8196841018518518
3 0.14559988425925927 0.6663830185185184 0.14376183564814815 0.6661573333333334 0.13507938194444444 0.6608933055555555 0.13324133564814813 0.6606676203703704 0.12576219444444445 0.6607987870370371 0.12563524537037038 0.6618326898148148 0.12341635648148148 0.664708712962963 0.12633077083333333 0.6713634930555555 0.12816881712962963 0.6715891782407408 0.1298799189814815 0.6728487638888888 0.13171796759259258 0.6730744467592593 0.1410351574074074 0.6731689652777777 0.14300015277777778 0.6723607476851852 0.14693014351851852 0.6707443101851852 0.14705709027777777 0.6697104074074074 0.14559988425925927 0.6663830185185184
3 0.1800203888888889 0.6443720902777778 0.1780553935185185 0.6451803078703704 0.17596344907407407 0.6470224282407407 0.17412540277777777 0.6467967430555556 0.17044930555555557 0.646345375 0.1684843101851852 0.6471535949074074 0.16575762962962964 0.6541652268518519 0.16879899074074076 0.6597861041666667 0.17063703935185184 0.6600117893518518 0.18388421990740741 0.6584898703703703 0.18584921527777779 0.6576816527777778 0.1905408912037037 0.6498618009259259 0.18882978935185182 0.6486022152777778 0.1889567361111111 0.6475683124999999 0.18724563425925925 0.6463087268518519 0.1800203888888889 0.6443720902777778
3 0.15587186574074074 0.6435060023148148 0.15403381712962963 0.6432803171296295 0.13578028009259258 0.639989576388889 0.13381528472222223 0.6407977939814815 0.13121555092592593 0.6467755231481481 0.13609496064814813 0.6526220879629631 0.13793300925925925 0.6528477708333333 0.14148215972222222 0.6543330416666667 0.1434471550925926 0.6535248240740741 0.15105324305555554 0.6523597546296296 0.15118018981481482 0.6513258518518519 0.15523712962962963 0.6486755138888889 0.1553640763888889 0.6476416111111112 0.15587186574074074 0.6435060023148148
3 0.059458444444444446 0.33466242129629625 0.05774734259259259 0.33340283564814815 0.054579034722222225 0.3288158587962963 0.052867935185185184 0.32755627314814817 0.04247437962962963 0.3210326574074074 0.04063633101851852 0.32080697453703705 0.0313191412037037 0.3207124560185185 0.029354145833333335 0.3215206736111111 0.025424155092592594 0.32313711111111115 0.025297208333333335 0.32417101388888886 0.022697476851851854 0.3301487430555556 0.023900789351851852 0.3355439375 0.025611888888888892 0.33680352314814815 0.03271018981481481 0.3397740648148148 0.03454823842592593 0.33999974768518515 0.049252625 0.34180521990740736 0.05121762037037037 0.34099700231481483 0.05895065509259259 0.3387980300925926 0.059077604166666665 0.33776412962962965 0.059458444444444446 0.33466242129629625
3 0.0759347199074074 0.3524277962962963 0.07422362037037038 0.35116820833333334 0.0676331087962963 0.34406206018518515 0.06579506018518519 0.343836375 0.060407863425925926 0.3421254212962963 0.05844286574074074 0.3429336388888889 0.041519590277777775 0.34400418981481484 0.0413926412037037 0.3450380925925926 0.03891985648148148 0.3499819212962963 0.05051672453703704 0.3619007314814815 0.05235477314814815 0.3621264143518519 0.05958001851851852 0.36406305324074073 0.06154501388888889 0.3632548333333333 0.0652211111111111 0.36370620138888893 0.06718610648148149 0.3628979837962963 0.07320804166666667 0.3594394259259259 0.07333498842592592 0.35840552546296295 0.0759347199074074 0.3524277962962963
3 0.047094520833333334 0.3593815578703704 0.04538342129629629 0.35812197222222225 0.03695486111111111 0.3507901388888889 0.0351168125 0.35056445370370376 0.02408852314814815 0.34921035185185184 0.022123527777777777 0.3500185694444444 0.02015853240740741 0.35082678703703707 0.020031583333333332 0.35186068981481483 0.018508217592592593 0.3642675162037037 0.023514574074074073 0.36908017824074074 0.025352622685185185 0.36930586111111113 0.03270481481481481 0.3702085972222222 0.0346698125 0.3694003796296296 0.04240284722222222 0.3672014074074074 0.04252979398148148 0.36616750694444444 0.04658673379629629 0.3635171666666666 0.04671368055555555 0.3624832638888889 0.047094520833333334 0.3593815578703704
3 0.07758503472222221 0.3389870671296296 0.07574698611111111 0.33876138194444444 0.0686486875 0.3357908425925926 0.06681063888888888 0.3355651574074074 0.0630075949074074 0.33614769212962964 0.06288064814814814 0.33718159490740746 0.06053481018518519 0.34109151851851854 0.0694711574074074 0.34428774305555554 0.07118225925925926 0.3455473310185185 0.07777276851851853 0.3526534791666667 0.07961081712962963 0.3528791643518519 0.08157581250000001 0.3520709444444445 0.08170275925925925 0.35103704166666666 0.0825913912037037 0.34379972685185184 0.08088028935185186 0.3425401412037037 0.07758503472222221 0.3389870671296296
3 1 0.29343053703703703 0.9833889328703704 0.3011783055555555 0.9832619861111112 0.30221220833333334 0.9768592106481481 0.30877247222222226 0.976732261574074 0.3098063726851852 0.9760975254629629 0.31497588425925926 0.9787580462962964 0.3236984699074074 0.9804691458333333 0.32495805555555557 0.9852216087962963 0.3318385208333333 0.9869327106481482 0.3330981087962963 0.9940310092592592 0.33606864814814813 0.9957421111111111 0.3373282337962963 1 0.3409359791666667 1 0.29343053703703703
3 0.5485294513888889 0.6214025023148148 0.546818349537037 0.6201429143518519 0.5423197824074074 0.6111946458333334 0.5406086805555556 0.6099350601851852 0.5252087708333333 0.5985987824074074 0.5233707222222223 0.5983730995370371 0.5057519212962963 0.5899128472222223 0.5040408194444445 0.5886532592592593 0.48388844675925924 0.5704365185185185 0.4820503981481481 0.5702108356481482 0.4748251527777778 0.5682741967592593 0.47469820601851853 0.5693080995370371 0.4727332083333333 0.5701163171296296 0.4726062615740741 0.5711502199074074 0.4689909513888889 0.5853991666666667 0.48337528472222224 0.6050066597222222 0.4850863865740741 0.6062662476851851 0.5075845972222223 0.6205730625 0.5094226458333333 0.6207987476851853 0.5220350902777778 0.6244463402777778 0.5238731388888889 0.6246720231481482 0.5478947152777778 0.626572011574074 0.5480216620370371 0.6255381111111111 0.5485294513888889 0.6214025023148148
3 0.39198065277777777 0.5895868541666667 0.4015517361111111 0.5876135671296296 0.40522783333333334 0.5880649351851852 0.4128339212962963 0.5868998657407407 0.4142303402777778 0.5755269421296296 0.4032020509259259 0.5741728379629629 0.3992720601851852 0.5757892731481481 0.3878629282407407 0.5775368773148148 0.37060291203703705 0.5712196550925925 0.35752678935185184 0.5612181944444444 0.35287921990740745 0.5585485648148149 0.350914224537037 0.5593567847222223 0.3492031226851852 0.5580971990740741 0.3509887222222222 0.5562174629629629 0.34761896990740737 0.5558037106481482 0.346161761574074 0.5524763194444444 0.3540217453703704 0.5492434467592593 0.3523106435185185 0.5479838587962963 0.3449584490740741 0.5470811226851852 0.344450662037037 0.5512167314814815 0.33880956944444446 0.5515735833333333 0.32651180555555553 0.5605585023148149 0.3207437662037037 0.5619492546296296 0.32036292361111113 0.5650509606481481 0.3287914837962963 0.5723827939814815 0.3306295324074074 0.5726084791666667 0.34457223611111115 0.580617363425926 0.35110195833333335 0.5730231967592593 0.3579463634259259 0.5780615416666667 0.3592766226851852 0.5824228356481481 0.36295271990740746 0.5828742037037037 0.3626988263888889 0.5849420069444444 0.3663749212962963 0.585393375 0.36833991666666666 0.5845851574074074 0.36662881712962964 0.5833255717592593 0.37714097916666667 0.5762203865740742 0.3857709837962963 0.5793789976851852 0.38367904166666666 0.5812211180555555 0.3829173587962963 0.5874245300925925 0.38659345370370374 0.5878758981481481 0.38830455555555554 0.5891354861111111 0.39198065277777777 0.5895868541666667
3 0.6238733171296297 0.7219591435185185 0.6204511157407407 0.7194399699074074 0.6172828078703704 0.7148529930555555 0.6096767199074073 0.7160180625 0.6088727199074073 0.7225661087962962 0.5993439513888889 0.7241947615740741 0.5976328518518519 0.7229351759259259 0.6014999050925925 0.7187922384259259 0.5983310601851852 0.717248712962963 0.5990292708333333 0.7115622523148148 0.5843248819444444 0.7097567800925927 0.5803948912037037 0.7113732175925925 0.5781760023148148 0.7142492384259259 0.5742460092592593 0.7158656759259259 0.5724079629629629 0.7156399930555556 0.5733573796296296 0.7231029907407408 0.5691734930555555 0.7267872314814815 0.5687926527777778 0.7298889398148148 0.5755101087962963 0.7359611875 0.5826084097222223 0.7389317268518518 0.5881225532407407 0.7396087777777778 0.6072647222222223 0.7356622060185186 0.6088488750000001 0.7379556944444444 0.6143630208333334 0.7386327453703703 0.6163280162037036 0.7378245277777778 0.6246957893518519 0.7304560439814815 0.6252035763888889 0.7263204351851852 0.6234924768518518 0.7250608495370371 0.6238733171296297 0.7219591435185185
3 0.672987462962963 0.7626227523148148 0.6731144120370369 0.7615888495370371 0.6793902384259259 0.7560624884259259 0.6795171875 0.7550285856481481 0.6753994606481482 0.7429786087962964 0.6736883587962963 0.7417190231481482 0.6597456550925926 0.7337101388888889 0.6579076064814815 0.7334844537037036 0.6450412685185185 0.7319046666666666 0.6430762731481481 0.7327128842592593 0.6374351805555556 0.7330697361111111 0.6354701851851852 0.7338779537037037 0.6256452060185185 0.7379190439814814 0.6255182592592592 0.7389529467592593 0.6229185277777778 0.7449306759259259 0.6336929236111111 0.7483525856481482 0.6354040254629629 0.7496121712962962 0.6440864768518518 0.7548761990740741 0.645924525462963 0.7551018842592592 0.6568258703703704 0.7574898888888889 0.6585369699074074 0.7587494768518518 0.6655083217592592 0.7627539189814816 0.6673463703703704 0.7629796018518519 0.672987462962963 0.7626227523148148
3 0.6704485185185185 0.7833007962962962 0.6705754652777778 0.7822668958333333 0.6717179907407407 0.772961775462963 0.6700068912037037 0.7717021875 0.6670924768518518 0.7650474074074074 0.6653813749999999 0.7637878217592593 0.6549878217592593 0.7572642060185184 0.6531497731481481 0.7570385208333333 0.6405373287037037 0.7533909305555555 0.6385723333333333 0.7541991481481481 0.6168304328703704 0.7641234513888889 0.6167034861111111 0.7651573541666666 0.6143576481481482 0.7690672777777777 0.620186474537037 0.7823768402777778 0.621897576388889 0.7836364282407408 0.6343830740740741 0.7883179212962963 0.6362211226851853 0.7885436064814816 0.6489605138888889 0.7911572962962963 0.6509255092592592 0.7903490763888888 0.6602426990740741 0.7904435949074075 0.6622076944444445 0.7896353773148148 0.6704485185185185 0.7833007962962962
3 0.37287440972222224 0.031011518518518518 0.37116330787037033 0.02975193287037037 0.36590305787037036 0.027007076388888888 0.36603000462962965 0.025973173611111112 0.3628616967592592 0.02138619675925926 0.3611505972222222 0.020126611111111112 0.3558903449074074 0.01738175462962963 0.3540522962962963 0.017156069444444446 0.34302400694444446 0.015801967592592593 0.3410590115740741 0.016610185185185186 0.3352909699074074 0.018000937499999998 0.33516402314814814 0.019034840277777777 0.33465623379629633 0.023170449074074076 0.35601191898148143 0.04678238425925926 0.3578499675925926 0.047008069444444446 0.36507521527777775 0.04894470833333333 0.36520216203703704 0.047910805555555554 0.3647605324074074 0.03631219675925926 0.3667255277777778 0.035503979166666665 0.37040162499999996 0.035955344907407406 0.37052857175925924 0.03492144444444444 0.37287440972222224 0.031011518518518518
3 0.41616510185185185 0.027931032407407404 0.4150887361111111 0.021501935185185186 0.4011460324074074 0.013493048611111112 0.39563188657407405 0.012815997685185185 0.39537799305555554 0.01488380324074074 0.39341299768518523 0.015692020833333334 0.3927274814814815 0.021275092592592592 0.3832715486111111 0.017245444444444445 0.37623582638888886 0.018830375 0.3652075347222222 0.01747627314814815 0.3632425393518518 0.01828449074074074 0.3629886435185185 0.020352293981481483 0.3694522083333333 0.02849234722222222 0.37312830555555554 0.02894371527777778 0.3750933009259259 0.02813549537037037 0.3913564513888889 0.03244123611111111 0.3899854212962963 0.04360738194444444 0.3990487175925926 0.0457697037037037 0.4049437037037037 0.04334504861111111 0.4067817523148148 0.04357073148148148 0.4107117430555555 0.041954296296296295 0.41096563888888893 0.03988649074074074 0.41293063425925924 0.03907827314814814 0.41318452777777775 0.03701046759259259 0.41736841435185185 0.03332622685185185 0.41787620370370365 0.029190618055555558 0.41616510185185185 0.027931032407407404
3 0.3831020277777778 0 0.38820236574074074 0.0011465 0.3966474652777778 0.0045447800925925924 0.3961396759259259 0.008680388888888889 0.4016538217592593 0.009357439814814815 0.39861246064814815 0.0037365625000000003 0.41135185185185186 0.006350252314814815 0.41724684027777775 0.003925597222222223 0.4177288425925926 0 0.3831020277777778 0
3 0.3288000208333333 0 0.3328843472222222 0.007210546296296296 0.33472239583333335 0.007436231481481481 0.33839849074074074 0.007887599537037037 0.3403634884259259 0.007079381944444445 0.34467431944444443 0.002361238425925926 0.3448012685185185 0.001327335648148148 0.34496424537037035 0 0.3288000208333333 0
3 0.5667473796296296 0.10834008564814815 0.5666204328703703 0.10937398842592592 0.5691540046296296 0.11913047685185185 0.5708651064814815 0.1203900625 0.575871462962963 0.12520272222222223 0.577709511574074 0.1254284074074074 0.5812586597222222 0.12691367824074073 0.5830967083333333 0.12713936111111113 0.5981819375 0.1258431273148148 0.5983088842592593 0.12480922453703704 0.6024927708333334 0.12112498379629628 0.6026197175925927 0.12009108101851852 0.6038891898148149 0.10975205787037037 0.602178087962963 0.10849247222222222 0.5975525740740741 0.10057810416666667 0.5995175694444443 0.09976988657407408 0.6018634074074074 0.09585996064814815 0.6001523055555557 0.094600375 0.5915968009259259 0.08830244444444445 0.5897587523148148 0.08807675925925926 0.5826604513888889 0.08510621990740741 0.5808224050925926 0.08488053472222222 0.5734702106481481 0.08397780092592592 0.5715052152777778 0.08478601851851852 0.5602230300925926 0.0854997199074074 0.5582580347222222 0.0863079375 0.5500172106481481 0.0926425162037037 0.5498902615740741 0.09367641898148148 0.5491285787037037 0.09987983333333333 0.552296886574074 0.1044668101851852 0.5542618819444445 0.10365859027777777 0.5683976944444444 0.09489935648148148 0.5701087962962963 0.09615894212962964 0.5810101388888889 0.09854694907407408 0.5827212407407407 0.09980653472222221 0.5823403981481482 0.10290824074074073 0.5803754027777778 0.10371646064814816 0.5667473796296296 0.10834008564814815
3 0.6242900833333332 0.15633552777777776 0.6262550810185185 0.15552731018518517 0.6381720023148149 0.14964409722222222 0.638298949074074 0.14861019675925927 0.6373495300925925 0.14114719675925927 0.6355114814814814 0.14092151157407407 0.6209340416666668 0.1380821388888889 0.6192229398148148 0.13682255092592593 0.6158007384259259 0.13430337962962963 0.6139626898148148 0.13407769444444442 0.6045185532407408 0.13501708101851853 0.6028074513888889 0.13375749305555557 0.5993852500000001 0.13123832175925926 0.597547201388889 0.13101263657407408 0.5938711041666667 0.13056126851851851 0.5919061087962963 0.1313694884259259 0.5879761180555556 0.1329859236111111 0.5878491712962963 0.1340198263888889 0.587595275462963 0.13608763194444443 0.5944396805555555 0.14112597685185185 0.5962777291666667 0.14135165972222222 0.6019188217592593 0.14099481018518517 0.6036299236111111 0.14225439583333332 0.6140234768518519 0.14877801157407408 0.6138965300925926 0.14981191203703703 0.6149728958333334 0.15624101157407408 0.6168109444444445 0.15646669444444442 0.6242900833333332 0.15633552777777776
3 0.6595384328703704 0.11238696759259259 0.6577003842592594 0.11216128472222221 0.6541512337962962 0.1106760138888889 0.6521862384259259 0.1114842337962963 0.6482562476851852 0.1131006689814815 0.6465451458333333 0.11184108333333333 0.6362785393518519 0.10428356481481481 0.6364054861111111 0.10324966435185186 0.6332371782407408 0.0986626875 0.6313991296296296 0.09843700231481482 0.6261388796296296 0.09569214583333334 0.6243008310185186 0.09546646296296296 0.614602798611111 0.09847365046296296 0.6144758518518519 0.09950755324074073 0.6139680624999999 0.10364316203703704 0.6156791643518518 0.10490274768518519 0.6229044097222222 0.10683938657407407 0.622777462962963 0.10787328935185185 0.6261996666666667 0.11039246064814814 0.6260727175925926 0.11142636342592593 0.6274029791666668 0.11578765740740742 0.629241025462963 0.11601334027777777 0.634628224537037 0.11772429398148149 0.6365932199074074 0.11691607638888889 0.6403962638888889 0.11633354166666666 0.6421073657407407 0.11759312962962963 0.6418534722222223 0.11966093287037037 0.6398884745370371 0.12046915046296297 0.6101596458333334 0.13466022916666667 0.6135818495370371 0.13717940277777776 0.6154198958333333 0.13740508564814816 0.6351306412037038 0.1440232199074074 0.6370956365740741 0.14321499999999998 0.6531964421296296 0.1336475486111111 0.6533233912037036 0.13261364583333335 0.6619450555555555 0.1231773587962963 0.6620720046296297 0.12214345601851852 0.6595384328703704 0.11238696759259259
3 0.6216403101851852 0.08674387731481481 0.6196753148148147 0.08755209490740741 0.6170755833333333 0.09352982407407408 0.615110587962963 0.09433804166666666 0.6115614375 0.09285277314814815 0.6116883865740741 0.09181887037037037 0.6145420115740741 0.08377333564814815 0.6128309097222222 0.08251375000000001 0.6094087083333334 0.07999457638888889 0.607443712962963 0.08080279629629629 0.5999645717592592 0.08093396296296297 0.5979995763888889 0.08174218055555554 0.5921045902777778 0.08416683564814814 0.5919776412037037 0.08520073842592593 0.5917237476851852 0.08726854166666666 0.6019903541666667 0.09482606018518519 0.603955349537037 0.09401784027777778 0.6114344907407407 0.09388667361111112 0.6131455925925926 0.09514626157407408 0.6144758518518519 0.09950755324074073 0.616313900462963 0.09973323842592592 0.6296880277777779 0.09717741666666667 0.6279769282407407 0.09591783101851853 0.6216403101851852 0.08674387731481481
3 0.7521367569444444 1 0.7602875462962962 0.9937346296296297 0.7604144953703703 0.9927007268518518 0.7633950671296297 0.9836212893518519 0.7616839675925926 0.9823617037037037 0.7571854004629629 0.9734134351851852 0.755474298611111 0.9721538472222222 0.7452076921296297 0.9645963310185186 0.7433696435185185 0.9643706458333333 0.7324682986111112 0.9619826412037037 0.7305033032407408 0.9627908587962963 0.7210591666666667 0.9637302430555555 0.7190941712962963 0.964538462962963 0.7108533472222222 0.9708730416666667 0.7142755486111112 0.9733922152777778 0.7161135972222221 0.9736178981481481 0.7273957824074074 0.9729041967592593 0.7291068842592593 0.9741637847222222 0.7326560347222222 0.9756490532407407 0.7325290856481481 0.9766829560185185 0.7358851296296296 0.9949363472222222 0.7375962291666667 0.9961959328703704 0.7407710185185186 1 0.7521367569444444 1
3 0.5480340925925926 0.9141492222222222 0.5463229930555555 0.9128896365740741 0.5380213796296297 0.9045239004629629 0.5363102800925925 0.9032643148148148 0.5257897777777778 0.8977746018518519 0.5239517291666667 0.8975489166666667 0.5201486851851852 0.898131451388889 0.5200217384259259 0.8991653541666667 0.5204633657407407 0.910763962962963 0.5184983703703704 0.9115721805555554 0.5156447453703704 0.9196177152777778 0.5179244212962962 0.9314420069444445 0.5197624699074074 0.9316676921296296 0.5307907615740741 0.9330217962962963 0.5327557569444444 0.9322135763888889 0.544799625 0.925296462962963 0.5449265717592593 0.9242625601851852 0.5493643518518518 0.9185105162037037 0.5476532523148149 0.9172509282407408 0.5480340925925926 0.9141492222222222
3 0.46684528009259263 0.8915866157407407 0.46697222685185186 0.8905527152777778 0.4735019513888889 0.8829585486111111 0.4736288981481482 0.8819246458333333 0.472933375 0.8723938425925927 0.4710953263888889 0.8721681574074074 0.46177813657407407 0.8720736412037037 0.4598131412037037 0.8728818587962963 0.4519531597222222 0.8761147314814814 0.4518262106481481 0.8771486342592593 0.44529648842592595 0.8847428009259259 0.44516954166666667 0.8857767013888889 0.4446617523148148 0.8899123101851851 0.45074447453703703 0.9011540694444444 0.45245557407407405 0.9024136550925925 0.45587777777777777 0.9049328287037036 0.4577158263888889 0.9051585115740741 0.47242021296296294 0.9069639837962963 0.47438520833333336 0.9061557662037037 0.4781882523148148 0.9055732314814814 0.4764771527777778 0.9043136458333334 0.46684528009259263 0.8915866157407407
3 0.43939612962962965 0.917601988425926 0.4392691805555555 0.9186358912037037 0.43863444444444444 0.923805400462963 0.44471716666666666 0.9350471597222223 0.4464282685185185 0.9363067453703704 0.451434625 0.9411194074074074 0.4532726736111111 0.9413450902777777 0.46613901157407406 0.9429248773148148 0.46626595833333334 0.9418909768518519 0.4451641689814815 0.9162112361111111 0.4433261203703704 0.9159855509259259 0.43939612962962965 0.917601988425926
3 0.41435560416666667 0.2250128611111111 0.41239060648148146 0.2258210787037037 0.4062417268518519 0.23031353935185184 0.4246829976851852 0.24727069444444444 0.42664799305555556 0.24646247453703704 0.44274880092592594 0.23689502314814814 0.44287574768518523 0.23586112037037038 0.44509463657407405 0.23298509722222224 0.4432565902777778 0.23275941435185185 0.432736087962963 0.22726970138888888 0.43089803935185184 0.2270440162037037 0.41435560416666667 0.2250128611111111
1 0.6977618634259259 0.2699683310185185 0.7028521944444444 0.2658481550925926 0.6957662523148147 0.2646872523148148 0.6995309884259259 0.26016200694444447 0.7079425254629629 0.26172797685185184 0.7639361597222222 0.21640602546296298 0.7447078148148149 0.20585906481481483 0.7409430787037037 0.21038431249999998 0.7386072800925926 0.20934995138888887 0.7371783425925926 0.21490955555555558 0.7325067453703703 0.21284083796296296 0.7334136087962962 0.21943480092592593 0.7264062129629629 0.21633172222222222 0.7142051435185186 0.22331349537037037 0.7056800324074074 0.2243657199074074 0.6845612476851852 0.2231369976851852 0.6159176666666667 0.2304116087962963 0.6159005046296296 0.23595118287037037 0.6061114398148149 0.23145084027777776 0.6065668402777779 0.23685915277777778 0.683827724537037 0.23139037268518517 0.6957529583333333 0.23227738657407407 0.6683474328703704 0.26249607175925926 0.6845635 0.27022436342592593 0.5 0.5 0.6882367800925926 0.27373774305555554 0.6926715324074074 0.27408850925925926 0.6920015162037038 0.2692124976851852 0.6977618634259259 0.2699683310185185
1 0.5835177199074074 0.32732868287037037 0.5626104490740741 0.3486899513888889 0.5842536458333333 0.3593235208333333 0.6211353148148149 0.32638524999999996 0.6642851203703705 0.29558094444444444 0.6633026226851853 0.29598505324074076 0.6334765347222222 0.2866556273148148 0.5957845532407406 0.3140370601851852 0.5828668981481481 0.31591428703703706 0.5636673333333333 0.3218478449074074 0.5248045833333334 0.33901042592592595 0.5323643587962963 0.3488593101851852 0.555013125 0.33610778472222225 0.5835177199074074 0.32732868287037037