2 0 0.2485822939814815 0.07148498842592593 0.23570816435185182 0.2896403634259259 0.16974034722222223 0.6162227037037037 0.09269272685185186 0.6248469560185185 0.09254709490740741 0.6329193981481481 0.08287336574074074 0.6059613425925926 0.07715521064814815 0.53240975 0.09086475462962963 0.37738799074074075 0.13522882407407408 0.3458904444444444 0.1421577476851852 0.31593613425925926 0.1407757638888889 0.2448866875 0.16440992824074072 0 0.22627118287037037 0 0.2485822939814815
2 1 0.7933823333333334 0.7159221481481481 0.881002125 0.48077746064814814 0.9444653865740741 0.30532811111111113 0.9678919143518518 0.1343173935185185 0.9855644328703703 0.08616975 0.9951118981481483 0.08512531712962963 0.9987865879629629 0.08584684027777778 1 0.18853347453703703 1 0.3528371689814815 0.9845831296296297 0.5139921388888888 0.9611385208333333 0.8790817199074075 0.8582617847222223 1 0.8174959074074074 1 0.7933823333333334
2 0.34241243981481484 0.8518772662037037 0.4150900671296296 0.8502742407407408 0.4146693402777778 0.8382902361111112 0.35664934722222225 0.8409050254629629 0.14970543055555557 0.8691444814814815 0.15711352777777776 0.8780982731481481 0.34241243981481484 0.8518772662037037
2 0.48087431712962964 0.2923540324074074 0.4022329143518519 0.3081245578703704 0.3142858564814815 0.3159105231481481 0.3195912384259259 0.3161385509259259 0.3356672060185185 0.3198618865740741 0.40608699305555557 0.31611841435185184 0.42532647453703704 0.31325484259259256 0.5892197685185185 0.27441331481481485 0.6994085162037037 0.25519561342592595 0.6876175439814814 0.25124558333333336 0.6062118287037037 0.26200330555555557 0.48087431712962964 0.2923540324074074
3 0.793703326388889 0.1287758912037037 0.7980891805555556 0.12165612962962963 0.7981040625 0.11107614583333333 0.7997468981481481 0.1097287337962963 0.7988424791666666 0.10459952546296297 0.8004853148148149 0.10325211342592594 0.7992191296296296 0.09607122453703704 0.7972145277777778 0.0953669537037037 0.7959483425925926 0.08818606481481482 0.7939437430555556 0.08748179398148148 0.7932202083333334 0.08337842824074074 0.7890301203703705 0.08094404398148149 0.7884874699074074 0.07786652083333333 0.7822927824074074 0.07472786574074074 0.7799264143518518 0.07197191435185185 0.7739126087962963 0.06985910185185185 0.7737317268518519 0.06883325925925926 0.7677179212962962 0.06672044675925926 0.7675370370370371 0.06569460648148148 0.7536857106481482 0.06179055324074074 0.7463908379629629 0.06307683564814816 0.7383575486111111 0.07083973842592593 0.7381766643518518 0.06981389583333333 0.729977375 0.06597097222222222 0.7316202106481482 0.06462356018518518 0.7310775601851852 0.06154603472222222 0.7290729583333333 0.06084176388888889 0.7104740092592593 0.06200578935185185 0.7055455069444444 0.06604802546296297 0.7053497407407407 0.07560216898148148 0.6986346921296296 0.07641289583333333 0.6746686342592592 0.09606925694444444 0.6735932337962963 0.09812547453703704 0.6715886319444444 0.0974212037037037 0.664112875 0.09768164583333333 0.6480760625 0.09204747916666667 0.6475334120370371 0.08896995601851852 0.6453479282407407 0.0872398425925926 0.6433433263888888 0.08653557175925926 0.6396958888888888 0.08717871296296296 0.6123103518518519 0.11316224305555556 0.6035386458333334 0.12740176388888888 0.6040812962962963 0.13047928935185185 0.602438462962963 0.13182670138888888 0.602981113425926 0.13490422453703704 0.6013382777777778 0.13625163657407408 0.6018809305555556 0.13932916203703705 0.6002380949074074 0.14067657407407408 0.6147534930555556 0.1452101712962963 0.6027704652777778 0.15503835416666667 0.6047750648148148 0.15574262500000002 0.6056794837962962 0.1608718310185185 0.6253488495370371 0.1764428402777778 0.6473994675925927 0.18418981944444446 0.6492231851851853 0.1838682476851852 0.6590653078703703 0.18636375925925927 0.6627127453703703 0.18572061805555556 0.6685456666666667 0.18680758796296296 0.6778451412037036 0.1862255763888889 0.6836780625000001 0.1873125486111111 0.7201524236111111 0.18088113425925925 0.7217952569444445 0.17953372222222222 0.7325566828703705 0.17657845601851851 0.7444182916666667 0.16919825462962965 0.7617510532407408 0.16085334027777776 0.7781793981481481 0.1473792199074074 0.7794604675925926 0.143980125 0.793703326388889 0.1287758912037037
3 0.5438412916666666 0 0.5435494282407407 0.0004737962962962963 0.5477395138888889 0.0029081782407407407 0.5448198634259259 0.004631833333333333 0.5444474675925925 0.010137280092592592 0.5469619444444445 0.011295627314814816 0.5459009143518518 0.013809733796296296 0.5422534768518519 0.014452875 0.5440750694444444 0.01564273148148148 0.5409724097222223 0.01785196990740741 0.5413341782407408 0.019903652777777777 0.5396913425925925 0.021251064814814816 0.5503744606481481 0.022117456018518517 0.5520807199074075 0.027528372685185185 0.5433302731481482 0.026653629629629628 0.5425854791666667 0.03766452777777778 0.5445900810185185 0.03836879861111111 0.5451327314814814 0.041446321759259254 0.5471373333333334 0.042150592592592594 0.5500463518518518 0.04798407175925926 0.5555175069444445 0.0470193587962963 0.5589840578703703 0.04535037731481482 0.5589057523148148 0.049172034722222216 0.567726 0.052270824074074074 0.5662640486111111 0.054644078703703705 0.5624357291666667 0.05426137731481481 0.5589691759259259 0.05593036111111111 0.5648020972222222 0.05701733101851852 0.5720969699074074 0.05573104861111111 0.5852247638888889 0.05553173611111111 0.5859482962962963 0.059635101851851856 0.5899575 0.06104364351851852 0.5954286550925927 0.06007893287037037 0.5974332569444444 0.06078320370370371 0.6484973611111111 0.051779222222222226 0.6501401967592593 0.05043181018518519 0.6920857106481481 0.043035685185185184 0.6937285462962963 0.041688273148148144 0.7081374074074075 0.03808986574074074 0.7161706967592593 0.030326962962962962 0.7159898124999999 0.029301122685185185 0.7358847106481482 0.01415801851851852 0.7355229444444444 0.012106335648148147 0.7430135833333333 0.0012659097222222223 0.7430694907407407 0 0.5438412916666666 0
3 0.8862896458333333 0 0.8841336412037037 0.0017683009259259258 0.8788433703703703 0.003758854166666667 0.877200537037037 0.005106266203703703 0.8775623032407408 0.0071579490740740735 0.8759194675925925 0.008505361111111111 0.8762812361111111 0.010557043981481481 0.874638400462963 0.011904456018518519 0.8750001689814815 0.01395613888888889 0.8720762662037037 0.018702645833333333 0.8640578587962963 0.0158855625 0.8649771597222222 0.010434784722222222 0.8609679560185185 0.009026243055555556 0.8573205208333333 0.009669386574074075 0.8522111342592593 0.012685780092592592 0.8485636967592592 0.013328921296296295 0.8416305925925925 0.016666886574074075 0.8385258078703705 0.02038755324074074 0.8390684583333333 0.023465076388888888 0.8374256226851853 0.024812488425925924 0.8377873888888888 0.026864171296296296 0.8416157106481482 0.027246872685185188 0.8385109236111111 0.030967537037037036 0.8345017199074074 0.02955899537037037 0.829211451388889 0.03154955092592592 0.8293923333333333 0.0325753912037037 0.8334015370370371 0.03398393287037037 0.827372849537037 0.04245110648148148 0.80823125 0.040537606481481483 0.8014790300925926 0.04490141203703704 0.7985551273148148 0.049647918981481486 0.7905218379629629 0.05741082175925926 0.7908836041666667 0.05946250462962963 0.7892407708333334 0.06080991666666667 0.789602537037037 0.06286159953703703 0.7879597037037037 0.06420901157407408 0.7868595185185185 0.06863394675925925 0.797801826388889 0.06670452314814815 0.8030846574074074 0.07000396296296296 0.7930542083333334 0.07177260185185184 0.7881257037037037 0.07581483796296296 0.7906729560185185 0.07959663194444444 0.7948630416666667 0.0820310162037037 0.7975911782407408 0.08683865046296296 0.7995957800925927 0.0875429212962963 0.8028516828703703 0.10600806712962962 0.8012088495370371 0.10735547916666667 0.8019323819444445 0.11145884490740741 0.800289548611111 0.11280625694444445 0.8011939652777778 0.11793546527777778 0.8077504212962963 0.12312580092592593 0.8137642268518519 0.12523861342592593 0.8139451087962962 0.1262644537037037 0.8199589143518519 0.1283772662037037 0.8201397986111111 0.1294031087962963 0.8277964375000001 0.13016850694444446 0.8376385601851851 0.13266402083333334 0.8412859976851851 0.13202087962962963 0.843290599537037 0.13272515046296296 0.8469380347222222 0.13208200925925925 0.8489426365740741 0.13278627777777777 0.8525900717592593 0.1321431365740741 0.860246712962963 0.13290853703703703 0.8912499189814815 0.12744183564814815 0.8981830231481481 0.12410387037037038 0.9036541782407407 0.12313915740740741 0.9052970138888888 0.12179174537037037 0.9160584374999999 0.11883647916666666 0.9193441064814815 0.1161416550925926 0.9297437638888889 0.11113470833333333 0.928658462962963 0.10497965972222223 0.9303012986111111 0.10363224768518518 0.9286733472222223 0.09439967361111111 0.9303161805555555 0.09305226157407408 0.9160263842592592 0.012010791666666666 0.9100125787037037 0.009897979166666668 0.9116554120370369 0.00855056712962963 0.9088065462962963 0 0.8862896458333333 0
3 0.27216689814814815 0.31699081481481484 0.2738097337962963 0.31564340277777775 0.27873823842592593 0.31160116666666665 0.27855735416666666 0.3105753263888889 0.2838625069444444 0.29800478703703703 0.28185790509259256 0.2973005162037037 0.28095348842592593 0.2921713101851852 0.2789488865740741 0.29146703935185186 0.27221154861111113 0.2852508611111111 0.2703878287037037 0.28557243055555553 0.26419314120370374 0.2824337777777778 0.2623694236111111 0.282755349537037 0.25270818287037033 0.28128567824074074 0.25088446527777775 0.2816072476851852 0.2308235648148148 0.285144525462963 0.22918073148148146 0.2864919375 0.21860018981481483 0.29047304629629633 0.21695735648148148 0.29182045833333337 0.21202885185185186 0.29586269444444446 0.2122097361111111 0.2968885347222222 0.20764299768518518 0.3029824537037037 0.20782388194444443 0.3040082962962963 0.20927095138888888 0.31221502777777776 0.21382280324074074 0.3167010925925926 0.21582740509259257 0.3174053634259259 0.23204510185185184 0.32406537037037036 0.23386881944444443 0.323743800925926 0.23970174074074074 0.32483077083333334 0.24152545833333333 0.32450919907407405 0.25994352314814817 0.32231933333333335 0.2615863587962963 0.3209719212962963 0.27216689814814815 0.31699081481481484
3 0.2993566689814815 0.3005614282407407 0.30099950462962966 0.29921401620370375 0.3081134930555556 0.2969018912037037 0.3097563263888889 0.29555447916666666 0.32053263425925926 0.28201922916666666 0.3203517523148148 0.2809933888888889 0.3189046828703703 0.2727866574074074 0.3169000810185185 0.2720823865740741 0.3125291111111111 0.26862216203703704 0.3105245092592593 0.2679178912037037 0.30432982175925927 0.26477923842592593 0.3025061041666667 0.2651008078703704 0.285188224537037 0.2628657384259259 0.28336450462962964 0.26318730787037037 0.2669510439814815 0.2660814444444444 0.26530820833333335 0.2674288564814815 0.2581942199074074 0.26974098148148146 0.2565513842592593 0.2710883935185185 0.25162288194444443 0.27513062962962964 0.2518037662037037 0.2761564699074074 0.2525272986111111 0.28025983564814816 0.2660168587962963 0.28211220833333334 0.26802146064814814 0.2828164791666667 0.27622075 0.2866594027777778 0.2764016342592593 0.28768524305555554 0.2827772060185185 0.29184973842592593 0.28295809027777774 0.2928755810185185 0.28476692592592595 0.3031339953703704 0.28659064351851854 0.3028124236111111 0.2993566689814815 0.3005614282407407
3 0.2614798888888889 0.2670461574074074 0.2633036064814815 0.26672458564814816 0.28117902083333335 0.26145719675925927 0.2809981365740741 0.2604313541666667 0.27955106944444447 0.2522246226851852 0.2775464675925926 0.2515203541666666 0.255495849537037 0.243773375 0.25367213194444443 0.24409494675925925 0.24601549305555556 0.2433295462962963 0.24419177546296297 0.24365111574074075 0.22431175925925928 0.2482142361111111 0.22266892361111112 0.24956164814814816 0.20880271527777777 0.2562375787037037 0.2089835972222222 0.2572634212962963 0.20113119212962965 0.26605216435185186 0.20313579398148146 0.2667564351851852 0.2078685300925926 0.2722683425925926 0.20622569675925925 0.2736157546296296 0.20294002777777778 0.2763105787037037 0.20312090972222221 0.2773364189814815 0.2036635625 0.28041394444444445 0.2080345324074074 0.2838741689814815 0.21003913425925927 0.2845784375 0.2178766550925926 0.28636968055555556 0.219700375 0.2860481087962963 0.24687526157407408 0.2801987083333333 0.24851809490740742 0.2788512962962963 0.2514419976851852 0.27410478935185184 0.25308483333333337 0.272757375 0.2614798888888889 0.2670461574074074
3 0.2572005046296296 0.3280916828703703 0.25701962037037035 0.3270658425925926 0.2564769699074074 0.3239883171296296 0.25465325231481484 0.32430988888888884 0.252648650462963 0.32360561805555554 0.2508249328703704 0.3239271875 0.2322259861111111 0.32509121296296295 0.23022138425925925 0.3243869421296296 0.21199908564814815 0.31702266435185184 0.21181820370370372 0.31599682175925925 0.20708546527777777 0.3104849143518518 0.2050808634259259 0.30978064351851853 0.20125254398148146 0.3093979444444444 0.1994288263888889 0.3097195162037037 0.18373889814814814 0.31671701620370374 0.18391978009259258 0.3177428587962963 0.18080011342592592 0.33204350925925924 0.19118488657407406 0.3376165462962963 0.19300860648148147 0.33729497453703705 0.20704081712962963 0.3422248703703704 0.20886453472222222 0.34190329861111113 0.22399693055555556 0.34240825694444443 0.22582064814814815 0.34208668750000004 0.24734349768518518 0.3361761550925926 0.24898633101851853 0.33482874305555554 0.2572005046296296 0.3280916828703703
3 0.14747174768518517 0.9535225833333334 0.14729086342592593 0.9524967407407408 0.14512026157407407 0.9401866435185185 0.1431156597222222 0.9394823726851852 0.13529302083333333 0.9271111481481482 0.13328841898148147 0.9264068773148147 0.10175744444444444 0.9182160694444443 0.09993372685185185 0.918537638888889 0.0707542361111111 0.9236827708333334 0.07093512037037038 0.924708613425926 0.0826925486111111 0.9913883032407407 0.08487803472222222 0.9931184166666667 0.08670175231481482 0.9927968449074074 0.12135239583333333 0.9866870023148148 0.12299522916666666 0.9853395902777777 0.12810461805555556 0.9823231944444445 0.1279237337962963 0.9812973541666666 0.13906180787037037 0.9698137870370371 0.13888092592592594 0.9687879444444444 0.14747174768518517 0.9535225833333334
3 0.12040103935185185 0.8853120902777777 0.11547253703703703 0.8893543263888889 0.11328705092592592 0.8876242152777778 0.11164421759259259 0.8889716273148148 0.1079967800925926 0.8896147685185185 0.1083585486111111 0.8916664513888889 0.10479783333333333 0.8954675092592593 0.11144845138888888 0.8985257708333334 0.10633906481481482 0.9015421643518517 0.10159888425925925 0.9013202499999999 0.10287251157407408 0.9032111481481481 0.0941156875 0.9068706851851852 0.09839993749999999 0.9071729907407408 0.09520098842592592 0.9130257337962964 0.10358116203703703 0.9178944976851852 0.11123780092592593 0.9186598981481482 0.13110293287037036 0.9246767638888889 0.1329266527777778 0.9243551944444444 0.13693585416666668 0.9257637361111111 0.15134471527777776 0.9221653287037037 0.16248279166666665 0.9106817592592592 0.16175925694444443 0.9065783958333333 0.13990440509259258 0.8892772731481481 0.13789980324074075 0.8885730023148148 0.12531466203703703 0.8918498402777778 0.12422936111111112 0.8856947916666668 0.12040103935185185 0.8853120902777777
3 0.2367125810185185 0.894419837962963 0.23653169675925925 0.8933939953703705 0.24256038425925924 0.8849268240740741 0.2423795023148148 0.8839009814814814 0.2429370347222222 0.8763985208333332 0.2409324328703704 0.87569425 0.2400280162037037 0.8705650439814815 0.23802341435185184 0.8698607731481481 0.2341950949074074 0.8694780740740741 0.2323713773148148 0.8697996435185185 0.17729806712962962 0.8773950810185185 0.1756552337962963 0.8787424930555555 0.1721737962962963 0.8909914606481482 0.19384776388888889 0.9072667407407408 0.19567148379629629 0.9069451712962964 0.1996806851851852 0.9083537129629629 0.2015044050925926 0.9080321412037037 0.2126275949074074 0.9071285578703704 0.21427043055555556 0.9057811458333334 0.22156530324074075 0.9044948634259259 0.2232081365740741 0.9031474513888889 0.2367125810185185 0.894419837962963
3 0.1953990138888889 0.8414135787037037 0.19339441203703703 0.8407093078703703 0.18010061805555555 0.8293027939814814 0.17827690046296296 0.8296243657407407 0.14909740972222224 0.8347694953703704 0.1474545763888889 0.8361169074074074 0.14380713888888888 0.8367600486111111 0.14216430555555556 0.8381074606481482 0.13212641435185185 0.8451660925925927 0.13230729861111112 0.8461919351851852 0.12920251157407409 0.849912599537037 0.12938339583333333 0.8509384421296297 0.13083046296296297 0.8591451736111111 0.13975328703703704 0.8670914629629629 0.14175788888888888 0.8677957337962964 0.1457670925925926 0.869204275462963 0.1475908101851852 0.8688827037037037 0.19154092824074076 0.8621908495370371 0.1931837615740741 0.8608434375 0.19756961574074075 0.8537236759259259 0.1973887314814815 0.852697835648148 0.1953990138888889 0.8414135787037037
3 0.24207726620370368 0.8395293611111112 0.24189638194444443 0.8385035185185186 0.2477441875 0.8290105046296297 0.24756330324074072 0.827984662037037 0.24629711805555557 0.8208037731481481 0.2442925162037037 0.8200995023148148 0.23719340972222222 0.8118316412037038 0.2351888101851852 0.8111273703703703 0.2293558888888889 0.810040400462963 0.2275321689814815 0.8103619722222222 0.21239977546296296 0.8098570115740741 0.21075693981481483 0.8112044236111111 0.19817179629629628 0.8144812615740741 0.196528962962963 0.8158286736111111 0.18466735416666666 0.8232088750000001 0.18484823842592593 0.8242347175925926 0.1839289375 0.8296854930555555 0.19704184722222223 0.8400661666666667 0.19722273148148148 0.8410920092592592 0.2023172361111111 0.8486555972222222 0.20432183796296297 0.8493598680555556 0.2103356412037037 0.8514726805555556 0.2121593587962963 0.8511511111111111 0.23222025925925927 0.8476138333333333 0.2338630925925926 0.8462664212962963 0.24207726620370368 0.8395293611111112
3 0.2619275162037037 0.8561262106481481 0.27834097685185183 0.8532320740740741 0.2799838125 0.851884662037037 0.28910240277777777 0.8502768078703704 0.2861933842592593 0.8444433310185184 0.2841887824074074 0.8437390601851852 0.2816415300925926 0.8399572662037037 0.27344224074074075 0.8361143402777778 0.26779020138888887 0.8360532106481481 0.263781 0.8346446712962964 0.25830984490740744 0.8356093819444445 0.2566670092592593 0.8369567939814815 0.24937213888888887 0.838243076388889 0.24772930324074074 0.8395904884259259 0.24408186805555554 0.8402336296296297 0.23258202546296297 0.8496655162037037 0.23202449305555556 0.8571679768518519 0.23785741435185184 0.8582549467592593 0.2369381134259259 0.8637057245370371 0.24349456712962964 0.8688960601851852 0.24185173379629632 0.8702434722222222 0.24275615046296295 0.8753726805555556 0.24712712037037038 0.8788329050925926 0.252598275462963 0.8778681921296296 0.25460287731481485 0.8785724629629629 0.26572606944444443 0.8776688796296297 0.2708354560185185 0.8746524861111111 0.27794944444444447 0.8723403611111111 0.28397813194444443 0.8638731875 0.28197353009259263 0.8631689166666667 0.263736349537037 0.866384625 0.2617317476851852 0.8656803541666667 0.2619275162037037 0.8561262106481481
3 0.11134198148148149 0.8446000046296297 0.11553206944444445 0.8470343888888889 0.11589383564814815 0.8490860717592592 0.12026480555555556 0.8525462939814815 0.12391224074074074 0.8519031527777777 0.12555507638888888 0.8505557407407408 0.12519331018518517 0.8485040578703703 0.12318870833333334 0.8477997870370371 0.12264605787037038 0.8447222638888889 0.12064145601851851 0.8440179930555556 0.12009880555555555 0.8409404675925927 0.11791331944444446 0.8392103564814816 0.11116109722222223 0.8435741643518518 0.10915649768518519 0.8428698935185186 0.10879472916666666 0.8408182106481482 0.11189951620370371 0.8370975439814815 0.11007579629629628 0.8374191157407408 0.10406199305555555 0.8353063032407407 0.10223827314814814 0.8356278726851852 0.10077632407407408 0.8380011273148148 0.0940542476851852 0.8425359074074074 0.08927648148148147 0.8474330115740741 0.08945736574074073 0.8484588541666667 0.08751305787037038 0.8480965300925926 0.08709099537037036 0.845702900462963 0.08308179398148148 0.8442943587962963 0.07652533796296296 0.8391040231481481 0.06229736111111111 0.8437282708333333 0.05901169212962963 0.8464230949074074 0.061001409722222226 0.8577073495370371 0.05935857638888889 0.859054761574074 0.07443067592592592 0.8592177731481482 0.06134829398148148 0.8703390185185185 0.06335289583333334 0.8710432893518519 0.06626191435185184 0.8768767662037037 0.0863228125 0.873339488425926 0.08832741435185186 0.8740437592592593 0.09379856944444444 0.8730790462962963 0.09580317129629629 0.8737833171296296 0.10674547916666667 0.8718538935185185 0.10838831481481481 0.8705064814814816 0.11203575 0.8698633402777778 0.09673735416666666 0.8577525555555555 0.09565205324074073 0.8515975069444445 0.11134198148148149 0.8446000046296297
3 0.7442190856481481 0.8292606759259259 0.740571650462963 0.8299038171296296 0.7385670486111111 0.8291995486111111 0.7349196134259259 0.8298426898148149 0.732915011574074 0.8291384189814814 0.7274438564814815 0.8301031296296296 0.7197872175925926 0.8293377291666666 0.7250923703703704 0.8167671921296297 0.7342109606481481 0.815159337962963 0.7320254768518518 0.8134292268518519 0.7205405185185185 0.8122811273148147 0.715069363425926 0.813245837962963 0.7136074120370371 0.8156190925925926 0.707955375 0.8155579629629629 0.709013011574074 0.8197787060185185 0.7045994884259259 0.8249641643518518 0.7084831412037036 0.8292154722222222 0.7048357060185185 0.8298586134259259 0.7028311041666667 0.8291543425925926 0.6882413611111111 0.8317269074074074 0.686598525462963 0.8330743194444444 0.7001859699074074 0.8301496180555555 0.6957724513888889 0.8353350740740741 0.6875029421296296 0.8382035277777778 0.6858601087962962 0.8395509398148149 0.6913589282407407 0.8405205324074074 0.6869454097222223 0.8457059884259259 0.6913163796296297 0.849166212962963 0.7095386782407408 0.8565304907407407 0.7171953171296296 0.857295888888889 0.7372562152777777 0.8537586111111111 0.7535036782407408 0.8392586504629629 0.7531419097222222 0.8372069675925926 0.7547847453703703 0.8358595555555555 0.7542420949074073 0.8327820300925927 0.7558849282407407 0.8314346180555555 0.7536994444444445 0.8297045069444444 0.7462236875 0.8299649467592592 0.7442190856481481 0.8292606759259259
3 0.8039953657407408 0.8483371157407407 0.8056382013888889 0.8469897037037037 0.8089238703703704 0.8442948796296297 0.8087429861111111 0.8432690370370369 0.8180573425925927 0.8321070416666666 0.8178764606481481 0.8310811990740741 0.8175146921296296 0.8290295162037038 0.8155100925925927 0.8283252453703703 0.7870690185185185 0.8269937569444444 0.7852453009259259 0.8273153287037037 0.7573468796296297 0.8290613657407407 0.7557040462962964 0.8304087777777777 0.7540463287037037 0.8423361736111111 0.7585981828703703 0.8468222384259259 0.7606027824074074 0.8475265092592593 0.7726303935185185 0.8517521342592593 0.7744541111111111 0.8514305648148147 0.7841153518518519 0.8529002337962963 0.7859390694444445 0.8525786643518519 0.7987050972222222 0.8503276689814814 0.8003479305555556 0.8489802569444445 0.8039953657407408 0.8483371157407407
3 0.8607710416666667 0.797074326388889 0.8587664398148148 0.7963700555555555 0.8540337037037037 0.7908581481481481 0.8520291018518519 0.7901538773148148 0.8418252106481482 0.7856066828703704 0.8400014930555556 0.7859282523148148 0.8341685717592592 0.7848412824074074 0.8323448518518518 0.7851628541666668 0.826873699074074 0.7861275648148148 0.8252308634259259 0.7874749768518519 0.8146503217592593 0.7914560833333333 0.813007488425926 0.7928034953703703 0.8047933148148148 0.7995405578703704 0.8049741990740741 0.8005663981481481 0.8018694143518518 0.8042870648148148 0.8020502962962963 0.8053129050925926 0.8034973657407407 0.813519636574074 0.8151632083333333 0.8156935787037036 0.8169869259259259 0.8153720069444444 0.8414187939814814 0.8152949537037038 0.843242511574074 0.8149733842592594 0.8505373842592592 0.8136870995370371 0.8521802199074074 0.8123396875 0.860575275462963 0.8066284699074074 0.8603943912037038 0.8056026273148148 0.8607710416666667 0.797074326388889
3 0.8292698333333334 0.767723548611111 0.829088949074074 0.7666977083333334 0.8321937337962964 0.7629770416666667 0.8320128518518518 0.7619512013888888 0.8300231319444444 0.7506669444444444 0.8280185300925926 0.7499626736111111 0.8189148240740741 0.7409905439814815 0.8170911064814815 0.7413121134259258 0.8072489814814815 0.7388166018518518 0.8054252638888889 0.739138173611111 0.797768625 0.7383727731481481 0.7959449050925926 0.7386943425925926 0.7831788796296296 0.740945337962963 0.7815360439814816 0.7422927500000001 0.7682124861111111 0.7520462060185186 0.7683933680555556 0.7530720462962963 0.7689360185185186 0.7561495717592592 0.7891629189814815 0.7642181203703703 0.789343800925926 0.7652439606481481 0.7911526365740741 0.775502375 0.793157238425926 0.7762066458333334 0.7957044907407408 0.7799884398148149 0.7975282083333334 0.7796668703703703 0.8175891064814814 0.7761295925925926 0.8192319421296297 0.7747821805555555 0.8292698333333334 0.767723548611111
3 0.7803763287037037 0.7890376250000001 0.7820191643518519 0.7876902129629629 0.7885905023148148 0.7823005648148148 0.7884096180555556 0.781274724537037 0.7911526365740741 0.775502375 0.7909717546296297 0.7744765347222222 0.7897055694444445 0.7672956435185185 0.7877009675925926 0.7665913726851851 0.781144511574074 0.7614010370370371 0.7791399097222222 0.7606967662037036 0.767112300925926 0.7564711412037036 0.7652885833333334 0.756792712962963 0.7413993657407408 0.7599472893518519 0.7397565300925926 0.7612947013888888 0.731361474537037 0.7670059212962963 0.7315423564814815 0.7680317638888888 0.7284375717592592 0.7717524282407408 0.7286184560185185 0.7727782708333334 0.7304272893518517 0.7830366851851851 0.7373455138888888 0.7902787037037037 0.7393501134259259 0.7909829745370371 0.7433593171296295 0.7923915162037036 0.7451830347222221 0.7920699444444445 0.7550251597222222 0.7945654560185185 0.7568488773148148 0.7942438865740741 0.7697957870370371 0.7930187337962963 0.7714386226851851 0.7916713194444444 0.7803763287037037 0.7890376250000001
3 0.8421652268518519 0.41428137268518517 0.8403415092592593 0.41460294444444445 0.8293992013888889 0.41653236805555555 0.8277563657407407 0.41787978009259263 0.8273797152777779 0.42640808333333335 0.8333935208333334 0.4285208935185185 0.835217238425926 0.4281993240740741 0.8425121111111111 0.42691304166666666 0.8441549467592593 0.42556562962962957 0.8490834490740741 0.42152339351851853 0.8489025671296296 0.42049755092592594 0.8481790324074074 0.4163941851851852 0.8461744305555555 0.4156899143518519 0.8421652268518519 0.41428137268518517
3 0.616732837962963 0.4688394907407407 0.6149091203703704 0.4691610601851852 0.6110808009259259 0.4687783611111111 0.6094379675925926 0.47012577314814813 0.6077951319444445 0.47147318518518516 0.6079760162037038 0.4724990277777778 0.6074184814814815 0.48000148842592594 0.613432287037037 0.48211429861111116 0.6152560046296296 0.48179272916666666 0.6225508773148148 0.4805064467592593 0.6241937106481481 0.4791590347222222 0.6258365462962963 0.47781162268518523 0.625655662037037 0.47678578009259254 0.6229275277777778 0.47197814351851847 0.6209229259259259 0.4712738726851852 0.616732837962963 0.4688394907407407
1 0.07625733564814814 0.264906375 0.06616689583333334 0.28339782175925926 0.058442597222222226 0.2918466550925926 0.0323230162037037 0.31221250925925925 0.046647618055555555 0.3166677523148148 0.07808002314814814 0.29123993287037037 0.09840709490740741 0.2540197152777778 0.09574959722222223 0.23788184953703706 0.10020780324074074 0.23117242592592593 0.16587653472222222 0.20901589583333333 0.1614089421296296 0.19647617824074073 0.15511167592592592 0.18849002546296295 0.1371624212962963 0.19440507638888888 0.0015201550925925927 0.22710167824074073 0.004533469907407407 0.24952322222222223 0.055999983796296296 0.23960209722222223 0.07890968287037037 0.24582253935185183 0.07625733564814814 0.264906375
1 0.8858673703703703 0.8690177083333334 0.9026257708333333 0.8542161064814815 0.9535600532407408 0.8338114699074074 0.9408644351851853 0.8119336666666667 0.7837025254629629 0.8612233680555555 0.7885410439814814 0.8822653425925926 0.8607315439814814 0.8640359814814815 0.8623714027777778 0.8648045671296296 0.7869697615740741 0.9234767870370371 0.7970636342592592 0.9284664768518518 0.8858673703703703 0.8690177083333334
1 0.17958883564814812 1 0.3284233888888889 0.9847627685185185 0.33271857175925923 0.9643315208333333 0.3385574467592593 0.9611864976851853 0.2596068240740741 0.9634725254629629 0.19478984722222223 0.9115431180555555 0.17741026157407408 0.9142902870370371 0.22040730555555557 0.9629803055555556 0.2220382337962963 0.9700968819444445 0.20702650231481481 0.9745420069444444 0.15273694675925925 0.9823165694444443 0.15503049537037036 1 0.17958883564814812 1
1 0.37752891666666666 0.8516086064814815 0.40622768981481483 0.8512022754629629 0.4102336875 0.8419282476851853 0.4119684513888889 0.8400357592592592 0.37107331944444444 0.8395252013888889 0.3450085763888889 0.8079465439814816 0.33776945833333333 0.8084825810185186 0.35495968981481485 0.8366546944444444 0.35013822685185186 0.8423704328703704 0.3102364675925926 0.8485600023148149 0.31102491435185187 0.8583636967592592 0.37752891666666666 0.8516086064814815
0 0.32476874537037037 0.16100769907407406 0.3430767893518518 0.15926032870370369 0.3781298425925926 0.15223334027777777 0.4317560833333334 0.13643117129629628 0.43009664814814813 0.13661800000000002 0.4182452291666667 0.12379364814814815 0.4502762662037037 0.11349167361111111 0.4408665439814815 0.10171761342592592 0.3164470717592593 0.140474125 0.31085994675925926 0.14611332407407407 0.27470968749999997 0.15544925231481482 0.28017065277777775 0.1746890949074074 0.32476874537037037 0.16100769907407406
1 0.5582074027777778 0.27342944212962966 0.4937141851851852 0.28945537499999996 0.49383187268518514 0.29652145370370375 0.46218366666666666 0.30686169907407407 0.46582366203703707 0.31150855092592594 0.5286467986111111 0.29027687037037037 0.5606567731481481 0.2819883078703704 0.5582074027777778 0.27342944212962966