2 0.4838854166666667 0.3500185185185185 0.47894791666666664 0.43524074074074076 0.46066666666666667 0.5793333333333334 0.43644791666666666 0.7383518518518519 0.41370833333333334 0.8929814814814814 0.39987500000000004 0.9984259259259259 0.44979166666666665 0.9992962962962963 0.4863645833333333 0.7410000000000001 0.5115625 0.6153518518518518 0.5219375 0.520462962962963 0.51996875 0.49762962962962964 0.5244166666666666 0.38253703703703706 0.5214479166666667 0.27446296296296296 0.5254062500000001 0.11192592592592591 0.5263854166666667 0.0021111111111111113 0.5026666666666666 0 0.48932291666666666 0.16375925925925927 0.4828958333333333 0.1918888888888889 0.48191666666666666 0.28764814814814815 0.4838854166666667 0.3500185185185185
2 0.7186354166666666 0.7418703703703704 0.7146770833333334 0.7216666666666667 0.71665625 0.694425925925926 0.7186354166666666 0.6917962962962962 0.7201145833333333 0.657537037037037 0.7023229166666667 0.6206296296296296 0.70084375 0.7137592592592592 0.7033125 0.8578518518518519 0.7176458333333334 0.801611111111111 0.7186354166666666 0.7418703703703704
2 0.71121875 0.8780555555555556 0.7033125 0.9000185185185186 0.7077604166666667 0.9992962962962963 0.7216041666666667 0.9984259259259259 0.719625 0.8762962962962964 0.71121875 0.8780555555555556
2 0.5451666666666667 0.8314814814814815 0.54071875 0.9992962962962963 0.5550520833333333 0.9984259259259259 0.5614791666666666 0.8402777777777778 0.5451666666666667 0.8314814814814815
2 0.5639479166666667 0.5969074074074073 0.5530729166666667 0.7401111111111112 0.5664166666666667 0.7418703703703704 0.5743229166666667 0.5951481481481481 0.5639479166666667 0.5969074074074073
3 0.5708333333333333 0.04259259259259259 0.5697916666666667 0.044444444444444446 0.5625 0.05185185185185185 0.5614583333333334 0.053703703703703705 0.5552083333333333 0.06481481481481481 0.5552083333333333 0.06666666666666667 0.546875 0.08888888888888889 0.546875 0.09074074074074075 0.5447916666666667 0.1037037037037037 0.5447916666666667 0.10555555555555556 0.5447916666666667 0.13518518518518519 0.5458333333333334 0.13703703703703704 0.5479166666666666 0.15185185185185185 0.5489583333333333 0.1537037037037037 0.5541666666666667 0.17037037037037037 0.5552083333333333 0.17222222222222225 0.5645833333333333 0.18518518518518517 0.5656249999999999 0.18518518518518517 0.5760416666666667 0.19444444444444445 0.5770833333333334 0.19444444444444445 0.5979166666666667 0.1962962962962963 0.5989583333333334 0.19444444444444445 0.6104166666666666 0.18703703703703703 0.6114583333333333 0.18518518518518517 0.625 0.1611111111111111 0.625 0.15925925925925924 0.63125 0.14074074074074072 0.63125 0.1388888888888889 0.6333333333333334 0.1259259259259259 0.6333333333333334 0.12407407407407407 0.634375 0.09259259259259259 0.6333333333333334 0.09074074074074075 0.6260416666666666 0.06296296296296296 0.625 0.06111111111111111 0.6197916666666666 0.05185185185185185 0.61875 0.05185185185185185 0.6020833333333334 0.037037037037037035 0.6010416666666666 0.037037037037037035 0.5895833333333333 0.037037037037037035 0.5760416666666667 0.03888888888888889 0.5750000000000001 0.040740740740740744 0.5708333333333333 0.04259259259259259
3 0.5541666666666667 0.22962962962962963 0.5541666666666667 0.23148148148148148 0.5499999999999999 0.25 0.5499999999999999 0.2518518518518518 0.5479166666666666 0.2759259259259259 0.5479166666666666 0.2777777777777778 0.5489583333333333 0.2925925925925926 0.5499999999999999 0.29444444444444445 0.553125 0.3074074074074074 0.5541666666666667 0.30925925925925923 0.5593750000000001 0.3185185185185185 0.5604166666666667 0.3185185185185185 0.5677083333333334 0.32592592592592595 0.56875 0.32592592592592595 0.5812499999999999 0.32037037037037036 0.5822916666666667 0.32037037037037036 0.5916666666666667 0.32037037037037036 0.5927083333333334 0.3185185185185185 0.5958333333333333 0.3166666666666667 0.596875 0.3148148148148148 0.609375 0.2925925925925926 0.609375 0.29074074074074074 0.6125 0.2796296296296296 0.6125 0.2777777777777778 0.6125 0.25 0.6114583333333333 0.24814814814814815 0.6083333333333334 0.22592592592592592 0.6072916666666667 0.22407407407407406 0.6052083333333333 0.21666666666666665 0.6041666666666666 0.21481481481481482 0.596875 0.2037037037037037 0.5958333333333333 0.2037037037037037 0.5895833333333333 0.19814814814814813 0.5885416666666666 0.19814814814814813 0.5750000000000001 0.19814814814814813 0.5583333333333333 0.21851851851851853 0.5583333333333333 0.22037037037037038 0.5541666666666667 0.22962962962962963
3 0.5614583333333334 0.3388888888888889 0.5604166666666667 0.34074074074074073 0.5520833333333334 0.35555555555555557 0.5520833333333334 0.3574074074074074 0.546875 0.37962962962962965 0.546875 0.38148148148148153 0.5479166666666666 0.412962962962963 0.5489583333333333 0.4148148148148148 0.5583333333333333 0.44074074074074077 0.5593750000000001 0.44074074074074077 0.5927083333333334 0.42037037037037034 0.59375 0.41851851851851857 0.596875 0.4148148148148148 0.5979166666666667 0.4148148148148148 0.6104166666666666 0.40925925925925927 0.6114583333333333 0.4074074074074074 0.6125 0.4055555555555555 0.6125 0.40370370370370373 0.6135416666666667 0.3907407407407408 0.6125 0.3888888888888889 0.6114583333333333 0.387037037037037 0.6104166666666666 0.387037037037037 0.6 0.3907407407407408 0.5989583333333334 0.3888888888888889 0.596875 0.387037037037037 0.596875 0.3851851851851852 0.596875 0.37777777777777777 0.5979166666666667 0.37592592592592594 0.60625 0.3611111111111111 0.6072916666666667 0.3611111111111111 0.615625 0.35 0.615625 0.34814814814814815 0.615625 0.3444444444444445 0.6145833333333334 0.3425925925925926 0.59375 0.32407407407407407 0.5927083333333334 0.32407407407407407 0.5791666666666666 0.32407407407407407 0.571875 0.3277777777777778 0.5708333333333333 0.32962962962962966 0.5614583333333334 0.3388888888888889
3 0.5958333333333333 0.4703703703703703 0.5947916666666666 0.4703703703703703 0.5885416666666666 0.4703703703703703 0.5875 0.4722222222222222 0.5645833333333333 0.48333333333333334 0.5635416666666666 0.48518518518518516 0.5625 0.48703703703703705 0.5625 0.4888888888888889 0.5625 0.512962962962963 0.5635416666666666 0.5148148148148148 0.571875 0.5388888888888889 0.5729166666666666 0.5388888888888889 0.59375 0.5462962962962963 0.5947916666666666 0.5462962962962963 0.615625 0.5481481481481482 0.6166666666666666 0.5462962962962963 0.625 0.5370370370370371 0.625 0.5351851851851852 0.6333333333333334 0.5111111111111112 0.6333333333333334 0.5092592592592593 0.634375 0.48518518518518516 0.6333333333333334 0.48333333333333334 0.6291666666666667 0.4611111111111111 0.628125 0.45925925925925926 0.6208333333333333 0.45185185185185184 0.6197916666666666 0.45185185185185184 0.6177083333333334 0.45185185185185184 0.60625 0.46481481481481485 0.6052083333333333 0.46481481481481485 0.5958333333333333 0.4703703703703703
3 0.475 0.35370370370370374 0.475 0.3592592592592592 0.4760416666666667 0.3611111111111111 0.4770833333333333 0.37037037037037035 0.4791666666666667 0.37407407407407406 0.48125 0.3666666666666667 0.48125 0.3574074074074074 0.4822916666666667 0.35555555555555557 0.4822916666666667 0.33148148148148143 0.48125 0.32962962962962966 0.4859375 0.32407407407407407 0.5239583333333333 0.32407407407407407 0.5239583333333333 0.3425925925925926 0.525 0.3444444444444445 0.525 0.4055555555555555 0.5281250000000001 0.40185185185185185 0.5302083333333334 0.40185185185185185 0.53125 0.4 0.5354166666666667 0.39814814814814814 0.5447916666666667 0.38148148148148153 0.5447916666666667 0.37777777777777777 0.5479166666666666 0.36851851851851847 0.5479166666666666 0.3648148148148148 0.5520833333333334 0.35185185185185186 0.5520833333333334 0.3277777777777778 0.5499999999999999 0.32037037037037036 0.5489583333333333 0.30925925925925923 0.5447916666666667 0.29444444444444445 0.5385416666666667 0.2833333333333333 0.5281250000000001 0.2740740740740741 0.5239583333333333 0.2777777777777778 0.5239583333333333 0.28703703703703703 0.5187499999999999 0.2851851851851852 0.490625 0.3185185185185185 0.48125 0.30925925925925923 0.475 0.33148148148148143 0.475 0.337037037037037 0.4739583333333333 0.3388888888888889 0.4739583333333333 0.35185185185185186 0.475 0.35370370370370374
3 0.4625 0.1925925925925926 0.4625 0.19814814814814813 0.475 0.19814814814814813 0.4802083333333333 0.18888888888888888 0.4802083333333333 0.18518518518518517 0.4885416666666667 0.1574074074074074 0.4885416666666667 0.14074074074074072 0.4895833333333333 0.1388888888888889 0.5239583333333333 0.14444444444444443 0.5239583333333333 0.2611111111111111 0.5270833333333333 0.2611111111111111 0.53125 0.2555555555555556 0.53125 0.2537037037037037 0.5364583333333334 0.24259259259259258 0.540625 0.2277777777777778 0.540625 0.22407407407407406 0.5427083333333333 0.21666666666666665 0.5427083333333333 0.2111111111111111 0.5447916666666667 0.2037037037037037 0.5447916666666667 0.17037037037037037 0.5427083333333333 0.16481481481481483 0.5427083333333333 0.1611111111111111 0.5416666666666666 0.15925925925925924 0.540625 0.15185185185185185 0.5322916666666666 0.13518518518518519 0.5260416666666666 0.13333333333333333 0.525 0.13703703703703704 0.5223214282407407 0.13253968287037038 0.4875 0.1277777777777778 0.48333333333333334 0.13333333333333333 0.4770833333333333 0.1388888888888889 0.465625 0.1611111111111111 0.465625 0.16481481481481483 0.4614583333333333 0.1796296296296296 0.4614583333333333 0.19074074074074077 0.4625 0.1925925925925926
3 0.45 0.09444444444444444 0.45416666666666666 0.10925925925925926 0.45625 0.1111111111111111 0.4583333333333333 0.10925925925925926 0.4604166666666667 0.10185185185185185 0.4604166666666667 0.0962962962962963 0.4614583333333333 0.09444444444444444 0.4666666666666667 0.1 0.4666666666666667 0.10925925925925926 0.465625 0.1111111111111111 0.465625 0.12222222222222222 0.4645833333333333 0.12407407407407407 0.4645833333333333 0.12962962962962962 0.4708333333333333 0.1388888888888889 0.475 0.1388888888888889 0.48125 0.13333333333333333 0.484375 0.1277777777777778 0.48541666666666666 0.1277777777777778 0.4885416666666667 0.12222222222222222 0.4895833333333333 0.12222222222222222 0.4916666666666667 0.11481481481481481 0.4916666666666667 0.10555555555555556 0.4927083333333333 0.1037037037037037 0.4927083333333333 0.09074074074074075 0.49375 0.08888888888888889 0.49375 0.07407407407407407 0.4947916666666667 0.07222222222222222 0.4947916666666667 0.05925925925925926 0.4958333333333333 0.05740740740740741 0.4958333333333333 0.044444444444444446 0.496875 0.04259259259259259 0.496875 0.027777777777777776 0.4979166666666667 0.025925925925925925 0.4979166666666667 0.012962962962962963 0.49895833333333334 0.011111111111111112 0.49895833333333334 0.003703703703703704 0.4979166666666667 0.001851851851851852 0.484375 0 0.4822916666666667 0.003703703703703704 0.4802083333333333 0.003703703703703704 0.4791666666666667 0.005555555555555556 0.4770833333333333 0.003703703703703704 0.4770833333333333 0.011111111111111112 0.4760416666666667 0.012962962962962963 0.46979166666666666 0.007407407407407408 0.465625 0.007407407407407408 0.45625 0.022222222222222223 0.453125 0.03518518518518518 0.4510416666666667 0.03888888888888889 0.4479166666666667 0.05 0.4479166666666667 0.08148148148148149 0.45 0.08888888888888889 0.45 0.09444444444444444
3 0.5239583333333333 0.412962962962963 0.5239583333333333 0.4148148148148148 0.521875 0.4314814814814815 0.521875 0.4333333333333333 0.521875 0.4722222222222222 0.5229166666666667 0.4722222222222222 0.5333333333333333 0.4666666666666667 0.5343749999999999 0.46481481481481485 0.5552083333333333 0.4462962962962963 0.5552083333333333 0.4444444444444444 0.553125 0.4314814814814815 0.5520833333333334 0.42962962962962964 0.5458333333333334 0.412962962962963 0.5447916666666667 0.4111111111111111 0.5343749999999999 0.40370370370370373 0.525 0.40925925925925927 0.525 0.4111111111111111 0.5239583333333333 0.412962962962963
3 0.659375 0.9925925925925926 0.6614583333333334 0.9925925925925926 0.6635416666666666 0.9888888888888888 0.6666666666666666 0.9777777777777777 0.6677083333333333 0.9666666666666667 0.66875 0.9648148148148148 0.66875 0.9592592592592593 0.6697916666666667 0.9574074074074075 0.6697916666666667 0.9518518518518518 0.6708333333333334 0.95 0.6802083333333334 0.9537037037037037 0.6802083333333334 0.9574074074074075 0.678125 0.9648148148148148 0.678125 0.9722222222222222 0.6791666666666666 0.975925925925926 0.68125 0.975925925925926 0.6854166666666667 0.9722222222222222 0.6854166666666667 0.9685185185185184 0.6895833333333333 0.9537037037037037 0.6885416666666666 0.938888888888889 0.6864583333333334 0.938888888888889 0.6837239583333333 0.9347222222222222 0.6740885416666667 0.9263888888888888 0.6697916666666667 0.9277777777777778 0.66875 0.9259259259259259 0.6692708333333334 0.9222222222222222 0.6677083333333333 0.9222222222222222 0.6677083333333333 0.9185185185185185 0.6666666666666666 0.9166666666666666 0.665625 0.9092592592592593 0.6614583333333334 0.9092592592592593 0.6604166666666667 0.9074074074074074 0.6548177083333334 0.9097222222222222 0.653125 0.9055555555555556 0.65 0.9055555555555556 0.6458333333333334 0.9092592592592593 0.6416666666666666 0.9185185185185185 0.640625 0.9481481481481482 0.6427083333333333 0.9518518518518518 0.6489583333333334 0.975925925925926 0.659375 0.9925925925925926
3 0.6375 0.8703703703703703 0.6385416666666667 0.8777777777777778 0.6489583333333334 0.9 0.6510416666666666 0.9 0.65625 0.9055555555555556 0.6635416666666666 0.9055555555555556 0.6645833333333334 0.9037037037037037 0.6635416666666666 0.8814814814814815 0.6614583333333334 0.8740740740740741 0.6614583333333334 0.8648148148148148 0.6604166666666667 0.862962962962963 0.6604166666666667 0.8592592592592593 0.6708333333333334 0.8537037037037037 0.6708333333333334 0.8685185185185185 0.6729166666666666 0.8759259259259259 0.6729166666666666 0.8833333333333334 0.6739583333333333 0.8851851851851852 0.6739583333333333 0.8888888888888888 0.6770833333333334 0.8888888888888888 0.678125 0.887037037037037 0.6822916666666666 0.8722222222222222 0.6822916666666666 0.862962962962963 0.68125 0.8611111111111112 0.68125 0.8537037037037037 0.6791666666666666 0.85 0.6760416666666667 0.8388888888888888 0.6572916666666666 0.8324074074074075 0.6520833333333333 0.8370370370370371 0.6520833333333333 0.830864199074074 0.6447916666666667 0.8296296296296296 0.64375 0.8277777777777778 0.6416666666666666 0.8277777777777778 0.6395833333333334 0.8351851851851853 0.6395833333333334 0.8388888888888888 0.6354166666666666 0.8537037037037037 0.6354166666666666 0.8648148148148148 0.6375 0.8703703703703703
3 0.5604166666666667 0.8833333333333334 0.5604166666666667 0.8851851851851852 0.5583333333333333 0.9259259259259259 0.5593750000000001 0.9277777777777778 0.5604166666666667 0.9351851851851852 0.5614583333333334 0.9370370370370371 0.5677083333333334 0.95 0.56875 0.95 0.5760416666666667 0.9574074074074075 0.5770833333333334 0.9574074074074075 0.584375 0.9574074074074075 0.5854166666666667 0.9555555555555556 0.5916666666666667 0.9518518518518518 0.5927083333333334 0.95 0.5989583333333334 0.9425925925925925 0.5989583333333334 0.9407407407407407 0.5989583333333334 0.9222222222222222 0.5979166666666667 0.9203703703703704 0.5854166666666667 0.8796296296296297 0.584375 0.8777777777777778 0.5770833333333334 0.8648148148148148 0.5760416666666667 0.8648148148148148 0.571875 0.8648148148148148 0.5645833333333333 0.8740740740740741 0.5635416666666666 0.8759259259259259 0.5604166666666667 0.8833333333333334
3 0.5552083333333333 0.9962962962962962 0.55625 0.9981481481481481 0.5760416666666667 0.9981481481481481 0.5770833333333334 0.9962962962962962 0.578125 0.9833333333333334 0.5791666666666666 0.9814814814814815 0.5822916666666667 0.975925925925926 0.5833333333333334 0.975925925925926 0.5885416666666666 0.9740740740740741 0.5885416666666666 0.9722222222222222 0.5885416666666666 0.9685185185185184 0.5875 0.9666666666666667 0.5822916666666667 0.9592592592592593 0.5812499999999999 0.9592592592592593 0.5656249999999999 0.9555555555555556 0.5572916666666666 0.9666666666666667 0.5572916666666666 0.9685185185185184 0.5552083333333333 0.9962962962962962
3 0.5979166666666667 0.9611111111111111 0.5979166666666667 0.9629629629629629 0.5989583333333334 0.9685185185185184 0.6 0.9685185185185184 0.615625 0.9629629629629629 0.6166666666666666 0.9648148148148148 0.621875 0.9796296296296296 0.6229166666666667 0.9796296296296296 0.6322916666666666 0.9851851851851853 0.6333333333333334 0.9870370370370369 0.6416666666666666 0.9981481481481481 0.6427083333333333 0.9981481481481481 0.6489583333333334 0.9962962962962962 0.6489583333333334 0.9944444444444445 0.6479166666666666 0.9722222222222222 0.646875 0.9703703703703703 0.640625 0.9518518518518518 0.6395833333333334 0.9518518518518518 0.6270833333333333 0.938888888888889 0.6260416666666666 0.938888888888889 0.609375 0.938888888888889 0.6010416666666666 0.9481481481481482 0.6010416666666666 0.95 0.5979166666666667 0.9611111111111111
3 0.6875 0.9777777777777777 0.6875 0.9888888888888888 0.6885416666666666 0.9907407407407407 0.6895833333333333 0.9981481481481481 0.6979166666666666 0.9981481481481481 0.6989583333333333 0.9962962962962962 0.7270833333333334 0.9962962962962962 0.728125 0.9981481481481481 0.7333333333333334 0.9981481481481481 0.734375 0.9962962962962962 0.734375 0.9777777777777777 0.7322916666666667 0.9722222222222222 0.73125 0.9611111111111111 0.728125 0.9537037037037037 0.709375 0.9451851851851851 0.7041666666666666 0.95 0.703125 0.9481481481481482 0.7041666666666666 0.942962962962963 0.7020833333333334 0.9444444444444444 0.7020833333333334 0.9407407407407407 0.6989583333333333 0.9407407407407407 0.6927083333333334 0.95 0.6916666666666667 0.95 0.6885416666666666 0.9574074074074075 0.6885416666666666 0.9629629629629629 0.6875 0.9648148148148148 0.6864583333333334 0.975925925925926 0.6875 0.9777777777777777
3 0.721875 0.8981481481481481 0.721875 0.9 0.7229166666666667 0.9462962962962963 0.7239583333333334 0.9462962962962963 0.7333333333333334 0.9407407407407407 0.734375 0.938888888888889 0.7395833333333334 0.9314814814814815 0.7395833333333334 0.9296296296296297 0.7447916666666666 0.9129629629629629 0.7447916666666666 0.9111111111111112 0.7447916666666666 0.8907407407407407 0.74375 0.8888888888888888 0.7416666666666666 0.8759259259259259 0.740625 0.8740740740740741 0.7354166666666666 0.8722222222222222 0.7197916666666666 0.8796296296296297 0.7197916666666666 0.8814814814814815 0.721875 0.8981481481481481
3 0.8229166666666666 0.9962962962962962 0.8239583333333333 0.9981481481481481 0.840625 0.9981481481481481 0.8416666666666667 0.9962962962962962 0.840625 0.9740740740740741 0.8395833333333333 0.9722222222222222 0.834375 0.9666666666666667 0.8333333333333334 0.9666666666666667 0.828125 0.9648148148148148 0.8239583333333333 0.9685185185185184 0.8239583333333333 0.9703703703703703 0.8229166666666666 0.9962962962962962
3 0.796875 0.9981481481481481 0.7979166666666666 0.9981481481481481 0.8135416666666666 0.9962962962962962 0.8135416666666666 0.9944444444444445 0.8125 0.9851851851851853 0.8114583333333334 0.9851851851851853 0.8020833333333334 0.9796296296296296 0.796875 0.9870370370370369 0.796875 0.9888888888888888 0.796875 0.9981481481481481
3 0.7541666666666667 0.8907407407407407 0.7552083333333334 0.8925925925925926 0.7604166666666666 0.9055555555555556 0.7614583333333333 0.9055555555555556 0.7666666666666666 0.9074074074074074 0.7677083333333333 0.9055555555555556 0.7729166666666666 0.8907407407407407 0.7729166666666666 0.8888888888888888 0.7729166666666666 0.8851851851851852 0.771875 0.8833333333333334 0.7697916666666667 0.8777777777777778 0.76875 0.8777777777777778 0.7625 0.8722222222222222 0.7541666666666667 0.8814814814814815 0.7541666666666667 0.8833333333333334 0.7541666666666667 0.8907407407407407
3 0.7458333333333333 0.8351851851851853 0.746875 0.8370370370370371 0.7510416666666666 0.8481481481481481 0.7520833333333333 0.8481481481481481 0.7552083333333334 0.85 0.75625 0.8481481481481481 0.759375 0.8444444444444444 0.759375 0.8425925925925926 0.7614583333333333 0.8370370370370371 0.7614583333333333 0.8351851851851853 0.7614583333333333 0.825925925925926 0.7604166666666666 0.8240740740740741 0.7552083333333334 0.8166666666666667 0.7541666666666667 0.8166666666666667 0.7520833333333333 0.8166666666666667 0.746875 0.8222222222222222 0.746875 0.8240740740740741 0.7458333333333333 0.8351851851851853
3 0.8291666666666666 0.7703703703703704 0.8302083333333333 0.7722222222222223 0.83125 0.774074074074074 0.8322916666666667 0.774074074074074 0.8458333333333333 0.774074074074074 0.846875 0.7722222222222223 0.8489583333333334 0.7685185185185185 0.8489583333333334 0.7666666666666666 0.8489583333333334 0.7555555555555555 0.8479166666666667 0.7537037037037038 0.846875 0.7518518518518519 0.8458333333333333 0.7518518518518519 0.840625 0.7481481481481481 0.8395833333333333 0.7481481481481481 0.8333333333333334 0.7481481481481481 0.8291666666666666 0.7592592592592593 0.8291666666666666 0.7611111111111112 0.8291666666666666 0.7703703703703704
3 0.7385416666666667 0.5944444444444444 0.7395833333333334 0.5944444444444444 0.7520833333333333 0.6037037037037037 0.753125 0.6037037037037037 0.7635416666666667 0.6074074074074074 0.7635416666666667 0.6055555555555556 0.765625 0.6 0.765625 0.5981481481481481 0.7645833333333334 0.5851851851851853 0.7635416666666667 0.5851851851851853 0.7520833333333333 0.5722222222222222 0.7510416666666666 0.5722222222222222 0.7479166666666667 0.5722222222222222 0.7395833333333334 0.5833333333333334 0.7395833333333334 0.5851851851851853 0.7385416666666667 0.5944444444444444
3 0.25937499999999997 0.8925925925925926 0.2583333333333333 0.8907407407407407 0.2520833333333333 0.8833333333333334 0.25104166666666666 0.8833333333333334 0.24375 0.8814814814814815 0.24375 0.8833333333333334 0.240625 0.8981481481481481 0.23958333333333334 0.9 0.23541666666666666 0.9092592592592593 0.23541666666666666 0.9111111111111112 0.2375 0.9166666666666666 0.23854166666666665 0.9166666666666666 0.2552083333333333 0.9277777777777778 0.25625000000000003 0.9259259259259259 0.26458333333333334 0.9111111111111112 0.26458333333333334 0.9092592592592593 0.26875 0.8814814814814815 0.2677083333333333 0.8796296296296297 0.26666666666666666 0.8703703703703703 0.265625 0.8685185185185185 0.2635416666666667 0.8648148148148148 0.2625 0.8648148148148148 0.2604166666666667 0.8648148148148148 0.2635416666666667 0.8888888888888888 0.2625 0.8907407407407407 0.25937499999999997 0.8925925925925926
3 0.2625 0.9425925925925925 0.2635416666666667 0.9425925925925925 0.2739583333333333 0.9444444444444444 0.27499999999999997 0.9425925925925925 0.27499999999999997 0.924074074074074 0.2739583333333333 0.9222222222222222 0.2708333333333333 0.9129629629629629 0.26979166666666665 0.9129629629629629 0.26666666666666666 0.9092592592592593 0.25625000000000003 0.9333333333333333 0.2572916666666667 0.9351851851851852 0.2625 0.9425925925925925
3 0.37604166666666666 0.9333333333333333 0.37604166666666666 0.9351851851851852 0.37395833333333334 0.9518518518518518 0.37395833333333334 0.9537037037037037 0.375 0.9666666666666667 0.37604166666666666 0.9685185185185184 0.3802083333333333 0.9703703703703703 0.38125 0.9703703703703703 0.384375 0.9685185185185184 0.384375 0.9666666666666667 0.3875 0.9592592592592593 0.3885416666666667 0.9592592592592593 0.39375 0.9574074074074075 0.3947916666666667 0.9555555555555556 0.3989583333333333 0.95 0.3989583333333333 0.9481481481481482 0.396875 0.9277777777777778 0.3958333333333333 0.9259259259259259 0.390625 0.9203703703703704 0.38958333333333334 0.9203703703703704 0.384375 0.9203703703703704 0.378125 0.9259259259259259 0.378125 0.9277777777777778 0.37604166666666666 0.9333333333333333
3 0.3833333333333333 0.9962962962962962 0.384375 0.9981481481481481 0.396875 0.9981481481481481 0.3979166666666667 0.9962962962962962 0.4 0.9814814814814815 0.4 0.9796296296296296 0.4 0.9648148148148148 0.3989583333333333 0.9629629629629629 0.390625 0.9629629629629629 0.3833333333333333 0.975925925925926 0.3833333333333333 0.9777777777777777 0.3833333333333333 0.9962962962962962
3 0.215625 0.8925925925925926 0.215625 0.8944444444444444 0.21354166666666666 0.8981481481481481 0.21354166666666666 0.9 0.21458333333333335 0.9055555555555556 0.215625 0.9055555555555556 0.221875 0.9074074074074074 0.22291666666666665 0.9092592592592593 0.22708333333333333 0.9129629629629629 0.228125 0.9129629629629629 0.234375 0.9111111111111112 0.234375 0.9092592592592593 0.24166666666666667 0.8888888888888888 0.24166666666666667 0.887037037037037 0.24166666666666667 0.8777777777777778 0.240625 0.8777777777777778 0.2375 0.8703703703703703 0.23645833333333335 0.8703703703703703 0.23333333333333334 0.8685185185185185 0.22916666666666666 0.8703703703703703 0.228125 0.8722222222222222 0.215625 0.8925925925925926
3 0.5729166666666666 0.6870370370370371 0.5739583333333333 0.688888888888889 0.5791666666666666 0.6981481481481482 0.5802083333333333 0.6981481481481482 0.584375 0.6981481481481482 0.5854166666666667 0.6962962962962963 0.5885416666666666 0.6925925925925925 0.5885416666666666 0.6907407407407407 0.5906250000000001 0.6851851851851852 0.5906250000000001 0.6833333333333333 0.5885416666666666 0.6703703703703704 0.5875 0.6685185185185185 0.5833333333333334 0.6648148148148147 0.5822916666666667 0.6648148148148147 0.5760416666666667 0.6648148148148147 0.5729166666666666 0.6703703703703704 0.5729166666666666 0.6722222222222222 0.5729166666666666 0.6870370370370371
3 0.56875 0.7185185185185184 0.5697916666666667 0.7203703703703703 0.5739583333333333 0.7277777777777777 0.5750000000000001 0.7277777777777777 0.5802083333333333 0.7277777777777777 0.5812499999999999 0.725925925925926 0.5854166666666667 0.7185185185185184 0.5854166666666667 0.7166666666666667 0.5854166666666667 0.7055555555555556 0.584375 0.7037037037037037 0.5802083333333333 0.6981481481481482 0.5791666666666666 0.6981481481481482 0.5750000000000001 0.6981481481481482 0.5697916666666667 0.7055555555555556 0.5697916666666667 0.7074074074074075 0.56875 0.7185185185185184
3 0.5041666666666667 0.7092592592592593 0.5052083333333334 0.7111111111111111 0.5083333333333333 0.7185185185185184 0.509375 0.7185185185185184 0.5135416666666667 0.7222222222222222 0.5145833333333334 0.7203703703703703 0.5187499999999999 0.7148148148148148 0.5187499999999999 0.7129629629629629 0.521875 0.7055555555555556 0.521875 0.7037037037037037 0.521875 0.6944444444444444 0.5208333333333334 0.6925925925925925 0.5166666666666666 0.6851851851851852 0.515625 0.6851851851851852 0.5083333333333333 0.6851851851851852 0.5041666666666667 0.7 0.5041666666666667 0.7018518518518518 0.5041666666666667 0.7092592592592593
3 0.50625 0.6759259259259259 0.5072916666666667 0.6777777777777778 0.5072916666666667 0.6814814814814815 0.5083333333333333 0.6814814814814815 0.509375 0.6833333333333333 0.5104166666666666 0.6833333333333333 0.515625 0.6833333333333333 0.5166666666666666 0.6814814814814815 0.5229166666666667 0.6703703703703704 0.5229166666666667 0.6685185185185185 0.5239583333333333 0.6648148148148147 0.5239583333333333 0.6629629629629629 0.5197916666666667 0.6537037037037037 0.5187499999999999 0.6537037037037037 0.5145833333333334 0.6537037037037037 0.5072916666666667 0.6611111111111112 0.5072916666666667 0.6629629629629629 0.50625 0.6759259259259259
3 0.5583333333333333 0.21851851851851853 0.5583333333333333 0.22037037037037038 0.5541666666666667 0.22962962962962963 0.5541666666666667 0.23148148148148148 0.5499999999999999 0.25 0.5499999999999999 0.2518518518518518 0.5479166666666666 0.2759259259259259 0.5479166666666666 0.2777777777777778 0.5489583333333333 0.2925925925925926 0.5499999999999999 0.29444444444444445 0.553125 0.3074074074074074 0.5541666666666667 0.30925925925925923 0.5593750000000001 0.3185185185185185 0.5604166666666667 0.3185185185185185 0.5677083333333334 0.32592592592592595 0.56875 0.32592592592592595 0.5812499999999999 0.32037037037037036 0.5822916666666667 0.32037037037037036 0.5916666666666667 0.32037037037037036 0.5927083333333334 0.3185185185185185 0.5958333333333333 0.3166666666666667 0.596875 0.3148148148148148 0.609375 0.2925925925925926 0.609375 0.29074074074074074 0.6125 0.2796296296296296 0.6125 0.2777777777777778 0.6125 0.25 0.6114583333333333 0.24814814814814815 0.6083333333333334 0.22592592592592592 0.6072916666666667 0.22407407407407406 0.6052083333333333 0.21666666666666665 0.6041666666666666 0.21481481481481482 0.596875 0.2037037037037037 0.5958333333333333 0.2037037037037037 0.5895833333333333 0.19814814814814813 0.5885416666666666 0.19814814814814813 0.5750000000000001 0.19814814814814813 0.5708333333333333 0.20555555555555555 0.5697916666666667 0.20555555555555555 0.5583333333333333 0.21851851851851853
1 0.5321875 0.6105555555555555 0.5580208333333333 0.5933333333333333 0.6008333333333333 0.5907407407407407 0.6407291666666667 0.5933333333333333 0.6978125 0.6098148148148148 0.7034374999999999 0.5818518518518518 0.6570833333333334 0.5601851851851852 0.5228125 0.5307407407407407 0.520625 0.5007407407407407 0.5244791666666666 0.3964814814814815 0.47958333333333336 0.3938888888888889 0.461875 0.5801851851851851 0.43770833333333337 0.7324074074074074 0.48364583333333333 0.7577777777777778 0.498125 0.6644444444444445 0.5127083333333333 0.617037037037037 0.5321875 0.6105555555555555
1 0.4770833333333333 0.2011111111111111 0.4139583333333334 0.21796296296296294 0.33916666666666667 0.22685185185185186 0.3385416666666667 0.2611111111111111 0.40927083333333336 0.25574074074074077 0.4508333333333333 0.2646296296296296 0.46958333333333335 0.27240740740740743 0.4828125 0.28555555555555556 0.4828125 0.3574074074074074 0.4788541666666667 0.4012962962962963 0.48010416666666667 0.41444444444444445 0.521875 0.4222222222222222 0.5235416666666667 0.3485185185185185 0.5225 0.1687037037037037 0.5309375000000001 0.0724074074074074 0.496875 0.0724074074074074 0.496875 0.06999999999999999 0.4875 0.17185185185185184 0.4770833333333333 0.2011111111111111