2 0.7504755046296296 0.6433498587962964 0.7670065532407407 0.6164878449074074 0.65673025 0.6279572013888889 0.638747886574074 0.6198207800925927 0.6032036203703703 0.6260881921296296 0.5597619467592593 0.6277719236111111 0.5110701851851852 0.6197299837962963 0.44424149768518517 0.6162188217592592 0.04211851157407408 0.6485588958333333 0.022522002314814812 0.6447053333333334 0.026381541666666668 0.6799243541666667 0.2611408101851852 0.6571461157407407 0.36349552777777777 0.6543930810185186 0.4417771643518518 0.6558847800925925 0.5525163472222222 0.6536524583333333 0.5916929375 0.6613730578703704 0.6494734652777778 0.6604928680555555 0.7054160694444443 0.6492959305555556 0.7504755046296296 0.6433498587962964
2 1 0.5771765925925926 0.9619949861111111 0.5884842708333333 0.8120179652777778 0.6135753634259259 0.7845374861111111 0.6150255810185186 0.7696921365740741 0.6437692962962963 0.9706028657407407 0.6168263587962963 0.9893903333333334 0.6138520972222222 0.9846514027777779 0.6075585555555556 1 0.5961791481481482 1 0.5771765925925926
2 0 0.46569377777777776 0.057651837962962964 0.4729224166666666 0.15580603935185186 0.4829259282407407 0.21651277083333334 0.4964015393518519 0.21732332407407406 0.4866014861111111 0.2210562199074074 0.4861230902777778 0.2213437337962963 0.4994844884259259 0.22599173148148147 0.5030227939814815 0.24599652083333334 0.505672587962963 0.2630558981481481 0.4985499652777778 0.2728322638888889 0.49853966203703703 0.2735617847222222 0.4750562152777778 0.2174545787037037 0.46846990046296294 0 0.43912910185185183 0 0.46569377777777776
2 0 0.316428875 0.006479604166666667 0.3099364236111111 0.04091007407407408 0.28018269444444444 0.06777812268518518 0.2591559953703704 0.07820712268518519 0.25143606944444447 0.0953139074074074 0.24042319675925924 0.10147170833333333 0.23738059953703702 0.10079909722222222 0.2320730138888889 0.11653520833333333 0.22853674305555557 0.14860573148148148 0.20960725694444446 0.22199488194444442 0.17268789351851851 0.21454250462962962 0.16540255324074074 0.19772972453703705 0.17349712037037038 0.18085740046296298 0.1811473587962963 0.17309432638888889 0.18735005324074072 0.16523969907407407 0.18994085416666667 0.15462159722222224 0.19210927777777778 0.08963459953703704 0.23252905324074075 0.06608602546296297 0.24497395138888892 0.05856115740740741 0.2464488726851852 0.01908725462962963 0.28417872916666664 0.006376351851851852 0.29260775925925925 0 0.2943171666666667 0 0.316428875
2 0.3296492916666666 0.09643968518518518 0.3118399814814815 0.10656100462962963 0.3304349560185185 0.11081328935185185 0.35589531944444447 0.09246759953703704 0.38306064814814816 0.066195 0.37049099305555555 0.06753344675925926 0.3636572592592593 0.0650363425925926 0.3547008587962963 0.07577559259259259 0.3296492916666666 0.09643968518518518
2 0.2900441574074074 0.1367312476851852 0.3046063333333333 0.1265372662037037 0.29980870833333334 0.11660488657407407 0.2731666712962963 0.13379445833333334 0.2900441574074074 0.1367312476851852
2 0.17110763888888889 0.7753150462962963 0.20689638194444446 0.7780058587962962 0.3027385717592593 0.7738308611111111 0.33850730324074074 0.770009548611111 0.4810711111111111 0.7616368194444445 0.5066634953703704 0.7596098703703703 0.5529057731481481 0.7526936597222222 0.5407125763888888 0.7430498935185185 0.5091953611111111 0.7458148055555556 0.4712928796296296 0.7500123564814815 0.3801072384259259 0.7555346388888888 0.3382002361111111 0.7588834212962964 0.3248826180555555 0.7553400879629629 0.31154898379629625 0.7579979097222223 0.2718311064814815 0.7643771782407407 0.20679983796296297 0.7649809976851851 0.08239445833333334 0.7574273402777778 0.03608732638888889 0.7484057245370371 0.037615800925925924 0.7570741458333333 0.03983764814814815 0.7664755486111111 0.07157525462962963 0.7742385601851852 0.09162668518518519 0.7722472453703704 0.17110763888888889 0.7753150462962963
2 0.8288040717592593 0.44557696296296295 0.7683966782407408 0.45779386574074077 0.7539134722222223 0.4675825601851852 0.7388666412037037 0.46457683564814817 0.7297750231481481 0.45737956944444447 0.6017790370370371 0.4761725972222222 0.47094428935185184 0.4819588865740741 0.49361906944444445 0.49964429861111115 0.6220683425925926 0.49301992824074076 0.6626566689814815 0.4886978449074074 0.7274110486111112 0.478845349537037 0.8539809398148148 0.4615624861111111 0.8532383541666667 0.45415176620370373 0.8389800277777778 0.4557245092592592 0.824148449074074 0.4539395347222222 0.8288040717592593 0.44557696296296295
2 1 0.46441729861111114 0.9970021643518518 0.45205136574074073 0.9841798240740741 0.44897072222222223 0.9140399583333333 0.43777191435185187 0.8763317662037038 0.44253811574074076 0.8755483356481482 0.4602769837962963 0.9352526157407408 0.456656525462963 0.9908565555555555 0.471053050925926 0.9946927175925926 0.4801183819444444 1 0.4783917523148148 1 0.46441729861111114
2 0.08861784953703704 0.35132285416666664 0.11981720138888889 0.3489947754629629 0.13453465277777776 0.348959412037037 0.1749310949074074 0.34365573611111117 0.20115449999999999 0.3389154907407408 0.20594575 0.33782738425925923 0.23238966203703704 0.3331646087962963 0.2690099560185185 0.3370521226851852 0.2749040324074074 0.3361397662037037 0.2726646712962963 0.32215999305555554 0.26004000925925924 0.32371968749999996 0.20329841666666668 0.33390457638888893 0.20204745833333335 0.33534155092592594 0.19316999305555557 0.3353308611111111 0.14525578935185185 0.34353614814814815 0.1011200625 0.3460826736111111 0.07621087731481481 0.34718527546296296 0.056309465277777776 0.3436287546296296 0.050746599537037036 0.3488723148148148 0.07005473611111111 0.35034393287037036 0.08861784953703704 0.35132285416666664
3 0.030023391203703703 0.5860427638888889 0.03092780787037037 0.5911719722222222 0.029284974537037038 0.5925193842592593 0.030732041666666668 0.6007261157407408 0.02908920833333333 0.6020735277777777 0.03053627546296296 0.6102802592592593 0.02889344212962963 0.6116276712962964 0.029616974537037037 0.615731037037037 0.03326441203703704 0.6150878958333332 0.03526901388888889 0.6157921666666667 0.03891644907407407 0.6151490231481481 0.04092105092592592 0.6158532939814815 0.04456848611111111 0.6152101527777778 0.052225125000000004 0.6159755532407408 0.07046230555555556 0.6127598472222222 0.07246690740740741 0.6134641180555556 0.06625733796296296 0.6209054490740741 0.05184847685185185 0.6245038564814814 0.05221024305555556 0.6265555393518518 0.0564003287037037 0.6289899212962963 0.05676209722222222 0.6310416041666668 0.06113306712962963 0.6345018287037036 0.07261802546296296 0.6356499282407407 0.07808918055555557 0.6346852152777778 0.0800937824074074 0.635389486111111 0.0855649351851852 0.6344247754629629 0.08756953703703703 0.6351290462962963 0.09304069212962963 0.6341643333333334 0.09504529398148148 0.6348686041666667 0.10051644675925926 0.6339038912037037 0.10252104861111111 0.6346081620370371 0.1079922037037037 0.6336434513888889 0.10999680555555555 0.6343477222222221 0.1318814212962963 0.6304888726851852 0.13881452777777778 0.6271509074074074 0.14428568055555557 0.6261861944444443 0.15468533796296297 0.6211792476851853 0.15797100694444446 0.6184844236111111 0.15907119212962964 0.6140594861111112 0.16089490972222223 0.6137379143518518 0.16118765972222224 0.6093042453703703 0.17549953703703702 0.6005853657407407 0.16312324537037035 0.6035231666666667 0.1650588310185185 0.5977420833333333 0.17441423611111112 0.5944303171296297 0.16699441203703705 0.5919610023148147 0.17497176851851853 0.5869278564814815 0.1689299976851852 0.5861799212962963 0.17280116666666667 0.5746177592592593 0.16660647916666668 0.5714791064814815 0.15329780092592593 0.5706525763888889 0.14108930787037036 0.5654011111111111 0.13343266898148148 0.5646357106481482 0.12340966203703703 0.5611143564814814 0.12158594444444445 0.5614359282407407 0.10773461574074074 0.557531875 0.10408718055555556 0.5581750162037037 0.08877390046296296 0.5566442152777777 0.076007875 0.5588952106481482 0.07436504166666667 0.5602426226851852 0.06707016898148148 0.5615289050925926 0.06196078009259259 0.5645453009259259 0.054846791666666665 0.5668574236111111 0.041885 0.5786625625 0.03495189351851852 0.5820005277777778 0.030023391203703703 0.5860427638888889
3 0.1872397939814815 0.5498593819444445 0.18595872685185186 0.5532584768518519 0.17810632175925925 0.5620472199074074 0.17864897222222223 0.5651247453703704 0.17700613657407407 0.5664721574074074 0.17754878703703703 0.5695496805555555 0.1759059537037037 0.5708970925925926 0.1778956712962963 0.582181349537037 0.17990027314814816 0.5828856203703704 0.18152822453703704 0.5921181921296297 0.18353282638888888 0.592822462962963 0.18662272916666667 0.5996817824074073 0.19245565046296295 0.6007687523148149 0.19975052314814815 0.5994824699074074 0.201755125 0.6001867407407407 0.21087371527777776 0.598578886574074 0.2128783148148148 0.5992831574074075 0.2201731875 0.597996875 0.22217778935185187 0.5987011458333333 0.23129637962962962 0.5970932916666667 0.23330098148148148 0.5977975624999999 0.24989532870370368 0.5959292685185185 0.25189992824074076 0.5966335393518519 0.2496995601851852 0.605483412037037 0.2557133657407408 0.607596224537037 0.2606418703703704 0.6035539884259259 0.26331099305555555 0.6031795069444444 0.2675675324074074 0.6055060138888889 0.2715841782407407 0.6016245625000001 0.2794217013888889 0.6034158055555556 0.2709086226851852 0.5987627893518519 0.273357525462963 0.5939077222222222 0.27850625 0.5943460717592592 0.2836919236111111 0.5920854884259259 0.28610387962962963 0.5899293541666667 0.29603093055555557 0.5909675254629629 0.32156298379629633 0.5864655347222223 0.3358058425925926 0.5712613032407408 0.3369060277777778 0.5668363657407407 0.3385488611111111 0.5654889537037037 0.3380062106481482 0.5624114305555555 0.3396490462962963 0.5610640162037037 0.3392872777777778 0.5590123356481481 0.32198428009259256 0.5461972800925926 0.31907526157407406 0.540363800925926 0.3125188078703704 0.5351734652777778 0.2846352685185185 0.5263395162037037 0.2809878310185185 0.5269826574074075 0.27515490972222223 0.5258956875 0.27150747453703705 0.5265388287037037 0.25619419675925925 0.5250080277777778 0.2416044513888889 0.5275805949074074 0.23959984953703706 0.526876324074074 0.22865754166666666 0.5288057476851852 0.2270147060185185 0.5301531597222222 0.21971983564814815 0.5314394421296297 0.21461044675925928 0.5344558379629629 0.21096301157407407 0.5350989791666666 0.20932017592592592 0.5364463912037037 0.2022061875 0.5387585138888888 0.1872397939814815 0.5498593819444445
3 0.3959267175925926 0.47498375000000004 0.39410300000000004 0.47530531944444443 0.3647426273148148 0.47942460879629634 0.3630997939814815 0.4807720208333333 0.3576286388888889 0.4817367337962963 0.35598580555555553 0.4830841458333333 0.34047675925925924 0.49110748842592594 0.3388339259259259 0.492454900462963 0.3258721319444444 0.5042600393518518 0.3260530162037037 0.5052858819444445 0.3178239606481481 0.5226029259259259 0.31800484490740744 0.5236287685185185 0.3207180972222222 0.5390163888888888 0.322722699074074 0.5397206597222222 0.3279980856481482 0.5483100902777778 0.3300026875 0.5490143611111111 0.34056834490740745 0.5556132407407408 0.34257294675925926 0.5563175092592593 0.3504104699074074 0.5581087523148148 0.35223418749999996 0.5577871805555555 0.3968929560185185 0.5657786759259259 0.39871667361111107 0.5654571064814815 0.4319053657407408 0.5617205162037037 0.4335482013888889 0.5603731041666666 0.4495998958333334 0.5554272847222222 0.4512427314814815 0.5540798726851852 0.46164238888888887 0.549072923611111 0.463285224537037 0.5477255115740741 0.4702183287037037 0.5443875462962963 0.4718611643518518 0.5430401342592592 0.4833610046296296 0.53360825 0.4831801226851852 0.5325824074074075 0.4955992638888889 0.5176997453703703 0.4954183796296296 0.5166739050925926 0.4941670787037037 0.4989130300925926 0.4810541689814815 0.48853235648148147 0.4790495671296296 0.48782808564814817 0.45517523148148153 0.48040267824074073 0.4533515138888889 0.48072425 0.4398619537037037 0.4788718796296296 0.4380382337962963 0.4791934490740741 0.41160176388888886 0.4785662314814815 0.40959716203703705 0.4778619606481481 0.3959267175925926 0.47498375000000004
3 0.34252085648148145 0.5933474560185185 0.3374040277777778 0.6016538449074075 0.3494316388888889 0.6058794675925926 0.3674879351851852 0.6016379212962962 0.37077360416666666 0.5989430949074075 0.38299698148148154 0.5936145763888889 0.3859208819444444 0.5888680694444445 0.3822734467592593 0.5895112106481482 0.3802688449074074 0.5888069398148148 0.38702106712962964 0.5844431342592592 0.3917686875 0.5793750555555556 0.38794036805555554 0.5789923564814815 0.38977896759259256 0.5680908009259259 0.3525959560185185 0.5598388634259259 0.3489485185185185 0.5604820046296296 0.3469439166666667 0.5597777337962963 0.3434773657407408 0.5614467175925926 0.3394532800925926 0.5706181597222222 0.33616761111111115 0.5733129837962964 0.33488654166666665 0.5767120810185186 0.3316008726851852 0.5794069050925926 0.3255721851851852 0.5878740763888889 0.32337181712962965 0.596723949074074 0.34252085648148145 0.5933474560185185
3 0.39341152083333336 0.5780276435185185 0.40142992824074075 0.5808447268518518 0.4025152291666667 0.5869997754629629 0.4045198310185185 0.5877040462962962 0.4048815972222222 0.5897557291666666 0.4085290324074074 0.589112587962963 0.41053363425925926 0.5898168587962963 0.41800939120370373 0.5895564166666666 0.42201859490740745 0.5909649583333333 0.4296752337962963 0.5917303587962963 0.43568903703703704 0.5938431689814815 0.4413410763888889 0.5939042986111112 0.446450462962963 0.5908879050925926 0.45065543287037035 0.5827423032407407 0.45766386805555553 0.5776986759259259 0.45668412037037037 0.5742751296296297 0.4840398912037037 0.5694515694444444 0.485682724537037 0.5681041574074074 0.4849591921296297 0.5640007916666667 0.48660202546296294 0.5626533796296296 0.4856976087962963 0.5575241712962963 0.48369300694444445 0.5568199027777778 0.47859850231481477 0.5492563125 0.47440841666666667 0.5468219282407407 0.46875637731481484 0.546760798611111 0.46547070833333337 0.549455625 0.4516044976851852 0.5561315555555555 0.4408430740740741 0.5590868217592593 0.4339099675925926 0.562424787037037 0.4138490694444445 0.5659620648148148 0.4118444675925926 0.5652577939814815 0.3954310046296296 0.5681519305555556 0.3937881712962963 0.5694993425925926 0.39341152083333336 0.5780276435185185
3 0.4488168310185185 0.5936438587962962 0.4491785972222222 0.5956955416666666 0.4460738125 0.5994162060185185 0.4473399976851852 0.6065970972222222 0.4493445995370371 0.6073013680555556 0.4502490162037037 0.612430574074074 0.4613722083333333 0.6115269907407408 0.4683053125 0.6081890254629629 0.4737764675925926 0.6072243125 0.4754193032407407 0.6058769004629629 0.4808904560185185 0.6049121898148149 0.4825332916666667 0.6035647777777777 0.4969421527777778 0.5999663703703704 0.4985849861111111 0.5986189583333333 0.5022324236111111 0.5979758171296297 0.5120894305555556 0.5898913449074074 0.5139131481481481 0.5895697731481482 0.5272069421296296 0.6009762870370371 0.5140642662037037 0.6117555833333334 0.5146069166666667 0.6148331087962964 0.5131449652777778 0.6172063611111112 0.5173350509259259 0.6196407453703704 0.5280964768518518 0.6166854791666666 0.5397772013888888 0.6082794351851852 0.5456250069444445 0.5987864212962962 0.5356019976851852 0.5952650694444445 0.5443588217592593 0.5916055324074074 0.5423542199074074 0.5909012615740741 0.5322067106481482 0.578675537037037 0.5235892708333333 0.5804594583333333 0.5234083888888889 0.5794336180555556 0.5281560092592593 0.5743655393518519 0.5276133587962962 0.5712880162037037 0.5203184861111111 0.5725742986111111 0.5183138842592593 0.5718700277777778 0.5019004212962963 0.5747641643518518 0.49989581944444444 0.5740598935185185 0.48348235648148147 0.5769540300925926 0.4814777546296296 0.5762497592592593 0.46506429398148147 0.5791438958333334 0.4634214583333333 0.5804913078703704 0.45795030555555555 0.5814560185185185 0.45155984953703704 0.5878715092592592 0.4504596666666667 0.5922964467592592 0.4488168310185185 0.5936438587962962
3 0.36255943287037035 0.6056801574074073 0.3609165972222222 0.6070275694444445 0.3528833078703704 0.6147904699074074 0.35306419212962964 0.6158163125 0.35597321064814813 0.6216497893518519 0.3577969282407408 0.6213282199074074 0.3747530416666667 0.6215116064814815 0.37657675925925926 0.6211900370370371 0.43036900231481484 0.6169936921296296 0.43219271990740743 0.6166721226851851 0.4431350277777778 0.6147426990740741 0.4447778634259259 0.613395287037037 0.4455162800925926 0.6069186666666667 0.4380554074074074 0.5965991226851851 0.4360508055555556 0.5958948518518519 0.42219947685185183 0.5919907986111111 0.42037575925925924 0.5923123703703703 0.40889080092592595 0.5911642708333333 0.40706708333333336 0.5914858402777777 0.37806847685185185 0.5976568125 0.37642564120370375 0.599004224537037 0.36255943287037035 0.6056801574074073
3 0.29728223148148153 0.608728400462963 0.2932730277777778 0.6073198587962964 0.2930921458333333 0.6062940162037037 0.28926382638888887 0.6059113171296296 0.2823307199074074 0.6092492824074074 0.2673643263888889 0.6203501504629629 0.26444042361111114 0.6250966574074075 0.26516395833333334 0.6292000231481482 0.2706351111111111 0.6282353101851852 0.27263971296296297 0.6289395810185185 0.27993458564814816 0.6276532986111112 0.2819391875 0.6283575694444444 0.28923406018518516 0.627071287037037 0.291238662037037 0.6277755578703704 0.2948860972222222 0.6271324166666666 0.2965289328703704 0.6257850046296296 0.2959862800925926 0.6227074791666667 0.29762911574074075 0.6213600671296297 0.30474310416666667 0.6190479421296297 0.3054666388888889 0.6231513078703704 0.309656724537037 0.6255856921296297 0.34649285416666664 0.6212059606481481 0.3472312708333333 0.6147293402777778 0.3488741041666667 0.6133819282407408 0.34596508564814815 0.6075484513888889 0.343779599537037 0.6058183402777778 0.3357611944444444 0.6030012569444444 0.3355803101851852 0.6019754143518519 0.3237335856481482 0.5987756319444444 0.3199052662037037 0.5983929328703703 0.3089629560185185 0.6003223564814815 0.305677287037037 0.6030171805555555 0.30658170601851853 0.6081463865740742 0.3049388703703703 0.609493800925926 0.3080709027777778 0.6123262939814815 0.30638593981481477 0.6177005300925926 0.29636293055555557 0.6141791782407408 0.2980057662037037 0.6128317662037036 0.29728223148148153 0.608728400462963
3 0.053795835648148146 0.7955137245370371 0.052153 0.7968611365740741 0.047224497685185184 0.8009033726851852 0.047405379629629624 0.801929212962963 0.0519274675925926 0.8275752500000001 0.053932069444444446 0.8282795208333333 0.0657787962962963 0.8314793032407407 0.06760251388888888 0.8311577314814814 0.07890659027777777 0.8312799907407408 0.08073030787037037 0.8309584189814815 0.09878660416666667 0.8267168726851851 0.10042943981481481 0.8253694606481482 0.10571971064814815 0.8233789050925926 0.10736254398148148 0.8220314930555556 0.1112057476851852 0.8118342083333333 0.11284858101851852 0.8104867962962963 0.11887726851851851 0.802019625 0.11869638657407408 0.8009937824074074 0.11961568518518519 0.7955430046296296 0.1147020648148148 0.7890052569444445 0.11269746296296297 0.7883009861111111 0.10267445601851852 0.7847796319444446 0.10085073842592591 0.7851012037037037 0.0911894976851852 0.7836315324074073 0.08936577777777777 0.7839531041666666 0.0676620462962963 0.7888377939814815 0.06601921064814815 0.7901852060185185 0.053795835648148146 0.7955137245370371
3 0.12727232407407407 0.7963084050925926 0.12562949074074073 0.7976558171296296 0.11759620138888888 0.8054187199074073 0.11777708564814814 0.8064445601851852 0.11192928009259259 0.8159375740740741 0.11211016435185185 0.8169634166666667 0.11319546527777778 0.8231184652777778 0.11520006712962963 0.823822736111111 0.12011368750000001 0.8303604837962963 0.12211828935185186 0.8310647546296296 0.13214129629629628 0.8345861087962964 0.1339650162037037 0.8342645370370371 0.14162165509259259 0.8350299375 0.14344537268518517 0.8347083657407408 0.16715370833333335 0.8305279467592592 0.1687965416666667 0.8291805347222222 0.1837629375 0.8180796689814814 0.18358205324074073 0.8170538263888889 0.18997250694444445 0.8106383356481481 0.189791625 0.8096124953703703 0.1918111087962963 0.7997367824074074 0.1867166041666667 0.7921731921296297 0.18471200231481483 0.7914689212962963 0.16849430555555556 0.7848089143518518 0.16667058796296297 0.7851304837962964 0.15901394907407407 0.7843650833333333 0.15737111574074075 0.7857124953703704 0.14642880555555557 0.7876419212962963 0.14478597222222223 0.7889893333333333 0.12727232407407407 0.7963084050925926
3 0.19547342824074074 0.7885136550925926 0.19383059259259258 0.7898610671296297 0.19072580787037036 0.7935817337962964 0.19090668981481482 0.794607574074074 0.1943583611111111 0.8035185763888889 0.19271552546296297 0.8048659884259259 0.18851055555555554 0.8130115902777777 0.18869143981481482 0.8140374305555556 0.18941497453703704 0.8181407962962963 0.1914195763888889 0.8188450671296296 0.19396682870370371 0.8226268634259258 0.19597143055555555 0.8233311342592593 0.20763727083333336 0.8255050740740741 0.20946099074074076 0.8251835046296295 0.22934100462962964 0.8206203842592593 0.2309838402777778 0.8192729722222223 0.24795483564814816 0.8088763773148148 0.24777395138888889 0.8078505347222221 0.2556263587962963 0.7990617916666667 0.25544547453703703 0.798035949074074 0.2565456574074074 0.793611013888889 0.24944655324074072 0.7853431527777778 0.24744195138888891 0.7846388819444444 0.23723806018518517 0.7800916875 0.23541434027777777 0.7804132592592593 0.21845822916666666 0.7802298703703704 0.21663450925925926 0.7805514421296296 0.2093396388888889 0.781837724537037 0.20769680324074075 0.7831851365740741 0.19547342824074074 0.7885136550925926
3 0.1482674074074074 0.7767403657407407 0.14243448611111112 0.7756533935185185 0.13878705092592594 0.7762965347222222 0.13678244907407408 0.7755922638888889 0.13313501157407406 0.7762354074074074 0.1254783726851852 0.7754700069444445 0.12000721759259259 0.7764347175925926 0.11800261805555555 0.7757304467592592 0.10870314351851852 0.7763124606481482 0.10706030787037037 0.7776598726851852 0.1077838425925926 0.781763238425926 0.12017321990740741 0.7880405439814815 0.1238206550925926 0.7873974027777778 0.13348189583333334 0.7888670740740741 0.1480716412037037 0.7862945092592594 0.14971447453703704 0.7849470972222222 0.1606567847222222 0.7830176712962964 0.1595714814814815 0.7768626226851851 0.16321891898148147 0.7762194814814815 0.16722812268518517 0.7776280231481482 0.16906077083333335 0.770958462962963 0.17326276157407408 0.7649288564814816 0.1738143425925926 0.7616583912037037 0.18257116666666667 0.7579988541666667 0.18166674768518518 0.7528696481481482 0.17547206018518516 0.7497309930555555 0.17310569212962965 0.7469750393518518 0.15706887962962965 0.741340875 0.1532405601851852 0.7409581736111112 0.1404745324074074 0.7432091689814814 0.13883169907407408 0.7445565810185185 0.1297131087962963 0.7461644351851852 0.12149893518518519 0.7529014953703703 0.12167981944444445 0.753927337962963 0.12787450694444444 0.7570659907407408 0.16998602314814815 0.7612756898148149 0.15756688194444446 0.7761583518518519 0.1482674074074074 0.7767403657407407
3 0.07424826620370371 0.7728681597222222 0.04362170833333333 0.7698065601851852 0.04597319444444445 0.7831424976851852 0.04998239814814815 0.7845510393518518 0.052348766203703705 0.7873069930555556 0.05854345601851852 0.7904456458333333 0.06930487962962963 0.7874903819444445 0.07094771527777778 0.7861429699074074 0.08736117824074074 0.7832488333333333 0.08936577777777777 0.7839531041666666 0.10213180555555555 0.7817021087962963 0.10377463888888888 0.7803546967592593 0.10305110648148148 0.7762513310185185 0.10578817129629631 0.7747109768518519 0.11182876388888889 0.7577798148148148 0.11037574305555556 0.7538050787037037 0.1138422962962963 0.7521360949074074 0.10564300694444445 0.7482931712962964 0.0941580462962963 0.7471450717592591 0.10071450231481481 0.7523354074074073 0.09341962962962963 0.7536216898148148 0.0837583888888889 0.7521520185185184 0.08503945601851852 0.748752923611111 0.0819346712962963 0.7524735902777778 0.07792546759259258 0.7510650486111111 0.09703730092592593 0.7741385185185186 0.08208578935185186 0.7746594004629629 0.07424826620370371 0.7728681597222222
3 0.6549221597222222 0.2801750810185185 0.6567458773148148 0.27985351157407407 0.6678690694444444 0.2789499282407408 0.6695119050925926 0.27760251620370374 0.687568201388889 0.2733609675925926 0.6873873171296296 0.272335125 0.6897685694444445 0.26451109490740743 0.685397599537037 0.2610508703703704 0.6835738819444445 0.2613724421296296 0.6587802453703704 0.2593978125 0.6571374097222221 0.260745224537037 0.6467377523148149 0.2657521712962963 0.646918636574074 0.2667780138888889 0.6443565023148148 0.2735762037037037 0.6463611041666667 0.274280474537037 0.6549221597222222 0.2801750810185185
3 0.6040389374999999 0.2902049027777778 0.6060435393518518 0.2909091736111111 0.6313798263888889 0.2959613263888889 0.6332035439814815 0.29563975694444444 0.638674699074074 0.2946750439814815 0.6403175324074074 0.29332763194444444 0.6487125879629629 0.28761641203703703 0.6485317060185186 0.2865905717592592 0.6510938402777777 0.27979238194444445 0.6425327824074074 0.27389777546296296 0.6407090648148148 0.2742193449074074 0.6292241064814815 0.27307124537037036 0.6274003888888889 0.2733928148148148 0.6128106435185185 0.2759653819444444 0.6111678101851852 0.27731279398148145 0.6029536365740741 0.28404985416666667 0.6031345208333333 0.2850756944444444 0.6040389374999999 0.2902049027777778
3 0.574859449074074 0.2953500347222222 0.5766831666666666 0.295028462962963 0.5985677847222222 0.29116961342592595 0.6002106180555555 0.2898222013888889 0.5996679675925926 0.28674467824074074 0.5799837199074074 0.2817536527777778 0.57816 0.28207522453703704 0.5706842453703703 0.28233566666666665 0.5690414097222222 0.2836830787037037 0.5655748587962963 0.2853520601851852 0.5657557407407408 0.2863779027777778 0.5662983912037037 0.28945542592592594 0.5683029930555555 0.2901596967592593 0.574859449074074 0.2953500347222222
3 0.557154613425926 0.5681945671296296 0.5555117800925926 0.5695419791666667 0.5458207731481481 0.5892322777777778 0.5589336828703704 0.5996129513888889 0.5769750972222222 0.6059513865740741 0.5806225347222222 0.6053082453703703 0.5959358125 0.6068390462962964 0.612349275462963 0.6039449097222223 0.617458662037037 0.6009285138888889 0.6316866388888889 0.5963042662037038 0.6450101990740741 0.5865508101851852 0.6446484328703703 0.5844991273148148 0.6504962361111111 0.5750061134259259 0.6486874004629629 0.5647476990740741 0.6466827986111111 0.5640434305555556 0.6461401481481481 0.5609659050925926 0.6417691782407408 0.5575056805555556 0.6310730069444445 0.5572762314814815 0.6269985509259259 0.5590524050925926 0.6249939490740741 0.5583481342592592 0.6222658125 0.5535404976851852 0.6271943171296296 0.5494982615740741 0.6173521921296297 0.54700275 0.6137047569444444 0.5476458912037037 0.6117001550925926 0.5469416203703704 0.6080527199074074 0.5475847615740741 0.6003960787037037 0.5468193611111111 0.5766877453703704 0.5509997800925925 0.5734020763888888 0.5536946041666666 0.5664689699074074 0.5570325717592592 0.5690162222222223 0.5608143657407407 0.5662732037037037 0.5665867129629629 0.557154613425926 0.5681945671296296
3 0.5776516944444444 0.5138090486111111 0.5778325763888889 0.5148348912037037 0.5738084907407407 0.5240063333333334 0.573989375 0.5250321759259259 0.5752555601851852 0.5322130648148148 0.577260162037037 0.5329173356481481 0.5821737824074075 0.5394550833333334 0.5841783842592593 0.5401593541666666 0.5980297106481481 0.5440634074074074 0.5998534282407407 0.5437418379629629 0.6113383888888889 0.5448899374999999 0.6131621064814815 0.5445683657407407 0.6255663657407408 0.5402656898148148 0.627209199074074 0.5389182777777778 0.6405327592592592 0.5291648217592593 0.6403518773148148 0.5281389791666666 0.6531327847222222 0.515308 0.6529519027777778 0.5142821597222222 0.6560566875 0.5105614930555555 0.6558758032407407 0.5095356527777778 0.6544287361111111 0.5013289212962962 0.6402156412037037 0.4953731851851852 0.6383919236111111 0.4956947546296296 0.6176074907407408 0.4951286666666667 0.6157837731481481 0.49545023842592595 0.6050223472222223 0.4984055023148148 0.6033795138888889 0.4997529143518519 0.5858658657407407 0.5070719884259259 0.5842230324074075 0.508419400462963 0.5776516944444444 0.5138090486111111
3 0.5251107546296296 0.5357662662037037 0.5209206666666666 0.5333318842592593 0.5181925324074074 0.5285242476851851 0.5140024444444444 0.526089863425926 0.5028792523148149 0.5269934467592593 0.4963079143518519 0.5323830949074074 0.49448419675925925 0.5327046666666666 0.4879128587962963 0.5380943148148147 0.48352700694444445 0.5452140763888889 0.4849740740740741 0.5534208078703704 0.4869786759259259 0.5541250763888889 0.4880639768518518 0.560280125 0.49826786805555556 0.5648273217592593 0.4984487523148148 0.5658531620370371 0.5137620300925926 0.567383962962963 0.5265280555555555 0.5651329675925926 0.5298137268518518 0.5624381435185185 0.5327376273148148 0.5576916365740741 0.5317729166666667 0.5522204814814815 0.5398239513888888 0.5534452083333333 0.5539965925925926 0.544952349537037 0.5557224282407408 0.5494078518518518 0.5577270300925926 0.5501121226851852 0.5588123310185185 0.5562671712962963 0.567750037037037 0.5536334768518518 0.5759642106481482 0.5468964143518519 0.5748789097222222 0.5407413657407407 0.5765217430555555 0.5393939537037037 0.5681692361111111 0.5364594930555556 0.5752555601851852 0.5322130648148148 0.5688799884259259 0.5280485694444444 0.5685182199074075 0.5259968865740741 0.56414725 0.5225366620370371 0.5561288449074074 0.5197195810185185 0.5524814074074074 0.5203627222222222 0.5409964490740741 0.5192146203703704 0.5395344976851851 0.521587875 0.541539099537037 0.5222921458333334 0.5446290023148148 0.5291514652777778 0.5489999722222222 0.5326116898148148 0.5495426226851852 0.535689212962963 0.5298434907407408 0.5412781736111111 0.5278388888888889 0.5405739027777778 0.5251107546296296 0.5357662662037037
3 0.37429740046296295 0.42696851620370374 0.3763020023148148 0.4276727847222222 0.38067297222222224 0.43113300925925924 0.38267757407407405 0.4318372800925926 0.38851049537037036 0.43292425231481485 0.39033421296296295 0.43260268055555556 0.40310023842592596 0.4303516851851852 0.40474307407407406 0.42900427314814815 0.40786274074074075 0.4147036226851852 0.39930168518518516 0.4088090162037037 0.39747796759259263 0.409130587962963 0.38635477546296293 0.4100341689814815 0.38471193981481483 0.41138158101851857 0.37759795138888885 0.4136937060185185 0.37595511805555554 0.41504111805555555 0.37285033101851855 0.4187617847222222 0.3730312152777778 0.419787625 0.37429740046296295 0.42696851620370374
3 0.4154896157407407 0.4366289930555556 0.4171324490740741 0.4352815810185185 0.418594400462963 0.43290832638888893 0.40839050925925924 0.4283611319444444 0.40656679166666665 0.42868270370370376 0.3923388148148148 0.4333069513888889 0.3925196967592593 0.43433279398148145 0.3928814652777778 0.43638447685185183 0.3948860671296296 0.4370887453703704 0.4027235879629629 0.43887998842592596 0.40454730787037035 0.4385584166666667 0.4154896157407407 0.4366289930555556
3 0.4084053912037037 0.41778114814814815 0.408586275462963 0.41880698842592595 0.4102142268518519 0.4280395625 0.4122188287037037 0.4287438333333333 0.422241837962963 0.4322651851851852 0.42406555555555553 0.4319436157407407 0.43865529861111113 0.4293710486111111 0.4402981342592593 0.4280236365740741 0.4505169074074074 0.42199084722222224 0.450336025462963 0.42096500694444444 0.4510744421296296 0.4144883865740741 0.43704223148148147 0.4095584930555556 0.4352185115740741 0.4098800625 0.4293855902777778 0.40879309259259256 0.4275618726851852 0.40911466203703706 0.420267 0.41040094675925926 0.4186241666666667 0.4117483587962963 0.41151017824074076 0.4140604814814815 0.4098673425925926 0.41540789351851853 0.4084053912037037 0.41778114814814815
3 0.4337267962962963 0.4334132870370371 0.43573139814814815 0.43411755555555553 0.44338803703703705 0.4348829560185185 0.44521175462962964 0.43456138657407406 0.4543303449074074 0.43295353240740736 0.4559731805555555 0.4316061203703704 0.46947762268518517 0.42287850694444445 0.4610974490740741 0.41800974074074077 0.4592737314814815 0.41833131249999994 0.45562629629629625 0.4189744537037037 0.45398346064814815 0.42032186574074076 0.4404790185185185 0.4290494791666667 0.43865529861111113 0.4293710486111111 0.4333650277777778 0.43136160416666663 0.433545912037037 0.4323874444444445 0.4337267962962963 0.4334132870370371
3 0.4527172754629629 0.413140974537037 0.45454099537037035 0.41281940509259263 0.46037391666666666 0.41390637500000005 0.46219763425925925 0.4135848032407407 0.467668787037037 0.4126200925925926 0.4693116226851852 0.41127268055555555 0.4795303958333333 0.40523989120370374 0.4793495138888889 0.40421404861111115 0.4806305810185185 0.40081495370370374 0.47024580555555556 0.39524191666666664 0.468422087962963 0.395563488425926 0.45000402314814814 0.3977533541666667 0.4483611898148148 0.3991007662037037 0.44343268518518514 0.4031430023148148 0.44361356944444447 0.4041688425925926 0.4425133842592593 0.4085937800925926 0.4445179861111111 0.4092980509259259 0.4527172754629629 0.413140974537037
3 0 0.1906806412037037 0.0019521018518518518 0.19222599768518517 0.003956703703703704 0.19293026851851852 0.013979710648148147 0.1964516226851852 0.01580342824074074 0.19613005092592595 0.025464668981481482 0.19759972222222222 0.02728838888888889 0.19727815046296296 0.04388273379629629 0.1954098564814815 0.04552556944444444 0.19406244444444443 0.049173004629629626 0.19341930324074075 0.050815840277777774 0.19207189120370372 0.05738717824074074 0.18668224305555553 0.05720629398148148 0.18565640046296294 0.06341586574074075 0.17821506944444446 0.06323498148148149 0.17718922916666668 0.06233056481481482 0.17206002083333335 0.05376950694444444 0.16616541435185184 0.051764905092592586 0.1654611435185185 0.04392738194444444 0.1636699027777778 0.04210366435185185 0.16399147222222224 0.0018009837962962962 0.17004018750000002 0.000158150462962963 0.17138759953703706 0 0.17157712037037035 0 0.1906806412037037
3 0.12320587962962962 0.965205462962963 0.1233867638888889 0.9662313032407407 0.12374853009259258 0.9682829861111111 0.12575313194444446 0.9689872569444444 0.13048586805555557 0.9744991643518518 0.1324904699074074 0.9752034351851853 0.1426943611111111 0.9797506296296297 0.1445180810185185 0.9794290578703704 0.15746499074074075 0.9782039050925926 0.15910782407407406 0.9768564930555556 0.16457897916666667 0.9758917824074074 0.1662218125 0.9745443680555556 0.1731549189814815 0.9712064027777778 0.17297403472222223 0.9701805625 0.17754077083333333 0.9640866435185186 0.1773598888888889 0.9630608009259259 0.1760937037037037 0.9558799120370369 0.1695372476851852 0.950689576388889 0.1677135300925926 0.9510111458333333 0.15805228935185184 0.949541474537037 0.15622857175925925 0.9498630462962964 0.1379913912037037 0.9530787523148149 0.13634855555555556 0.9544261643518518 0.12923456712962963 0.9567382893518519 0.12941545138888888 0.9577641296296296 0.12320587962962962 0.965205462962963
3 0.3095078958333333 0.7313855393518518 0.3111507314814815 0.7300381273148148 0.3164410023148148 0.728047574074074 0.3180838356481481 0.726700162037037 0.3166367685185185 0.7184934305555556 0.31044207870370366 0.7153547777777777 0.3086183611111111 0.7156763472222223 0.30132348842592593 0.7169626296296295 0.29968065509259256 0.7183100416666667 0.2931093171296296 0.7236996921296296 0.2932902013888889 0.7247255324074074 0.2961992199074074 0.7305590092592593 0.29820382175925925 0.7312632800925926 0.3095078958333333 0.7313855393518518
1 0.6366058703703703 0.663660849537037 0.6459278958333333 0.6600074259259259 0.7235038032407408 0.6499250023148149 0.7330639537037037 0.6454891759259259 0.739529511574074 0.6245694606481481 0.7375489513888889 0.6197357800925927 0.6456861087962963 0.6245101273148147 0.6395999490740741 0.6219869791666667 0.6034209560185185 0.6258277453703704 0.516091650462963 0.6221870092592593 0.49752189583333334 0.6544433263888889 0.5690074074074074 0.6578103171296297 0.5897120439814815 0.6632560601851851 0.5950176550925925 0.6762826527777778 0.593372074074074 0.6925446273148148 0.5749004305555556 0.7328224398148149 0.5970655324074073 0.7369529282407408 0.6205063194444445 0.6896640532407408 0.6366058703703703 0.663660849537037
1 0.827585900462963 0.4094479490740741 0.8378512708333333 0.39621433796296296 0.8246345231481482 0.39484273148148147 0.814278712962963 0.4075634212962963 0.7810377013888888 0.43553139351851855 0.7449493773148148 0.45268364583333337 0.7190842916666667 0.46062911342592594 0.6649213541666666 0.46912176388888893 0.6659040787037037 0.4704293148148148 0.6691795578703704 0.4879390439814815 0.7176527939814815 0.48023809490740743 0.7752401550925926 0.4741032870370371 0.8120069050925927 0.4671972222222222 0.8127240300925926 0.4499354490740741 0.762461763888889 0.4592211365740741 0.8068470324074073 0.4283361712962963 0.827585900462963 0.4094479490740741
0 0.37782187962962965 0.6303843379629629 0.37067812499999997 0.6538564328703704 0.4112823541666667 0.6537836435185185 0.4386638842592593 0.6565712407407408 0.5032418217592592 0.658088787037037 0.5291341527777778 0.6566964791666666 0.5730919398148148 0.6575131967592592 0.5870481342592593 0.6257530555555555 0.5344328958333333 0.6227608032407408 0.5185001481481482 0.6209161365740741 0.5103732106481481 0.617483550925926 0.5347897407407407 0.602389349537037 0.5417287986111111 0.5948193888888889 0.5550414814814815 0.5668747916666667 0.5500988981481482 0.5420433171296296 0.527439 0.5137779189814814 0.520056662037037 0.5124352847222222 0.49895705787037037 0.5026166921296297 0.49645365277777775 0.5065486388888889 0.4974846875 0.5123959351851851 0.4967658472222222 0.5179171388888889 0.5182106203703704 0.5286268310185185 0.5285911597222223 0.5501724282407408 0.5286895 0.570992488425926 0.520044412037037 0.585950099537037 0.4967582916666667 0.6010565254629631 0.4571897916666667 0.6166011828703704 0.37642907638888884 0.6224853611111111 0.37782187962962965 0.6303843379629629
0 0.6643238657407408 0.51798875 0.6682560231481481 0.5093623842592593 0.6657236527777778 0.49500060416666664 0.6687982152777778 0.48684277546296295 0.7043411412037037 0.48152756249999995 0.7021598912037037 0.4638248888888889 0.6012644351851852 0.4738940069444444 0.5906073055555555 0.49343733796296296 0.5912810393518518 0.4940589560185185 0.636681201388889 0.49345783564814816 0.6504586851851852 0.49800955092592597 0.6557385393518518 0.5034249861111111 0.645661724537037 0.525193011574074 0.6154756967592592 0.5459585694444444 0.6263201226851852 0.5488062175925926 0.6474886481481482 0.535554011574074 0.6643238657407408 0.51798875