2 0.5946271319444444 0 0.5979184837962963 0.05283289120370371 0.6403205972222222 0.2924002662037037 0.6783784606481482 0.5896877407407407 0.7049517476851852 0.965713236111111 0.7379642291666667 0.9586962152777778 0.7389037824074074 0.9566032847222222 0.7405499907407408 0.9583359166666667 0.7184006828703703 0.6171519976851852 0.7044243958333333 0.5513987407407407 0.6668074837962963 0.20157525462962964 0.6368096041666667 0.057440247685185186 0.6311454143518518 0 0.5946271319444444 0
2 1 0.8702792152777777 0.9932560092592593 0.8586162685185186 0.9195865833333334 0.7409922662037037 0.8516699421296297 0.6524370439814815 0.8520549629629629 0.6542484305555555 0.8467547800925926 0.6623799444444445 0.929514988425926 0.7761784189814814 0.9747363842592592 0.8536545856481481 1 0.9017570601851852 1 0.8702792152777777
3 0.6956580023148148 0.1479229837962963 0.6960430231481481 0.14973436805555557 0.7022033703703704 0.1787165185185185 0.7036072962962963 0.1803113287037037 0.7094953194444444 0.19799202314814815 0.7108992453703704 0.19958683333333335 0.7371888055555554 0.2280768333333333 0.7382077106481482 0.22786025925925926 0.7586092476851852 0.2386695648148148 0.759628150462963 0.23845299074074072 0.7661265949074073 0.23896492824074075 0.7667604768518518 0.23693696759259258 0.7849645833333333 0.22738789583333333 0.7855984652777778 0.2253599375 0.790307962962963 0.22246567824074073 0.7909418449074074 0.2204377199074074 0.7992057731481481 0.20921505092592593 0.7998396550925926 0.2071870925925926 0.810728349537037 0.16322171527777776 0.8103433287037036 0.16141033101851854 0.81095375 0.14424157175925925 0.8105687268518518 0.1424301875 0.8087563194444444 0.12388319444444444 0.8083712962962963 0.12207180787037038 0.803751037037037 0.10033519675925927 0.8023471111111111 0.09874038657407408 0.7968441087962963 0.08287107407407407 0.7954401828703703 0.0812762662037037 0.7918622893518519 0.07446387731481481 0.790843386574074 0.07468045138888889 0.7677466967592593 0.051191453703703704 0.7667277939814815 0.051408030092592594 0.7528247013888889 0.04111065972222222 0.7518057962962963 0.0413272337962963 0.7439034282407407 0.039220488425925924 0.7428845231481481 0.0394370625 0.729638775462963 0.04225253472222222 0.712204712962963 0.055424375 0.7115708310185185 0.057452333333333334 0.6984847037037036 0.08105933333333333 0.6988697268518519 0.0828707175925926 0.6963341967592592 0.09098255324074074 0.6967192199074075 0.0927939375 0.6938221319444444 0.11423518981481481 0.6942071527777778 0.11604657407407408 0.6956580023148148 0.1479229837962963
3 0.7524300486111111 0.2797406851851852 0.7528150694444444 0.28155206944444444 0.7537447361111111 0.30596636574074076 0.7541297592592593 0.30777775 0.7602901041666668 0.33675990046296295 0.7616940300925926 0.3383547106481481 0.7646380416666667 0.3471950578703704 0.7660419675925927 0.34878986805555556 0.7714088078703704 0.3590084513888889 0.7728127337962962 0.36060325925925923 0.7854480625 0.37495654861111116 0.7864669675925926 0.374739974537037 0.7969283263888889 0.3838756828703704 0.7979472291666667 0.3836591087962963 0.8034267708333332 0.38438761805555555 0.8040606527777777 0.38235965972222224 0.8053284166666667 0.3783037407407407 0.8049433958333333 0.3764923564814815 0.8162594259259259 0.2794258958333333 0.8168933078703704 0.2773979351851852 0.8271715833333333 0.25060131712962963 0.8281904861111111 0.2503847430555555 0.8363182546296296 0.2335113449074074 0.8359332314814815 0.23169996064814813 0.830951412037037 0.22329276388888888 0.8299325092592592 0.22350933796296296 0.8184522453703704 0.2145902037037037 0.8174333425925927 0.21480677777777776 0.806089238425926 0.21153837037037035 0.8050703356481482 0.21175494675925927 0.7979380092592593 0.2132709699074074 0.7917118865740741 0.2240604884259259 0.7906929837962963 0.2242770625 0.7810251296296296 0.2339049236111111 0.780006224537037 0.23412149768518517 0.7587454074074074 0.2443202939814815 0.758111525462963 0.2463482523148148 0.7549421157407408 0.25648804861111113 0.7553271365740741 0.2582994328703704 0.7524300486111111 0.2797406851851852
3 0.6762095925925926 0.17666877314814813 0.6755757106481481 0.1786967314814815 0.6763457546296296 0.1823195 0.6777496805555556 0.18391431018518517 0.6808063912037037 0.18326458564814813 0.6819656458333333 0.17313134490740742 0.6871410231481482 0.17855238888888889 0.6966345925925926 0.20261887731481482 0.6960007106481482 0.20464683796296296 0.692944 0.2052965625 0.6923101180555555 0.20732452083333333 0.6892534050925926 0.20797424537037038 0.6886195231481481 0.2100022037037037 0.6855628125000001 0.21065192824074075 0.6849289305555556 0.21267988657407408 0.6818722199074074 0.21332961111111112 0.681238337962963 0.21535756944444445 0.678181625 0.21600729398148147 0.6765288402777778 0.21825182870370372 0.6750356782407407 0.24128788888888889 0.6758057199074075 0.24491065740740742 0.675171837962963 0.24693861805555553 0.6759418819444444 0.25056138657407406 0.6753079999999999 0.2525893449074074 0.6760780439814815 0.2562121134259259 0.6754441597222223 0.25824007407407407 0.6762142037037037 0.26186284259259257 0.6755803217592593 0.26389080092592593 0.6763503657407407 0.26751356944444443 0.6758526435185185 0.27519225694444444 0.6773927314814815 0.2824377962962963 0.676758849537037 0.28446575462962964 0.6780500740740741 0.2955506365740741 0.680857925925926 0.2987402546296296 0.6828957337962963 0.2983071064814815 0.692587050925926 0.3038200462962963 0.7048138958333333 0.30122115046296294 0.7054477777777778 0.29919319212962964 0.7156368148148148 0.29702744444444446 0.7169045787037037 0.29297152546296296 0.7268212939814815 0.27950432407407405 0.7299907037037037 0.2693645277777778 0.7296056828703704 0.26755314351851855 0.7321412106481482 0.25944130555555556 0.7325027708333333 0.2461118912037037 0.7337705347222223 0.24205597222222222 0.7342682569444444 0.23437728703703706 0.7313242430555555 0.2255369375 0.7078425347222222 0.2002365578703704 0.7022385624999999 0.2014277175925926 0.7026671574074074 0.19481551620370371 0.6885725995370371 0.1797206041666667 0.6892064814814814 0.17769264583333333 0.6953199050925926 0.17639319675925924 0.695953787037037 0.17436523842592594 0.6990104976851852 0.1737155138888889 0.6940052152777777 0.1501675162037037 0.6926012916666666 0.14857270601851852 0.6881406550925926 0.14762762037037036 0.6808721666666666 0.14349291666666666 0.6757776481481481 0.14457578935185186 0.6732421203703703 0.15268762500000002 0.6710681504629629 0.1474700462962963 0.6685326226851851 0.15558188425925928 0.6671286967592592 0.15398707407407408 0.6663586527777778 0.15036430555555555 0.6612641342592593 0.15144717824074072 0.6563057777777778 0.1581807800925926 0.6593859513888889 0.17267185416666667 0.6665417384259259 0.18629663194444443 0.6678095023148147 0.18224071296296296 0.6686687847222222 0.16123261111111112 0.6693026666666667 0.15920465277777776 0.6716148912037037 0.16228926157407406 0.6737633032407407 0.16014973842592592 0.6753033888888889 0.16739527546296296 0.6746695069444444 0.1694232361111111 0.6762095925925926 0.17666877314814813
3 0.7493590972222223 0.43563774768518515 0.7516457638888888 0.43136525462962966 0.7536835717592593 0.43093210648148145 0.7543174537037037 0.4289041458333333 0.7563552615740741 0.42847099768518515 0.7586419305555556 0.4241985046296296 0.7623325231481481 0.42152082175925926 0.7682863217592593 0.3994298449074074 0.7675162800925925 0.39580707638888885 0.7693944629629629 0.37458240046296293 0.7657931064814816 0.3526292106481481 0.7626002337962964 0.34762820833333336 0.7618301921296295 0.3440054375 0.7604262662037037 0.34241062962962965 0.7596562222222223 0.3387878587962963 0.7582522962962963 0.3371930509259259 0.7574822546296296 0.3335702824074074 0.7560783287037037 0.33197547222222223 0.7553082847222222 0.3283527037037037 0.7539043611111111 0.3267578935185185 0.7513453703703704 0.3197289305555555 0.7429218171296297 0.31016007175925925 0.7225202800925926 0.2993507662037037 0.6829441643518519 0.2308980625 0.6798578726851852 0.22890356018518518 0.6787028078703704 0.22346940740740742 0.6778200671296296 0.22933670833333333 0.7083922916666666 0.27546999074074074 0.7211163541666666 0.2977559560185185 0.7160218356481481 0.2988388287037037 0.7153879537037037 0.30086678703703706 0.7041800138888888 0.3032491087962963 0.7035461296296297 0.30527706944444444 0.6974327083333334 0.30657651620370374 0.6941271365740741 0.31106558333333334 0.6928593726851852 0.3151215023148148 0.6872671319444444 0.3238830625 0.6876521550925927 0.32569444675925924 0.682332236111111 0.34575746296296295 0.6815856550925926 0.3572754953703704 0.6874971412037036 0.3900969884259259 0.6906900138888888 0.39509799305555554 0.6914600578703703 0.39872076157407405 0.6928639837962963 0.40031557175925925 0.6954229722222223 0.4073445347222222 0.7106172916666667 0.42872678703703704 0.7164818541666667 0.43126668055555556 0.7192897060185186 0.43445630092592596 0.7279621180555554 0.4401858171296296 0.7493590972222223 0.43563774768518515
3 0.7614778518518519 0.5277229930555556 0.7628817777777778 0.5293178032407407 0.7727092569444445 0.5404814699074074 0.7737281597222222 0.5402648958333333 0.7845510787037037 0.5360711898148148 0.7859550046296296 0.537666 0.7924534490740741 0.5381779375 0.7938573750000001 0.5397727453703703 0.8021447662037038 0.5436908773148148 0.8031636689814815 0.5434743032407408 0.8062203796296296 0.5428245787037037 0.806854261574074 0.5407966180555556 0.8124465023148149 0.5320350578703704 0.8120614814814815 0.5302236736111111 0.8133057824074074 0.5110269560185186 0.8139396643518518 0.5089989976851852 0.8190107222222223 0.4927753240740741 0.818625699074074 0.4909639398148148 0.810042525462963 0.46060355324074076 0.8086385995370371 0.45900874305555556 0.8009616273148148 0.4379218541666667 0.7995577037037037 0.4363270439814815 0.795345925925926 0.43154261574074076 0.7943270231481482 0.4317591898148148 0.7836168032407408 0.4264628240740741 0.7825978981481482 0.42667939814814815 0.7624686851851853 0.4271715486111111 0.7454196435185184 0.44215477546296295 0.7447857615740742 0.4441827337962963 0.7397147037037037 0.4604064074074074 0.740099724537037 0.4622177916666667 0.7396020046296296 0.4698964791666667 0.739987025462963 0.4717078634259259 0.7449923078703704 0.49525586111111114 0.7463962337962963 0.4968506712962963 0.7614778518518519 0.5277229930555556
3 0.7691359722222223 0.6188631527777778 0.7705398981481482 0.620457962962963 0.77885075 0.6395168912037037 0.7802546759259259 0.641111701388889 0.7928900046296297 0.6554649907407407 0.7939089097222223 0.6552484143518519 0.8191561041666666 0.6688141921296297 0.8201750069444445 0.6685976157407407 0.8377452314814815 0.6610765046296296 0.838379113425926 0.6590485439814815 0.8482958287037037 0.6455813425925926 0.8489297106481482 0.6435533819444444 0.8518267986111111 0.6221121319444444 0.8514417777777779 0.6203007453703704 0.8499016921296296 0.6130552083333334 0.8484977662037038 0.6114603981481481 0.8362474583333332 0.5989184953703705 0.8358624375 0.597107111111111 0.8216870208333333 0.5755082847222222 0.821302 0.573696900462963 0.8119722430555556 0.5548545462962963 0.8105683171296296 0.5532597361111111 0.7893967384259258 0.5388276597222222 0.7883778333333333 0.5390442361111111 0.7751320856481482 0.5418597060185185 0.765985414351852 0.5589496782407407 0.7663704351851851 0.5607610625 0.7638349074074073 0.5688728981481481 0.7642199282407408 0.5706842824074074 0.7634733472222223 0.5822023148148149 0.7638583680555555 0.5840136990740741 0.7649007337962963 0.5989379236111111 0.7652857569444445 0.6007493078703704 0.7691359722222223 0.6188631527777778
3 0.8290916712962962 0.5852937175925926 0.8304955949074073 0.5868885277777778 0.8481127430555555 0.6096490138888889 0.8491316481481482 0.6094324398148148 0.854747349537037 0.6158116782407407 0.8557662523148147 0.6155951041666667 0.866476474537037 0.6208914699074074 0.8674953773148147 0.6206748958333334 0.8821450509259259 0.6194542337962963 0.8827789328703703 0.617426275462963 0.8854506226851853 0.6149651666666668 0.8868545486111111 0.6165599768518518 0.8964097037037037 0.6164221875 0.8970435856481481 0.6143942291666667 0.9001002962962963 0.6137445046296297 0.9007341782407408 0.6117165462962963 0.9056925370370371 0.6049829444444446 0.9063264189814815 0.6029549861111112 0.913050261574074 0.5844867800925926 0.9126652407407407 0.5826753935185185 0.9155623287037037 0.5612341435185185 0.9151773055555557 0.5594227592592593 0.9108059074074073 0.533846800925926 0.9094019814814814 0.5322519907407407 0.8971751365740741 0.5348508888888889 0.8965412546296295 0.5368788472222222 0.891197875 0.5418010648148148 0.8905639930555554 0.5438290231481481 0.8854929374999999 0.5600526967592593 0.8858779583333333 0.5618640810185185 0.8809430625 0.5837384814814816 0.8813280833333332 0.5855498657407407 0.8817365671296296 0.6025020509259259 0.8811026851851852 0.6045300092592593 0.8798349212962963 0.6085859282407408 0.8784309953703704 0.6069911180555556 0.8774120925925927 0.6072076921296296 0.8760081666666666 0.6056128819444445 0.8545408032407408 0.564738550925926 0.8531368773148148 0.5631437430555556 0.8379425578703703 0.5417614907407408 0.8375575370370371 0.5399501064814815 0.8316695115740741 0.522269412037037 0.8312844907407407 0.5204580277777777 0.8266642314814815 0.49872141435185185 0.8252603055555555 0.49712660416666665 0.8197807662037037 0.4963980925925926 0.814075826388889 0.5146497245370371 0.8144608472222222 0.5164611087962963 0.8134654050925926 0.5318184837962963 0.8138504282407408 0.5336298680555556 0.8156628356481482 0.5521768611111111 0.8170667615740741 0.5537716712962963 0.8189918703703704 0.5628285949074074 0.8203957962962962 0.5644234050925926 0.8290916712962962 0.5852937175925926
3 0.7499318148148149 0.5585755300925926 0.7509507175925926 0.5583589537037037 0.7591019467592593 0.5566263564814814 0.7597358287037037 0.5545983981481482 0.7653280694444445 0.545836837962963 0.7649430486111112 0.5440254537037037 0.7662108124999999 0.5399695347222222 0.7658257893518519 0.538158150462963 0.7636518217592593 0.5329405717592592 0.7622478958333333 0.5313457615740741 0.7465323935185185 0.5025013981481481 0.7455134907407407 0.5027179722222223 0.7363433564814814 0.5046671458333334 0.7307511180555556 0.5134287060185185 0.731136138888889 0.5152400902777777 0.7300045347222223 0.5249467361111111 0.7303895578703703 0.5267581203703704 0.7348736550925926 0.5428440069444445 0.7362775810185185 0.5444388148148148 0.7450861550925927 0.5558190578703703 0.7461050601851852 0.5556024837962963 0.7499318148148149 0.5585755300925926
3 0.7654219166666666 0.6064000347222221 0.7650368958333333 0.604588650462963 0.7624544421296297 0.5824188888888889 0.7630883240740741 0.5803909305555556 0.7639476064814815 0.5593828263888889 0.7625436805555557 0.5577880185185186 0.7611397546296296 0.5561932083333333 0.7537585694444444 0.5615485740740741 0.7531246851851853 0.5635765324074073 0.7497064143518519 0.5775556712962963 0.7500914375 0.5793670578703703 0.7549605578703704 0.5972643263888889 0.7563644814814815 0.5988591365740741 0.7623652060185185 0.6070497592592593 0.7633841087962963 0.6068331851851851 0.7654219166666666 0.6064000347222221
3 0.7708591435185185 0.6620410162037037 0.7718780486111112 0.6618244421296297 0.7779914699074074 0.6605249953703703 0.7786253518518519 0.6584970347222222 0.7838325694444445 0.6479240902777778 0.7824286458333334 0.6463292800925926 0.7706760578703703 0.6261086898148148 0.770291037037037 0.6242973055555555 0.7655580787037037 0.6120507638888889 0.7641541527777778 0.6104559537037036 0.7596935162037036 0.6095108680555555 0.7560029236111111 0.612188550925926 0.7553690416666667 0.6142165115740741 0.7519507708333334 0.6281956504629629 0.7523357916666666 0.6300070347222223 0.7547820833333333 0.6465260694444445 0.7561860069444444 0.6481208796296296 0.7607828055555556 0.6547166921296296 0.7618017106481482 0.6545001180555556 0.7708591435185185 0.6620410162037037
3 0.7887016898148148 0.6658213611111111 0.7893355717592593 0.663793400462963 0.7880443472222223 0.6527085185185185 0.7866404212962963 0.651113710648148 0.7835837106481482 0.6517634328703704 0.7800292777777778 0.6600918449074074 0.779010375 0.6603084189814815 0.7712441666666666 0.6638524027777778 0.7716291875000001 0.665663787037037 0.7723992314814815 0.6692865555555556 0.7738031550925926 0.6708813657407406 0.7843772152777778 0.6705270023148148 0.7850110972222223 0.6684990439814814 0.7887016898148148 0.6658213611111111
3 0.7519319189814815 0.6982489189814814 0.7529508217592593 0.6980323449074075 0.7588153842592592 0.7005722407407406 0.7598342870370369 0.7003556666666667 0.7672154745370371 0.6950002986111111 0.7678493564814814 0.6929723402777778 0.7708826064814814 0.6771818171296297 0.7704975833333334 0.6753704328703704 0.7663985069444444 0.6610959305555555 0.7649945810185186 0.6595011226851852 0.7553032662037038 0.6539881805555555 0.7542843611111111 0.6542047569444444 0.7420575162037037 0.6568036527777777 0.7385030833333333 0.6651320624999999 0.7388881064814815 0.6669434467592593 0.7386392453703704 0.6707827916666667 0.7390242662037038 0.6725941759259259 0.7405643541666668 0.679839712962963 0.7419682800925926 0.6814345231481481 0.7463162175925926 0.6918696805555555 0.7477201412037038 0.6934644907407408 0.7519319189814815 0.6982489189814814
3 0.7826586550925926 0.7125432060185185 0.783292537037037 0.7105152476851851 0.7855792037037038 0.7062427546296297 0.7851941828703703 0.7044313703703703 0.7863257847222223 0.694724724537037 0.7859407638888889 0.6929133402777778 0.7836306342592593 0.6820450324074074 0.7822267083333334 0.6804502222222223 0.7780149328703703 0.6756657939814815 0.7769960277777778 0.6758823680555556 0.7719015092592593 0.6769652430555555 0.7682343773148148 0.6947837245370371 0.7672154745370371 0.6950002986111111 0.7592004050925927 0.7023836250000001 0.7595854282407407 0.7041950092592593 0.765586150462963 0.7123856319444444 0.7666050555555556 0.7121690578703704 0.774507423611111 0.7142758055555555 0.7755263287037037 0.7140592291666666 0.7826586550925926 0.7125432060185185
3 0.7401512592592593 0.5776934606481481 0.739766238425926 0.5758820763888889 0.7375922685185186 0.5706644976851852 0.7365733657407408 0.5708810717592593 0.7274032314814816 0.5728302430555555 0.7257504467592594 0.5750747777777777 0.7261354675925925 0.576886162037037 0.7262716296296297 0.5825368888888889 0.7276755532407407 0.5841316990740741 0.7318873310185184 0.5889161296296296 0.7329062337962964 0.5886995532407407 0.7380007523148149 0.5876166805555555 0.7386346342592593 0.5855887222222222 0.7401512592592593 0.5776934606481481
3 0.7245953819444445 0.569640625 0.7231914560185184 0.5680458148148149 0.7189796805555555 0.5632613842592592 0.717960775462963 0.5634779606481481 0.7124812361111111 0.5627494490740741 0.7108284490740742 0.5649939814814815 0.7112134722222222 0.5668053657407407 0.7132747407407407 0.5815130162037038 0.7146786666666666 0.5831078263888889 0.7201582060185184 0.583836337962963 0.720792087962963 0.5818083796296296 0.725501585648148 0.5789141203703704 0.7251165648148148 0.5771027361111111 0.7245953819444445 0.569640625
3 0.7142232592592592 0.5358740439814815 0.7128193333333334 0.5342792337962963 0.7097626226851852 0.5349289583333333 0.7074759537037038 0.5392014513888889 0.7078609745370371 0.5410128356481482 0.7076121157407407 0.5448521782407407 0.7090160416666668 0.546446988425926 0.7125939351851852 0.5532593773148148 0.713612837962963 0.5530428032407407 0.7166695486111111 0.5523930787037037 0.7162845277777777 0.5505816944444445 0.7142232592592592 0.5358740439814815
3 0.7019494907407408 0.5081913402777778 0.700681724537037 0.5122472592592593 0.7010667476851852 0.5140586435185185 0.7033768773148148 0.5249269490740741 0.7047808032407408 0.5265217592592593 0.7082225347222222 0.5276834189814815 0.7088564166666667 0.5256554606481482 0.7098518587962963 0.5102980856481482 0.7084479328703703 0.5087032777777778 0.7019494907407408 0.5081913402777778
3 0.5715298101851852 0.535912900462963 0.571144787037037 0.5341015138888889 0.5707597662037037 0.5322901296296296 0.5693558402777777 0.5306953217592593 0.5648952037037037 0.5297502361111112 0.5634912777777777 0.5281554259259259 0.5571055347222222 0.5181534166666667 0.5555889097222222 0.5260486782407408 0.5559739305555556 0.5278600625000001 0.5575140185185186 0.5351056018518519 0.5589179421296296 0.536700412037037 0.5628808587962963 0.5453241828703704 0.5638997615740741 0.5451076087962963 0.5673414953703704 0.5462692685185185 0.5679753773148148 0.5442413101851852 0.5715298101851852 0.535912900462963
3 0.5709851643518519 0.5133099884259259 0.569581238425926 0.5117151782407408 0.5619277291666667 0.5057690879629629 0.5609088263888888 0.505985662037037 0.5578521157407407 0.5066353865740741 0.5574905555555555 0.5199648009259259 0.5588944814814815 0.521559611111111 0.5687219583333333 0.5327232800925926 0.5697408634259259 0.5325067060185186 0.5724125532407407 0.5300455972222222 0.5730464351851852 0.5280176365740741 0.5743141990740741 0.5239617199074074 0.5739291759259258 0.5221503356481482 0.5709851643518519 0.5133099884259259
3 0.2638127523148148 1 0.2641820277777778 0.9988185856481481 0.26723873842592594 0.9981688611111111 0.2688915231481481 0.9959243263888888 0.2739625810185185 0.9797006550925926 0.2740752800925926 0.9702105833333333 0.27534304398148146 0.9661546643518518 0.27584076620370374 0.9584759768518518 0.2708354837962963 0.9349279791666667 0.26189074768518517 0.9178970092592592 0.25908289814814817 0.9147073888888889 0.25564116435185186 0.9135457291666667 0.2528333148148148 0.9103561087962964 0.2455648263888889 0.9062214027777777 0.24331008333333332 0.9146522013888889 0.24047030787037038 0.9073042777777778 0.23537578935185183 0.9083871504629629 0.23372300231481483 0.9106316851851852 0.2329764212962963 0.9221497152777778 0.21896062962962962 0.9213424166666667 0.21769286574074073 0.9253983356481482 0.21502117592592593 0.9278594444444445 0.21121788425925928 0.9400271990740741 0.21022244212962965 0.9553845717592593 0.21445768055555556 0.975309800925926 0.21586160416666667 0.976904611111111 0.21778671296296295 0.9859615347222223 0.22136460648148149 0.9927739212962963 0.22695775925925923 1 0.2638127523148148 1
3 0.08889369907407409 0.35451687268518517 0.08991260185185185 0.3543002986111111 0.09998893981481481 0.3616246226851852 0.10100784490740741 0.3614080486111111 0.10546848148148148 0.36235313425925925 0.10610236342592592 0.3603251759259259 0.10159480092592592 0.3290984907407407 0.10222868518518519 0.32707053009259257 0.1003928125 0.29338273842592594 0.10000779166666668 0.2915713541666667 0.09769766203703704 0.2807030462962963 0.09629373611111111 0.27910823611111113 0.09246698148148147 0.2761351921296296 0.0914480787037037 0.27635176620370366 0.08635356018518518 0.2774346412037037 0.0764368449074074 0.2909018425925926 0.07580296296296296 0.29292980092592596 0.06971300231481481 0.3093700486111111 0.07009802314814816 0.3111814351851852 0.07177427083333333 0.3240776990740741 0.07317819675925927 0.3256725092592593 0.07829617592592593 0.33973043518518514 0.07970010185185185 0.34132524537037034 0.08889369907407409 0.35451687268518517
3 0.9607271712962963 0.8488701203703704 0.9593232453703704 0.8472753125 0.9551114699074075 0.8424908819444444 0.9540925648148147 0.8427074560185185 0.9489980462962962 0.8437903310185185 0.9460774976851852 0.8500907824074074 0.9464625185185185 0.8519021666666666 0.9492938310185186 0.8702325856481481 0.9506977569444445 0.8718273958333334 0.9639435046296296 0.8690119236111111 0.9645773865740741 0.8669839652777779 0.9646900856481482 0.8574938935185186 0.963286162037037 0.8558990833333333 0.9607271712962963 0.8488701203703704
3 0.9466221412037037 0.8726936944444444 0.9472560231481482 0.8706657361111111 0.9481387662037037 0.8647984328703703 0.9477537453703704 0.8629870486111111 0.9450585925925926 0.8503073564814815 0.9436546666666666 0.8487125462962963 0.9374050833333334 0.8443612662037038 0.9363861805555556 0.8445778425925925 0.9343483726851851 0.8450109907407408 0.9320617037037038 0.8492834837962963 0.9324467268518518 0.8510948680555556 0.9321978657407407 0.8549342129629629 0.9325828865740741 0.8567455972222222 0.9351418773148148 0.8637745601851852 0.9365458032407408 0.8653693703703703 0.9425465254629629 0.8735599930555557 0.9435654305555556 0.8733434189814815 0.9466221412037037 0.8726936944444444
3 0.9480918425925926 0.8345168333333334 0.9477068194444445 0.8327054490740741 0.9471856388888888 0.8252433356481481 0.945781712962963 0.823648525462963 0.9422038171296295 0.816836138888889 0.9411849143518518 0.8170527129629629 0.9322636412037036 0.8151625416666667 0.9293430902777778 0.8214629930555555 0.9297281134259259 0.8232743773148149 0.9306343171296296 0.832547875 0.9320382430555555 0.8341426851851852 0.9363861805555556 0.8445778425925925 0.9374050833333334 0.8443612662037038 0.9432696458333333 0.8469011620370371 0.9439035277777778 0.8448732037037038 0.9480918425925926 0.8345168333333334
3 0.9657793773148149 0.9026997175925926 0.9647604722222222 0.9029162916666666 0.9595297916666666 0.8983484375 0.9585108888888889 0.8985650138888889 0.9474156458333334 0.891457261574074 0.9463967430555555 0.891673837962963 0.9433400324074074 0.8923235625000001 0.9373627708333333 0.899273738425926 0.9367288888888888 0.9013016967592592 0.9348272430555555 0.907385574074074 0.9352122638888889 0.9091969583333332 0.9353484259259259 0.9148476875 0.9363673287037038 0.9146311111111111 0.9683383657407408 0.9097286805555556 0.9679533449074074 0.9079172962962964 0.9657793773148149 0.9026997175925926
3 0.8507090277777778 0.8874009861111112 0.8493051018518519 0.8858061759259259 0.8444594444444445 0.8830497060185185 0.8434405393518518 0.8832662800925926 0.8373271180555556 0.8845657291666666 0.8354254722222222 0.8906496064814815 0.8358104930555555 0.8924609907407407 0.8367166967592593 0.901734488425926 0.8381206226851852 0.9033292962962962 0.8443702060185184 0.9076805763888888 0.8453891111111111 0.9074640023148148 0.8511175115740741 0.9043531689814814 0.8517513935185185 0.9023252106481481 0.8507090277777778 0.8874009861111112
3 0.8727118171296296 0.7804900902777777 0.8723267939814815 0.7786787060185185 0.8704016851851852 0.7696217824074074 0.8689977615740742 0.7680269722222222 0.8661899097222223 0.7648373541666666 0.8651710069444444 0.7650539282407407 0.8610953912037037 0.7659202268518519 0.8581748402777778 0.7722206782407407 0.8585598634259258 0.7740320625 0.8597149282407407 0.7794662175925926 0.8611188541666667 0.781061025462963 0.8653306296296296 0.7858454560185185 0.8663495324074074 0.7856288819444445 0.8704251481481481 0.7847625833333333 0.8710590300925927 0.7827346226851852 0.8727118171296296 0.7804900902777777
3 0.8816096273148148 0.7672394606481482 0.8802057013888889 0.7656446504629629 0.8747261620370371 0.7649161412037038 0.8733456990740741 0.7784621296296296 0.8747496226851852 0.7800569398148148 0.8799803032407408 0.7846247939814815 0.8809992083333333 0.7844082199074074 0.8857087037037038 0.7815139629629629 0.8853236828703704 0.7797025787037037 0.8855725439814814 0.7758632337962963 0.8841686180555556 0.7742684236111111 0.8816096273148148 0.7672394606481482
3 0.6077222546296297 0.29535348842592596 0.6087411574074074 0.29513691435185185 0.6125679120370371 0.2981099583333333 0.6135868171296296 0.29789338425925926 0.6176624305555556 0.2970270856481481 0.6182963125000001 0.2949991273148148 0.6242735740740741 0.28804895138888886 0.6249074560185185 0.2860209907407408 0.6297296527777777 0.273636662037037 0.6293446319444445 0.2718252777777778 0.6288234490740741 0.26436316435185186 0.6274195231481481 0.26276835416666666 0.6234566064814815 0.25414458333333334 0.6220526828703704 0.25254977314814814 0.6182259282407407 0.24957672685185184 0.6172070231481482 0.24979330324074075 0.6141503125 0.250443025462963 0.6065202662037037 0.2596377361111111 0.6058863842592592 0.26166569444444443 0.6031019953703703 0.273616875 0.6034870162037037 0.27542825925925923 0.6026042731481481 0.2812955625 0.6029892962962963 0.28310694675925924 0.6041443611111111 0.28854109953703705 0.6055482847222222 0.2901359097222222 0.6077222546296297 0.29535348842592596
3 0.6094454259259259 0.33853135416666663 0.6104643287037037 0.3383147800925926 0.6206533680555556 0.33614903240740746 0.6212872500000001 0.3341210740740741 0.6248416805555556 0.32579266203703705 0.6244566597222223 0.3239812777777778 0.6207426041666666 0.3115181620370371 0.6193386782407407 0.3099233518518518 0.6147418819444445 0.303327537037037 0.6137229768518518 0.3035441134259259 0.6098962222222222 0.3005710671296296 0.6088773194444445 0.30078764120370366 0.6013599722222223 0.3004922800925926 0.5964016134259259 0.3072258819444444 0.5957677314814815 0.30925384027777775 0.5955188703703704 0.3130931851851852 0.5959038935185185 0.3149045694444444 0.6000029699074074 0.3291790694444444 0.6014068958333333 0.3307738796296296 0.6060036921296296 0.3373696944444444 0.6070225972222223 0.3371531180555556 0.6094454259259259 0.33853135416666663
3 0.501760875 0.4030713240740741 0.5013758518518519 0.4012599398148148 0.5012396921296296 0.3956092129629629 0.4998357662037037 0.3940144027777778 0.48860436342592595 0.3812559236111111 0.48758545833333333 0.3814725 0.4835098449074074 0.38233879861111114 0.4802042731481482 0.38682786574074074 0.4816081990740741 0.38842267592592594 0.4849372314814815 0.39907440740740746 0.4863411574074074 0.4006692175925926 0.4910741157407407 0.4129157592592592 0.4924780416666667 0.4145105694444445 0.4965536574074074 0.4136442708333333 0.4971875393518519 0.41161631018518513 0.501760875 0.4030713240740741
3 0.6896895532407408 0.7360908472222222 0.6893045300925926 0.734279462962963 0.6881494652777778 0.7288453078703704 0.6867455393518519 0.7272504976851851 0.6853416157407408 0.7256556898148148 0.6843227106481481 0.7258722638888889 0.676669201388889 0.7199261736111111 0.675650298611111 0.7201427476851853 0.6736124907407407 0.7205758981481482 0.6731147708333333 0.7282545856481482 0.6745186944444443 0.7298493958333333 0.6770776851851852 0.7368783587962964 0.6784816111111112 0.7384731666666666 0.6812894606481481 0.741662787037037 0.6823083657407407 0.7414462129629629 0.688421787037037 0.7401467638888889 0.6890556689814815 0.7381188055555555 0.6896895532407408 0.7360908472222222
2 0.1287220787037037 0.4903904351851852 0.13082832407407408 0.5119230625000001 0.13233075925925927 0.5137809166666667 0.13725138194444444 0.5377823495370371 0.13931480555555556 0.5588129097222222 0.14068853472222223 0.5631214467592592 0.14311136574074074 0.5644996805555555 0.14374524768518518 0.5624717222222222 0.1613154722222222 0.5549506087962963 0.16093044907407406 0.553139224537037 0.15073680092592592 0.4701109027777778 0.149332875 0.46851609259259264 0.1485628333333333 0.464893324074074 0.14754392824074072 0.4651098981481482 0.13606366435185185 0.4561907638888889 0.13567864351851852 0.4543793796296296 0.12469610185185186 0.4377815578703704 0.12371912962962962 0.43463821296296296 0.12725995138888888 0.467679625 0.12662450694444446 0.4826764953703704 0.1287220787037037 0.4903904351851852
1 0.5940679050925927 0 0.5941758125 0.013681407407407408 0.5917623680555556 0.018359493055555558 0.5703339259259259 0.027268662037037036 0.5456853796296296 0.03004668287037037 0.4955069675925926 0.025945291666666665 0.49940976388888886 0.053324754629629635 0.5594353865740741 0.0566583125 0.5792161967592593 0.061541243055555556 0.5974939976851852 0.07488450925925925 0.6066472060185185 0.09490032638888889 0.6242253078703703 0.19112617592592593 0.660520361111111 0.17299869675925927 0.6536697824074075 0.15078953935185185 0.6443086041666667 0.09522533101851852 0.6318775092592593 0 0.5940679050925927 0
0 0.6466008865740741 0.11101981250000001 0.6116341782407407 0.11485509027777778 0.6391359537037038 0.2843218865740741 0.6713333125 0.2774781273148148 0.672800625 0.27887014120370374 0.6716723726851852 0.22496377083333333 0.6912390949074074 0.20679488425925927 0.713974263888889 0.20253034259259262 0.6997171527777778 0.1775410787037037 0.6701102476851851 0.18705270138888888 0.663208474537037 0.18113614814814816 0.6489438634259259 0.14308523842592594 0.6466008865740741 0.11101981250000001