2 1 0.6568960069444444 0.8262651412037038 0.6129326597222222 0.6523532546296296 0.6027476620370371 0.0033557060185185183 0.520318650462963 0.0027740000000000004 0.5571304467592593 0.003386034722222222 0.5658829421296296 0.4480488148148148 0.6198533888888889 0.6165880300925927 0.6434667083333333 0.7734118842592592 0.6455531435185186 0.7850179907407407 0.6469344074074074 1 0.6998697430555555 1 0.6568960069444444
3 0.6448218425925926 0.6861846087962964 0.6429745000000001 0.686313787037037 0.6152643888888889 0.6882514675925926 0.6134897106481482 0.689419775462963 0.5987836481481481 0.6914923333333334 0.5970089699074074 0.6926606412037037 0.5842955717592593 0.6966822800925926 0.5825208935185185 0.697850587962963 0.5754221828703704 0.7025238194444445 0.5735748425925926 0.7026529976851852 0.5591594305555555 0.7088820740740741 0.5573847523148148 0.7100503819444444 0.5434779814814815 0.7235533611111111 0.5435506458333333 0.7245924907407407 0.5368152476851852 0.7344613680555555 0.536887912037037 0.7355004976851852 0.5338471967592593 0.7451110162037038 0.5339198587962963 0.7461501458333333 0.5394311157407408 0.7718700185185186 0.5413511203703704 0.7727799699074075 0.5555177777777778 0.7895409166666667 0.5574377800925926 0.7904508657407407 0.5939178541666666 0.8077399282407407 0.5957651944444444 0.8076107476851851 0.6052198865740741 0.8100822430555555 0.6070672291666667 0.8099530648148148 0.6351406550925925 0.8132110300925925 0.6369879976851851 0.8130818518518518 0.6665454490740741 0.8110149930555556 0.6683201273148148 0.8098466851851852 0.6865755462962964 0.8054375115740741 0.6883502245370371 0.8042692037037037 0.6992162800925926 0.8003767430555555 0.7009909583333334 0.7992084351851851 0.7259091111111111 0.7838912546296297 0.7258364490740741 0.782852125 0.734637175925926 0.7759714583333334 0.734564511574074 0.7749323287037037 0.7447039375000001 0.7606485763888889 0.7446312754629629 0.7596094467592592 0.7449526921296297 0.7376585555555556 0.7362553958333332 0.7194709444444444 0.7343353912037037 0.7185609930555555 0.7223067268518518 0.7058273842592593 0.720386724537037 0.7049174351851852 0.7050266944444444 0.6976378310185185 0.7031793518518519 0.6977670092592592 0.6766626134259259 0.6902233472222222 0.6748152731481482 0.6903525254629629 0.6448218425925926 0.6861846087962964
3 0.4928312523148148 0.6895033541666667 0.504351275462963 0.6949630578703704 0.5044239374999999 0.6960021875000001 0.5159439606481482 0.7014618888888889 0.5215586481481481 0.7021134837962962 0.5405406967592592 0.7080956018518518 0.5571667638888889 0.7069329930555556 0.571654837962963 0.7017430462962962 0.5930236365740741 0.6887624814814814 0.6004130000000001 0.6882457662037038 0.6023330023148148 0.6891557175925925 0.6060276851851852 0.6888973611111111 0.607802363425926 0.6877290532407407 0.6188864074074074 0.6869539814814815 0.6206610856481481 0.6857856736111111 0.6335924699074075 0.6848814212962963 0.6371418263888889 0.6825448055555555 0.645651900462963 0.6715076203703704 0.6380445486111112 0.6689069467592593 0.6451795925925926 0.6647532800925925 0.6447072824074075 0.6579989421296296 0.6427872777777778 0.6570889907407407 0.6409399375 0.6572181689814814 0.6314125810185186 0.6537075462962962 0.6239505555555556 0.6531851319444444 0.6069611712962962 0.6491520925925925 0.5995718101851851 0.6496688078703704 0.5804444328703704 0.6416084305555556 0.5710624027777778 0.6401760648148148 0.5672223958333333 0.6383561643518518 0.5540003587962963 0.6351038981481482 0.5503056759259259 0.6353622546296296 0.5144795717592593 0.6274253587962962 0.503395525462963 0.6282004305555555 0.4945947986111111 0.635081099537037 0.494740125 0.6371593564814815 0.48275335879629633 0.651572287037037 0.4846425972222222 0.6785896481481482 0.48855526620370365 0.6814486782407407 0.49083858564814814 0.6875542731481481 0.4928312523148148 0.6895033541666667
3 0.4515050208333334 0.7091005300925927 0.44965768055555555 0.7092297083333333 0.4274895902777778 0.7107798518518519 0.42571491203703704 0.7119481597222221 0.40369214814814813 0.7155765625 0.4019174699074074 0.7167448703703704 0.39460077083333334 0.7183007152777777 0.3928260925925926 0.7194690231481481 0.37841068055555555 0.7256980972222222 0.3766360023148148 0.7268664050925926 0.3625112430555556 0.7372519976851852 0.36258390740740737 0.7382911273148148 0.3628745578703704 0.7424476435185186 0.3647218981481481 0.7423184652777778 0.3834859583333333 0.7451831967592594 0.38533330092592594 0.7450540162037037 0.40956671990740745 0.7464920833333333 0.41148672453703705 0.7474020324074074 0.45861486342592594 0.7576812453703704 0.46053486805555555 0.7585911967592592 0.4833569236111111 0.7663932152777777 0.48520426620370366 0.766264037037037 0.4984263032407408 0.7695163032407407 0.5003463078703704 0.7704262546296297 0.5252336944444445 0.7812164814814815 0.5270810347222222 0.7810873032407407 0.5359544236111111 0.7752457638888889 0.5358817615740741 0.7742066342592593 0.5350098055555556 0.7617370856481481 0.5317092037037037 0.7410836782407407 0.5297892013888889 0.7401737291666666 0.5196078773148148 0.7273109421296297 0.5176878726851852 0.7264009907407407 0.500407837962963 0.7182114351851852 0.4985604976851852 0.7183406157407407 0.4627343912037037 0.7104037175925926 0.4608870509259259 0.7105328958333333 0.4515050208333334 0.7091005300925927
3 0.3587216365740741 0.6299633310185185 0.35694695833333334 0.6311316388888889 0.33195614351851854 0.6454096898148148 0.33202880555555553 0.6464488194444444 0.32174405324074073 0.6586543125 0.3218167175925926 0.6596934421296297 0.3237786180555556 0.6877499305555556 0.3256986226851852 0.6886598819444444 0.3318219490740741 0.6965853796296296 0.3337419513888889 0.6974953310185186 0.339501962962963 0.7002251828703704 0.3413493032407407 0.7000960046296297 0.371778712962963 0.7104986967592593 0.3736260532407407 0.7103695162037037 0.38862277083333335 0.712453474537037 0.39047011111111113 0.7123242962962962 0.4291189421296296 0.707533287037037 0.4308936203703703 0.7063649791666667 0.44183234027777774 0.7035116481481481 0.4436070162037037 0.7023433402777778 0.4579497662037037 0.6950751365740742 0.45972444444444444 0.6939068287037037 0.47902791203703704 0.6779380532407407 0.4789552476851852 0.6768989236111111 0.48206862500000003 0.6683275324074074 0.48199596296296293 0.6672884050925926 0.4809786805555556 0.6527405949074074 0.46105201157407405 0.6332497962962963 0.4591320092592593 0.6323398472222223 0.44192463657407405 0.6251894212962964 0.4400772962962963 0.6253185995370371 0.4137058842592593 0.6198531967592593 0.4118585439814815 0.619982375 0.38777044907407404 0.6206225671296296 0.3859957708333333 0.621790875 0.3587216365740741 0.6299633310185185
3 0.22354433796296297 0.6613442662037037 0.2217696597222222 0.662512574074074 0.21630030092592595 0.663939238425926 0.21452562268518516 0.6651075462962963 0.2021028773148148 0.6732857013888889 0.20217554166666665 0.6743248310185186 0.19536748148148148 0.6831545787037037 0.19544014351851852 0.6841937083333334 0.19402878240740742 0.6905576620370371 0.1922541041666667 0.6917259699074074 0.18012201157407406 0.7040606412037037 0.1801946736111111 0.7050997708333333 0.179073962962963 0.7156202430555555 0.18099396759259256 0.7165301921296297 0.18867398148148148 0.7201699953703703 0.19052132175925926 0.7200408171296296 0.21127805092592594 0.7248546273148149 0.21319805324074073 0.7257645763888889 0.2305507523148148 0.7349932615740741 0.23239809259259261 0.7348640833333333 0.2489514976851852 0.7326623449074074 0.25087149999999997 0.7335722962962963 0.26394821296296295 0.7347463032407406 0.2657228912037037 0.7335779953703704 0.28959299537037037 0.7298204143518519 0.2913676736111111 0.7286521064814815 0.3056377592592593 0.7203447731481482 0.3055650949074074 0.7193056435185186 0.31244581712962965 0.7115150254629629 0.31237315509259256 0.7104758958333334 0.32222192824074075 0.6920356273148148 0.3221492662037037 0.6909964976851852 0.32171328703703705 0.6847617222222223 0.3188486643518519 0.6703430925925926 0.31692866203703707 0.6694331412037037 0.30917598379629624 0.6647542106481481 0.30732864120370373 0.6648833888888889 0.2806665787037037 0.6552614675925925 0.2788192361111111 0.6553906481481482 0.2564331574074074 0.6538234027777777 0.2546584791666667 0.6549917106481481 0.22354433796296297 0.6613442662037037
3 0.06771374074074074 0.6628431087962964 0.0659390625 0.6640114166666667 0.053443655092592586 0.6711504421296296 0.05166897685185185 0.6723187500000001 0.03051816898148148 0.6884167037037037 0.03059083333333333 0.6894558333333334 0.024000761574074072 0.7014029699074074 0.024073425925925925 0.7024420995370371 0.027156037037037038 0.7199781157407408 0.02907603935185185 0.7208880671296297 0.03320669907407408 0.7268644861111111 0.0351267037037037 0.7277744351851851 0.04494471296296296 0.7354415763888889 0.04686471527777778 0.7363515277777778 0.06030474305555556 0.7427211805555556 0.06215208333333333 0.7425920023148147 0.07160677546296296 0.7450634953703704 0.07345411805555556 0.7449343171296297 0.07714879861111111 0.7446759606481481 0.07892347685185186 0.7435076527777779 0.10945631481481481 0.7288420648148148 0.1113036550925926 0.7287128865740741 0.1331810949074074 0.723006224537037 0.13495577083333335 0.7218379166666666 0.13673044907407408 0.7206696087962963 0.13857779166666667 0.7205404305555555 0.14774183101851854 0.7188554074074075 0.14951650925925927 0.717687099537037 0.1694012800925926 0.7100313611111111 0.17117595833333332 0.7088630532407407 0.1904067638888889 0.6918551481481481 0.19033409953703706 0.6908160185185186 0.19359280324074074 0.684322886574074 0.1935201412037037 0.6832837569444444 0.19293883564814815 0.6749707245370371 0.18112816203703705 0.6653545046296296 0.1792081574074074 0.6644445532407408 0.14870608564814813 0.6530027314814815 0.14685874537037036 0.6531319097222222 0.11885797916666666 0.6509130740740742 0.1170106388888889 0.6510422523148148 0.08397649305555556 0.6564848564814815 0.08220181481481481 0.657653164351852 0.06771374074074074 0.6628431087962964
3 0.1005102638888889 0.7336444745370371 0.0719700925925926 0.7502591435185185 0.060055988425925924 0.7657112013888889 0.060273976851851846 0.7688285902777778 0.05849929861111111 0.7699968981481482 0.05871728703703703 0.7731142847222222 0.0569426087962963 0.7742825925925926 0.05716059953703704 0.7773999814814815 0.0553859212962963 0.7785682893518518 0.05633053935185185 0.7920769675925926 0.05825054398148149 0.7929869189814815 0.05897717361111111 0.8033782106481482 0.06694784027777778 0.8111745300925925 0.09382789351851852 0.8239138379629629 0.09944258101851852 0.8245654305555555 0.10704993287037036 0.8271661041666667 0.11820664120370371 0.8274301620370371 0.12012664351851852 0.828340113425926 0.13128335185185186 0.8286041689814815 0.1332033564814815 0.8295141203703703 0.1405927199074074 0.8289974050925926 0.14236739814814814 0.8278290972222222 0.15160410185185183 0.8271832037037037 0.15337878009259256 0.8260148958333333 0.15892080092592592 0.8256273611111111 0.1697868587962963 0.821734900462963 0.18220960185185184 0.8135567453703705 0.1819189513888889 0.8094002291666667 0.17999894675925926 0.8084902777777778 0.17985362037037037 0.8064120208333334 0.1643482638888889 0.7970541574074075 0.16065358333333335 0.7973125138888889 0.1549662337962963 0.7956217916666667 0.15127155324074074 0.7958801504629629 0.14743154398148148 0.7940602476851851 0.14721355555555554 0.7909428611111111 0.15261025231481481 0.7884770671296296 0.15630493287037037 0.7882187083333334 0.16162896759259257 0.7847137847222222 0.16333098148148148 0.7825063472222221 0.1613383148148148 0.7805572685185185 0.16311299305555557 0.7793889606481481 0.16688033796296295 0.7801697314814815 0.1708656712962963 0.7840678912037037 0.17626236805555553 0.7816020972222222 0.18357906944444444 0.7800462546296296 0.18535374537037036 0.7788779467592593 0.18513575694444442 0.7757605578703703 0.18136841203703702 0.7749797870370371 0.1816849212962963 0.7728692337962962 0.1900472152777778 0.7696739583333333 0.19422713657407406 0.7730364074074074 0.20161649999999998 0.7725196921296296 0.21588658564814817 0.7642123587962963 0.2305199861111111 0.7611006712962962 0.2234963912037037 0.7568928611111111 0.23185868518518518 0.7536975879629629 0.23135004398148148 0.7464236828703704 0.22943003935185186 0.7455137314814815 0.22921205092592592 0.7423963449074074 0.2272920486111111 0.7414863935185184 0.22707405787037038 0.7383690069444445 0.2250813912037037 0.7364199259259259 0.22124138425925927 0.734600025462963 0.21334337962962963 0.7278428356481482 0.20758336805555558 0.7251129837962963 0.1812119560185185 0.7196475810185186 0.1645858888888889 0.7208101874999999 0.16266588425925926 0.7199002384259259 0.1497344976851852 0.7208044884259259 0.14249046064814813 0.7233994606481482 0.13694843981481483 0.7237869976851852 0.13517376157407407 0.7249553055555557 0.12963173842592593 0.7253428402777778 0.1278570601851852 0.7265111481481482 0.11499833796296297 0.7284545277777779 0.1005102638888889 0.7336444745370371
3 0.6556688865740741 0.07143044675925926 0.6537488819444444 0.07052049537037036 0.6479162083333334 0.0667515162037037 0.6461415300925927 0.06791982407407407 0.6448028310185185 0.07532290740740741 0.6467228333333332 0.07623285648148148 0.6512168078703704 0.0874049212962963 0.6531368125 0.08831487268518519 0.6724095138888889 0.09845350694444444 0.6742568541666666 0.0983243287037037 0.6930935787037037 0.1022281875 0.6949409189814815 0.10209900925925926 0.718956349537037 0.10041968518518518 0.7207310277777778 0.09925137731481481 0.7244257083333333 0.09899302083333333 0.726200386574074 0.09782471296296295 0.7315244212962964 0.09431978935185185 0.7314517569444445 0.09328065972222221 0.7398891689814815 0.08120434490740741 0.7398165046296297 0.0801652175925926 0.7405012384259259 0.06340996990740741 0.7367338935185186 0.06262919907407408 0.7349592152777779 0.06379750694444444 0.7093144328703703 0.06872339583333334 0.7075397546296296 0.0698917037037037 0.7039177361111112 0.07118918981481481 0.7020703958333334 0.07131836805555555 0.6707382638888889 0.07455353472222222 0.6688182615740741 0.07364358333333333 0.6556688865740741 0.07143044675925926
3 0.7454311898148148 0.08081681018518518 0.7436565138888889 0.08198511805555556 0.7368484537037037 0.09081486574074074 0.7369211157407407 0.09185399537037037 0.7355097546296295 0.09821794907407408 0.7374297569444445 0.09912790046296296 0.7397130763888888 0.10523349537037037 0.7416330810185185 0.10614344675925926 0.7496764097222223 0.11497889583333334 0.7515964143518519 0.1158888449074074 0.7651817662037037 0.12433675925925926 0.7670291087962964 0.1242075787037037 0.7707964537037036 0.12498835185185185 0.7707237893518518 0.12394922222222222 0.7724984675925926 0.12278091435185186 0.7724258055555556 0.12174178472222222 0.7702151481481481 0.11667531712962963 0.7719898263888888 0.11550700925925926 0.7802819120370371 0.1013524375 0.7820565902777779 0.10018412962962964 0.8174048194444444 0.07473971296296297 0.8173321574074074 0.07370058333333333 0.8184528680555556 0.06318011342592593 0.8064968680555556 0.051485634259259255 0.8046495254629629 0.0516148125 0.7696227129629629 0.05510833564814815 0.7678480370370371 0.056276643518518514 0.7497379421296296 0.06276407638888888 0.7498106064814815 0.06380320601851852 0.744849886574074 0.07250377546296297 0.7449225509259259 0.07354290509259259 0.7454311898148148 0.08081681018518518
3 0.00004423611111111111 0.4649982222222222 0.00011689814814814816 0.46603735185185186 0.0026908703703703704 0.4762994652777778 0.004610872685185185 0.4772094143518519 0.016130895833333332 0.48266911805555557 0.017978238425925927 0.48253993981481486 0.021745581018518517 0.4833207129629629 0.02359292361111111 0.4831915324074074 0.04014632638888888 0.4809897962962963 0.04192100462962963 0.4798214884259259 0.04724503935185185 0.4763165648148148 0.047172374999999996 0.47527743518518517 0.04865640046296296 0.46995261111111114 0.046373083333333336 0.4638470138888889 0.044453078703703706 0.4629370625 0.04046774537037037 0.4590389027777778 0.03854774074074074 0.4581289537037037 0.0215583587962963 0.4540959143518518 0.019783680555555554 0.45526422222222224 0.01246698148148148 0.45682006712962964 0.01069230324074074 0.457988375 0.00004423611111111111 0.4649982222222222
3 0.014781064814814815 0.43681825462962964 0.014853729166666666 0.4378573842592593 0.013297039351851852 0.4421430787037037 0.01521704398148148 0.4430530300925926 0.017500363425925928 0.4491586273148148 0.019420365740740738 0.45006857638888886 0.025253041666666667 0.4538375578703704 0.027100381944444443 0.4537083796296296 0.03655507407407407 0.4561798726851852 0.03840241666666667 0.45605069444444446 0.04756645601851851 0.4543656712962963 0.04934113425925926 0.4531973634259259 0.06353855787037037 0.44385090046296294 0.06346589351851852 0.4428117731481482 0.06281192824074074 0.4334596087962963 0.053066583333333334 0.42683159722222225 0.051219240740740746 0.4269607777777778 0.04368455092592592 0.4253992337962963 0.04183721064814815 0.425528412037037 0.03260050694444444 0.4261743055555556 0.030825828703703703 0.42734261342592594 0.02535646990740741 0.4287692777777778 0.023581791666666668 0.42993758564814816 0.014781064814814815 0.43681825462962964
3 0.06908057870370371 0.44346336574074074 0.0709279212962963 0.4433341875 0.07846260879629631 0.4448957314814815 0.0803099513888889 0.44476655092592593 0.09508867824074073 0.4437331226851852 0.09686335416666667 0.4425648148148148 0.10226005092592592 0.44009902083333335 0.1021873888888889 0.43905989120370364 0.0887473611111111 0.4326902384259259 0.09052203935185187 0.43152193055555554 0.10087945601851853 0.4203555648148148 0.10080679166666666 0.4193164351851852 0.10058880324074074 0.4161990486111111 0.08389007175925925 0.4163225277777778 0.08211539351851851 0.41749083564814815 0.0730240162037037 0.4202149861111111 0.07124933796296296 0.4213832939814815 0.06592530555555555 0.4248882175925926 0.06599796759259259 0.42592734722222225 0.06502258333333334 0.4385260763888889 0.06694258796296297 0.4394360277777778 0.06908057870370371 0.44346336574074074
3 0.013922868055555556 0.6634719027777778 0.015770208333333334 0.663342724537037 0.03978563888888889 0.661663400462963 0.041560317129629626 0.6604950925925926 0.055685076388888886 0.6501095023148148 0.05561241435185185 0.6490703726851851 0.05887111805555555 0.6425772407407407 0.0528204537037037 0.6356908703703703 0.050900451388888886 0.6347809212962964 0.037533085648148154 0.6294503958333334 0.03568574537037037 0.6295795740740742 0.026376379629629628 0.629186337962963 0.02460170138888889 0.6303546458333332 0.011742976851851852 0.6322980254629629 0.011815641203703705 0.6333371550925926 0.013922868055555556 0.6634719027777778
3 0.043770972222222225 0.6655615601851852 0.045690976851851854 0.666471511574074 0.05145098842592593 0.669201363425926 0.053298328703703705 0.6690721851851852 0.056993011574074076 0.6688138263888889 0.05876768981481481 0.6676455185185185 0.07126309722222222 0.6605064930555555 0.0731104375 0.6603773148148149 0.0857511712962963 0.6553165486111111 0.08759851157407407 0.6551873680555557 0.10770127314814815 0.6506490162037037 0.10947594907407408 0.6494807083333334 0.11110530092592592 0.6462341412037037 0.1015052824074074 0.6416843888888889 0.09965794212962963 0.6418135671296297 0.09027591203703704 0.6403812013888889 0.08842857175925926 0.6405103819444444 0.06271112499999999 0.6443971412037037 0.06093644675925926 0.6455654490740741 0.04518233564814814 0.6591976064814815 0.045255000000000004 0.6602367361111111 0.043770972222222225 0.6655615601851852
3 0.11664732407407408 0.6458466064814815 0.11671998842592592 0.6468857361111111 0.11501797222222222 0.6490931712962963 0.11693797685185185 0.6500031226851852 0.1486334236111111 0.6519636018518519 0.1505534259259259 0.6528735532407408 0.16768813425925927 0.6589848495370371 0.1694628125 0.6578165416666666 0.17656152314814816 0.6531433101851852 0.17648886111111112 0.6521041805555555 0.17775489814814815 0.6436619675925925 0.17369690046296296 0.6387246805555555 0.17177689814814817 0.6378147291666666 0.15848219675925926 0.6335233333333333 0.15663485648148148 0.6336525115740741 0.13631410648148148 0.6350734768518519 0.13453942824074072 0.6362417847222223 0.12907006944444446 0.637668451388889 0.1272953912037037 0.6388367592592593 0.11664732407407408 0.6458466064814815
3 0.07676322222222222 0.6329724189814814 0.07861056250000001 0.6328432407407407 0.08407992129629631 0.6314165763888888 0.08400725925925927 0.6303774467592592 0.08896797685185184 0.6216768773148148 0.08498264351851852 0.6177787175925926 0.08313530324074074 0.6179078958333334 0.07944062268518517 0.6181662523148148 0.07766594444444444 0.6193345601851852 0.07049456944444445 0.622968662037037 0.07056723148148147 0.6240077916666666 0.07093054861111112 0.6292034375 0.07285055092592592 0.6301133888888889 0.07676322222222222 0.6329724189814814
3 0.08882265277777777 0.6195986180555556 0.09066999305555556 0.6194694398148148 0.0962120162037037 0.6190819027777777 0.09798669212962963 0.6179135949074074 0.11240210416666667 0.6116845208333332 0.11232944212962963 0.6106453912037038 0.11225677777777777 0.609606261574074 0.1045767638888889 0.6059664606481482 0.10272942361111112 0.606095638888889 0.09164537731481481 0.6068707106481481 0.08987069907407408 0.6080390185185186 0.0846193287037037 0.6125830717592593 0.08469199305555557 0.6136221990740741 0.08490998148148148 0.616739587962963 0.0868299861111111 0.6176495393518517 0.08882265277777777 0.6195986180555556
3 0.11667809027777779 0.6197391967592593 0.11845276851851852 0.6185708888888889 0.1350061736111111 0.6163691527777778 0.13678084953703704 0.6152008449074075 0.1384102013888889 0.6119542777777777 0.13442486805555556 0.6080561180555556 0.13257752777777776 0.6081852962962963 0.12142081944444445 0.6079212384259259 0.1196461412037037 0.6090895462962963 0.11254743055555555 0.6137627777777778 0.11262009490740742 0.6148019074074074 0.11283808333333332 0.6179192962962963 0.11475808564814816 0.6188292453703703 0.11667809027777779 0.6197391967592593
3 0.1799236574074074 0.6215818981481481 0.18169833564814813 0.6204135902777778 0.19426640509259258 0.6143136921296296 0.19419374305555553 0.6132745648148149 0.1940484166666667 0.6111963055555556 0.19013574537037037 0.6083372754629629 0.1882884050925926 0.6084664537037037 0.17727702314814817 0.6102806550925925 0.1755023449074074 0.611448962962963 0.17010564814814816 0.6139147569444445 0.1701783125 0.614953886574074 0.16854896064814817 0.6182004537037037 0.17046896296296296 0.6191104027777777 0.1799236574074074 0.6215818981481481
3 0.21024375925925926 0.9755374259259258 0.21209110185185184 0.9754082476851852 0.2212551412037037 0.9737232245370371 0.22302981944444444 0.9725549166666667 0.2265065115740741 0.9691791712962963 0.22643384953703705 0.9681400416666667 0.2262158611111111 0.9650226550925927 0.21676116666666664 0.9625511597222222 0.21491382638888887 0.9626803379629629 0.20944446759259258 0.9641070046296297 0.20766978935185185 0.9652753125000001 0.20234575462962962 0.9687802361111111 0.20241841898148147 0.9698193657407408 0.20256374537037036 0.9718976226851852 0.20448374768518518 0.9728075740740741 0.21024375925925926 0.9755374259259258
3 0.4255054282407407 0.5762154699074075 0.42735276851851856 0.5760862893518519 0.4346694699074074 0.5745304467592592 0.4345968055555556 0.5734913171296296 0.4380008356481482 0.5690764421296296 0.4379281736111111 0.5680373148148148 0.4370562175925926 0.5555677638888888 0.43314354629629626 0.5527087337962963 0.43129620601851854 0.552837912037037 0.4237615162037037 0.5512763680555556 0.4219141759259259 0.5514055462962963 0.4018114143518518 0.5559439004629629 0.40003673611111107 0.5571122083333333 0.3991340162037037 0.5707500648148148 0.4010540185185185 0.5716600162037038 0.4255054282407407 0.5762154699074075
3 0.3977534189814815 0.551006611111111 0.3996734212962963 0.5519165601851852 0.40166608796296294 0.5538656412037037 0.40351343055555555 0.553736462962963 0.4162994884259259 0.5507539537037037 0.4181468310185185 0.550624775462963 0.43115087962962967 0.5507596527777777 0.4329255578703704 0.5495913449074075 0.43824959027777777 0.5460864212962963 0.4381769282407407 0.5450472916666667 0.4378136134259259 0.5398516458333333 0.4299882708333333 0.5341335856481482 0.4281409305555556 0.5342627638888889 0.42252624537037037 0.5336111712962963 0.42075156712962963 0.5347794791666667 0.4062634930555556 0.5399694259259259 0.40448881481481486 0.5411377337962963 0.3973901041666667 0.5458109652777777 0.3974627662037037 0.5468500925925925 0.3977534189814815 0.551006611111111
1 0.8461677847222222 0.6214609282407407 0.8376865138888889 0.6143268402777777 0.8364937268518519 0.5919597268518518 0.8784085902777777 0.5117571921296297 0.853609513888889 0.5075393125 0.7988691805555556 0.5928155347222223 0.7819806759259259 0.6034988078703704 0.7592843726851852 0.6081140972222222 0.6965100023148147 0.6077003402777778 0.690384712962963 0.6077109791666666 0.6793987314814814 0.6444000277777777 0.7591842824074073 0.6491585601851851 0.7817665532407406 0.6535314537037037 0.8171639467592592 0.6553374884259259 0.8812149583333334 0.6633891296296297 0.9078946319444445 0.6706081342592592 0.9199641435185185 0.6361405810185184 0.8461677847222222 0.6214609282407407
0 0.6333823356481482 0.6500194907407407 0.654136837962963 0.6441825115740741 0.7118476481481482 0.6465166620370371 0.7249517847222222 0.6056070763888889 0.608733099537037 0.6001591458333334 0.5402920671296296 0.5930410115740741 0.518597662037037 0.6252578148148148 0.5187823958333333 0.6252448958333333 0.5970352824074074 0.6452516527777777 0.6025526921296297 0.6657500439814815 0.5902308263888889 0.6886445115740741 0.568069150462963 0.7035600972222222 0.5895075347222223 0.6942294027777778 0.6149239861111111 0.6886929537037036 0.6197695555555556 0.6836551736111112 0.6333823356481482 0.6500194907407407