2 0.3662916666666667 0.8929074074074074 0.43140625 0.7889814814814814 0.44998958333333333 0.7686666666666667 0.459875 0.7565555555555555 0.46567708333333335 0.7323148148148149 0.48442708333333334 0.6792777777777778 0.5391354166666666 0.5429074074074074 0.561125 0.48381481481481486 0.5938541666666667 0.3907777777777778 0.6051041666666666 0.3695740740740741 0.60646875 0.3325925925925926 0.6170416666666667 0.29109259259259257 0.6525 0.1595740740740741 0.6823229166666667 0.039259259259259265 0.6934062499999999 0.00016666666666666666 0.6451666666666667 0.00048148148148148144 0.6311875 0.04605555555555556 0.6204479166666667 0.07405555555555556 0.6209270833333334 0.1292037037037037 0.6025520833333333 0.14872222222222223 0.5825 0.2501111111111111 0.5519583333333333 0.3680555555555556 0.5288125 0.44696296296296295 0.46652083333333333 0.6213333333333333 0.4159375 0.7392777777777778 0.37035416666666665 0.8135185185185185 0.33861458333333333 0.8508518518518519 0.32453125 0.8881851851851853 0.28683333333333333 0.9637037037037037 0.26248958333333333 0.9993333333333333 0.30543750000000003 0.9998888888888889 0.343625 0.9317037037037037 0.3662916666666667 0.8929074074074074
2 0.32859374999999996 0.520074074074074 0.33248958333333334 0.575037037037037 0.3536770833333333 0.6612037037037036 0.36828125 0.7075185185185185 0.37534375000000003 0.6889074074074074 0.36804166666666666 0.6646666666666667 0.35293749999999996 0.610111111111111 0.34417708333333336 0.5698518518518518 0.3417395833333333 0.5343518518518519 0.336625 0.514 0.33613541666666663 0.5010185185185185 0.3232291666666666 0.4495 0.31179166666666663 0.42005555555555557 0.304 0.430462962962963 0.31592708333333336 0.47201851851851856 0.32859374999999996 0.520074074074074
2 0.4515104166666667 0.9024444444444444 0.4638333333333333 0.9467777777777777 0.47674999999999995 0.9754814814814815 0.4940625 0.9984259259259259 0.5131354166666666 1 0.48232291666666666 0.9551296296296296 0.4506354166666667 0.8617407407407407 0.4262708333333333 0.8012222222222222 0.41629166666666667 0.8142592592592592 0.41864583333333333 0.8163518518518518 0.4515104166666667 0.9024444444444444
2 0.5277955555555556 1 0.5336770833333333 0.9973888888888889 0.5524583333333334 0.9655555555555556 0.5762291666666667 0.9332222222222222 0.5961875 0.9128703703703704 0.6035208333333334 0.9097407407407407 0.63903125 0.8716481481481482 0.6355104166666666 0.8648703703703704 0.6026458333333333 0.9019074074074075 0.5835729166666667 0.9159999999999999 0.5712395833333334 0.9295740740740741 0.5548125 0.9509629629629629 0.5392604166666667 0.9744259259259259 0.5231145833333334 0.9952962962962963 0.5204791666666667 0.9947777777777779 0.5234166666666668 1 0.5277955555555556 1
2 0.16039583333333332 0.9984259259259259 0.13780208333333335 0.9347777777777778 0.12635416666666666 0.8862592592592592 0.11314583333333333 0.8226111111111111 0.09847916666666666 0.8074814814814815 0.11813541666666667 0.894611111111111 0.12341666666666667 0.9368703703703704 0.14778125 0.9994814814814815 0.16039583333333332 0.9984259259259259
2 0.210875 0.9567037037037037 0.21909375 0.9441666666666667 0.23933333333333331 0.918611111111111 0.2587083333333333 0.8904444444444445 0.26780208333333333 0.878962962962963 0.29275 0.8377407407407408 0.29069791666666667 0.833574074074074 0.23875 0.9081666666666666 0.20207291666666669 0.9592962962962963 0.18269791666666665 0.977037037037037 0.15745833333333334 0.9838148148148148 0.15834375 0.9921666666666666 0.18122916666666666 0.9853888888888889 0.210875 0.9567037037037037
2 0.52596875 0.09985185185185186 0.5384479166666667 0.1260185185185185 0.5569166666666666 0.1743888888888889 0.5576666666666666 0.17527777777777778 0.5646458333333333 0.15796296296296294 0.5334583333333334 0.0900925925925926 0.5327083333333333 0.08964814814814816 0.5139895833333333 0.03729629629629629 0.5017604166666667 0.025314814814814814 0.5167395833333334 0.07811111111111112 0.52596875 0.09985185185185186
2 0.88746875 0.9228148148148149 0.8967291666666667 0.9422592592592592 0.9438854166666667 0.9969074074074074 0.9615625 0.9984074074074074 0.9535625000000001 0.9894259259259259 0.902625 0.9168148148148149 0.8196770833333333 0.7656296296296297 0.8133645833333333 0.7476666666666667 0.8062083333333333 0.7401666666666666 0.81084375 0.7798518518518519 0.8403125 0.8374814814814814 0.88746875 0.9228148148148149
2 0.8714687499999999 0.8539444444444444 0.8971458333333333 0.8120370370370371 0.9278854166666667 0.7581481481481481 0.9396770833333333 0.7454074074074074 0.9565104166666666 0.6945185185185184 0.9851458333333334 0.6151851851851852 0.9834583333333333 0.602462962962963 0.9775625 0.6032037037037037 0.9489375 0.6967592592592593 0.9089375 0.7731111111111111 0.8643124999999999 0.8442222222222222 0.8714687499999999 0.8539444444444444
3 0.6854166666666667 0.2555555555555556 0.684375 0.2574074074074074 0.6708333333333334 0.2833333333333333 0.6708333333333334 0.2851851851851852 0.6635416666666666 0.30185185185185187 0.6635416666666666 0.3037037037037037 0.659375 0.32037037037037036 0.659375 0.3222222222222222 0.6572916666666666 0.34074074074074073 0.6572916666666666 0.3425925925925926 0.6583333333333333 0.37592592592592594 0.659375 0.37777777777777777 0.66875 0.4148148148148148 0.6697916666666667 0.4166666666666667 0.684375 0.4425925925925926 0.6854166666666667 0.4425925925925926 0.6958333333333334 0.4537037037037037 0.696875 0.4537037037037037 0.7083333333333334 0.4611111111111111 0.709375 0.4611111111111111 0.7322916666666667 0.45925925925925926 0.7333333333333334 0.4574074074074074 0.7666666666666666 0.4277777777777778 0.7677083333333333 0.42592592592592593 0.7854166666666667 0.3888888888888889 0.7854166666666667 0.387037037037037 0.7875 0.38148148148148153 0.7875 0.37962962962962965 0.7895833333333334 0.3611111111111111 0.7895833333333334 0.3592592592592592 0.7895833333333334 0.32407407407407407 0.7885416666666666 0.3222222222222222 0.7833333333333333 0.28703703703703703 0.7822916666666666 0.2851851851851852 0.7791666666666667 0.2740740740740741 0.778125 0.2722222222222222 0.7677083333333333 0.2518518518518518 0.7666666666666666 0.2518518518518518 0.7635416666666667 0.24629629629629632 0.7625 0.24629629629629632 0.7510416666666666 0.23518518518518516 0.75 0.23518518518518516 0.7333333333333334 0.2277777777777778 0.7322916666666667 0.2277777777777778 0.725 0.2277777777777778 0.7010416666666667 0.23703703703703705 0.7 0.2388888888888889 0.6854166666666667 0.2555555555555556
3 0.615625 0.387037037037037 0.6145833333333334 0.3888888888888889 0.6052083333333333 0.40185185185185185 0.6041666666666666 0.40370370370370373 0.596875 0.4222222222222222 0.596875 0.42407407407407405 0.5906250000000001 0.4611111111111111 0.5906250000000001 0.46296296296296297 0.5895833333333333 0.4981481481481481 0.5906250000000001 0.5 0.5916666666666667 0.5092592592592593 0.5927083333333334 0.5111111111111112 0.5979166666666667 0.5259259259259259 0.5989583333333334 0.5277777777777778 0.6125 0.5481481481481482 0.6135416666666667 0.5481481481481482 0.628125 0.5574074074074075 0.6291666666666667 0.5574074074074075 0.6416666666666666 0.5574074074074075 0.6427083333333333 0.5555555555555556 0.6489583333333334 0.5555555555555556 0.65 0.5537037037037037 0.6541666666666667 0.5518518518518518 0.6552083333333334 0.5499999999999999 0.659375 0.5277777777777778 0.6604166666666667 0.5259259259259259 0.6666666666666666 0.5055555555555555 0.6677083333333333 0.5037037037037037 0.678125 0.48518518518518516 0.6791666666666666 0.48518518518518516 0.690625 0.46851851851851856 0.690625 0.4666666666666667 0.6895833333333333 0.4537037037037037 0.6885416666666666 0.45185185185185184 0.6791666666666666 0.4388888888888889 0.678125 0.43703703703703706 0.6677083333333333 0.4166666666666667 0.6677083333333333 0.4148148148148148 0.6572916666666666 0.37962962962962965 0.65625 0.37962962962962965 0.64375 0.37407407407407406 0.6260416666666666 0.37962962962962965 0.625 0.38148148148148153 0.615625 0.387037037037037
3 0.69375 0.4722222222222222 0.6927083333333334 0.4740740740740741 0.6885416666666666 0.4777777777777778 0.6875 0.47962962962962963 0.6770833333333334 0.49074074074074076 0.6760416666666667 0.49259259259259264 0.66875 0.5055555555555555 0.66875 0.5074074074074074 0.6645833333333334 0.5148148148148148 0.6645833333333334 0.5166666666666666 0.659375 0.5370370370370371 0.659375 0.5388888888888889 0.6572916666666666 0.5703703703703704 0.6583333333333333 0.5722222222222222 0.6583333333333333 0.587037037037037 0.659375 0.5888888888888889 0.6625 0.6092592592592593 0.6635416666666666 0.6111111111111112 0.671875 0.637037037037037 0.6729166666666666 0.6388888888888888 0.6791666666666666 0.65 0.6802083333333334 0.65 0.6947916666666666 0.6666666666666666 0.6958333333333334 0.6666666666666666 0.7072916666666667 0.6685185185185185 0.7083333333333334 0.6703703703703704 0.7125 0.6722222222222222 0.7135416666666666 0.6722222222222222 0.7291666666666666 0.6722222222222222 0.7302083333333333 0.6703703703703704 0.7354166666666666 0.6703703703703704 0.7364583333333333 0.6685185185185185 0.7520833333333333 0.6611111111111112 0.753125 0.6592592592592593 0.7729166666666666 0.6222222222222222 0.7729166666666666 0.6203703703703703 0.7802083333333334 0.6018518518518519 0.7802083333333334 0.6 0.784375 0.5796296296296296 0.784375 0.5777777777777777 0.784375 0.5481481481481482 0.7833333333333333 0.5462962962962963 0.7822916666666666 0.5333333333333333 0.78125 0.5314814814814814 0.7739583333333334 0.5055555555555555 0.7729166666666666 0.5037037037037037 0.7510416666666666 0.46851851851851856 0.75 0.46851851851851856 0.7375 0.46296296296296297 0.7364583333333333 0.46296296296296297 0.7270833333333334 0.46296296296296297 0.7083333333333334 0.46481481481481485 0.7072916666666667 0.4666666666666667 0.69375 0.4722222222222222
3 0.6239583333333334 0.5666666666666667 0.6229166666666667 0.5685185185185185 0.615625 0.575925925925926 0.6145833333333334 0.5777777777777777 0.609375 0.587037037037037 0.609375 0.5888888888888889 0.6052083333333333 0.5981481481481481 0.6052083333333333 0.6 0.6 0.6203703703703703 0.6 0.6222222222222222 0.596875 0.6425925925925926 0.596875 0.6444444444444444 0.596875 0.6555555555555556 0.5979166666666667 0.6574074074074074 0.5979166666666667 0.6685185185185185 0.5989583333333334 0.6703703703703704 0.6010416666666666 0.6870370370370371 0.6020833333333334 0.688888888888889 0.609375 0.7129629629629629 0.6104166666666666 0.7148148148148148 0.6166666666666666 0.7277777777777777 0.6177083333333334 0.7277777777777777 0.6375 0.7481481481481481 0.6385416666666667 0.7481481481481481 0.6625 0.75 0.6635416666666666 0.7481481481481481 0.671875 0.7462962962962962 0.6729166666666666 0.7444444444444445 0.6833333333333333 0.7333333333333334 0.6833333333333333 0.7314814814814815 0.6864583333333334 0.7240740740740741 0.6864583333333334 0.7222222222222222 0.6875 0.7111111111111111 0.6885416666666666 0.7092592592592593 0.6916666666666667 0.6962962962962963 0.6927083333333334 0.6944444444444444 0.6947916666666666 0.6907407407407407 0.6947916666666666 0.688888888888889 0.696875 0.6814814814814815 0.696875 0.6796296296296297 0.696875 0.6722222222222222 0.6958333333333334 0.6703703703703704 0.6833333333333333 0.6592592592592593 0.6822916666666666 0.6574074074074074 0.671875 0.6407407407407407 0.671875 0.6388888888888888 0.6625 0.6148148148148148 0.6625 0.612962962962963 0.659375 0.6018518518518519 0.659375 0.6 0.6572916666666666 0.5907407407407407 0.6572916666666666 0.5888888888888889 0.65625 0.5629629629629629 0.6552083333333334 0.5611111111111111 0.6510416666666666 0.5592592592592592 0.6333333333333334 0.5611111111111111 0.6322916666666666 0.5629629629629629 0.6239583333333334 0.5666666666666667
3 0.7083333333333334 0.6759259259259259 0.7072916666666667 0.6777777777777778 0.7 0.6814814814814815 0.7 0.6833333333333333 0.6927083333333334 0.7 0.6927083333333334 0.7018518518518518 0.6864583333333334 0.7296296296296296 0.6864583333333334 0.7314814814814815 0.6864583333333334 0.774074074074074 0.6875 0.7759259259259259 0.6895833333333333 0.7944444444444444 0.690625 0.7962962962962963 0.69375 0.8092592592592593 0.6947916666666666 0.811111111111111 0.6989583333333333 0.8222222222222222 0.7 0.8240740740740741 0.715625 0.8518518518518519 0.7166666666666667 0.8518518518518519 0.7229166666666667 0.8611111111111112 0.7239583333333334 0.8611111111111112 0.734375 0.8703703703703703 0.7354166666666666 0.8703703703703703 0.7583333333333334 0.8722222222222222 0.759375 0.8703703703703703 0.7645833333333334 0.8703703703703703 0.765625 0.8685185185185185 0.7770833333333333 0.8611111111111112 0.778125 0.8592592592592593 0.7833333333333333 0.8555555555555556 0.784375 0.8537037037037037 0.7927083333333333 0.8425925925925926 0.7927083333333333 0.8407407407407407 0.8020833333333334 0.8129629629629629 0.8020833333333334 0.811111111111111 0.80625 0.7925925925925925 0.80625 0.7907407407407407 0.8083333333333333 0.7722222222222223 0.8072916666666666 0.7703703703703704 0.8072916666666666 0.7592592592592593 0.80625 0.7574074074074074 0.8020833333333334 0.7296296296296296 0.8010416666666667 0.7277777777777777 0.796875 0.7166666666666667 0.7958333333333334 0.7148148148148148 0.7802083333333334 0.6870370370370371 0.7791666666666667 0.6870370370370371 0.765625 0.6722222222222222 0.7645833333333334 0.6722222222222222 0.753125 0.6666666666666666 0.7520833333333333 0.6666666666666666 0.746875 0.6666666666666666 0.7354166666666666 0.674074074074074 0.734375 0.674074074074074 0.7083333333333334 0.6759259259259259
3 0.6479166666666666 0.7537037037037038 0.646875 0.7555555555555555 0.6354166666666666 0.774074074074074 0.6354166666666666 0.7759259259259259 0.6302083333333334 0.8074074074074075 0.6302083333333334 0.8092592592592593 0.6302083333333334 0.8333333333333334 0.63125 0.8351851851851853 0.6322916666666666 0.8462962962962963 0.6333333333333334 0.8481481481481481 0.6416666666666666 0.8759259259259259 0.6427083333333333 0.8777777777777778 0.6572916666666666 0.8981481481481481 0.6583333333333333 0.8981481481481481 0.6760416666666667 0.9148148148148147 0.6770833333333334 0.9148148148148147 0.7 0.9129629629629629 0.7010416666666667 0.9111111111111112 0.70625 0.9037037037037037 0.70625 0.9018518518518519 0.71875 0.8611111111111112 0.7177083333333334 0.8592592592592593 0.6979166666666666 0.8240740740740741 0.6979166666666666 0.8222222222222222 0.6916666666666667 0.8092592592592593 0.6916666666666667 0.8074074074074075 0.6875 0.7925925925925925 0.6875 0.7907407407407407 0.684375 0.75 0.6833333333333333 0.7481481481481481 0.6822916666666666 0.7425925925925926 0.68125 0.7425925925925926 0.6802083333333334 0.7425925925925926 0.665625 0.7518518518518519 0.6645833333333334 0.7518518518518519 0.6479166666666666 0.7537037037037038
3 0.6614583333333334 0.9425925925925925 0.6614583333333334 0.9444444444444444 0.659375 0.9592592592592593 0.659375 0.9611111111111111 0.6604166666666667 0.9962962962962962 0.6614583333333334 0.9981481481481481 0.7166666666666667 0.9981481481481481 0.7177083333333334 0.9962962962962962 0.7072916666666667 0.9648148148148148 0.7072916666666667 0.9629629629629629 0.7041666666666666 0.9296296296296297 0.703125 0.9277777777777778 0.696875 0.9222222222222222 0.6958333333333334 0.9222222222222222 0.6770833333333334 0.9222222222222222 0.6677083333333333 0.9277777777777778 0.6666666666666666 0.9296296296296297 0.6614583333333334 0.9425925925925925
3 0.70625 0.9111111111111112 0.70625 0.9129629629629629 0.70625 0.9425925925925925 0.7072916666666667 0.9444444444444444 0.7083333333333334 0.9611111111111111 0.709375 0.9629629629629629 0.7104166666666666 0.9722222222222222 0.7114583333333334 0.9740740740740741 0.7197916666666666 0.9962962962962962 0.7208333333333333 0.9962962962962962 0.815625 0.9981481481481481 0.8166666666666667 0.9962962962962962 0.8177083333333334 0.9944444444444445 0.8177083333333334 0.9925925925925926 0.821875 0.975925925925926 0.821875 0.9740740740740741 0.8229166666666666 0.9425925925925925 0.821875 0.9407407407407407 0.8166666666666667 0.9111111111111112 0.815625 0.9092592592592593 0.8083333333333333 0.8944444444444444 0.8072916666666666 0.8944444444444444 0.8041666666666666 0.8888888888888888 0.803125 0.8888888888888888 0.778125 0.8666666666666666 0.7770833333333333 0.8666666666666666 0.771875 0.8666666666666666 0.7708333333333334 0.8685185185185185 0.7614583333333333 0.8740740740740741 0.7604166666666666 0.8740740740740741 0.7364583333333333 0.8740740740740741 0.7354166666666666 0.8722222222222222 0.7229166666666667 0.8648148148148148 0.715625 0.8759259259259259 0.715625 0.8777777777777778 0.70625 0.9111111111111112
3 0.8625 0.9925925925925926 0.8625 0.9944444444444445 0.8635416666666667 0.9981481481481481 0.8645833333333334 0.9981481481481481 0.9010416666666666 0.9981481481481481 0.9010416666666666 0.9962962962962962 0.8947916666666667 0.9833333333333334 0.89375 0.9833333333333334 0.8895833333333334 0.9777777777777777 0.8885416666666667 0.9777777777777777 0.8822916666666666 0.9740740740740741 0.88125 0.9740740740740741 0.8739583333333334 0.9740740740740741 0.8645833333333334 0.9851851851851853 0.8645833333333334 0.9870370370370369 0.8625 0.9925925925925926
3 0.8770833333333333 0.9703703703703703 0.878125 0.9722222222222222 0.88125 0.9722222222222222 0.8822916666666666 0.9740740740740741 0.8885416666666667 0.975925925925926 0.890625 0.9796296296296296 0.8916666666666666 0.9796296296296296 0.89375 0.9833333333333334 0.896875 0.9851851851851853 0.9010416666666666 0.9907407407407407 0.9072916666666666 0.9796296296296296 0.9083333333333333 0.9611111111111111 0.8979166666666666 0.9462962962962963 0.8958333333333334 0.9444444444444444 0.890625 0.9444444444444444 0.8885416666666667 0.9481481481481482 0.8856770833333334 0.9504629629629631 0.8822916666666666 0.9574074074074075 0.8807291666666667 0.9564814814814815 0.8770833333333333 0.9648148148148148 0.8760416666666666 0.9648148148148148 0.87578125 0.9625 0.871875 0.9722222222222222 0.8697916666666666 0.9666666666666667 0.8677083333333334 0.975925925925926 0.8697916666666666 0.975925925925926 0.875 0.9703703703703703 0.8770833333333333 0.9703703703703703
3 0.96875 0.8537037037037037 0.96875 0.8555555555555556 0.9697916666666666 0.8648148148148148 0.9708333333333333 0.8666666666666666 0.9729166666666667 0.8703703703703703 0.9739583333333334 0.8703703703703703 0.9833333333333334 0.8703703703703703 0.984375 0.8685185185185185 0.9927083333333334 0.8611111111111112 0.9927083333333334 0.8592592592592593 0.99375 0.8555555555555556 0.9927083333333334 0.8537037037037037 0.990625 0.8444444444444444 0.9895833333333334 0.8444444444444444 0.9875 0.8407407407407407 0.9864583333333333 0.8407407407407407 0.978125 0.8388888888888888 0.9739583333333334 0.8425925925925926 0.9729166666666667 0.8444444444444444 0.96875 0.8537037037037037
3 0.953125 0.8370370370370371 0.9541666666666666 0.8388888888888888 0.959375 0.8518518518518519 0.9604166666666666 0.8518518518518519 0.9677083333333334 0.8537037037037037 0.96875 0.8518518518518519 0.9791666666666666 0.8351851851851853 0.9791666666666666 0.8333333333333334 0.978125 0.825925925925926 0.9770833333333334 0.8240740740740741 0.9739583333333334 0.8166666666666667 0.9729166666666667 0.8166666666666667 0.9604166666666666 0.811111111111111 0.9541666666666666 0.8203703703703703 0.9541666666666666 0.8222222222222222 0.953125 0.8370370370370371
3 0.9604166666666666 0.8055555555555556 0.9614583333333334 0.8074074074074075 0.9708333333333333 0.8148148148148148 0.971875 0.8148148148148148 0.9791666666666666 0.8129629629629629 0.9802083333333333 0.811111111111111 0.9822916666666667 0.7962962962962963 0.98125 0.7944444444444444 0.98125 0.7888888888888889 0.9802083333333333 0.7870370370370371 0.978125 0.7833333333333333 0.9770833333333334 0.7833333333333333 0.9635416666666666 0.7814814814814816 0.9583333333333334 0.7907407407407407 0.9583333333333334 0.7925925925925925 0.9604166666666666 0.8055555555555556
3 0.9635416666666666 0.7777777777777778 0.9645833333333333 0.7796296296296297 0.9708333333333333 0.7814814814814816 0.971875 0.7796296296296297 0.9791666666666666 0.7777777777777778 0.9802083333333333 0.7759259259259259 0.9822916666666667 0.7722222222222223 0.9822916666666667 0.7703703703703704 0.9822916666666667 0.7537037037037038 0.98125 0.7518518518518519 0.975 0.7444444444444445 0.9739583333333334 0.7444444444444445 0.9677083333333334 0.7444444444444445 0.9604166666666666 0.7555555555555555 0.9604166666666666 0.7574074074074074 0.9635416666666666 0.7777777777777778
3 0.9427083333333334 0.774074074074074 0.94375 0.7759259259259259 0.94375 0.7796296296296297 0.9447916666666666 0.7814814814814816 0.9489583333333333 0.7888888888888889 0.95 0.7888888888888889 0.95625 0.7907407407407407 0.9572916666666667 0.7888888888888889 0.9625 0.7796296296296297 0.9625 0.7777777777777778 0.9614583333333334 0.7666666666666666 0.9604166666666666 0.7648148148148147 0.9583333333333334 0.7555555555555555 0.9572916666666667 0.7555555555555555 0.9510416666666667 0.7537037037037038 0.9447916666666666 0.7611111111111112 0.9447916666666666 0.7629629629629631 0.9427083333333334 0.774074074074074
3 0.94375 0.8129629629629629 0.9447916666666666 0.8148148148148148 0.95 0.8222222222222222 0.9510416666666667 0.8222222222222222 0.953125 0.8222222222222222 0.9541666666666666 0.8203703703703703 0.959375 0.811111111111111 0.959375 0.8092592592592593 0.959375 0.8018518518518518 0.9583333333333334 0.8 0.95625 0.7925925925925925 0.9552083333333333 0.7925925925925925 0.9489583333333333 0.7907407407407407 0.94375 0.8 0.94375 0.8018518518518518 0.94375 0.8129629629629629
3 0.9239583333333333 0.8777777777777778 0.925 0.8777777777777778 0.93125 0.8833333333333334 0.9322916666666666 0.8814814814814815 0.9364583333333334 0.8777777777777778 0.9364583333333334 0.8759259259259259 0.9364583333333334 0.8666666666666666 0.9354166666666667 0.8648148148148148 0.9322916666666666 0.8592592592592593 0.93125 0.8592592592592593 0.9229166666666666 0.8574074074074074 0.9208333333333334 0.8685185185185185 0.921875 0.8703703703703703 0.9239583333333333 0.8777777777777778
3 0.8989583333333334 0.6574074074074074 0.9 0.6592592592592593 0.9052083333333334 0.6685185185185185 0.90625 0.6685185185185185 0.9083333333333333 0.6685185185185185 0.9083333333333333 0.6666666666666666 0.9125 0.6555555555555556 0.9125 0.6537037037037037 0.9114583333333334 0.65 0.9104166666666667 0.65 0.903125 0.6481481481481481 0.8989583333333334 0.6537037037037037 0.8989583333333334 0.6555555555555556 0.8989583333333334 0.6574074074074074
3 0.903125 0.6444444444444444 0.9041666666666667 0.6444444444444444 0.9052083333333334 0.6462962962962963 0.90625 0.6462962962962963 0.9114583333333334 0.6444444444444444 0.9125 0.6425925925925926 0.9145833333333334 0.637037037037037 0.9145833333333334 0.6351851851851852 0.9114583333333334 0.6240740740740741 0.9104166666666667 0.6240740740740741 0.9072916666666666 0.6222222222222222 0.9020833333333333 0.6314814814814815 0.9020833333333333 0.6333333333333334 0.903125 0.6444444444444444
3 0.896875 0.6111111111111112 0.8979166666666666 0.612962962962963 0.9020833333333333 0.6222222222222222 0.903125 0.6222222222222222 0.9104166666666667 0.6185185185185185 0.9104166666666667 0.6166666666666666 0.9114583333333334 0.6074074074074074 0.9104166666666667 0.6055555555555556 0.909375 0.6018518518518519 0.9083333333333333 0.6018518518518519 0.8989583333333334 0.6 0.896875 0.6037037037037037 0.896875 0.6055555555555556 0.896875 0.6111111111111112
3 0.8958333333333334 0.5907407407407407 0.896875 0.5925925925925926 0.8989583333333334 0.5981481481481481 0.9 0.5981481481481481 0.9041666666666667 0.5981481481481481 0.9052083333333334 0.5962962962962963 0.9083333333333333 0.5907407407407407 0.9083333333333333 0.5888888888888889 0.9083333333333333 0.5833333333333334 0.9072916666666666 0.5814814814814815 0.903125 0.5740740740740741 0.9020833333333333 0.5740740740740741 0.9 0.5740740740740741 0.8958333333333334 0.5796296296296296 0.8958333333333334 0.5814814814814815 0.8958333333333334 0.5907407407407407
3 0.8708333333333333 0.4166666666666667 0.871875 0.4166666666666667 0.878125 0.41851851851851857 0.8791666666666667 0.4166666666666667 0.8822916666666666 0.412962962962963 0.8822916666666666 0.4111111111111111 0.878125 0.4 0.8770833333333333 0.4 0.871875 0.4 0.8697916666666666 0.40370370370370373 0.8697916666666666 0.4055555555555555 0.8708333333333333 0.4166666666666667
3 0.875 0.4277777777777778 0.8760416666666666 0.42962962962962964 0.8760416666666666 0.4351851851851852 0.8770833333333333 0.43703703703703706 0.8822916666666666 0.4425925925925926 0.8833333333333334 0.44074074074074077 0.8885416666666667 0.43703703703703706 0.8885416666666667 0.4351851851851852 0.8885416666666667 0.42592592592592593 0.8875 0.42407407407407405 0.8802083333333334 0.41851851851851857 0.875 0.4222222222222222 0.875 0.42407407407407405 0.875 0.4277777777777778
3 0.4635416666666667 0.1388888888888889 0.4645833333333333 0.14074074074074072 0.465625 0.15 0.4666666666666667 0.15185185185185185 0.4729166666666667 0.1611111111111111 0.4739583333333333 0.1611111111111111 0.48333333333333334 0.16296296296296298 0.484375 0.1611111111111111 0.4916666666666667 0.1537037037037037 0.4927083333333333 0.15185185185185185 0.49375 0.14814814814814814 0.49375 0.1462962962962963 0.49375 0.12037037037037036 0.4927083333333333 0.11851851851851852 0.48541666666666666 0.10555555555555556 0.484375 0.10555555555555556 0.4708333333333333 0.1037037037037037 0.4635416666666667 0.12407407407407407 0.4635416666666667 0.1259259259259259 0.4635416666666667 0.1388888888888889
3 0.4958333333333333 0.1277777777777778 0.4958333333333333 0.12962962962962962 0.4947916666666667 0.15 0.4958333333333333 0.15 0.509375 0.15555555555555556 0.5104166666666666 0.1537037037037037 0.515625 0.14074074074074072 0.515625 0.1388888888888889 0.5145833333333334 0.12037037037037036 0.5135416666666667 0.11851851851851852 0.5104166666666666 0.10925925925925926 0.509375 0.10925925925925926 0.50625 0.10555555555555556 0.5052083333333334 0.10555555555555556 0.5 0.10555555555555556 0.49375 0.11296296296296296 0.49375 0.11481481481481481 0.4958333333333333 0.1277777777777778
3 0.4875 0.1685185185185185 0.4885416666666667 0.17037037037037037 0.49375 0.18518518518518517 0.49375 0.18703703703703703 0.49375 0.2074074074074074 0.4947916666666667 0.2074074074074074 0.5010416666666666 0.20925925925925928 0.5020833333333333 0.2074074074074074 0.50625 0.20555555555555555 0.5072916666666667 0.2037037037037037 0.5125000000000001 0.19444444444444445 0.5125000000000001 0.1925925925925926 0.5135416666666667 0.17407407407407408 0.5125000000000001 0.17222222222222225 0.5083333333333333 0.1574074074074074 0.5072916666666667 0.1574074074074074 0.5 0.15185185185185185 0.49895833333333334 0.15185185185185185 0.4947916666666667 0.15185185185185185 0.4875 0.16296296296296298 0.4875 0.16481481481481483 0.4875 0.1685185185185185
3 0.4625 0.18888888888888888 0.4625 0.19074074074074077 0.4635416666666667 0.2037037037037037 0.4645833333333333 0.20555555555555555 0.4666666666666667 0.21481481481481482 0.46770833333333334 0.21666666666666665 0.4770833333333333 0.2222222222222222 0.478125 0.22037037037037038 0.4885416666666667 0.21481481481481482 0.4895833333333333 0.21296296296296297 0.4927083333333333 0.20555555555555555 0.4927083333333333 0.2037037037037037 0.4927083333333333 0.18518518518518517 0.4916666666666667 0.18333333333333335 0.490625 0.17592592592592593 0.4895833333333333 0.17407407407407408 0.484375 0.16481481481481483 0.48333333333333334 0.16481481481481483 0.4708333333333333 0.16481481481481483 0.465625 0.17222222222222225 0.465625 0.17407407407407408 0.4625 0.18888888888888888
3 0.478125 0.22592592592592592 0.478125 0.2277777777777778 0.478125 0.23703703703703705 0.4791666666666667 0.2388888888888889 0.48333333333333334 0.24629629629629632 0.48333333333333334 0.24814814814814815 0.48541666666666666 0.2555555555555556 0.4864583333333333 0.2555555555555556 0.4927083333333333 0.2555555555555556 0.49375 0.2537037037037037 0.496875 0.2518518518518518 0.4979166666666667 0.25 0.5020833333333333 0.2388888888888889 0.5020833333333333 0.23703703703703705 0.5010416666666666 0.22037037037037038 0.5 0.21851851851851853 0.4958333333333333 0.21296296296296297 0.4947916666666667 0.21296296296296297 0.490625 0.21296296296296297 0.4791666666666667 0.2222222222222222 0.4791666666666667 0.22407407407407406 0.478125 0.22592592592592592
3 0.17083333333333334 0.05 0.17083333333333334 0.05185185185185185 0.17395833333333335 0.06481481481481481 0.175 0.06666666666666667 0.18333333333333335 0.07407407407407407 0.184375 0.07407407407407407 0.19166666666666665 0.07037037037037036 0.19166666666666665 0.06851851851851852 0.19375 0.05925925925925926 0.19375 0.05740740740740741 0.19270833333333334 0.044444444444444446 0.19166666666666665 0.04259259259259259 0.184375 0.03518518518518518 0.18333333333333335 0.03518518518518518 0.17604166666666665 0.03518518518518518 0.17395833333333335 0.037037037037037035 0.17395833333333335 0.03888888888888889 0.17083333333333334 0.05
3 0.18020833333333333 0.08888888888888889 0.18125 0.09074074074074075 0.18541666666666665 0.09814814814814815 0.18645833333333334 0.09814814814814815 0.18958333333333335 0.09814814814814815 0.190625 0.0962962962962963 0.19479166666666667 0.09074074074074075 0.19479166666666667 0.08888888888888889 0.19479166666666667 0.08148148148148149 0.19375 0.07962962962962962 0.18541666666666665 0.07777777777777778 0.18125 0.08148148148148149 0.18125 0.08333333333333333 0.18020833333333333 0.08888888888888889
3 0.19375 0.05740740740740741 0.19375 0.05925925925925926 0.19375 0.07037037037037036 0.19479166666666667 0.07222222222222222 0.196875 0.08148148148148149 0.19791666666666666 0.08148148148148149 0.20104166666666665 0.08333333333333333 0.20208333333333334 0.08148148148148149 0.20625 0.05740740740740741 0.20520833333333335 0.05555555555555555 0.20208333333333334 0.046296296296296294 0.20104166666666665 0.046296296296296294 0.2 0.046296296296296294 0.19583333333333333 0.05 0.19583333333333333 0.05185185185185185 0.19375 0.05740740740740741
3 0.278125 0.6296296296296297 0.278125 0.6314814814814815 0.278125 0.6444444444444444 0.2791666666666667 0.6462962962962963 0.28020833333333334 0.6537037037037037 0.28125 0.6555555555555556 0.2916666666666667 0.6666666666666666 0.29270833333333335 0.6666666666666666 0.2989583333333333 0.6666666666666666 0.3 0.6648148148148147 0.309375 0.6592592592592593 0.3104166666666667 0.6574074074074074 0.315625 0.6388888888888888 0.315625 0.637037037037037 0.315625 0.6222222222222222 0.3145833333333333 0.6203703703703703 0.30625 0.6055555555555556 0.3052083333333333 0.6055555555555556 0.29062499999999997 0.6037037037037037 0.28020833333333334 0.6185185185185185 0.28020833333333334 0.6203703703703703 0.278125 0.6296296296296297
3 0.315625 0.6444444444444444 0.315625 0.6462962962962963 0.31354166666666666 0.6537037037037037 0.31354166666666666 0.6555555555555556 0.31354166666666666 0.6629629629629629 0.3145833333333333 0.6648148148148147 0.32708333333333334 0.6851851851851852 0.328125 0.6851851851851852 0.3333333333333333 0.6870370370370371 0.334375 0.6851851851851852 0.3385416666666667 0.6833333333333333 0.3395833333333333 0.6814814814814815 0.3458333333333333 0.6722222222222222 0.3458333333333333 0.6703703703703704 0.3489583333333333 0.6629629629629629 0.3489583333333333 0.6611111111111112 0.3489583333333333 0.6537037037037037 0.3479166666666667 0.6518518518518519 0.34270833333333334 0.637037037037037 0.3416666666666667 0.637037037037037 0.3333333333333333 0.6296296296296297 0.3322916666666667 0.6296296296296297 0.32708333333333334 0.6296296296296297 0.3208333333333333 0.6351851851851852 0.3197916666666667 0.637037037037037 0.315625 0.6444444444444444
3 0.325 0.6981481481481482 0.325 0.7 0.3197916666666667 0.7203703703703703 0.3208333333333333 0.7222222222222222 0.3229166666666667 0.7314814814814815 0.3239583333333333 0.7333333333333334 0.3302083333333333 0.7425925925925926 0.33125 0.7425925925925926 0.340625 0.7444444444444445 0.3416666666666667 0.7425925925925926 0.34479166666666666 0.7407407407407407 0.3458333333333333 0.7388888888888888 0.3510416666666667 0.7277777777777777 0.3510416666666667 0.725925925925926 0.3520833333333333 0.7055555555555556 0.3510416666666667 0.7037037037037037 0.35 0.6981481481481482 0.3489583333333333 0.6962962962962963 0.34479166666666666 0.6907407407407407 0.34375 0.6907407407407407 0.3354166666666667 0.6870370370370371 0.3302083333333333 0.688888888888889 0.32916666666666666 0.6907407407407407 0.325 0.6981481481481482
3 0.2864583333333333 0.6907407407407407 0.2864583333333333 0.6925925925925925 0.2864583333333333 0.7018518518518518 0.28750000000000003 0.7037037037037037 0.2895833333333333 0.7148148148148148 0.29062499999999997 0.7166666666666667 0.296875 0.7277777777777777 0.29791666666666666 0.7277777777777777 0.309375 0.7277777777777777 0.3104166666666667 0.725925925925926 0.31354166666666666 0.7240740740740741 0.3145833333333333 0.7222222222222222 0.3197916666666667 0.7148148148148148 0.3197916666666667 0.7129629629629629 0.3229166666666667 0.7018518518518518 0.3229166666666667 0.7 0.3229166666666667 0.688888888888889 0.321875 0.6870370370370371 0.3208333333333333 0.6796296296296297 0.3197916666666667 0.6777777777777778 0.309375 0.6648148148148147 0.3083333333333333 0.6648148148148147 0.3041666666666667 0.6648148148148147 0.29270833333333335 0.674074074074074 0.2916666666666667 0.6759259259259259 0.2864583333333333 0.6907407407407407
3 0.2916666666666667 0.7407407407407407 0.2916666666666667 0.7425925925925926 0.2885416666666667 0.75 0.2885416666666667 0.7518518518518519 0.2885416666666667 0.7611111111111112 0.2895833333333333 0.7629629629629631 0.29062499999999997 0.7722222222222223 0.2916666666666667 0.774074074074074 0.2947916666666667 0.7814814814814816 0.29583333333333334 0.7814814814814816 0.3 0.7870370370370371 0.3010416666666667 0.7870370370370371 0.309375 0.7870370370370371 0.3104166666666667 0.7851851851851852 0.3125 0.7851851851851852 0.31354166666666666 0.7833333333333333 0.3197916666666667 0.7722222222222223 0.3197916666666667 0.7703703703703704 0.3229166666666667 0.7611111111111112 0.3229166666666667 0.7592592592592593 0.3229166666666667 0.7462962962962962 0.321875 0.7444444444444445 0.3197916666666667 0.7351851851851853 0.31875 0.7333333333333334 0.315625 0.7296296296296296 0.3145833333333333 0.7296296296296296 0.3041666666666667 0.7296296296296296 0.2947916666666667 0.7351851851851853 0.29375 0.7370370370370369 0.2916666666666667 0.7407407407407407
3 0.3239583333333333 0.7592592592592593 0.3239583333333333 0.7611111111111112 0.3208333333333333 0.774074074074074 0.3208333333333333 0.7759259259259259 0.3208333333333333 0.7888888888888889 0.321875 0.7907407407407407 0.3260416666666667 0.7962962962962963 0.32708333333333334 0.7944444444444444 0.34270833333333334 0.7666666666666666 0.34375 0.7685185185185185 0.34375 0.774074074074074 0.34270833333333334 0.7759259259259259 0.3333333333333333 0.7962962962962963 0.3333333333333333 0.7981481481481482 0.3333333333333333 0.8018518518518518 0.334375 0.8018518518518518 0.3416666666666667 0.8018518518518518 0.34270833333333334 0.8 0.35 0.7925925925925925 0.35 0.7907407407407407 0.3520833333333333 0.7870370370370371 0.3520833333333333 0.7851851851851852 0.3552083333333333 0.7722222222222223 0.3552083333333333 0.7703703703703704 0.3552083333333333 0.7629629629629631 0.3541666666666667 0.7611111111111112 0.34479166666666666 0.7462962962962962 0.34375 0.7462962962962962 0.3333333333333333 0.7462962962962962 0.3302083333333333 0.7481481481481481 0.32916666666666666 0.75 0.3239583333333333 0.7592592592592593
3 0.3208333333333333 0.8481481481481481 0.321875 0.85 0.32916666666666666 0.8592592592592593 0.3302083333333333 0.8592592592592593 0.3364583333333333 0.8555555555555556 0.3364583333333333 0.8537037037037037 0.340625 0.8425925925925926 0.340625 0.8407407407407407 0.34270833333333334 0.825925925925926 0.34375 0.8240740740740741 0.346875 0.8185185185185185 0.346875 0.8166666666666667 0.346875 0.8129629629629629 0.3458333333333333 0.811111111111111 0.3416666666666667 0.8037037037037037 0.340625 0.8037037037037037 0.3322916666666667 0.8037037037037037 0.31875 0.8351851851851853 0.31875 0.8370370370370371 0.3208333333333333 0.8481481481481481
3 0.29270833333333335 0.8018518518518518 0.29270833333333335 0.8037037037037037 0.29062499999999997 0.8092592592592593 0.29062499999999997 0.811111111111111 0.2895833333333333 0.8222222222222222 0.29062499999999997 0.8240740740740741 0.29270833333333335 0.8351851851851853 0.29375 0.8370370370370371 0.3 0.8444444444444444 0.3010416666666667 0.8444444444444444 0.3052083333333333 0.8444444444444444 0.30625 0.8425925925925926 0.3083333333333333 0.8407407407407407 0.3083333333333333 0.8388888888888888 0.3229166666666667 0.8037037037037037 0.3229166666666667 0.8018518518518518 0.3229166666666667 0.7981481481481482 0.321875 0.7962962962962963 0.31875 0.7907407407407407 0.3177083333333333 0.7907407407407407 0.31145833333333334 0.7870370370370371 0.3 0.7907407407407407 0.2989583333333333 0.7925925925925925 0.29270833333333335 0.8018518518518518
3 0.215625 0.8333333333333334 0.215625 0.8351851851851853 0.21666666666666665 0.8388888888888888 0.21770833333333334 0.8388888888888888 0.228125 0.8370370370370371 0.228125 0.8351851851851853 0.23020833333333335 0.8296296296296296 0.23020833333333335 0.8277777777777778 0.23020833333333335 0.8222222222222222 0.22916666666666666 0.8203703703703703 0.22395833333333334 0.8185185185185185 0.21770833333333334 0.8240740740740741 0.21770833333333334 0.825925925925926 0.215625 0.8333333333333334
3 0.2 0.7703703703703704 0.20104166666666665 0.7722222222222223 0.203125 0.7759259259259259 0.20416666666666666 0.7759259259259259 0.20833333333333334 0.7759259259259259 0.209375 0.774074074074074 0.21458333333333335 0.7666666666666666 0.21458333333333335 0.7648148148148147 0.21458333333333335 0.7611111111111112 0.21354166666666666 0.7592592592592593 0.209375 0.7537037037037038 0.20833333333333334 0.7537037037037038 0.20520833333333335 0.7537037037037038 0.20104166666666665 0.7592592592592593 0.20104166666666665 0.7611111111111112 0.2 0.7703703703703704
3 0.20416666666666666 0.7962962962962963 0.20520833333333335 0.7981481481481482 0.20833333333333334 0.8037037037037037 0.209375 0.8037037037037037 0.21458333333333335 0.8037037037037037 0.215625 0.8018518518518518 0.21666666666666665 0.7833333333333333 0.215625 0.7814814814814816 0.21145833333333333 0.7759259259259259 0.20520833333333335 0.7833333333333333 0.20520833333333335 0.7851851851851852 0.20416666666666666 0.7962962962962963
3 0.046875 0.8277777777777778 0.046875 0.8296296296296296 0.04479166666666667 0.8370370370370371 0.04583333333333334 0.8388888888888888 0.04583333333333334 0.8462962962962963 0.046875 0.8481481481481481 0.046875 0.8518518518518519 0.04791666666666666 0.8537037037037037 0.051041666666666666 0.8592592592592593 0.052083333333333336 0.8592592592592593 0.059375 0.8648148148148148 0.06041666666666667 0.8648148148148148 0.06458333333333333 0.8648148148148148 0.065625 0.862962962962963 0.07187500000000001 0.8611111111111112 0.07291666666666667 0.8592592592592593 0.07916666666666668 0.85 0.07916666666666668 0.8481481481481481 0.08020833333333333 0.825925925925926 0.07916666666666668 0.8240740740740741 0.078125 0.8185185185185185 0.07708333333333332 0.8166666666666667 0.06770833333333333 0.8092592592592593 0.05416666666666666 0.8166666666666667 0.053125 0.8185185185185185 0.046875 0.8277777777777778
3 0.08229166666666667 0.8481481481481481 0.08229166666666667 0.85 0.08229166666666667 0.8648148148148148 0.08333333333333333 0.8666666666666666 0.0875 0.8759259259259259 0.08854166666666667 0.8759259259259259 0.09375 0.8814814814814815 0.09479166666666668 0.8814814814814815 0.09895833333333333 0.8814814814814815 0.1 0.8796296296296297 0.10416666666666667 0.8777777777777778 0.10520833333333333 0.8759259259259259 0.109375 0.8685185185185185 0.109375 0.8666666666666666 0.109375 0.862962962962963 0.10833333333333332 0.8611111111111112 0.103125 0.8351851851851853 0.10208333333333333 0.8333333333333334 0.09479166666666668 0.8314814814814815 0.08541666666666667 0.8407407407407407 0.084375 0.8425925925925926 0.08229166666666667 0.8481481481481481
3 0.08541666666666667 0.8981481481481481 0.08541666666666667 0.9 0.08645833333333333 0.9148148148148147 0.0875 0.9166666666666666 0.09375 0.924074074074074 0.09479166666666668 0.924074074074074 0.10520833333333333 0.9203703703703704 0.10625 0.9185185185185185 0.1125 0.9092592592592593 0.1125 0.9074074074074074 0.11458333333333333 0.9018518518518519 0.11458333333333333 0.9 0.11458333333333333 0.887037037037037 0.11354166666666667 0.8851851851851852 0.11041666666666668 0.8796296296296297 0.109375 0.8796296296296297 0.103125 0.8796296296296297 0.08854166666666667 0.887037037037037 0.08854166666666667 0.8888888888888888 0.08541666666666667 0.8981481481481481
3 0.051041666666666666 0.8888888888888888 0.051041666666666666 0.8907407407407407 0.053125 0.9055555555555556 0.05416666666666666 0.9074074074074074 0.06354166666666666 0.9185185185185185 0.06458333333333333 0.9185185185185185 0.07916666666666668 0.9111111111111112 0.07916666666666668 0.9092592592592593 0.08333333333333333 0.9018518518518519 0.08333333333333333 0.9 0.08645833333333333 0.8851851851851852 0.08645833333333333 0.8833333333333334 0.08541666666666667 0.8759259259259259 0.084375 0.8740740740740741 0.08125 0.8666666666666666 0.08020833333333333 0.8666666666666666 0.07604166666666667 0.862962962962963 0.075 0.862962962962963 0.07083333333333333 0.862962962962963 0.06041666666666667 0.8685185185185185 0.059375 0.8703703703703703 0.051041666666666666 0.8888888888888888
3 0.057291666666666664 0.9351851851851852 0.057291666666666664 0.9370370370370371 0.057291666666666664 0.9481481481481482 0.058333333333333334 0.95 0.06666666666666667 0.9648148148148148 0.06770833333333333 0.9648148148148148 0.07291666666666667 0.9648148148148148 0.07395833333333333 0.9629629629629629 0.08125 0.9574074074074075 0.08229166666666667 0.9555555555555556 0.08958333333333333 0.9333333333333333 0.08958333333333333 0.9314814814814815 0.08854166666666667 0.924074074074074 0.0875 0.9222222222222222 0.08541666666666667 0.9185185185185185 0.084375 0.9185185185185185 0.08125 0.9148148148148147 0.08020833333333333 0.9148148148148147 0.075 0.9148148148148147 0.0625 0.9222222222222222 0.06145833333333334 0.924074074074074 0.057291666666666664 0.9351851851851852
3 0.084375 0.9518518518518518 0.084375 0.9537037037037037 0.08541666666666667 0.9611111111111111 0.08645833333333333 0.9629629629629629 0.090625 0.9685185185185184 0.09166666666666667 0.9685185185185184 0.10625 0.9666666666666667 0.10729166666666667 0.9648148148148148 0.11458333333333333 0.9481481481481482 0.11458333333333333 0.9462962962962963 0.1125 0.9277777777777778 0.11145833333333333 0.9259259259259259 0.10833333333333332 0.9222222222222222 0.10729166666666667 0.9222222222222222 0.10208333333333333 0.9222222222222222 0.09166666666666667 0.9296296296296297 0.090625 0.9314814814814815 0.084375 0.9518518518518518
3 0.040625 0.7888888888888889 0.041666666666666664 0.7907407407407407 0.042708333333333334 0.7981481481481482 0.04375 0.8 0.04791666666666666 0.8074074074074075 0.04895833333333333 0.8074074074074075 0.05625 0.8129629629629629 0.057291666666666664 0.811111111111111 0.06145833333333334 0.811111111111111 0.0625 0.8092592592592593 0.07083333333333333 0.8037037037037037 0.07083333333333333 0.8018518518518518 0.07187500000000001 0.7981481481481482 0.07083333333333333 0.7962962962962963 0.06666666666666667 0.7907407407407407 0.065625 0.7907407407407407 0.05520833333333334 0.7870370370370371 0.05416666666666666 0.7851851851851852 0.04895833333333333 0.7759259259259259 0.04791666666666666 0.7759259259259259 0.046875 0.7759259259259259 0.042708333333333334 0.7796296296296297 0.042708333333333334 0.7814814814814816 0.040625 0.7888888888888889
3 0.15520833333333334 0.9148148148148147 0.15625 0.9166666666666666 0.16666666666666666 0.9185185185185185 0.16770833333333335 0.9166666666666666 0.16979166666666665 0.9111111111111112 0.16979166666666665 0.9092592592592593 0.16875 0.9018518518518519 0.16770833333333335 0.9018518518518519 0.16458333333333333 0.8981481481481481 0.16354166666666667 0.8981481481481481 0.15833333333333335 0.8981481481481481 0.15520833333333334 0.9037037037037037 0.15520833333333334 0.9055555555555556 0.15520833333333334 0.9148148148148147
3 0.228125 0.8796296296296297 0.22916666666666666 0.8814814814814815 0.23645833333333335 0.887037037037037 0.23645833333333335 0.8851851851851852 0.23958333333333334 0.8759259259259259 0.23958333333333334 0.8740740740740741 0.23958333333333334 0.8666666666666666 0.23854166666666665 0.8648148148148148 0.23020833333333335 0.862962962962963 0.22708333333333333 0.8685185185185185 0.22708333333333333 0.8703703703703703 0.228125 0.8796296296296297
3 0.12916666666666665 0.8518518518518519 0.13020833333333334 0.8518518518518519 0.13541666666666666 0.8537037037037037 0.13645833333333335 0.8518518518518519 0.13958333333333334 0.8481481481481481 0.13958333333333334 0.8462962962962963 0.13854166666666667 0.8407407407407407 0.13749999999999998 0.8407407407407407 0.13125 0.8388888888888888 0.12812500000000002 0.8425925925925926 0.12812500000000002 0.8444444444444444 0.12916666666666665 0.8518518518518519
3 0.0375 0.9722222222222222 0.03854166666666666 0.9740740740740741 0.04375 0.9814814814814815 0.04479166666666667 0.9814814814814815 0.04791666666666666 0.9796296296296296 0.04895833333333333 0.9777777777777777 0.05416666666666666 0.9685185185185184 0.05416666666666666 0.9666666666666667 0.04895833333333333 0.9574074074074075 0.04791666666666666 0.9574074074074075 0.040625 0.9574074074074075 0.0375 0.9629629629629629 0.0375 0.9648148148148148 0.0375 0.9722222222222222
3 0.43125 0.9777777777777777 0.4302083333333333 0.9796296296296296 0.4270833333333333 0.9851851851851853 0.4270833333333333 0.9870370370370369 0.425 0.9944444444444445 0.4260416666666667 0.9962962962962962 0.4270833333333333 0.9962962962962962 0.4583333333333333 0.9962962962962962 0.4583333333333333 0.9944444444444445 0.4583333333333333 0.9796296296296296 0.4572916666666667 0.9777777777777777 0.4552083333333333 0.9703703703703703 0.45416666666666666 0.9703703703703703 0.4427083333333333 0.9796296296296296 0.4416666666666667 0.9777777777777777 0.440625 0.975925925925926 0.4416666666666667 0.9740740740740741 0.45 0.9611111111111111 0.4489583333333333 0.9592592592592593 0.4479166666666667 0.9574074074074075 0.446875 0.9574074074074075 0.4354166666666667 0.9574074074074075 0.43125 0.9666666666666667 0.43125 0.9685185185185184 0.43125 0.9777777777777777
3 0.38125 0.9111111111111112 0.3822916666666667 0.9129629629629629 0.3875 0.9203703703703704 0.3885416666666667 0.9203703703703704 0.39166666666666666 0.9203703703703704 0.3927083333333333 0.9185185185185185 0.396875 0.8981481481481481 0.3958333333333333 0.8962962962962963 0.3947916666666667 0.8907407407407407 0.39375 0.8907407407407407 0.3885416666666667 0.8888888888888888 0.3822916666666667 0.8962962962962963 0.3822916666666667 0.8981481481481481 0.38125 0.9111111111111112
3 0.3802083333333333 0.938888888888889 0.38125 0.9407407407407407 0.3854166666666667 0.9462962962962963 0.3864583333333333 0.9462962962962963 0.3885416666666667 0.9462962962962963 0.38958333333333334 0.9444444444444444 0.39375 0.9370370370370371 0.39375 0.9351851851851852 0.39375 0.9222222222222222 0.3927083333333333 0.9203703703703704 0.3833333333333333 0.9185185185185185 0.3791666666666667 0.9259259259259259 0.3791666666666667 0.9277777777777778 0.3802083333333333 0.938888888888889
3 0.3864583333333333 0.9574074074074075 0.3864583333333333 0.9592592592592593 0.3885416666666667 0.9722222222222222 0.38958333333333334 0.9722222222222222 0.3958333333333333 0.9703703703703703 0.396875 0.9685185185185184 0.3989583333333333 0.9629629629629629 0.3989583333333333 0.9611111111111111 0.396875 0.9518518518518518 0.3958333333333333 0.95 0.39166666666666666 0.9462962962962963 0.3875 0.9518518518518518 0.3875 0.9537037037037037 0.3864583333333333 0.9574074074074075
3 0.3979166666666667 0.9833333333333334 0.3989583333333333 0.9851851851851853 0.40729166666666666 0.9870370370370369 0.4083333333333333 0.9851851851851853 0.4104166666666667 0.9814814814814815 0.4104166666666667 0.9796296296296296 0.4104166666666667 0.9740740740740741 0.409375 0.9722222222222222 0.4 0.9666666666666667 0.396875 0.9722222222222222 0.396875 0.9740740740740741 0.3979166666666667 0.9833333333333334
3 0.4083333333333333 0.9592592592592593 0.4083333333333333 0.9611111111111111 0.4083333333333333 0.9685185185185184 0.409375 0.9703703703703703 0.4114583333333333 0.975925925925926 0.4125 0.975925925925926 0.4166666666666667 0.9740740740740741 0.4177083333333333 0.9722222222222222 0.42083333333333334 0.9629629629629629 0.42083333333333334 0.9611111111111111 0.41875 0.9462962962962963 0.4177083333333333 0.9462962962962963 0.415625 0.9462962962962963 0.409375 0.9537037037037037 0.409375 0.9555555555555556 0.4083333333333333 0.9592592592592593
3 0.4041666666666667 0.9185185185185185 0.40520833333333334 0.9203703703703704 0.40729166666666666 0.938888888888889 0.4083333333333333 0.938888888888889 0.4125 0.938888888888889 0.4135416666666667 0.9370370370370371 0.4166666666666667 0.9296296296296297 0.4166666666666667 0.9277777777777778 0.415625 0.9129629629629629 0.4145833333333333 0.9111111111111112 0.4114583333333333 0.9111111111111112 0.40625 0.9129629629629629 0.40520833333333334 0.9148148148148147 0.4041666666666667 0.9185185185185185
3 0.4020833333333333 0.9074074074074074 0.403125 0.9092592592592593 0.4041666666666667 0.9129629629629629 0.40520833333333334 0.9129629629629629 0.4145833333333333 0.9111111111111112 0.415625 0.9092592592592593 0.4166666666666667 0.9055555555555556 0.4166666666666667 0.9037037037037037 0.415625 0.8907407407407407 0.4145833333333333 0.8907407407407407 0.409375 0.887037037037037 0.403125 0.8944444444444444 0.403125 0.8962962962962963 0.4020833333333333 0.9074074074074074
3 0.6427083333333333 0.9888888888888888 0.64375 0.9907407407407407 0.6479166666666666 0.9981481481481481 0.6489583333333334 0.9981481481481481 0.6572916666666666 0.9981481481481481 0.6583333333333333 0.9962962962962962 0.6572916666666666 0.9777777777777777 0.65625 0.9777777777777777 0.65 0.9703703703703703 0.6489583333333334 0.9703703703703703 0.6447916666666667 0.9703703703703703 0.6416666666666666 0.975925925925926 0.6416666666666666 0.9777777777777777 0.6427083333333333 0.9888888888888888
3 0.6385416666666667 0.9611111111111111 0.6395833333333334 0.9629629629629629 0.64375 0.9685185185185184 0.6447916666666667 0.9685185185185184 0.6510416666666666 0.9685185185185184 0.6510416666666666 0.9666666666666667 0.6520833333333333 0.9518518518518518 0.6510416666666666 0.95 0.6458333333333334 0.9425925925925925 0.6447916666666667 0.9425925925925925 0.6395833333333334 0.9407407407407407 0.6364583333333333 0.9462962962962963 0.6364583333333333 0.9481481481481482 0.6385416666666667 0.9611111111111111
3 0.6364583333333333 0.924074074074074 0.6375 0.9259259259259259 0.6416666666666666 0.938888888888889 0.6427083333333333 0.938888888888889 0.6489583333333334 0.9462962962962963 0.65 0.9462962962962963 0.6520833333333333 0.9462962962962963 0.653125 0.9444444444444444 0.6552083333333334 0.9314814814814815 0.6541666666666667 0.9296296296296297 0.653125 0.9111111111111112 0.6520833333333333 0.9092592592592593 0.6489583333333334 0.9037037037037037 0.640625 0.9092592592592593 0.6395833333333334 0.9111111111111112 0.6364583333333333 0.924074074074074
3 0.5885416666666666 0.7240740740740741 0.5895833333333333 0.725925925925926 0.59375 0.7314814814814815 0.5947916666666666 0.7314814814814815 0.6010416666666666 0.7314814814814815 0.6020833333333334 0.7296296296296296 0.6020833333333334 0.7111111111111111 0.6010416666666666 0.7092592592592593 0.5958333333333333 0.7074074074074075 0.5906250000000001 0.7129629629629629 0.5906250000000001 0.7148148148148148 0.5885416666666666 0.7240740740740741
3 0.5927083333333334 0.7518518518518519 0.59375 0.7537037037037038 0.596875 0.7592592592592593 0.5979166666666667 0.7592592592592593 0.6010416666666666 0.7592592592592593 0.6020833333333334 0.7574074074074074 0.6041666666666666 0.7574074074074074 0.6052083333333333 0.7555555555555555 0.60625 0.7518518518518519 0.60625 0.75 0.60625 0.7407407407407407 0.6052083333333333 0.7388888888888888 0.6041666666666666 0.7351851851851853 0.603125 0.7351851851851853 0.5989583333333334 0.7333333333333334 0.5927083333333334 0.7388888888888888 0.5927083333333334 0.7407407407407407 0.5927083333333334 0.7518518518518519
3 0.5947916666666666 0.7777777777777778 0.5958333333333333 0.7796296296296297 0.5979166666666667 0.7833333333333333 0.5989583333333334 0.7833333333333333 0.6052083333333333 0.7814814814814816 0.60625 0.7796296296296297 0.60625 0.7629629629629631 0.6052083333333333 0.7629629629629631 0.596875 0.7611111111111112 0.59375 0.7666666666666666 0.59375 0.7685185185185185 0.5947916666666666 0.7777777777777778
3 0.5958333333333333 0.7944444444444444 0.5958333333333333 0.7962962962962963 0.5958333333333333 0.8018518518518518 0.596875 0.8037037037037037 0.6020833333333334 0.8092592592592593 0.603125 0.8092592592592593 0.609375 0.8037037037037037 0.609375 0.8018518518518518 0.6104166666666666 0.8 0.6104166666666666 0.7981481481481482 0.6104166666666666 0.7907407407407407 0.609375 0.7888888888888889 0.60625 0.7833333333333333 0.6 0.7851851851851852 0.5989583333333334 0.7870370370370371 0.5958333333333333 0.7944444444444444
3 0.5739583333333333 0.7777777777777778 0.5750000000000001 0.7796296296296297 0.5812499999999999 0.7851851851851852 0.5822916666666667 0.7833333333333333 0.5854166666666667 0.7814814814814816 0.5854166666666667 0.7796296296296297 0.5854166666666667 0.7703703703703704 0.584375 0.7685185185185185 0.5833333333333334 0.7648148148148147 0.5822916666666667 0.7648148148148147 0.5791666666666666 0.7629629629629631 0.5750000000000001 0.7703703703703704 0.5750000000000001 0.7722222222222223 0.5739583333333333 0.7777777777777778
3 0.5354166666666667 0.7240740740740741 0.5364583333333334 0.725925925925926 0.5375 0.7277777777777777 0.5385416666666667 0.7277777777777777 0.5437500000000001 0.7277777777777777 0.5447916666666667 0.725925925925926 0.5489583333333333 0.7222222222222222 0.5489583333333333 0.7203703703703703 0.5489583333333333 0.7129629629629629 0.5479166666666666 0.7111111111111111 0.5458333333333334 0.7074074074074075 0.5447916666666667 0.7074074074074075 0.5395833333333333 0.7074074074074075 0.5354166666666667 0.7166666666666667 0.5354166666666667 0.7185185185185184 0.5354166666666667 0.7240740740740741
3 0.571875 0.7962962962962963 0.5729166666666666 0.7981481481481482 0.5750000000000001 0.8018518518518518 0.5760416666666667 0.8018518518518518 0.5802083333333333 0.7962962962962963 0.5812499999999999 0.7981481481481482 0.5833333333333334 0.7981481481481482 0.5833333333333334 0.7962962962962963 0.5833333333333334 0.7833333333333333 0.5822916666666667 0.7833333333333333 0.571875 0.7796296296296297 0.5697916666666667 0.7870370370370371 0.5708333333333333 0.7888888888888889 0.571875 0.7962962962962963
3 0.5750000000000001 0.7388888888888888 0.5760416666666667 0.7388888888888888 0.5833333333333334 0.7462962962962962 0.584375 0.7444444444444445 0.5864583333333333 0.7444444444444445 0.5875 0.7425925925925926 0.5875 0.7240740740740741 0.5864583333333333 0.7222222222222222 0.5791666666666666 0.7203703703703703 0.5750000000000001 0.7314814814814815 0.5750000000000001 0.7333333333333334 0.5750000000000001 0.7388888888888888
3 0.4177083333333333 0.5462962962962963 0.41875 0.5481481481481482 0.4239583333333333 0.5518518518518518 0.425 0.5499999999999999 0.428125 0.5462962962962963 0.428125 0.5444444444444444 0.4291666666666667 0.5370370370370371 0.428125 0.5351851851851852 0.4270833333333333 0.5314814814814814 0.4260416666666667 0.5314814814814814 0.421875 0.5314814814814814 0.4177083333333333 0.5407407407407407 0.4177083333333333 0.5425925925925926 0.4177083333333333 0.5462962962962963
3 0.4291666666666667 0.5370370370370371 0.4302083333333333 0.5388888888888889 0.4375 0.5407407407407407 0.43854166666666666 0.5388888888888889 0.4375 0.5277777777777778 0.43645833333333334 0.5259259259259259 0.43125 0.5240740740740741 0.428125 0.5296296296296297 0.428125 0.5314814814814814 0.4291666666666667 0.5370370370370371
1 0.6140625 0.24462962962962964 0.6267708333333333 0.2537037037037037 0.6527083333333334 0.1637037037037037 0.6852083333333333 0.028703703703703703 0.6435416666666667 0.002777777777777778 0.6226041666666666 0.06703703703703703 0.6191666666666668 0.07462962962962963 0.6142708333333333 0.07592592592592592 0.556875 0.0011111111111111111 0.51 0.001851851851851852 0.5789583333333334 0.08148148148148149 0.588125 0.0962962962962963 0.598125 0.12240740740740741 0.6007291666666666 0.15444444444444444 0.5861458333333334 0.23240740740740742 0.5942708333333334 0.23925925925925925 0.6140625 0.24462962962962964
1 0.34479166666666666 0.5251851851851852 0.3770833333333333 0.5061111111111111 0.3723958333333333 0.5001851851851852 0.33968750000000003 0.5140740740740741 0.3307291666666667 0.47759259259259257 0.3189583333333333 0.48500000000000004 0.3296875 0.5387037037037037 0.3335416666666667 0.5698148148148148 0.345 0.5687037037037037 0.3434375 0.5498148148148149 0.3421875 0.5318518518518518 0.34479166666666666 0.5251851851851852
0 0.5422916666666667 0.40370370370370373 0.5619791666666667 0.4222222222222222 0.5761458333333334 0.4431481481481481 0.6083333333333334 0.3635185185185185 0.6319791666666666 0.3509259259259259 0.65625 0.36000000000000004 0.6569791666666667 0.33222222222222225 0.646875 0.32666666666666666 0.6194791666666667 0.3261111111111111 0.6061458333333334 0.32962962962962966 0.6271875 0.2531481481481481 0.5866666666666667 0.22425925925925924 0.5422916666666667 0.40370370370370373
0 0.34718750000000004 0.5824074074074074 0.3428125 0.542037037037037 0.3317708333333333 0.5464814814814815 0.33291666666666664 0.577037037037037 0.3265625 0.5783333333333334 0.32093750000000004 0.5872222222222222 0.31625000000000003 0.5996296296296296 0.31333333333333335 0.614074074074074 0.31625000000000003 0.6192592592592592 0.32229166666666664 0.597037037037037 0.3276041666666667 0.5868518518518518 0.33135416666666667 0.5864814814814815 0.34041666666666665 0.6127777777777779 0.3415625 0.6118518518518519 0.3516666666666666 0.605 0.34718750000000004 0.5824074074074074
0 0.48031250000000003 0.9477777777777777 0.46947916666666667 0.914074074074074 0.4580208333333334 0.9248148148148148 0.4636458333333333 0.9438888888888889 0.4632291666666667 0.9522222222222223 0.44333333333333336 0.9687037037037037 0.43687499999999996 0.9805555555555556 0.4352083333333333 0.9909259259259259 0.4378125 0.9911111111111112 0.4583333333333333 0.9681481481481482 0.46395833333333336 0.9675925925925926 0.4747916666666667 0.9740740740740741 0.48843749999999997 0.9929629629629629 0.48895833333333333 0.9924074074074075 0.49541666666666667 0.9731481481481481 0.48031250000000003 0.9477777777777777
0 0.5238541666666667 0.046296296296296294 0.5104166666666666 0.05851851851851852 0.5163541666666667 0.07444444444444444 0.5157291666666667 0.08314814814814815 0.4976041666666667 0.09833333333333333 0.490625 0.10944444444444444 0.49197916666666663 0.11611111111111111 0.5128125 0.09462962962962963 0.5248958333333333 0.10037037037037037 0.5319791666666667 0.11555555555555556 0.5319791666666667 0.11592592592592592 0.5416666666666666 0.10407407407407408 0.5238541666666667 0.046296296296296294