2 1 0.6726870347222222 0.8098740972222223 0.6039918564814815 0.703075587962963 0.5379832361111111 0.5698526689814815 0.43850806712962964 0.5229123402777778 0.4145140162037037 0.4979821851851852 0.4174702199074074 0.3255503657407407 0.4087553703703704 0.26329597685185185 0.3839696597222222 0.2084053425925926 0.33504204398148146 0.19244166898148146 0.3018013564814815 0.1831504699074074 0.2972801388888889 0.1730598541666667 0.3059210879629629 0.1715969675925926 0.30527359027777773 0.1880745949074074 0.31955562962962963 0.20002764583333332 0.34906956712962967 0.21618235416666667 0.3689579236111111 0.253922 0.403107662037037 0.2875309699074074 0.41960548148148147 0.34632016435185187 0.4280887337962963 0.510080974537037 0.43609081250000004 0.6179643703703703 0.4947337476851852 0.6765801250000001 0.5513890694444444 0.7512620486111111 0.610593074074074 1 0.7060649537037037 1 0.6726870347222222
2 0.3247673842592593 0.23405896064814816 0.3576183796296296 0.23719317824074077 0.3683390416666667 0.22884428240740742 0.2745645486111111 0.22321815046296295 0.18302674768518518 0.21030099305555558 0.13115823148148148 0.1987492986111111 0.04899239351851852 0.1791543402777778 0.026367930555555554 0.15020478009259258 0.02748429861111111 0.14922203240740742 0.007354293981481482 0.15605664814814815 0.0076575 0.15748311342592594 0.0480531712962963 0.19522155555555556 0.0706619837962963 0.19648605092592591 0.1680808310185185 0.22103890740740742 0.28962260416666663 0.2370564722222222 0.3005637615740741 0.2341983888888889 0.3247673842592593 0.23405896064814816
2 0.11543116666666667 0.07131778703703705 0.17601602314814815 0.07132583101851851 0.2735432291666667 0.07679326157407408 0.31488412962962964 0.07088131481481481 0.3185659722222222 0.06860780092592593 0.16101308333333333 0.06130957175925925 0.11543116666666667 0.07131778703703705
2 0.5605760023148149 0.22919615972222224 0.5569394189814815 0.2388081273148148 0.6317692037037038 0.2452662662037037 0.7086387824074074 0.24617912962962962 0.9173356712962963 0.255385625 0.918483587962963 0.2411909375 0.9164851666666666 0.23980531944444447 0.5605760023148149 0.22919615972222224
2 0.5776369768518519 0.09213299305555556 0.7127090902777778 0.08184595833333333 0.7369147268518519 0.06924632407407406 0.5996472939814815 0.07989349537037037 0.4905784560185185 0.06644291898148148 0.3764435717592593 0.0754744236111111 0.37699681018518516 0.08163996527777778 0.4184991342592593 0.0827222962962963 0.48684538657407406 0.07916371527777778 0.549414849537037 0.08939929861111111 0.5776369768518519 0.09213299305555556
3 0.23788062037037036 0.6206764189814814 0.2360692361111111 0.6210614421296297 0.22338954398148148 0.6237565925925926 0.2217947337962963 0.6251605185185185 0.21092642824074073 0.6274706481481481 0.20933161805555556 0.6288745740740741 0.1952736921296296 0.6339925532407408 0.19367888194444444 0.6353964791666667 0.18048725462962964 0.6445900763888889 0.1807038287037037 0.6456089791666666 0.17294635416666665 0.6536475092592592 0.17316293055555557 0.6546664143518519 0.16764998842592593 0.6643577291666667 0.1678665648148148 0.6653766342592592 0.1681421388888889 0.6844869444444444 0.1701700972222222 0.6851208263888888 0.17820314814814817 0.6961926064814814 0.18023110648148147 0.696826488425926 0.20275523148148147 0.7048180949074074 0.20456661574074073 0.7044330740740741 0.2178960324074074 0.7047946342592591 0.21970741666666668 0.7044096111111111 0.2486895671296296 0.6982492662037038 0.2502843773148148 0.6968453402777778 0.26774849768518516 0.6899384120370371 0.26934330787037036 0.688534486111111 0.28391316898148145 0.6769180625 0.2836965949074074 0.6758991597222221 0.29239915509259257 0.6633999907407407 0.2921825810185185 0.662381087962963 0.2958841365740741 0.6530747916666667 0.2956675625 0.652055888888889 0.29241894212962966 0.6367723333333333 0.28706357407407407 0.6293911458333333 0.2850356157407407 0.6287572638888889 0.2805465486111111 0.6254516921296296 0.27851858796296297 0.6248178101851851 0.26251149074074076 0.6207656574074074 0.26070010648148145 0.6211506782407407 0.25099346064814815 0.6200190763888889 0.2491820763888889 0.6204040972222222 0.23788062037037036 0.6206764189814814
3 0.2489061412037037 0.6992681689814815 0.24709475694444444 0.6996531921296296 0.21992399074074076 0.7054285162037037 0.2178960324074074 0.7047946342592591 0.2011604212962963 0.7062220208333334 0.20137699768518516 0.7072409259259259 0.1949189699074074 0.7213928773148148 0.1951355462962963 0.7224117824074073 0.19954582638888888 0.7342536041666667 0.20157378472222223 0.7348874884259259 0.21590728703703702 0.7488798171296296 0.21793524537037037 0.7495136990740741 0.23010299999999997 0.7533169930555557 0.23191438425925928 0.7529319699074074 0.2583566412037037 0.7526361851851852 0.26016802546296297 0.7522511643518519 0.2819046388888889 0.7476309050925926 0.2834994490740741 0.7462269791666666 0.29755737499999996 0.7411089976851852 0.2991521851851852 0.739705074074074 0.3075593819444445 0.7347232546296296 0.30915419212962963 0.7333193287037036 0.3180733263888889 0.7218390648148149 0.31785675231481486 0.720820162037037 0.3175023888888889 0.7102461018518519 0.310552212962963 0.7042688402777778 0.3085242546296296 0.7036349583333333 0.3024403773148148 0.7017333125 0.3022238032407408 0.7007144074074074 0.2946239027777778 0.6916804351851852 0.29259594212962964 0.6910465532407407 0.2797784652777778 0.6841865509259258 0.2781836550925926 0.6855904745370371 0.2489061412037037 0.6992681689814815
3 0.33825470370370375 0.665367412037037 0.33644331944444444 0.6657524351851852 0.31897919907407407 0.6726593634259259 0.31738438888888887 0.674063287037037 0.3081698912037037 0.6930608981481482 0.3083864675925926 0.6940798032407407 0.30968591435185183 0.700193224537037 0.311713875 0.7008271064814815 0.3206920092592593 0.7074382499999999 0.32090858333333333 0.7084571550925927 0.3242359907407408 0.7152044583333333 0.326263949074074 0.7158383425925926 0.35016631018518524 0.7214071180555556 0.35197769444444443 0.7210220972222222 0.36733506944444444 0.7220175393518519 0.36914645370370375 0.7216325185185185 0.38544891435185186 0.7181673217592593 0.3870437222222222 0.7167633981481482 0.39747887962962963 0.7124154606481482 0.39907368981481484 0.7110115347222222 0.3998022013888889 0.7055319953703704 0.38749665972222225 0.6921735462962963 0.3872800833333333 0.6911546435185185 0.3848977638888889 0.6799467013888888 0.3864925717592592 0.6785427754629629 0.3874376574074074 0.6740821388888889 0.3872210833333333 0.6730632361111112 0.38389367592592594 0.6663159305555555 0.3818657175925926 0.665682048611111 0.33825470370370375 0.665367412037037
3 0.2870833611111111 0.6027634861111111 0.2872999351851852 0.6037823912037038 0.28794965972222225 0.6068391018518519 0.28635484953703705 0.6082430277777777 0.2831652314814815 0.6110508773148148 0.28338180555555553 0.6120697824074074 0.28127506018518517 0.619972150462963 0.28149163425925927 0.6209910555555557 0.2846024675925926 0.6267194560185184 0.2866304259259259 0.6273533379629629 0.29358060185185186 0.633330599537037 0.2937971759259259 0.6343495023148149 0.29777430787037035 0.6441535185185185 0.2998022662037037 0.644787400462963 0.31429334259259256 0.6417072291666668 0.3163213009259259 0.642341111111111 0.3403024490740741 0.6393736365740741 0.34189725925925923 0.6379697106481481 0.35784535648148147 0.6239304560185185 0.3596567407407407 0.6235454351851851 0.3700918981481482 0.6191974976851852 0.37168670833333334 0.6177935717592592 0.3782825208333333 0.6131967754629629 0.37806594675925925 0.6121778703703704 0.3853902708333333 0.6021015324074074 0.3851736967592593 0.6010826296296296 0.3843073981481481 0.5970070138888889 0.3647563171296296 0.5851886527777778 0.36272835879629634 0.5845547708333333 0.3471544097222222 0.5825404236111111 0.34534302546296297 0.5829254467592593 0.3141163402777778 0.5874330069444444 0.3125215300925926 0.5888369328703704 0.29484083564814817 0.5947249560185185 0.29324602546296297 0.5961288819444444 0.2870833611111111 0.6027634861111111
3 0.4167745300925926 0.5805214675925926 0.41517971990740743 0.5819253935185186 0.3978533888888889 0.5983874768518519 0.398069962962963 0.5994063819444444 0.38928861574074075 0.6204418009259259 0.3895051898148148 0.6214607037037037 0.3988376875 0.6386459074074075 0.40086564583333334 0.6392797893518518 0.4055712893518518 0.6436042638888888 0.4075992476851852 0.6442381458333334 0.4328798425925926 0.6473840949074074 0.43469122685185185 0.6469990740740741 0.4564278402777778 0.6423788125000001 0.4580226504629629 0.640974888888889 0.46324022916666663 0.6388009189814815 0.4648350393518519 0.6373969930555555 0.4741873240740741 0.6279545370370371 0.47397074768518516 0.6269356342592592 0.47310444907407406 0.6228600185185186 0.4712930648148148 0.6232450393518518 0.46788687037037036 0.625033988425926 0.465858912037037 0.6244001064814815 0.46383095370370375 0.6237662222222222 0.4636143796296296 0.6227473194444444 0.46318122916666665 0.6207095115740741 0.46477603935185186 0.6193055856481481 0.4791293263888889 0.6066702569444444 0.4809407106481482 0.6062852361111112 0.49115929398148145 0.6009183958333333 0.4927541041666667 0.5995144699074074 0.502322962962963 0.5910909166666667 0.5041343472222222 0.5907058958333333 0.5093519259259259 0.588531925925926 0.5109467361111112 0.5871280023148148 0.5182710601851852 0.5770516643518518 0.5036421967592593 0.5705766805555555 0.5018308125 0.5709617037037037 0.4837957546296296 0.5662756666666667 0.4819843703703704 0.5666606898148148 0.4627876527777777 0.5654163865740741 0.46097626851851853 0.5658014097222223 0.4392396550925926 0.5704216689814815 0.43764484490740735 0.5718255949074075 0.4167745300925926 0.5805214675925926
3 0.5924000347222222 0.5517106203703703 0.5905886504629629 0.5520956412037037 0.5523330023148149 0.5591621921296296 0.5507381921296296 0.5605661180555556 0.5453040393518519 0.5617211828703704 0.5437092291666666 0.5631251087962963 0.5282730671296296 0.5706659189814816 0.5266782592592593 0.5720698449074074 0.5161643148148148 0.5849540324074074 0.5145695046296296 0.5863579583333333 0.5063788796296296 0.5923586805555556 0.5065954560185185 0.5933775856481481 0.5015156643518518 0.6051067083333334 0.5017322384259258 0.606125613425926 0.5051974328703704 0.6224280740740741 0.5072253935185186 0.6230619560185184 0.5080916921296296 0.6271375694444444 0.5101196504629629 0.6277714513888889 0.5217754699074074 0.6380731898148149 0.5238034282407408 0.6387070717592592 0.5379991412037037 0.6431442453703704 0.5398105254629629 0.642759224537037 0.5587906689814814 0.6429846226851852 0.5606020532407407 0.6425996018518518 0.5766879398148148 0.6381155023148147 0.5782827500000001 0.6367115763888889 0.5819055185185186 0.6359415347222223 0.5835003287037037 0.6345376087962963 0.5882847569444445 0.6303258333333334 0.5880681828703703 0.6293069282407407 0.584386412037037 0.6119855648148148 0.5859812222222223 0.610581638888889 0.5905490763888889 0.6053509583333333 0.592360462962963 0.6049659374999999 0.6041738541666667 0.5981951712962963 0.6059852384259259 0.5978101504629629 0.6501081898148149 0.5916263402777778 0.6517029999999999 0.5902224166666666 0.6491041041666668 0.5779955717592592 0.6341208773148148 0.5609465300925925 0.6320929189814815 0.5603126481481481 0.6296318101851852 0.5576409583333333 0.6276038518518519 0.5570070763888889 0.6174640555555555 0.5538376643518519 0.6156526712962963 0.5542226875 0.6095687939814814 0.5523210416666666 0.6077574097222223 0.5527060625 0.5924000347222222 0.5517106203703703
3 0.585587287037037 0.6532628981481481 0.5839924768518518 0.6546668240740741 0.5685563171296296 0.6622076319444444 0.5669615069444445 0.6636115578703703 0.5439844467592593 0.6802098032407408 0.5421730625 0.680594824074074 0.5301430949074074 0.6863466875 0.5303596689814815 0.6873655902777778 0.5382351435185185 0.715509875 0.5402631041666667 0.7161437569444444 0.5482961527777778 0.727215537037037 0.5503241134259259 0.7278494189814815 0.5570577129629629 0.732807775462963 0.5590856736111112 0.7334416574074074 0.5694420439814815 0.7376299722222222 0.5712534282407408 0.7372449513888889 0.5832046087962963 0.7400293402777778 0.5850159930555555 0.7396443171296296 0.6037795601851852 0.7388508125000001 0.6055909444444445 0.7384657916666667 0.6250830254629629 0.7321927453703704 0.6266778333333334 0.7307888194444444 0.6350850324074074 0.7258070000000001 0.6366798425925926 0.7244030740740741 0.6376249282407407 0.7199424375 0.6355969699074074 0.7193085555555555 0.6282136435185185 0.711293488425926 0.6279970694444444 0.7102745833333333 0.6303203888888889 0.7033911180555555 0.6319151990740741 0.7019871921296296 0.6374281388888889 0.692295875 0.6390229490740741 0.6908919513888889 0.6438073796296296 0.6866801736111111 0.645618763888889 0.6862951527777779 0.6594601157407408 0.6801582685185186 0.6610549236111111 0.6787543425925926 0.6692455486111112 0.6727536203703705 0.669028974537037 0.6717347152777777 0.6678083125000001 0.6570850416666667 0.6608581365740741 0.6511077800925926 0.6588301782407407 0.6504738981481482 0.6423899305555556 0.6443839374999999 0.6405785439814815 0.6447689583333334 0.6179756319444444 0.6453136041666667 0.6161642476851852 0.645698625 0.5980504050925926 0.6495488425925926 0.5964555949074074 0.6509527685185185 0.585587287037037 0.6532628981481481
3 0.4401055949074074 0.6724716666666667 0.437349125 0.6773173240740741 0.4264808171296296 0.6796274560185185 0.42329119907407403 0.6824353055555555 0.4241574976851852 0.6865109212962963 0.4225626875 0.6879148472222222 0.42386213657407407 0.6940282685185186 0.4222673263888889 0.6954321944444445 0.42464964814814815 0.7066401342592592 0.42667760648148145 0.7072740185185185 0.42797705555555554 0.7133874398148149 0.45050118055555555 0.7213790462962962 0.4561519074074074 0.7212428865740741 0.47194243055555557 0.7242761342592593 0.48824489120370373 0.7208109398148148 0.490272849537037 0.7214448217592592 0.5029525416666667 0.7187496712962963 0.5045473518518518 0.7173457453703704 0.5224446203703704 0.712476625 0.5240394305555556 0.711072699074074 0.5229565578703704 0.7059781805555555 0.5186840648148148 0.7036915138888888 0.5153566574074074 0.6969442083333334 0.504783712962963 0.6917369907407407 0.5002946435185185 0.6884314189814815 0.4974003865740741 0.6837219212962963 0.489071974537037 0.6801674884259259 0.49066678472222225 0.6787635648148148 0.5067526712962963 0.6742794652777777 0.5099422893518519 0.671471613425926 0.512698761574074 0.6666259560185185 0.5208893842592592 0.6606252337962963 0.5227007685185185 0.6602402106481482 0.5274851967592592 0.6560284351851853 0.5347307361111111 0.654488349537037 0.5367586944444445 0.6551222314814815 0.5504424722222222 0.6660578495370371 0.5513087708333333 0.6701334652777778 0.5531201550925926 0.6697484421296296 0.5576880092592593 0.6645177638888888 0.5437351319444444 0.6582540740740741 0.5399483148148149 0.6523143796296296 0.5361089699074074 0.6520655185185185 0.5288634328703703 0.6536056064814815 0.5302416689814815 0.6511827777777778 0.52618575 0.649915011574074 0.518723636574074 0.6504361944444444 0.49952691898148144 0.6491918935185185 0.4796016898148148 0.6534271319444445 0.47757373148148147 0.65279325 0.46127127083333336 0.6562584444444445 0.45445888194444445 0.659836337962963 0.44540196064814813 0.6617614467592593 0.443807150462963 0.6631653726851852 0.4401843819444444 0.6639354143518519 0.4353999537037037 0.6681471921296297 0.43583310185185187 0.6701849976851852 0.4401055949074074 0.6724716666666667
3 0 0.5401704513888889 0.004803108796296297 0.5573351342592593 0.006614493055555555 0.5569501111111111 0.02161750462962963 0.5473714953703703 0.02140093055555556 0.5463525902777777 0.024669335648148147 0.535008488425926 0.017719159722222225 0.5290312268518519 0.015691201388888888 0.5283973449074074 0.011635282407407408 0.5271295810185185 0.009823898148148148 0.5275146018518518 0 0.5280070717592592 0 0.5401704513888889
3 0.0035234467592592596 0.5245940532407407 0.005551405092592593 0.5252279351851852 0.01931396990740741 0.5276273009259259 0.02112535416666667 0.5272422800925926 0.03583300462962963 0.5251810092592593 0.03742781481481482 0.5237770856481482 0.04989093055555555 0.5200630300925926 0.05148574074074074 0.5186591041666667 0.05786497916666667 0.5130434027777778 0.05764840509259259 0.5120245 0.057431831018518516 0.5110055949074074 0.04931999305555555 0.5084700671296296 0.047508608796296294 0.508855087962963 0.0359905787037037 0.5081085069444444 0.03417919444444444 0.5084935277777778 0.014253965277777779 0.5127287662037037 0.012659155092592592 0.5141326921296296 0.004468532407407407 0.5201334143518518 0.004685106481481482 0.5211523194444444 0.0035234467592592596 0.5245940532407407
3 0 0.4854443773148148 0.0009443356481481481 0.4857395486111111 0.004488319444444445 0.4935057569444445 0.006516277777777778 0.4941396388888889 0.010788770833333334 0.49642630787037034 0.012600155092592592 0.49604128472222225 0.03201344675925926 0.49830449074074074 0.03382483101851852 0.49791946990740743 0.048532481481481475 0.4958581990740741 0.05012729166666667 0.49445427546296294 0.07332092824074074 0.4788749351851852 0.07513231249999999 0.478489912037037 0.08919023842592592 0.4733719305555556 0.08897366435185185 0.4723530277777778 0.09297058101851852 0.45552938425925926 0.08826493981481481 0.4512049097222222 0.08623697916666667 0.45057102777777774 0.07609718287037037 0.44740161805555556 0.0742857986111111 0.44778663888888887 0.058711849537037036 0.4457722939814815 0.05690046527777778 0.4461573148148148 0.04559900925925926 0.4464296365740741 0.043787625 0.44681465972222223 0.027701740740740742 0.45129875694444443 0.026106930555555553 0.45270268287037035 0.009075958333333333 0.4616474189814814 0.007481150462962964 0.4630513425925926 0 0.4726807060185185 0 0.4854443773148148
3 0.10978497685185185 0.44556574537037036 0.10819016666666667 0.44696967129629633 0.09383687962962962 0.45960500000000004 0.09405345370370372 0.4606239027777778 0.09100162268518518 0.4729869097222222 0.0930295810185185 0.4736207916666667 0.09795179861111111 0.47896417129629626 0.09997975694444444 0.4795980532407408 0.11033612731481482 0.4837863680555556 0.11214751157407407 0.48340134490740744 0.15156482175925928 0.4728930625 0.15315962962962962 0.4714891365740741 0.15729433564814815 0.46422065046296296 0.15888914583333336 0.46281672453703704 0.16686319444444445 0.4557970972222222 0.1686745787037037 0.4554120763888889 0.18251593055555554 0.44927518981481485 0.18229935648148146 0.448256287037037 0.18143305787037037 0.44418067129629635 0.1746994560185185 0.43922231481481483 0.1726714976851852 0.43858843287037036 0.15869235648148147 0.435170162037037 0.15688097222222222 0.43555518287037037 0.14536294212962964 0.43480860185185183 0.14355155787037038 0.4351936226851852 0.12703252314814814 0.43763991435185184 0.12543771296296297 0.4390438402777778 0.10978497685185185 0.44556574537037036
3 0.16548495833333335 0.4582199259259259 0.16389015046296296 0.45962385185185184 0.1591057199074074 0.4638356273148148 0.15932229398148148 0.46485453240740743 0.15359278009259258 0.47352694444444443 0.15380935416666666 0.4745458472222222 0.1588693587962963 0.48944438194444445 0.16089731944444446 0.49007826388888887 0.1698754537037037 0.4966894074074074 0.17190341203703705 0.4973232893518518 0.1816100601851852 0.4984548935185185 0.18342144444444444 0.4980698726851852 0.21791653472222222 0.48221820833333334 0.21972791898148147 0.4818331875 0.24327591666666668 0.4768279050925926 0.24487072685185185 0.4754239791666667 0.24943858101851854 0.4701933009259259 0.24922200694444444 0.4691743958333333 0.2480013449074074 0.45452472222222223 0.2367786759259259 0.4462607939814815 0.2347507175925926 0.4456269120370371 0.22663888194444443 0.4430913819444445 0.22482749768518517 0.44347640509259256 0.2094701226851852 0.44248096296296296 0.20765873842592592 0.4428659837962963 0.18773350925925925 0.4471012222222222 0.18613869907407407 0.4485051481481481 0.16548495833333335 0.4582199259259259
3 0.18044839814814817 0.5018966273148148 0.1784204398148148 0.5012627430555555 0.15408493055555555 0.4936561597222222 0.1522735462962963 0.49404118055555557 0.14343319907407406 0.4969851921296296 0.1418383888888889 0.4983891180555556 0.14067672685185184 0.5018308518518518 0.14089330324074073 0.5028497546296297 0.14175960185185185 0.5069253703703703 0.14378756018518518 0.5075592523148148 0.15298227083333332 0.5151892986111112 0.15501022916666668 0.5158231805555555 0.16109410648148148 0.517724826388889 0.16290549074074076 0.5173398055555555 0.17420694675925927 0.5170674837962963 0.1762349074074074 0.5177013657407407 0.18253535879629632 0.5206219143518519 0.18434674305555557 0.5202368935185185 0.19564819907407408 0.5199645717592593 0.19745958333333333 0.5195795486111111 0.2173848125 0.5153443125 0.21716823842592592 0.5143254074074074 0.22717024537037037 0.507939662037037 0.22876505555555557 0.5065357384259259 0.23746761574074074 0.49403656944444446 0.23725103935185185 0.4930176666666667 0.23638474074074073 0.48894205092592596 0.23232882407407407 0.4876742870370371 0.2307340138888889 0.489078212962963 0.22573300925925927 0.4922710856481482 0.2237050509259259 0.4916372037037037 0.2135652546296296 0.4884677916666667 0.21175387037037036 0.4888528148148148 0.20813110185185188 0.4896228564814815 0.20653629166666668 0.49102678240740744 0.18044839814814817 0.5018966273148148
3 0.0760576111111111 0.5006569351851852 0.0762741851851852 0.501675837962963 0.07895186805555555 0.5053664305555555 0.0809798287037037 0.5060003148148149 0.08706370601851852 0.5079019606481482 0.08887509027777778 0.5075169375 0.1024210787037037 0.5088974027777778 0.10423246527777777 0.5085123796296296 0.1311866574074074 0.5017181527777778 0.1327814652777778 0.5003142268518519 0.13821562037037036 0.49915916203703703 0.13981042824074075 0.4977552361111111 0.14821762731481483 0.4927734166666667 0.15002901157407408 0.4923883958333333 0.15567974074074073 0.4922522337962963 0.15727454861111112 0.49084830787037037 0.15705797453703704 0.4898294050925926 0.1504031597222222 0.4763347962962963 0.14859177546296298 0.47671981712962963 0.14656381712962963 0.4760859351851852 0.14475243287037037 0.4764709560185185 0.11076927777777777 0.4858241759259259 0.1091744675925926 0.48722809953703705 0.09938903472222221 0.49463275 0.09757765046296296 0.49501777083333337 0.0760576111111111 0.5006569351851852
3 0 0.31980992592592594 0.010631914351851852 0.3175500439814815 0.012226722222222222 0.31614611805555554 0.018389386574074074 0.3095115138888889 0.0181728125 0.3084926087962963 0.02398111574074074 0.29128394444444444 0.014353256944444445 0.2816160902777778 0.01254187037037037 0.2820011111111111 0 0.28287708333333333 0 0.31980992592592594
3 0 0.3432385648148148 0.0009054814814814815 0.3430460995370371 0.00815101851851852 0.3415060138888889 0.009745828703703704 0.340102087962963 0.024020328703703703 0.3360030115740741 0.02561513888888889 0.33459908564814816 0.02612707638888889 0.3281006412037037 0.007442293981481481 0.3203578935185185 0.005630909722222222 0.32074291666666666 0 0.3201690740740741 0 0.3432385648148148
3 0.017542875 0.27880823842592595 0.017759449074074073 0.2798271435185185 0.0257925 0.2908989236111111 0.027820458333333332 0.29153280555555555 0.03912191435185185 0.29126048379629627 0.04093329861111111 0.2908754606481481 0.07970088425925927 0.27731046527777775 0.08129569444444444 0.27590654166666667 0.08426873842592592 0.272079787037037 0.08405216435185185 0.27106088194444444 0.08340243981481482 0.2680041712962963 0.06747412731481482 0.2554157662037037 0.06544616898148148 0.2547818842592593 0.050088793981481486 0.25378644212962964 0.04827740972222223 0.25417146296296295 0.035597719907407406 0.25686661574074077 0.034002909722222224 0.2582705416666667 0.025595710648148147 0.2632523611111111 0.024000900462962965 0.26465628703703703 0.017542875 0.27880823842592595
3 0.09994126157407407 0.2389302222222222 0.09834645138888888 0.24033414583333332 0.0863164837962963 0.24608600925925928 0.08653305787037037 0.24710491203703705 0.08037039351851852 0.2537395185185185 0.0805869675925926 0.2547584212962963 0.08050818055555554 0.2632946736111111 0.08253614120370371 0.26392855555555556 0.09129770138888889 0.2695207962962963 0.09310908564814815 0.2691357731481481 0.10238258333333333 0.2682295694444444 0.10397739351851852 0.2668256435185185 0.114629125 0.2634966111111111 0.11665708333333333 0.2641304930555555 0.13490871527777779 0.26983543055555553 0.13672009953703704 0.26945040972222223 0.14353248842592592 0.2658725162037037 0.14331591435185184 0.2648536111111111 0.14469414814814816 0.2624307824074074 0.13731082407407408 0.25441571296296295 0.1370942476851852 0.2533968101851852 0.13609016203703705 0.23976603935185187 0.1340622037037037 0.23913215740740743 0.1316010949074074 0.23646046759259257 0.12978971064814815 0.23684549074074074 0.11624371990740741 0.23546502546296294 0.11443233564814816 0.2358500486111111 0.09994126157407407 0.2389302222222222
3 0.1376061851851852 0.24689836574074076 0.13782275925925924 0.24791727083333334 0.14201646527777778 0.25874018981481484 0.14404442592592592 0.25937407175925925 0.1465055324074074 0.26204576157407405 0.14853349305555558 0.2626796435185185 0.1544007962962963 0.2635623865740741 0.15621218055555555 0.26317736342592596 0.16164633333333334 0.26202229861111115 0.16142975925925926 0.2610033958333333 0.1796223888888889 0.24861692824074075 0.18143377314814815 0.24823190509259258 0.19903568287037035 0.25088013425925926 0.20063049305555555 0.24947620833333334 0.20700973148148147 0.24386050694444444 0.2067931574074074 0.24284160185185186 0.20752166666666666 0.23736206250000003 0.1999217685185185 0.22832809027777778 0.1978938078703704 0.22769420833333334 0.17623598148148148 0.22377821527777778 0.17442459722222223 0.22416323842592595 0.15812213657407406 0.22762843287037035 0.1565273287037037 0.22903235648148149 0.1463087453703704 0.23439919907407405 0.1447139351851852 0.235803125 0.1376061851851852 0.24689836574074076
3 0.1425874027777778 0.2703331527777778 0.15316034722222224 0.2755403703703704 0.1481593449074074 0.2787332430555556 0.13888584722222222 0.2796394467592593 0.13729103703703704 0.2810433726851852 0.13026207407407406 0.28360236342592593 0.13047864814814816 0.2846212662037037 0.13837390972222222 0.2861378912037037 0.1408350185185185 0.2888095810185185 0.14713546990740742 0.29173013194444447 0.1473520462962963 0.29274903472222225 0.14235104166666665 0.2959419074074074 0.14278419212962964 0.2979797152777778 0.1445955763888889 0.2975946921296296 0.16893108564814815 0.3052012777777777 0.17233728009259258 0.30341233101851856 0.17349893981481482 0.29997059953703703 0.1766885601851852 0.29716274768518514 0.18371752314814815 0.29460375694444446 0.1900967615740741 0.28898805555555557 0.19285323148148148 0.2841423981481481 0.19133720833333334 0.27701007175925924 0.1823590740740741 0.27039892824074074 0.17873630555555556 0.27116897222222225 0.16721827314814813 0.2704223888888889 0.16643464814814812 0.27207986805555556 0.15816135185185184 0.2723474976851852 0.1581337939814815 0.2704364675925926 0.1552670949074074 0.267638 0.1498329398148148 0.26879306481481485 0.14823812962962962 0.2701969907407407 0.14461536111111112 0.2709670347222222 0.1425874027777778 0.2703331527777778
3 0.0985824537037037 0.31269977546296296 0.10039383796296296 0.3123147523148148 0.10988390972222223 0.3124274513888889 0.11169529398148148 0.3120424305555556 0.12234702546296296 0.3087133981481482 0.12394183564814815 0.3073094722222222 0.13894484722222222 0.29773085416666667 0.1405396574074074 0.29632692824074075 0.14532408564814817 0.2921151527777778 0.14510751157407406 0.29109625 0.14445778703703704 0.28803953703703705 0.1262061550925926 0.28233459953703705 0.12439477083333333 0.2827196203703704 0.07773192592592591 0.2947679907407407 0.07613711574074074 0.2961719166666667 0.07251434722222222 0.29694196064814815 0.07091953703703703 0.2983458842592593 0.06794649074074074 0.3021726388888889 0.06816306712962963 0.30319154398148146 0.0985824537037037 0.31269977546296296
3 0.11905883333333334 0.3466851574074074 0.12108679166666667 0.3473190393518518 0.13695610185185186 0.341816037037037 0.13855091203703704 0.3404121134259259 0.14428042824074072 0.3317396990740741 0.1359520162037037 0.32818526851851854 0.13414063194444445 0.32857028935185184 0.12848990277777778 0.3287064513888889 0.1268950949074074 0.330110375 0.1216775162037037 0.33228434490740744 0.12008270601851852 0.33368827083333336 0.11573142592592592 0.33993785416666666 0.11594800000000001 0.34095675694444444 0.11905883333333334 0.3466851574074074
3 0.16367393287037035 0.3606305648148148 0.1654853171296296 0.36024554398148145 0.16954123611111113 0.36151330787037034 0.17135262037037038 0.3611282847222222 0.18359916203703702 0.3563953263888889 0.1851939722222222 0.354991400462963 0.18613905787037038 0.35053076388888893 0.18324480092592593 0.34582126620370374 0.18121684027777776 0.34518738425925927 0.17353815277777776 0.34468966435185183 0.1717267685185185 0.34507468518518514 0.16629261574074072 0.34622974999999995 0.16469780555555555 0.3476336759259259 0.15469579861111113 0.35401942129629627 0.15491237268518518 0.35503832407407404 0.16367393287037035 0.3606305648148148
3 0.19574713194444443 0.3868262777777777 0.1977750902777778 0.38746015972222225 0.20929312037037034 0.38820674074074074 0.21110450462962962 0.38782171990740744 0.21994485185185186 0.3848777083333333 0.22153966203703704 0.3834737824074074 0.22472928240740742 0.38066593055555553 0.22451270833333334 0.3796470277777778 0.2238629837962963 0.37659031712962965 0.21872419212962962 0.3702280324074074 0.2166962314814815 0.36959415046296296 0.20880096990740743 0.36807752777777775 0.20698958564814815 0.36846254861111116 0.19379795833333335 0.37765614351851856 0.1940145324074074 0.3786750486111111 0.1926362986111111 0.3810978773148148 0.1928528726851852 0.3821167800925926 0.19574713194444443 0.3868262777777777
3 0.18371716435185184 0.3925781412037037 0.1855285486111111 0.39219311805555557 0.19277408564814816 0.3906530324074074 0.19436889583333336 0.38924910648148153 0.19553055555555557 0.385807375 0.19177 0.3770222615740741 0.18974203935185183 0.3763883796296297 0.18003539351851852 0.3752567777777778 0.17844058333333332 0.3766607013888889 0.16930487500000002 0.3871220625 0.16952144907407407 0.38814096527777775 0.1717659837962963 0.38979375231481483 0.17379394212962962 0.39042763425925925 0.18371716435185184 0.3925781412037037
3 0.1733215787037037 0.34367076157407406 0.17534953935185185 0.3443046435185185 0.18121684027777776 0.34518738425925927 0.18281165046296297 0.34378346064814813 0.1878126550925926 0.34059058796296293 0.18361894907407408 0.3297676666666667 0.18180756481481483 0.33015268981481477 0.1729672175925926 0.33309670138888886 0.17137240740740742 0.3345006273148148 0.1631817824074074 0.34050134953703703 0.1633983587962963 0.34152025462962965 0.16607604166666667 0.34521084722222223 0.16788742592592593 0.34482582638888887 0.1733215787037037 0.34367076157407406
3 0 0.2559136388888889 0.010317124999999998 0.25372066666666665 0.01191193287037037 0.25231674074074073 0.018940895833333336 0.2497577523148148 0.02053570601851852 0.2483538263888889 0.03648380324074074 0.23431457175925927 0.036267229166666665 0.23329566898148146 0.03634601620370371 0.22475941666666668 0.028450754629629628 0.2232427916666667 0.02663937037037037 0.2236278125 0.016204212962962962 0.22797575 0.014392828703703705 0.22836077314814815 0 0.2310375162037037 0 0.2559136388888889
3 0 0.15349744212962962 0.0022056458333333333 0.15321075462962963 0.0038004560185185185 0.15180683101851852 0.010612844907407408 0.14822893518518518 0.012207655092592593 0.14682501157407407 0.01206986574074074 0.13726985416666665 0.0024420069444444446 0.127602 0.00041404861111111113 0.12696811805555555 0 0.12683869907407408 0 0.15349744212962962
3 0 0.12474324305555555 0.00882124537037037 0.12198629861111111 0.010416055555555557 0.1205823726851852 0.01774037962962963 0.11050603472222223 0.017523805555555556 0.10948713194444444 0.017602592592592593 0.10095087962962962 0.008407884259259259 0.09332083333333333 0.006596497685185185 0.09370585416666667 0 0.0951079837962963 0 0.12474324305555555
3 0.022012872685185186 0.1127927037037037 0.02382425694444444 0.11240768055555556 0.031502944444444445 0.11290540277777777 0.03309775462962963 0.11150147685185186 0.038531907407407404 0.11034641203703703 0.04012671759259259 0.10894248611111111 0.044694571759259255 0.10371180787037036 0.044477997685185185 0.10269290277777778 0.04520650925925926 0.09721336342592592 0.04680131944444445 0.0958094375 0.0529639837962963 0.08917483101851852 0.04825834027777778 0.08485035648148148 0.04644695601851852 0.08523537731481481 0.012030652777777777 0.09255078935185185 0.012247226851851853 0.09356969212962962 0.016736293981481482 0.09687526388888888 0.016952868055555556 0.09789416898148148 0.022012872685185186 0.1127927037037037
3 0.030675861111111112 0.15354885416666667 0.03248724537037037 0.15316383101851852 0.038137972222222226 0.15302767129629632 0.03973278240740741 0.15162374537037038 0.046407384259259256 0.13849069444444442 0.03423962962962963 0.13468740277777777 0.032428245370370375 0.1350724236111111 0.023154747685185186 0.13597862962962962 0.0215599375 0.13738255324074075 0.014747548611111112 0.14096044907407407 0.014964125000000002 0.14197935185185184 0.016480145833333334 0.14911167824074076 0.018508106481481483 0.1497455601851852 0.030675861111111112 0.15354885416666667
3 0.08163098611111111 0.11715949305555556 0.08003617592592593 0.11856341666666667 0.08025275231481482 0.11958232175925926 0.07865794212962963 0.12098624768518518 0.0788745162037037 0.12200515046296297 0.07727970601851852 0.1234090763888889 0.07749628009259259 0.12442797916666667 0.07590147222222222 0.1258319050925926 0.06865593287037036 0.12737199074074074 0.06662797453703703 0.1267381087962963 0.06822278472222222 0.12533418287037038 0.06800620833333333 0.12431528009259259 0.06960101851851852 0.12291135416666667 0.06938444444444444 0.12189245138888889 0.06330056712962963 0.11999080555555555 0.06308399305555555 0.11897190046296295 0.06105603240740741 0.11833801851851852 0.05743326388888889 0.1191080625 0.055405305555555555 0.11847418055555556 0.0535939212962963 0.11885920138888889 0.05199911111111111 0.12026312731481481 0.05018772685185185 0.12064814814814814 0.048592916666666666 0.12205207407407406 0.04678153240740741 0.12243709490740741 0.047214682870370374 0.12447490277777779 0.045619872685185185 0.1258788287037037 0.04583644675925926 0.12689773148148148 0.04424163657407407 0.1283016574074074 0.044458210648148144 0.1293205625 0.042863402777777775 0.1307244861111111 0.04307997685185185 0.1317433912037037 0.04510793518518518 0.13237727314814815 0.04532450925925926 0.13339617592592592 0.04735246990740741 0.13403005787037037 0.047569043981481485 0.13504896296296295 0.049597002314814814 0.13568284490740742 0.049813578703703704 0.13670174768518517 0.05386949537037037 0.13796951157407408 0.05408607175925925 0.13898841666666667 0.056114030092592596 0.1396222986111111 0.05633060416666667 0.1406412013888889 0.060386523148148144 0.14190896527777777 0.06219790740740741 0.14152394444444444 0.06422586574074074 0.14215782638888888 0.06603725 0.14177280555555555 0.06806521064814815 0.1424066875 0.06987659490740741 0.14202166666666668 0.07190455324074074 0.14265554861111113 0.08820701388888888 0.13919035185185186 0.08980182407407407 0.13778642824074072 0.09161320833333333 0.1374014050925926 0.09320801851851852 0.13599748148148147 0.09683078703703704 0.1352274375 0.10161521527777778 0.13101566203703705 0.10096549074074074 0.12795894907407407 0.09893753240740741 0.12732506712962963 0.09828780787037036 0.12426835648148148 0.10147742824074074 0.12146050462962962 0.10328881250000001 0.12107548379629629 0.10263908796296296 0.11801877314814815 0.09452725231481482 0.11548324537037037 0.09271586805555555 0.1158682662037037 0.09068790740740741 0.11523438425925925 0.08887652314814815 0.1156194050925926 0.08684856481481482 0.11498552314814815 0.08503718055555555 0.11537054398148149 0.08300922222222222 0.11473666203703703 0.08141441203703703 0.11614058796296296 0.08163098611111111 0.11715949305555556
3 0.05932343518518519 0.11018678935185185 0.06091824537037037 0.10878286342592593 0.07338136111111111 0.10506880787037037 0.07497617129629629 0.10366488194444444 0.08635641435185185 0.09485630787037037 0.08613984027777778 0.0938374050925926 0.09389731481481481 0.085798875 0.09368074074074074 0.08477996990740741 0.09346416435185186 0.08376106712962963 0.07767364120370371 0.08072781712962963 0.07586225694444444 0.08111284027777778 0.05977637268518518 0.0855969375 0.0581815625 0.08700086342592593 0.04701789351851852 0.09682834027777777 0.047234467592592595 0.09784724537037037 0.04940021527777778 0.10803628240740741 0.051428173611111114 0.10867016435185185 0.05932343518518519 0.11018678935185185
3 0.09844538194444444 0.10719585416666666 0.10047334259259258 0.1078297361111111 0.1081520300925926 0.10832745601851851 0.10974683796296297 0.10692353009259259 0.12199337962962964 0.10219057175925926 0.12380476388888889 0.10180555092592593 0.1367010300925926 0.10012930324074075 0.13829584027777778 0.09872537731481482 0.14308027083333333 0.09451359953703704 0.14286369444444444 0.09349469675925927 0.14113109722222222 0.08534346759259259 0.12425770138888889 0.07721569907407408 0.12244631712962963 0.07760071990740741 0.10411589814814814 0.0804320324074074 0.10252108796296297 0.08183595833333333 0.0941138888888889 0.08681777777777777 0.09433046296296296 0.08783668287037037 0.08881752314814814 0.09752799768518518 0.09084548148148147 0.09816187962962963 0.09844538194444444 0.10719585416666666
3 0.13530300925925925 0.12917978935185184 0.13689781944444443 0.12777586574074073 0.14349363194444445 0.12317906712962963 0.14327705787037037 0.12216016203703704 0.14625010185185186 0.11833340740740741 0.14603352777777778 0.11731450462962963 0.14430093055555557 0.10916327546296296 0.13416113425925927 0.10599386342592593 0.13256632638888888 0.10739778935185186 0.12096950694444443 0.11518746064814815 0.12118608333333333 0.11620636342592593 0.12219016898148148 0.12983713425925925 0.12421812731481481 0.1304710162037037 0.12624608796296297 0.13110489814814816 0.12805747222222222 0.13071987731481483 0.13530300925925925 0.12917978935185184
3 0.3186269861111111 0.07423900462962962 0.3188435625 0.0752579074074074 0.3205761597222222 0.08340913657407407 0.32260411805555556 0.08404302083333333 0.3307159537037037 0.08657854861111111 0.3325273402777778 0.08619352546296295 0.34158426157407407 0.08426841898148148 0.3436122199074074 0.08490230092592592 0.35172405787037037 0.0874378287037037 0.35194063194444447 0.08845673148148148 0.35642969907407407 0.09176230324074074 0.3582410833333333 0.0913772824074074 0.3636752361111111 0.09022221759259258 0.3652700462962963 0.08881829166666666 0.36867624074074073 0.08702934490740741 0.3684596666666667 0.08601044212962963 0.37281094675925924 0.0797608587962963 0.3725943726851852 0.0787419537037037 0.36977890046296297 0.06549620601851852 0.35312207870370366 0.05838734027777778 0.35131069444444446 0.05877236342592593 0.34000923842592595 0.059044685185185186 0.33819785416666664 0.05942970601851852 0.33116889120370374 0.061988696759259256 0.32957408101851854 0.06339262268518518 0.3213834583333333 0.06939334490740741 0.3216000324074074 0.07041225000000001 0.3186269861111111 0.07423900462962962
3 0.26652998842592596 0.08744243981481482 0.2667465625 0.08846134259259258 0.26912888425925924 0.09966928472222222 0.2711568425925926 0.10030316666666667 0.27875674305555553 0.10933713888888888 0.2807847013888889 0.10997102083333334 0.29665401157407406 0.10446801851851852 0.29824882175925926 0.1030640925925926 0.31463006944444444 0.09106264583333334 0.31441349537037033 0.09004374305555556 0.31738653935185185 0.08621698842592593 0.3171699652777778 0.08519808564814815 0.3158705162037037 0.07908466203703704 0.311164875 0.0747601875 0.30913691435185187 0.07412630555555556 0.29718573611111115 0.07134191666666666 0.29537435185185185 0.0717269375 0.28269465972222224 0.07442208796296297 0.28109984953703704 0.07582601388888889 0.2724760763888889 0.07978893055555555 0.2708812685185185 0.08119285648148147 0.26652998842592596 0.08744243981481482
3 0.2278214027777778 0.11909884027777778 0.22803797916666665 0.12011774537037037 0.22912085185185185 0.1252122638888889 0.23114881018518518 0.12584614583333334 0.2405600949074074 0.13449509722222222 0.24258805555555554 0.13512897916666666 0.24664397222222223 0.13639674305555555 0.24845535648148148 0.13601172222222221 0.2629464328703704 0.13293154861111112 0.26454124305555554 0.13152762268518517 0.26613605324074074 0.13012369675925925 0.26591947685185185 0.12910479398148147 0.2760002731481481 0.1141827962962963 0.2757836990740741 0.11316389351851852 0.27426767592592594 0.10603156712962962 0.2673175 0.10005430555555556 0.26528953935185184 0.09942042361111111 0.2596388125 0.09955658564814815 0.25782742824074073 0.09994160648148148 0.24514773611111113 0.10263675925925926 0.24355292592592595 0.10404068287037037 0.23333434490740743 0.10940752546296297 0.23355091898148148 0.11042642824074074 0.2278214027777778 0.11909884027777778
3 0.24626982407407408 0.1524503425925926 0.2482977824074074 0.15308422453703704 0.2608986875 0.15892532407407406 0.26271007175925926 0.15854030324074075 0.268577375 0.1594230462962963 0.27038875925925926 0.15903802314814813 0.275822912037037 0.15788295833333332 0.2774177222222222 0.15647903472222224 0.28423011111111113 0.1529011388888889 0.28401353472222224 0.1518822361111111 0.2849586203703704 0.14742159953703704 0.2767089976851852 0.13533091435185185 0.27468103703703706 0.1346970324074074 0.26816401157407405 0.1307575787037037 0.2665692013888889 0.13216150462962964 0.24845535648148148 0.13601172222222221 0.2468605486111111 0.13741564583333335 0.24345435416666666 0.13920459490740741 0.24367092824074074 0.1402234976851852 0.24626982407407408 0.1524503425925926
3 0.341997625 0.11293388425925927 0.3422141990740741 0.11395278703703704 0.3432182847222222 0.12758355787037037 0.34524624537037035 0.12821743981481482 0.3549528912037037 0.12934904398148148 0.35676427546296297 0.12896402314814814 0.36922739120370374 0.12524996759259258 0.3708222013888889 0.12384604166666666 0.3735786712962963 0.11900038194444444 0.37517348148148144 0.11759645833333333 0.38495891435185187 0.11019180787037036 0.38474234027777776 0.10917290509259259 0.3836594675925926 0.10407838657407407 0.3789538240740741 0.09975391203703704 0.3769258657407408 0.0991200300925926 0.370841988425926 0.09721838194444445 0.36903060416666666 0.09760340509259259 0.3581622962962963 0.09991353472222222 0.35656748611111105 0.10131746064814814 0.34953852314814815 0.10387644907407408 0.347943712962963 0.105280375 0.341997625 0.11293388425925927
3 0.3933661134259259 0.10520998842592594 0.3917713032407408 0.10661391435185186 0.38944798148148146 0.11349737962962962 0.3878531736111111 0.11490130555555556 0.38104078472222225 0.11847919907407407 0.3812573587962963 0.11949810416666667 0.38190708333333334 0.12255481481481481 0.38393504166666664 0.12318869675925927 0.39001891898148144 0.1250903425925926 0.39183030324074075 0.12470532175925925 0.401320375 0.12481802083333333 0.40313175925925926 0.124433 0.4153783009259259 0.11970004166666666 0.4169731111111111 0.11829611574074074 0.42610881944444445 0.10783475462962963 0.42589224537037035 0.10681585185185184 0.42618760648148146 0.09929850462962964 0.42307677546296296 0.09357010185185184 0.4210488148148148 0.0929362199074074 0.41025929629629626 0.08671009953703702 0.40844791203703706 0.08709512037037037 0.3867112986111111 0.09171537962962963 0.38511648842592594 0.09311930555555555 0.3839548287037037 0.09656103935185184 0.38598278703703703 0.0971949212962963 0.3933661134259259 0.10520998842592594
3 0.31896156249999996 0.11144072222222222 0.3187449884259259 0.11042181712962963 0.3138227708333333 0.10507843981481482 0.31201138657407407 0.10546346064814814 0.31309425925925927 0.11055797916666667 0.3114994513888889 0.11196190509259259 0.3099046412037037 0.1133658310185185 0.3080932569444444 0.11375085185185185 0.30679380787037036 0.10763742824074074 0.30476584953703706 0.1070035462962963 0.30230474074074076 0.10433185648148148 0.3004933564814815 0.10471687962962964 0.28665200462962964 0.11085376388888889 0.28505719444444444 0.11225768981481482 0.2784613819444444 0.11685448611111111 0.2786779560185185 0.1178733912037037 0.28214315046296295 0.13417584953703704 0.2841711087962963 0.13480973148148148 0.28619906944444445 0.13544361574074074 0.2880104537037037 0.1350585925925926 0.2990953356481481 0.13376736805555556 0.3006901435185185 0.13236344212962964 0.32699461342592595 0.12251250231481482 0.3233718425925926 0.12328254398148149 0.32134388425925925 0.12264866203703705 0.31728796527777775 0.12138089814814815 0.31547658101851855 0.12176592129629629 0.3082310439814815 0.12330600694444444 0.30801446990740744 0.12228710416666667 0.31077093981481485 0.11744144444444445 0.31236575 0.11603751851851853 0.31896156249999996 0.11144072222222222
3 0.2814732824074074 0.25572118055555554 0.2816898564814815 0.25674008564814815 0.28226079398148146 0.2683330486111111 0.2842887523148148 0.26896693055555554 0.29732280555555557 0.27684583796296297 0.29913418981481477 0.2764608148148148 0.3108687962962963 0.27822630092592593 0.3126801805555556 0.2778412800925926 0.32014229166666663 0.27732009722222223 0.3217371018518519 0.2759161712962963 0.32695468055555554 0.2737422013888889 0.32854949074074075 0.2723382777777778 0.33630696527777776 0.2642997453703704 0.3360903912037037 0.2632808425925926 0.3347909421296296 0.2571674189814815 0.3363857523148148 0.25576349537037035 0.34414322685185184 0.24772496296296295 0.34392665046296295 0.24670606018518518 0.3430603518518518 0.24263044444444443 0.33813813657407404 0.2372870648148148 0.33611017592592596 0.23665318287037035 0.32213103703703705 0.23323491203703703 0.32031965277777774 0.23361993518518517 0.30198923379629633 0.2364512476851852 0.30039442361111107 0.2378551736111111 0.2897426921296296 0.2411842060185185 0.28814788194444446 0.24258813194444445 0.2814732824074074 0.25572118055555554
3 0.3553068935185185 0.2378974861111111 0.3555234699074074 0.2389163888888889 0.3568229166666667 0.2450298125 0.35522810648148145 0.24643373842592592 0.34768720833333333 0.2554911712962963 0.3479037824074074 0.2565100763888889 0.3483369328703703 0.25854788425925923 0.3503648912037037 0.2591817662037037 0.3566653425925926 0.26210231481481483 0.35847672685185183 0.26171729398148147 0.37202271759259264 0.2630977569444444 0.37383410185185184 0.2627127361111111 0.38426925925925925 0.2583647986111111 0.3858640694444444 0.2569608726851852 0.410947875 0.23246025925925926 0.4060256597222222 0.22711687962962962 0.40399769907407407 0.22648299768518518 0.3920465208333333 0.2236986087962963 0.3902351365740741 0.22408362962962963 0.37371610185185183 0.22652992129629632 0.37212129166666663 0.2279338472222222 0.3632809444444444 0.23087785879629627 0.3616861342592593 0.23228178472222222 0.3553068935185185 0.2378974861111111
3 0.3103568587962963 0.2847247453703704 0.31057343518518515 0.2857436481481481 0.308978625 0.2871475740740741 0.30919519907407406 0.28816647916666666 0.31114437037037035 0.29733661111111115 0.31317233101851855 0.29797049305555556 0.3205556550925926 0.30598556250000003 0.32258361574074074 0.30661944444444444 0.3453243148148148 0.3156299560185185 0.3471356990740741 0.31524493287037036 0.37046712268518517 0.30922074768518515 0.3720619328703703 0.30781682407407407 0.38025255555555554 0.30181609953703703 0.38206393981481485 0.30143107870370367 0.3872815185185185 0.29925710879629625 0.3888763287037037 0.29785318518518517 0.3964172268518518 0.28879575 0.3962006527777778 0.2877768449074074 0.3969291643518518 0.28229730555555554 0.3731055902777778 0.268192275462963 0.37107763194444443 0.2675583935185185 0.3536922986111111 0.26592906944444444 0.3518809143518518 0.2663140925925926 0.3339836435185185 0.271183212962963 0.3323888333333333 0.2725871365740741 0.3210085902777778 0.2813957106481481 0.31919720601851853 0.2817807337962963 0.3103568587962963 0.2847247453703704
3 0.5451673263888889 0.2582428773148148 0.5433559421296297 0.25862790046296297 0.531109400462963 0.2633608587962963 0.5295145902777778 0.26476478472222226 0.5199457314814815 0.27318833564814815 0.5201623078703703 0.2742072407407407 0.5174058379629629 0.27905289814814815 0.5176224120370371 0.2800718032407407 0.5197881574074074 0.29026084027777777 0.5218161180555556 0.29089472222222224 0.531010826388889 0.29852476851851856 0.533038787037037 0.29915865046296297 0.5431785810185185 0.30232806250000005 0.5449899675925926 0.30194303935185185 0.5651317708333333 0.29872670601851853 0.5667265810185186 0.2973227800925926 0.5810010810185186 0.2932237037037037 0.5825958912037037 0.2918197777777778 0.5925978981481482 0.2854340324074074 0.5923813240740741 0.2844151296296296 0.5933264097222222 0.2799544930555556 0.5829700393518519 0.27576617824074073 0.5811586550925926 0.2761511990740741 0.569640625 0.27540461805555555 0.5694240486111111 0.2743857152777778 0.5610956388888889 0.27083128240740745 0.5608790625 0.2698123796296296 0.5577682314814815 0.26408397916666665 0.5557402708333333 0.26345009722222223 0.5451673263888889 0.2582428773148148
3 0.4460531180555556 0.272920625 0.44445831018518517 0.27432455092592595 0.435834537037037 0.27828746527777776 0.4360511111111111 0.27930637037037037 0.4369174097222222 0.2833819837962963 0.43894536805555556 0.2840158657407408 0.4616072824074074 0.30156262962962965 0.46363524074074075 0.30219651157407407 0.4717470763888889 0.30473203935185184 0.47355846064814816 0.30434701851851853 0.4868878773148148 0.3047085787037037 0.48869926157407406 0.3043235555555555 0.5011623773148148 0.3006095 0.5027571875 0.2992055763888889 0.5139208564814814 0.2893780972222222 0.5137042800925926 0.28835919444444447 0.516539537037037 0.2749772847222222 0.516322962962963 0.27395837962962966 0.5145903657407407 0.26580715046296294 0.5038008472222222 0.25958102777777775 0.501989462962963 0.25996605092592595 0.48974292129629626 0.26469900925925927 0.4881481111111111 0.2661029351851852 0.48082378472222226 0.2761792731481481 0.47901240046296295 0.27656429398148147 0.46257215277777775 0.2704743333333333 0.46076076851851855 0.27085935648148146 0.4460531180555556 0.272920625
3 0.42482844212962967 0.2710424398148148 0.4246118680555555 0.270023537037037 0.4223673333333334 0.26837075 0.420339375 0.2677368680555556 0.4101995787037037 0.26456745833333334 0.40838819444444446 0.26495247916666664 0.3941136921296296 0.2690515578703704 0.3925188842592593 0.2704554814814815 0.39157379861111113 0.27491611805555555 0.39360175694444444 0.27555 0.3993902731481481 0.28496899537037035 0.397795462962963 0.2863729212962963 0.39568871759259255 0.2942752893518519 0.3940939074074074 0.2956792152777778 0.3895260532407407 0.30090989583333333 0.39155401157407405 0.30154377777777774 0.39582650462962965 0.30383044444444446 0.397854462962963 0.3044643287037037 0.40958906944444445 0.30622981250000003 0.4114004537037037 0.30584479166666667 0.42408014351851847 0.3031496388888889 0.42567495370370373 0.30174571527777777 0.4413276898148148 0.2952238078703704 0.4429225 0.2938198819444444 0.44270592592592595 0.29280097916666664 0.43800028240740746 0.2884765023148148 0.4359723240740741 0.28784262037037034 0.42604910185185185 0.28569211342592593 0.4258325277777778 0.28467321064814816 0.41953207638888884 0.28175265972222224 0.4193155023148148 0.28073375694444447 0.42004401157407406 0.2752542175925926 0.42163882175925926 0.2738502916666667 0.42482844212962967 0.2710424398148148
3 0.4174649027777778 0.23639971296296294 0.41768147685185186 0.23741861574074075 0.4176026898148148 0.24595486805555555 0.4178192662037037 0.24697377314814817 0.42541916435185184 0.2560077453703704 0.42744712500000004 0.2566416273148148 0.4371537708333333 0.2577732291666667 0.4389651550925926 0.2573882083333333 0.45707899999999996 0.25353799074074074 0.4586738101851852 0.2521340671296296 0.4630250902777778 0.24588448148148145 0.4628085138888889 0.2448655787037037 0.46267072685185184 0.23531042361111112 0.46426553703703705 0.23390649768518518 0.4802136342592593 0.21986724305555555 0.47999706018518523 0.21884834027777778 0.4797804861111111 0.2178294375 0.4714520740740741 0.21427500462962962 0.4696406898148148 0.21466002546296295 0.456094699074074 0.2132795625 0.4542833148148148 0.21366458333333332 0.44000881481481485 0.21776366203703704 0.4384140046296296 0.21916758564814814 0.42638403703703703 0.22491944907407405 0.4247892268518519 0.226323375 0.4174649027777778 0.23639971296296294
3 0.4915150902777778 0.2195949212962963 0.49173166435185184 0.22061382638888888 0.4859233634259259 0.23782249074074074 0.4877347476851852 0.2374374675925926 0.5118536828703704 0.24402515046296294 0.5136650671296297 0.2436401273148148 0.5403238981481482 0.24436324768518516 0.5421352824074074 0.24397822453703705 0.5493808194444445 0.2424381388888889 0.5509756296296296 0.24103421296296296 0.5662740023148148 0.22393824768518517 0.5660574282407408 0.22291934490740742 0.5675144490740741 0.2119602638888889 0.5621590833333333 0.2045790763888889 0.560131125 0.20394519444444445 0.5513695648148148 0.19835295601851854 0.5495581805555555 0.19873797685185185 0.5321728472222222 0.19710865277777778 0.5303614629629629 0.19749367592592593 0.5104362337962963 0.20172891203703702 0.5088414236111111 0.20313283796296297 0.4915150902777778 0.2195949212962963
3 0.685116650462963 0.1773787013888889 0.6853332268518519 0.17839760416666664 0.6868492476851853 0.18552993055555553 0.6888772083333333 0.1861638125 0.6958273842592592 0.19214107407407408 0.6978553425925925 0.19277495601851852 0.701911261574074 0.1940427199074074 0.7037226458333333 0.1936576990740741 0.7145909513888888 0.19134756944444445 0.7161857615740741 0.18994364351851853 0.7273494305555555 0.1801161666666667 0.7271328564814815 0.17909726157407407 0.7272116435185185 0.17056101157407408 0.7132325046296296 0.16714274074074073 0.7130159282407407 0.16612383564814814 0.7046875185185185 0.1625694050925926 0.7028761342592593 0.1629544259259259 0.6992533657407407 0.1637244699074074 0.6976585555555554 0.16512839351851852 0.6878731226851852 0.17253304398148148 0.6880896967592592 0.17355194675925925 0.685116650462963 0.1773787013888889
3 0.7086844351851852 0.14574576157407407 0.7089010092592593 0.14676466435185184 0.7049828796296296 0.15505205555555557 0.7051994537037037 0.15607096064814815 0.7062823287037037 0.16116547916666665 0.708310287037037 0.1617993611111111 0.715260462962963 0.16777662268518517 0.7172884212962963 0.16841050462962961 0.7251836828703704 0.1699271296296296 0.7269950694444445 0.16954210648148146 0.7430809537037036 0.16505800925925926 0.7446757638888889 0.16365408333333334 0.7556228564814815 0.1528077013888889 0.7554062824074074 0.1517887986111111 0.759324412037037 0.1435014074074074 0.759107837962963 0.14248250231481482 0.7578083912037037 0.13636908101851852 0.7472354444444446 0.13116186342592592 0.7454240601851851 0.13154688425925926 0.7395567592592592 0.1306641412037037 0.7377453726851853 0.13104916203703704 0.7250656828703704 0.1337443148148148 0.7234708726851852 0.13514824074074075 0.714847099537037 0.1391111550925926 0.7150636736111111 0.14013006018518517 0.7086844351851852 0.14574576157407407
3 0.3800363402777778 0.2028228125 0.381847724537037 0.20243779166666667 0.38706530324074073 0.20026382175925925 0.38866011111111115 0.19885989814814817 0.38852232407407405 0.18930474074074072 0.3806270625 0.18778811805555554 0.37881567824074075 0.1881731388888889 0.37519290972222225 0.18894318287037037 0.373598099537037 0.19034710648148148 0.3672188611111111 0.1959628101851852 0.36743543518518523 0.196981712962963 0.3680851597222222 0.20003842361111113 0.3701131180555556 0.20067230555555557 0.3800363402777778 0.2028228125
3 0.3817689375 0.21097404398148148 0.3815523611111111 0.2099551388888889 0.3802529143518519 0.2038417175925926 0.36830173379629627 0.20105732870370369 0.3664903495370371 0.20144234953703702 0.36127277083333337 0.20361631712962963 0.3614893449074074 0.20463522222222222 0.36481675231481486 0.21138252546296296 0.3668447106481481 0.21201640972222222 0.3711172037037037 0.2143030763888889 0.37292858796296297 0.21391805555555554 0.3817689375 0.21097404398148148
3 0.40053250462962964 0.210180537037037 0.4021273148148148 0.20877661342592593 0.4053169351851852 0.20596876157407407 0.4051003587962963 0.2049498587962963 0.40423406018518515 0.20087424305555554 0.39068807175925924 0.1994937800925926 0.3890932615740741 0.2008977037037037 0.38046948842592593 0.20486062037037037 0.3806860625 0.20587952314814814 0.3813357870370371 0.2089362361111111 0.3833637453703704 0.20957011805555556 0.3935035416666666 0.21273952777777777 0.39531492592592593 0.21235450694444444 0.40053250462962964 0.210180537037037
3 0.4040174861111111 0.19985533796296298 0.40582887037037035 0.19947031712962962 0.41264125925925926 0.19589242361111112 0.41242468518518516 0.19487351851851853 0.41272004629629633 0.1873561712962963 0.40258025000000003 0.18418676157407407 0.4007688657407407 0.1845717824074074 0.395551287037037 0.18674575231481483 0.39395647685185187 0.1881496759259259 0.39098343287037035 0.19197643055555555 0.39120000694444446 0.19299533564814816 0.39228288194444444 0.19808985416666666 0.3943108402777778 0.1987237361111111 0.4040174861111111 0.19985533796296298
3 0.43278306250000004 0.19267608796296296 0.4343778726851852 0.19127216435185185 0.43894572685185185 0.18604148379629631 0.43872915277777774 0.1850225787037037 0.4378628541666667 0.1809469652777778 0.42975101620370365 0.1784114375 0.42793963194444445 0.17879645833333335 0.4206940949074074 0.1803365439814815 0.41909928472222224 0.18174046990740741 0.4145314305555555 0.18697115046296295 0.4147480046296297 0.18799005324074075 0.4158308796296296 0.19308457175925928 0.41785883796296297 0.19371845370370372 0.43278306250000004 0.19267608796296296
3 0.46034776388888893 0.14421950694444444 0.4601311898148148 0.14320060185185185 0.4594814652777778 0.1401438912037037 0.45723693287037037 0.13849110416666666 0.4554255486111111 0.1388761273148148 0.4499913935185185 0.1400311921296296 0.4502079699074074 0.14105009490740741 0.45129084259259256 0.1461446134259259 0.4533188009259259 0.14677849537037038 0.45534676157407405 0.14741237731481482 0.45715814583333336 0.1470273564814815 0.46034776388888893 0.14421950694444444
3 0.4472349236111111 0.14487684953703703 0.44701834953703706 0.14385794675925925 0.44593547685185186 0.13876342824074075 0.43463402083333336 0.13903574999999999 0.43303921064814815 0.1404396759259259 0.43144440046296295 0.14184359953703704 0.43166097453703706 0.14286250462962963 0.4307158888888889 0.1473231412037037 0.43274384953703704 0.14795702314814815 0.43498838194444445 0.14960980787037037 0.4367997662037037 0.14922478703703704 0.4472349236111111 0.14487684953703703
3 0.4262858217592593 0.16210897685185183 0.4278806319444445 0.16070505092592594 0.432881636574074 0.15751217824074074 0.4326650625 0.156493275462963 0.4313656134259259 0.15037985185185185 0.4291210787037037 0.14872706712962966 0.42730969444444444 0.14911208796296296 0.4218755416666667 0.15026715277777777 0.4202807314814815 0.1516710787037037 0.41868592129629634 0.1530750046296296 0.41890249768518517 0.15409390740740742 0.41998537037037037 0.15918842592592594 0.42201332870370367 0.15982230787037038 0.4262858217592593 0.16210897685185183
3 0.5124249768518518 0.15764372916666666 0.514019787037037 0.15623980324074072 0.5169928333333333 0.15241304861111113 0.5167762569444444 0.15139414583333333 0.5156933842592593 0.14629962731481483 0.5132322754629629 0.1436279375 0.5114208912037037 0.14401295833333333 0.5021473935185186 0.14491916435185187 0.5005525856481482 0.14632308796296295 0.4962013055555555 0.1525726736111111 0.49641787962962963 0.1535915763888889 0.4975007523148148 0.1586860949074074 0.499528712962963 0.15931997685185184 0.5124249768518518 0.15764372916666666
3 0.5341615902777778 0.1530234699074074 0.5357564004629629 0.1516195439814815 0.5405408310185186 0.1474077685185185 0.5403242546296296 0.14638886342592594 0.5390248078703704 0.1402754421296296 0.5268570532407407 0.13647214814814815 0.5250456689814814 0.1368571712962963 0.5162053217592593 0.13980118287037038 0.5164218958333333 0.14082008564814816 0.5172094074074074 0.15343195370370372 0.5192373657407408 0.15406583564814816 0.5235098587962963 0.15635250231481482 0.5253212430555555 0.15596748148148146 0.5341615902777778 0.1530234699074074
3 0.3717665694444445 0.3153341712962963 0.3715499953703704 0.31431526851851854 0.37133342129629626 0.31329636342592593 0.3545978125 0.31472374999999997 0.35278642592592596 0.31510877314814817 0.34394607870370375 0.3180527847222222 0.3441626550925926 0.3190716875 0.354519025462963 0.32326000231481483 0.35633040972222224 0.32287498148148147 0.36538733101851856 0.32094987268518516 0.3669821412037037 0.31954594675925924 0.3717665694444445 0.3153341712962963
3 0.37660999999999994 0.3292138009259259 0.3782048101851852 0.3278098773148148 0.39023477777777776 0.3220580138888889 0.3900182013888889 0.3210391111111111 0.3891519027777778 0.3169634953703704 0.3721997199074074 0.31737197916666665 0.37060490972222226 0.3187759050925926 0.36219771064814815 0.32375772453703705 0.36241428703703704 0.3247766273148148 0.3626308611111111 0.3257955300925926 0.36465881944444445 0.326429412037037 0.3691478865740741 0.3297349837962963 0.37095927314814814 0.3293499629629629 0.37660999999999994 0.3292138009259259
3 0.3471946990740741 0.33333634027777775 0.34900608333333333 0.33295131944444445 0.35400708796296293 0.32975844675925925 0.3537905138888889 0.3287395439814815 0.3549521736111111 0.32529781018518517 0.34640718750000005 0.32072447453703706 0.34459580324074074 0.32110949537037037 0.3391616504629629 0.3222645601851852 0.3375668402777778 0.3236684861111111 0.3325658356481482 0.3268613587962963 0.332782412037037 0.32788026157407407 0.33546009490740736 0.3315708564814815 0.3374880532407407 0.33220473842592596 0.3471946990740741 0.33333634027777775
3 0.31799597453703704 0.3384777824074074 0.3198073587962963 0.3380927615740741 0.32705289583333336 0.33655267592592597 0.3286477060185185 0.33514875 0.33364871064814816 0.33195587731481485 0.33075445138888887 0.32724637962962966 0.32872649305555557 0.3266124976851852 0.32104780555555557 0.3261147777777778 0.3192364212962963 0.3264997986111111 0.3101795 0.32842490740740743 0.3085846898148148 0.3298288333333333 0.30220544907407404 0.3354445347222222 0.30423340972222224 0.33607841666666666 0.31799597453703704 0.3384777824074074
3 0.31228624537037036 0.32052253703703704 0.30395783333333337 0.31696810648148144 0.30214644907407406 0.31735312731481485 0.3003350648148148 0.31773814814814816 0.2987402546296296 0.319142074074074 0.29931119212962964 0.330735037037037 0.3011225763888889 0.3303500162037037 0.31177430787037036 0.3270209814814815 0.3115577337962963 0.3260020787037037 0.31228624537037036 0.32052253703703704
3 0.26052418055555554 0.27295330787037037 0.2623355648148148 0.272568287037037 0.27342044675925925 0.27127706018518516 0.2750152546296296 0.26987313425925924 0.278204875 0.26706528472222224 0.2779883009259259 0.2660463796296296 0.27893338657407407 0.26158574305555554 0.26741535648148146 0.26083916203703705 0.2656039699074074 0.26122418287037036 0.25835843287037036 0.26276427083333337 0.2567636226851852 0.26416819444444445 0.2533574282407407 0.2659571435185185 0.25357400462962965 0.2669760462962963 0.2537905787037037 0.26799494907407406 0.25581853703703705 0.2686288333333333 0.26052418055555554 0.27295330787037037
3 0.24857300000000002 0.2701689189814815 0.2501678101851852 0.26876499305555557 0.2513294699074074 0.26532326157407404 0.23329441203703705 0.260637224537037 0.23169960185185184 0.262041150462963 0.22829340972222223 0.2638300972222222 0.2285099837962963 0.26484900231481484 0.2316208148148148 0.27057740277777775 0.23364877546296298 0.2712112847222222 0.23973265277777778 0.2731129305555556 0.24154403703703706 0.2727279097222222 0.24857300000000002 0.2701689189814815
3 0.2353223726851852 0.2612711064814815 0.23735033101851852 0.2619049884259259 0.24792327546296297 0.2671122083333333 0.24973465972222222 0.2667271851851852 0.2631428634259259 0.25855249305555555 0.262926287037037 0.2575335902777778 0.2627885 0.24797843518518517 0.2567046226851852 0.24607678935185184 0.2548932384259259 0.24646181018518518 0.24924250925925925 0.2465979722222222 0.247431125 0.24698299305555554 0.2385907777777778 0.24992700462962963 0.2369959675925926 0.25133093055555555 0.23540115972222223 0.2527348564814815 0.2356177337962963 0.25375375925925925 0.2353223726851852 0.2612711064814815
3 0.27531061805555557 0.26235578703703705 0.27690542592592593 0.2609518611111111 0.2785002361111111 0.2595479351851852 0.278283662037037 0.2585290324074074 0.2849582638888889 0.24539598148148148 0.2847416875 0.2443770787037037 0.28430853935185185 0.24233927083333334 0.2696008888888889 0.24440054166666667 0.2680060787037037 0.24580446527777777 0.2630050740740741 0.24899733796296297 0.263221650462963 0.2500162430555556 0.2633594375 0.25957139814814817 0.2653873958333333 0.2602052800925926 0.26965988888888887 0.2624919467592593 0.2714712731481481 0.26210692592592594 0.27531061805555557 0.26235578703703705
3 0.2824579398148148 0.19800522685185185 0.28426932407407407 0.1976202060185185 0.2915148634259259 0.19608011805555556 0.29129828703703703 0.19506121527777778 0.2913770740740741 0.18652496296296295 0.2850766226851852 0.18360441435185185 0.28326523842592594 0.18398943518518518 0.27601970138888887 0.18552952083333332 0.2744248912037037 0.18693344675925927 0.2714518449074074 0.19076020138888888 0.2716684212962963 0.19177910648148147 0.2745626782407407 0.19648860185185185 0.27659063657407407 0.1971224837962963 0.2824579398148148 0.19800522685185185
3 0.2270335324074074 0.20446135879629632 0.2286283425925926 0.20305743287037037 0.23341277314814815 0.19884565740740742 0.23319619675925926 0.1978267523148148 0.23232989814814817 0.19375113657407408 0.22624602083333334 0.19184949074074073 0.2244346365740741 0.1922345138888889 0.22081186805555555 0.19300455555555554 0.21921705787037038 0.1944084814814815 0.2144326296296296 0.19862025694444443 0.2146492037037037 0.19963916203703705 0.21529892824074073 0.20269587268518519 0.2173268865740741 0.20332975462962963 0.2270335324074074 0.20446135879629632
3 0.2277584837962963 0.20377479629629627 0.23085337037037038 0.20853749305555555 0.23874134722222223 0.21010891203703702 0.24995480555555555 0.20639424537037035 0.2461312384259259 0.19953941435185185 0.24129623148148147 0.19772374305555557 0.23458052314814815 0.19890627546296294 0.2277584837962963 0.20377479629629627
3 0.2520627337962963 0.1988537037037037 0.25323440277777776 0.20436597222222222 0.26314955324074074 0.2056768935185185 0.27204740509259256 0.19944065046296297 0.27096944675925927 0.19650691203703705 0.2678908935185185 0.1931571087962963 0.2567473402777778 0.19443950925925926 0.2520627337962963 0.1988537037037037
3 0.26801349305555555 0.21047889351851853 0.2743521481481481 0.21170871990740742 0.28325571990740744 0.20264917361111112 0.2768131087962963 0.20093027314814815 0.2652670949074074 0.20664316435185184 0.2652745763888889 0.20730183564814816 0.26801349305555555 0.21047889351851853
3 0.8108098263888889 0.46588347453703705 0.8126212106481482 0.46549845370370374 0.8266791388888889 0.4603804722222222 0.8282739467592592 0.45897654861111115 0.8366811458333333 0.45399472916666667 0.8364645717592593 0.45297582407407405 0.8349485486111111 0.44584349768518516 0.8306760555555556 0.4435568310185185 0.8288646712962964 0.44394185185185187 0.8051000995370371 0.4479282291666667 0.8035052893518518 0.4493321550925926 0.7993705833333334 0.4566006435185185 0.7995871574074074 0.4576195462962963 0.8002368819444444 0.4606762569444445 0.8022648402777778 0.4613101388888889 0.8108098263888889 0.46588347453703705
3 0.8170314930555556 0.4773402777777778 0.8190594513888889 0.47797415972222224 0.8237650925925926 0.4822986342592593 0.8257930532407407 0.4829325162037037 0.8318769305555556 0.48483416203703705 0.8336883148148148 0.4844491412037037 0.8357162731481481 0.48508302314814816 0.8373110833333334 0.4836790972222222 0.842528662037037 0.48150512962962966 0.842312087962963 0.48048622453703704 0.8407960648148148 0.473353900462963 0.8423908750000001 0.471949974537037 0.8439856851851851 0.4705460486111111 0.8457970694444445 0.4701610277777778 0.8562322268518519 0.4658130902777778 0.856015650462963 0.46479418518518517 0.8549327777777778 0.4596996666666667 0.8447929814814814 0.45653025694444443 0.8429815972222222 0.4569152777777778 0.8353029097222223 0.45641755787037036 0.8337081018518518 0.45782148379629634 0.8214615601851852 0.46255444212962965 0.81986675 0.46395836805555557 0.8166771296296297 0.4667662175925926 0.8168937037037037 0.4677851226851852 0.8170314930555556 0.4773402777777778
3 0.2503522962962963 1 0.2499879398148148 0.998285837962963 0.23376426620370372 0.9932147800925926 0.2335476921296296 0.9921958773148148 0.22478613194444444 0.9866036388888888 0.2229747476851852 0.9869886597222222 0.21391782407407406 0.9889137685185185 0.21232301388888888 0.9903176921296297 0.20072619675925926 0.998107363425926 0.20094277083333334 0.9991262662037037 0.20026395833333335 1 0.2503522962962963 1
3 0.3394944328703704 0.8493381944444445 0.33971100694444445 0.850357099537037 0.3418767546296296 0.860546136574074 0.34390471296296293 0.8611800185185184 0.3488269305555555 0.866523398148148 0.35085489120370367 0.8671572800925925 0.3549108078703704 0.8684250439814816 0.3567221921296296 0.8680400231481481 0.3782422314814815 0.8624008587962962 0.3798370416666667 0.8609969328703704 0.3803489768518518 0.8544984884259259 0.3722371412037037 0.8519629606481481 0.3720205671296296 0.8509440578703704 0.3612310462962963 0.8447179351851851 0.3610144722222222 0.8436990300925926 0.36130983333333333 0.8361816828703703 0.359281875 0.835547800925926 0.34522394907407405 0.8406657824074074 0.3436291388888889 0.8420697083333333 0.3394944328703704 0.8493381944444445
3 0.36290464351851853 0.8347777569444444 0.36312121759259264 0.8357966620370371 0.3632590069444444 0.8453518171296296 0.36528696527777776 0.8459856990740741 0.3760764837962963 0.8522118217592592 0.3778878680555555 0.8518267986111111 0.3855665555555556 0.8523245208333333 0.38737793981481483 0.8519394976851852 0.3946234791666666 0.8503994120370371 0.3962182893518519 0.8489954861111111 0.40165244212962964 0.8478404212962963 0.4032472523148148 0.8464364953703704 0.40824825462962966 0.8432436226851853 0.40803168055555555 0.8422247199074073 0.41238296064814817 0.8359751365740741 0.41216638657407406 0.8349562314814816 0.41289489583333333 0.8294766921296296 0.40775610416666663 0.8231144097222222 0.40572814583333333 0.8224805277777777 0.3976163101851852 0.8199449976851851 0.3958049259259259 0.8203300208333333 0.38631485416666667 0.8202173217592593 0.3847200439814815 0.8216212453703704 0.37587969675925925 0.8245652592592593 0.37428488657407405 0.8259691828703704 0.36290464351851853 0.8347777569444444
3 0.38367638425925926 0.8612457939814815 0.3857043449074074 0.861879675925926 0.39084313657407405 0.8682419583333334 0.3928710949074074 0.8688758402777778 0.40706680787037036 0.8733130162037037 0.4088781921296296 0.8729279930555556 0.43018165740740744 0.866269925925926 0.4317764675925926 0.864866 0.43496608564814815 0.8620581504629631 0.4347495115740741 0.8610392453703704 0.43388321296296295 0.8569636319444444 0.4158481550925926 0.8522775972222222 0.4156315810185185 0.8512586921296297 0.40889797916666665 0.8463003356481481 0.40708659490740745 0.8466853564814815 0.3875945162037037 0.8529584027777778 0.3859997060185185 0.8543623287037037 0.3844048958333333 0.8557662523148147 0.3846214699074074 0.8567851574074075 0.38367638425925926 0.8612457939814815
3 0.4336666388888889 0.8559447268518519 0.43547802314814815 0.8555597060185185 0.4531587175925926 0.8496716828703704 0.4547535277777777 0.8482677569444443 0.46432238657407404 0.8398442037037037 0.4641058125 0.8388253009259259 0.46353487499999996 0.827232337962963 0.45158369444444446 0.8244479490740741 0.44977231018518515 0.8248329699074074 0.4187621990740741 0.8303594351851852 0.4171673888888889 0.8317633611111112 0.41165444907407406 0.8414546759259259 0.41187102314814816 0.8424735810185184 0.4156315810185185 0.8512586921296297 0.41765953935185185 0.851892574074074 0.4336666388888889 0.8559447268518519
3 0.4673742175925926 0.8274811990740741 0.46759079166666667 0.8285001018518519 0.4663503449074074 0.8404780856481481 0.46837830324074076 0.8411119675925925 0.47916782407407404 0.8473380902777777 0.48097920833333335 0.8469530694444445 0.4888744699074074 0.8484696921296296 0.4906858541666667 0.8480846712962963 0.49995935185185186 0.8471784675925925 0.5015541620370371 0.8457745416666667 0.5103945092592593 0.8428305300925926 0.5119893194444445 0.8414266041666666 0.5185851319444444 0.8368298055555555 0.5183685578703704 0.8358109027777778 0.5231529861111112 0.8315991273148149 0.5229364120370371 0.8305802222222222 0.5232317731481482 0.823062875 0.514470212962963 0.8174706342592593 0.5126588287037037 0.8178556574074074 0.5025190324074074 0.8146862453703704 0.5007076481481482 0.8150712685185185 0.49324553703703705 0.8155924513888889 0.49165072685185185 0.8169963773148148 0.47056383796296297 0.8246733472222223 0.46896902777777777 0.8260772731481482 0.4673742175925926 0.8274811990740741
3 0.4532177175925926 0.8677630902777778 0.45502910185185186 0.8673780671296297 0.4681419421296297 0.8667207245370371 0.4699533287037037 0.8663357013888889 0.48560606481481483 0.8598137962962963 0.4872008726851852 0.8584098703703703 0.49111900462962965 0.8501224791666666 0.46497211111111114 0.8429009166666667 0.46316072453703705 0.8432859375 0.4533752916666667 0.8506905856481481 0.45156390740740737 0.8510756064814815 0.4395339398148148 0.8568274699074074 0.43975051620370376 0.8578463749999999 0.44104996296296295 0.8639597962962964 0.4430779236111111 0.8645936782407406 0.4532177175925926 0.8677630902777778
3 0.5010422245370371 0.8522729861111111 0.5030701851851852 0.8529068680555555 0.5166161736111111 0.8542873310185185 0.5184275578703703 0.8539023101851853 0.5292958657407407 0.8515921805555556 0.530890675925926 0.8501882546296295 0.5379196388888888 0.8476292638888888 0.5395144467592593 0.846225337962963 0.5458936875 0.8406096365740742 0.5456771111111112 0.8395907337962962 0.5495952430555555 0.8313033425925925 0.5493786689814815 0.8302844375 0.5487289444444444 0.8272277268518518 0.5349663796296297 0.8248283587962963 0.5331549953703704 0.8252133819444445 0.5277208425925926 0.8263684467592592 0.5261260324074074 0.8277723726851852 0.5122058935185185 0.8424455069444444 0.5103945092592593 0.8428305300925926 0.4983645416666667 0.8485823935185186 0.49858111574074077 0.8496012962962963 0.5010422245370371 0.8522729861111111
3 0.5794436921296297 0.8292186111111112 0.5792271180555555 0.8281997060185184 0.5779276689814815 0.8220862847222222 0.5716272175925926 0.8191657337962963 0.5698158333333333 0.8195507569444445 0.5571361412037037 0.8222459074074074 0.5555413333333333 0.8236498333333334 0.5518397754629629 0.8329561273148148 0.5538677361111111 0.8335900092592593 0.5730644537037036 0.8348343125 0.5746592638888889 0.8334303865740741 0.5794436921296297 0.8292186111111112
3 0.5571163564814815 0.8488735671296297 0.5587111666666666 0.8474696412037036 0.5639287453703704 0.8452956712962963 0.5655235532407408 0.8438917476851852 0.5687131736111111 0.8410838958333334 0.568496599537037 0.8400649930555555 0.567846875 0.8370082800925926 0.5561122685185185 0.8352427962962963 0.5543008842592593 0.8356278171296296 0.5490833055555556 0.837801787037037 0.5492998819444445 0.8388206898148148 0.5463268356481481 0.8426474444444444 0.5465434097222223 0.8436663472222222 0.5494376689814815 0.8483758449074074 0.5514656273148147 0.8490097268518518 0.5571163564814815 0.8488735671296297
3 0.567177363425926 0.8605792291666666 0.5687721736111111 0.8591753032407407 0.5697172592592592 0.8547146666666667 0.5595774652777777 0.8515452569444444 0.5577660787037038 0.8519302777777779 0.5507371157407407 0.8544892685185185 0.5491423078703703 0.8558931944444444 0.5490635208333333 0.8644294444444444 0.5510914791666667 0.8650633263888889 0.5603649768518518 0.8641571226851852 0.5619597847222222 0.8627531967592593 0.567177363425926 0.8605792291666666
3 0.545519537037037 0.8566632361111111 0.5342180810185185 0.8569355601851852 0.5326232731481482 0.8583394837962963 0.5239995 0.8623024004629629 0.5242160740740741 0.8633213032407409 0.5257320972222222 0.8704536296296297 0.5275434814814814 0.8700686087962963 0.5474687106481482 0.8658333703703703 0.5472521365740741 0.8648144675925926 0.545519537037037 0.8566632361111111
3 0.5221093287037037 0.8712236736111111 0.5237041365740741 0.8698197476851852 0.522621263888889 0.8647252291666667 0.5163208125 0.8618046782407407 0.5145094282407408 0.862189701388889 0.5108866597222222 0.8629597453703703 0.5092918495370371 0.8643636689814814 0.5033457592592593 0.8720171782407407 0.5053737175925926 0.8726510601851851 0.5130524050925926 0.8731487824074073 0.5148637893518518 0.8727637592592593 0.5221093287037037 0.8712236736111111
3 0.08928773611111111 0.7321311712962962 0.08950431018518518 0.7331500740740741 0.09058718287037036 0.7382445925925927 0.09261514351851853 0.738878474537037 0.09507625231481481 0.7415501643518518 0.09710421064814814 0.7421840462962963 0.11086677546296296 0.7445834143518518 0.11267815972222223 0.7441983935185185 0.12854746990740742 0.7386953912037036 0.1301422800925926 0.7372914652777778 0.13000449305555556 0.7277363101851853 0.13159930324074073 0.7263323842592593 0.13595058101851853 0.7200828009259259 0.13573400694444443 0.7190638958333333 0.1353008587962963 0.7170260902777778 0.13081178935185186 0.7137205185185186 0.1287838310185185 0.7130866365740741 0.12291652777777777 0.7122038935185185 0.12110514351851852 0.7125889143518519 0.1048026851851852 0.7160541087962963 0.10501925925925926 0.7170730138888888 0.09363901620370371 0.725881587962963 0.09385559027777778 0.7269004907407407 0.08928773611111111 0.7321311712962962
3 0.14796076388888887 0.7409585972222222 0.14977214814814813 0.740573574074074 0.1550685138888889 0.7298633541666667 0.1548519375 0.7288444513888889 0.15703747222222222 0.7124058287037037 0.1495753587962963 0.712927011574074 0.1479805486111111 0.7143309375 0.13914020138888888 0.7172749490740741 0.1375453912037037 0.7186788749999999 0.13159930324074073 0.7263323842592593 0.1318158773148148 0.727351287037037 0.13173709027777777 0.7358875393518518 0.1337650486111111 0.7365214212962963 0.14796076388888887 0.7409585972222222
3 0.13171730324074074 0.7625151990740741 0.1335286875 0.7621301759259259 0.1428021851851852 0.7612239722222222 0.14439699537037037 0.7598200462962963 0.14947678472222223 0.7480909236111111 0.14926021064814815 0.7470720185185186 0.14817733796296295 0.7419775000000001 0.13600958333333335 0.7381742083333334 0.13419819907407407 0.7385592291666667 0.12695265972222222 0.7400993148148148 0.12535785185185186 0.7415032407407408 0.11492269444444446 0.7458511782407408 0.11513926851851852 0.7468700833333334 0.11752159027777777 0.7580780231481482 0.1195495486111111 0.7587119050925927 0.13171730324074074 0.7625151990740741
3 0.08275092361111111 0.7548193750000001 0.08477888194444444 0.7554532569444445 0.09332386805555555 0.7600265949074073 0.09513525231481482 0.7596415717592593 0.1030305138888889 0.7611581967592592 0.10484189814814815 0.760773175925926 0.11752159027777777 0.7580780231481482 0.11730501388888889 0.7570591203703704 0.11665529166666666 0.7540024097222222 0.11311130787037038 0.7462362013888888 0.11129992361111112 0.7466212222222223 0.09753736111111111 0.7442218541666668 0.09550940046296297 0.7435879722222223 0.08718099074074075 0.7400335416666666 0.08558618055555556 0.7414374652777779 0.08036860185185185 0.7436114351851851 0.08058517592592593 0.7446303379629629 0.08275092361111111 0.7548193750000001
3 0.0637117800925926 0.7365025694444444 0.06573973842592593 0.737136451388889 0.07022880555555557 0.7404420231481481 0.0722567638888889 0.7410759050925926 0.07812406712962963 0.7419586481481482 0.07993545138888888 0.7415736273148148 0.08696441435185186 0.7390146365740741 0.08674784027777778 0.7379957337962963 0.09044939583333333 0.7286894375 0.09204420601851852 0.7272855115740741 0.103207875 0.7174580347222222 0.10299129861111112 0.7164391319444445 0.10436953472222223 0.7140163009259259 0.08879558564814814 0.7120019560185185 0.08698420138888888 0.7123869791666666 0.0779272800925926 0.7143120856481482 0.07633246990740741 0.7157160115740742 0.0711148912037037 0.7178899814814814 0.06952008101851852 0.7192939050925925 0.062195756944444444 0.7293702430555555 0.062412331018518515 0.7303891481481481 0.0637117800925926 0.7365025694444444
3 0.34459401157407404 0.8109814120370371 0.34640539583333335 0.8105963912037036 0.35002816435185186 0.8098263472222222 0.35162297453703706 0.8084224212962964 0.3561908287037037 0.8031917407407407 0.3559742546296296 0.8021728379629629 0.35467480555555553 0.7960594143518519 0.3467795439814815 0.7945427916666666 0.3449681597222222 0.7949278125 0.34156196527777777 0.7967167592592593 0.3399671550925926 0.7981206851851852 0.3353993009259259 0.8033513657407408 0.335615875 0.8043702685185186 0.33669875 0.8094647870370371 0.33851013425925924 0.8090797662037038 0.34459401157407404 0.8109814120370371
3 0.30326710185185185 0.7590642453703703 0.3052950625 0.7596981273148148 0.3073230208333333 0.7603320092592593 0.3091344050925926 0.7599469861111111 0.3145685601851852 0.7587919212962964 0.31616336805555556 0.7573879976851852 0.3168918796296296 0.7519084560185185 0.31015827777777777 0.746950099537037 0.3083468935185185 0.7473351203703703 0.29747858796296295 0.7496452499999999 0.2958837777777778 0.7510491759259259 0.29109934722222225 0.7552609513888889 0.2913159236111111 0.7562798564814814 0.29196564583333334 0.7593365671296296 0.2939936064814815 0.7599704490740741 0.30326710185185185 0.7590642453703703
3 0.28950453935185183 0.7566648773148148 0.28320408564814814 0.7537443263888889 0.2813927013888889 0.754129349537037 0.2707409699074074 0.7574583819444444 0.2691461597222222 0.7588623078703703 0.26928394675925926 0.768417462962963 0.2713119074074074 0.7690513449074075 0.2853698333333333 0.7639333657407407 0.2869646435185185 0.7625294398148148 0.28950453935185183 0.7566648773148148
3 0.28556662037037034 0.7915799282407407 0.28737800694444443 0.7911949050925926 0.29259558564814814 0.7890209375 0.29237900925925925 0.7880020324074074 0.29556862962962965 0.7851941828703703 0.29535205555555555 0.7841752777777777 0.29426918055555557 0.7790807592592592 0.28840187962962965 0.7781980162037037 0.2865904953703704 0.7785830393518518 0.27775014583333335 0.7815270509259259 0.27615533796296293 0.7829309768518519 0.2731822916666667 0.7867577314814815 0.27339886574074074 0.7877766342592593 0.2740485902777778 0.7908333449074073 0.2760765509259259 0.7914672291666667 0.28556662037037034 0.7915799282407407
3 0.2832433009259259 0.7984633935185186 0.2848381111111111 0.7970594675925926 0.28802772916666664 0.7942516157407407 0.2878111550925926 0.7932327129629629 0.28737800694444443 0.7911949050925926 0.27991589351851853 0.7917160879629629 0.2778879351851852 0.7910822060185185 0.2738320162037037 0.7898144421296296 0.2740485902777778 0.7908333449074073 0.26991388657407406 0.7981018333333333 0.2719418449074074 0.7987357152777778 0.2741863773148148 0.8003885023148148 0.27599776388888886 0.8000034791666666 0.2832433009259259 0.7984633935185186
3 0.26926416203703707 0.7950451226851852 0.26904758796296296 0.7940262175925925 0.2720206319444444 0.790199462962963 0.2718040578703704 0.7891805601851851 0.27115433333333333 0.7861238495370371 0.2648538819444444 0.783203298611111 0.2630424953703704 0.7835883194444444 0.2542021481481481 0.7865323333333334 0.2526073402777778 0.7879362569444445 0.2480394837962963 0.7931669375 0.24825606018518517 0.7941858425925926 0.25093374305555555 0.7978764351851851 0.2529617013888889 0.7985103171296296 0.26926416203703707 0.7950451226851852
3 0.2706423958333333 0.7926222939814814 0.26383000925925926 0.7962001875 0.26201862268518517 0.7965852083333333 0.2529617013888889 0.7985103171296296 0.2513668912037037 0.7999142430555556 0.25063837962962965 0.8053937824074074 0.2526663402777778 0.8060276643518519 0.26715741435185186 0.8029474907407407 0.268752224537037 0.8015435671296296 0.2706423958333333 0.7926222939814814
3 0.2447710787037037 0.8045110393518519 0.24636588888888888 0.8031071157407408 0.24955550694444445 0.800299263888889 0.24933893287037037 0.7992803611111111 0.2478229097222222 0.7921480347222222 0.24355041666666666 0.7898613657407407 0.2417390324074074 0.7902463865740741 0.23630487962962962 0.7914014537037036 0.23471006944444445 0.7928053773148148 0.22673602083333333 0.7998250046296297 0.2269525949074074 0.8008439097222222 0.22963027777777778 0.8045345023148148 0.23165823842592592 0.8051683842592593 0.2447710787037037 0.8045110393518519
3 0.779683150462963 0.04332959259259259 0.779899724537037 0.044348495370370375 0.7759815949074074 0.05263588657407408 0.7780095532407407 0.053269770833333334 0.7784427013888888 0.05530757638888889 0.780470662037037 0.05594145833333333 0.7863379652777778 0.05682420138888889 0.7881493495370371 0.05643918055555556 0.7956114606481482 0.05591799768518518 0.7976394212962963 0.05655187962962963 0.8075626412037037 0.058702386574074075 0.809374025462963 0.05831736574074074 0.8148081782407408 0.05716229861111111 0.8164029884259258 0.055758375 0.8298111898148148 0.04758368287037037 0.8295946157407408 0.04656477777777778 0.8298899768518518 0.03904743055555556 0.8211284166666667 0.03345519212962963 0.8193170324074074 0.03384021296296296 0.8114217708333333 0.03232358796296296 0.8096103865740741 0.0327086087962963 0.7949027361111112 0.03476987962962963 0.7933079259259259 0.036173805555555556 0.7844675787037038 0.03911781712962963 0.7828727685185185 0.04052174074074074 0.779683150462963 0.04332959259259259
3 0.6585263773148148 0 0.6571393032407408 0.001221050925925926 0.6505434907407407 0.005817849537037036 0.6507600648148149 0.006836752314814815 0.6533589606481482 0.01906359722222222 0.6553869189814814 0.01969748148148148 0.6653101412037037 0.021847986111111113 0.6669049513888888 0.0204440625 0.6739339143518519 0.01788507175925926 0.675528724537037 0.016481145833333335 0.6787183425925926 0.013673293981481482 0.6785017685185186 0.012654391203703704 0.6776354699074074 0.008578775462962963 0.670965162037037 0 0.6585263773148148 0
3 0.9186078842592593 0.17141106944444445 0.9202026944444444 0.17000714583333335 0.9236088888888888 0.16821819907407407 0.9233923148148149 0.1671992939814815 0.9236876759259259 0.15968194675925926 0.9196317569444444 0.15841418287037037 0.9178203726851852 0.1587992037037037 0.9123862199074074 0.15995426851851852 0.9107914097222222 0.16135819444444444 0.9073852152777777 0.1631471412037037 0.9076017893518519 0.1641660439814815 0.9109291967592592 0.17091334953703705 0.9127405810185185 0.1705283287037037 0.9186078842592593 0.17141106944444445
3 0.26235427546296297 0.5398637777777777 0.26438223379629633 0.5404976597222222 0.277928224537037 0.5418781226851852 0.2797396087962963 0.5414931018518518 0.28676857175925924 0.5389341111111111 0.28836338194444444 0.5375301851851852 0.29996019907407406 0.5297405138888889 0.299743625 0.5287216111111112 0.29887732638888886 0.5246459953703704 0.29438825925925927 0.5213404236111111 0.2925768726851852 0.5217254467592592 0.2796806087962963 0.5234016944444444 0.2780857986111111 0.5248056180555556 0.2714899837962963 0.5294024166666667 0.26967859953703704 0.5297874398148148 0.26083825231481483 0.5327314513888889 0.2610548263888889 0.5337503541666666 0.26235427546296297 0.5398637777777777
3 0.33278169444444444 0.5238290277777777 0.3325651203703704 0.522810125 0.3339433541666667 0.5203872962962963 0.32539836805555555 0.5158139606481481 0.3235869837962963 0.5161989814814815 0.299822412037037 0.5201853587962963 0.3000389861111111 0.521204263888889 0.30647722685185186 0.5336799675925926 0.3082886111111111 0.5332949467592593 0.3261858796296296 0.5284258263888889 0.32778068981481484 0.5270219004629629 0.33278169444444444 0.5238290277777777
0 0.6615650254629629 0.635728912037037 0.6596965115740742 0.6447520740740741 0.6916792291666667 0.6464734444444444 0.7006849583333333 0.6451981805555556 0.7257568935185185 0.636674162037037 0.7521519490740741 0.6219052500000001 0.7665288356481482 0.6165064861111111 0.8021539652777777 0.6300199050925925 0.8166292476851852 0.6384444212962963 0.8207521180555555 0.6373550902777778 0.842577375 0.6206821875 0.8447608935185186 0.6167037708333333 0.8227860833333333 0.6104057986111111 0.7981119328703704 0.6003153402777778 0.7502619907407407 0.5720418935185185 0.7335540115740741 0.5557854351851852 0.7043040925925926 0.5615767222222222 0.6965269398148147 0.5668505972222222 0.705312099537037 0.579679400462963 0.7229907453703703 0.5960490185185185 0.7417660787037037 0.6086712337962963 0.7455798055555556 0.6141437361111111 0.7259026319444445 0.6257808148148148 0.7059399884259259 0.631621412037037 0.6774441574074074 0.6365069560185185 0.6615650254629629 0.635728912037037
0 0.3617011736111111 0.42652330092592594 0.37050612037037034 0.41272444444444445 0.3079543564814815 0.4079162847222222 0.2948375949074074 0.40410172222222224 0.2901536111111111 0.39987913657407403 0.2735400324074074 0.4125689305555556 0.28981489814814815 0.41699014120370365 0.30483359490740736 0.42529915046296296 0.30644016898148146 0.43731094444444446 0.29009237962962964 0.4530325625 0.2558197638888889 0.4717122708333333 0.25422689583333336 0.48025086805555556 0.30929305555555553 0.44895133333333337 0.33262847222222225 0.42780417824074074 0.3617011736111111 0.42652330092592594
0 0.2894139097222222 0.23518394444444443 0.2968110856481481 0.22455965277777779 0.2506523310185185 0.2211657638888889 0.22874051620370373 0.21783622916666665 0.21752565509259258 0.22831355092592595 0.24355246064814814 0.23140738194444446 0.2420915162037037 0.23789455555555555 0.20552907175925927 0.25738046296296296 0.2106481851851852 0.2609780902777778 0.22930742361111112 0.254349599537037 0.25835066203703705 0.2342255810185185 0.2894139097222222 0.23518394444444443
0 0.05204998148148148 0.20779022685185186 0.06598979861111111 0.19588174768518518 0.07383584722222222 0.19538545138888888 0.09011071296296295 0.19980666435185185 0.1010341712962963 0.1915211574074074 0.06635409027777778 0.18334453935185185 0.049313333333333334 0.17621078935185186 0.03947670833333333 0.18426528240740742 0.05419022222222222 0.1938105925925926 0.05376689351851852 0.1980538310185185 0.042878872685185185 0.20739674305555555 0.01131743287037037 0.22368977777777777 0.015146918981481482 0.22745503009259257 0.03520604861111111 0.21850560185185183 0.05204998148148148 0.20779022685185186
0 0.1719049537037037 0.07603344212962962 0.18068230787037035 0.07012099305555555 0.2084555277777778 0.07252413194444444 0.21324391435185183 0.06298682407407408 0.15700637962962963 0.06205472916666666 0.15404319212962964 0.06236509259259259 0.12208011805555555 0.07320581712962963 0.16059169907407408 0.07268748379629629 0.16280669675925927 0.07509200462962963 0.1570752013888889 0.08642718287037036 0.1380615300925926 0.10207648842592593 0.14024699074074073 0.10523274537037038 0.1548010972222222 0.09532356944444445 0.1719049537037037 0.07603344212962962
0 0.6765714513888889 0.2315899953703704 0.6479555324074074 0.23234780555555556 0.5915447407407407 0.23060058796296298 0.5852777106481482 0.24119764814814815 0.5941003217592593 0.24262365277777778 0.5769295833333333 0.24467599768518516 0.5726590347222222 0.24952400231481484 0.6028126666666667 0.24620296990740742 0.6246536111111112 0.24741769444444445 0.668439863425926 0.2458846875 0.6765714513888889 0.2315899953703704
0 0.586277775462963 0.8159451689814815 0.5717729189814814 0.8180698263888888 0.5716409976851852 0.8201212499999999 0.5925033958333333 0.8220764398148148 0.6152657546296296 0.8311888402777777 0.6157559606481482 0.8441833819444445 0.5929285231481481 0.864157625 0.6088056782407407 0.8675984351851852 0.6310286481481482 0.8519059351851852 0.6645392962962964 0.8349855949074074 0.6537084398148147 0.8258929282407408 0.6379100023148148 0.8335107407407407 0.6223301527777778 0.8296872546296297 0.6132082939814815 0.8215092546296296 0.586277775462963 0.8159451689814815