2 0.669375 0 0.5235416666666667 0.36722222222222217 0.46812499999999996 0.5446296296296297 0.3932291666666667 0.7387037037037038 0.3310416666666666 0.8377777777777778 0.3333333333333333 0.8379629629629629 0.32052083333333337 0.9196296296296296 0.32135416666666666 0.9225925925925926 0.36322916666666666 0.8518518518518519 0.4153125 0.7811111111111111 0.41989583333333336 0.7548148148148148 0.5151041666666667 0.5190740740740741 0.5646875 0.36000000000000004 0.6558333333333333 0.13092592592592592 0.7017708333333333 0 0.669375 0
2 0.09666666666666666 0.5094444444444445 0.1109375 0.6457407407407407 0.116875 0.6781481481481481 0.1946875 0.8655555555555556 0.20666666666666667 0.9075925925925925 0.23770833333333333 0.9922222222222222 0.24145833333333333 0.9816666666666666 0.21291666666666667 0.895 0.21041666666666667 0.8766666666666667 0.1428125 0.7212962962962963 0.12291666666666667 0.6618518518518519 0.11145833333333333 0.5885185185185186 0.10250000000000001 0.4707407407407408 0.0971875 0.4703703703703703 0.09666666666666666 0.5094444444444445
2 0.6309375 0.4694444444444445 0.6333333333333334 0.49648148148148147 0.6760416666666667 0.6011111111111112 0.6788541666666666 0.590925925925926 0.6513541666666667 0.5074074074074074 0.6318750000000001 0.43092592592592593 0.5947916666666666 0.3211111111111111 0.5925 0.32 0.5867708333333334 0.3262962962962963 0.6309375 0.4694444444444445
2 0.5639583333333333 0.6674074074074073 0.568125 0.6868518518518519 0.5817708333333333 0.7174074074074075 0.5851041666666666 0.69 0.5279166666666667 0.5509259259259259 0.5276041666666667 0.5509259259259259 0.5188541666666667 0.5590740740740741 0.5639583333333333 0.6674074074074073
2 0.8569791666666666 0.7074074074074075 0.870625 0.7125925925925926 0.8397916666666667 0.5818518518518518 0.8372916666666667 0.5798148148148148 0.8292708333333333 0.590925925925926 0.8569791666666666 0.7074074074074075
3 0.5270833333333333 0.7555555555555555 0.5260416666666666 0.7574074074074074 0.5104166666666666 0.7888888888888889 0.5104166666666666 0.7907407407407407 0.50625 0.8037037037037037 0.50625 0.8055555555555556 0.5031249999999999 0.8333333333333334 0.5031249999999999 0.8351851851851853 0.5052083333333334 0.8722222222222222 0.50625 0.8740740740740741 0.5114583333333333 0.8944444444444444 0.5125000000000001 0.8962962962962963 0.5187499999999999 0.9129629629629629 0.5197916666666667 0.9148148148148147 0.5260416666666666 0.9203703703703704 0.5270833333333333 0.9222222222222222 0.5302083333333334 0.9296296296296297 0.53125 0.9296296296296297 0.546875 0.9407407407407407 0.5479166666666666 0.9407407407407407 0.5739583333333333 0.9425925925925925 0.5750000000000001 0.9407407407407407 0.5812499999999999 0.938888888888889 0.5822916666666667 0.9370370370370371 0.5885416666666666 0.9314814814814815 0.5895833333333333 0.9296296296296297 0.6 0.9074074074074074 0.6 0.9055555555555556 0.5854166666666667 0.8666666666666666 0.5854166666666667 0.8648148148148148 0.5833333333333334 0.8555555555555556 0.5833333333333334 0.8537037037037037 0.584375 0.8148148148148148 0.5854166666666667 0.8129629629629629 0.5979166666666667 0.7796296296296297 0.596875 0.7777777777777778 0.596875 0.774074074074074 0.5958333333333333 0.7722222222222223 0.5927083333333334 0.7666666666666666 0.5916666666666667 0.7666666666666666 0.5854166666666667 0.7574074074074074 0.584375 0.7574074074074074 0.5656249999999999 0.7425925925925926 0.5645833333333333 0.7425925925925926 0.5499999999999999 0.7388888888888888 0.5427083333333333 0.7407407407407407 0.5416666666666666 0.7425925925925926 0.5270833333333333 0.7555555555555555
3 0.5822916666666667 0.7222222222222222 0.5833333333333334 0.7388888888888888 0.5854166666666667 0.7444444444444445 0.5854166666666667 0.7481481481481481 0.5875 0.7555555555555555 0.5947916666666666 0.7685185185185185 0.596875 0.7685185185185185 0.6 0.7722222222222223 0.603125 0.7648148148148147 0.603125 0.7518518518518519 0.6020833333333334 0.75 0.6020833333333334 0.7314814814814815 0.6010416666666666 0.7296296296296296 0.6010416666666666 0.7092592592592593 0.615625 0.7092592592592593 0.615625 0.7185185185185184 0.6166666666666666 0.7203703703703703 0.6166666666666666 0.7351851851851853 0.6177083333333334 0.7370370370370369 0.6177083333333334 0.7444444444444445 0.6197916666666666 0.75 0.6239583333333334 0.7481481481481481 0.6255208333333334 0.7583333333333334 0.6208333333333333 0.7666666666666666 0.6208333333333333 0.7722222222222223 0.621875 0.774074074074074 0.621875 0.7833333333333333 0.6229166666666667 0.7851851851851852 0.6229166666666667 0.7888888888888889 0.6270833333333333 0.7944444444444444 0.6270833333333333 0.8037037037037037 0.6302083333333334 0.8037037037037037 0.63125 0.8055555555555556 0.634375 0.8055555555555556 0.6354166666666666 0.8074074074074075 0.6416666666666666 0.8074074074074075 0.6479166666666666 0.8018518518518518 0.6510416666666666 0.8018518518518518 0.6552083333333334 0.7981481481481482 0.6583333333333333 0.7981481481481482 0.6635416666666666 0.7907407407407407 0.6645833333333334 0.7907407407407407 0.6697916666666667 0.7814814814814816 0.6708333333333334 0.7814814814814816 0.6770833333333334 0.7666666666666666 0.6770833333333334 0.7574074074074074 0.6739583333333333 0.7537037037037038 0.678125 0.7407407407407407 0.6770833333333334 0.7388888888888888 0.6791666666666666 0.7314814814814815 0.675 0.7351851851851853 0.6739583333333333 0.7333333333333334 0.673863636574074 0.7282828287037036 0.6579545462962962 0.7186868680555556 0.653125 0.7203703703703703 0.6520833333333333 0.7185185185185184 0.6526515162037037 0.7154882152777778 0.6510416666666666 0.7148148148148148 0.6479166666666666 0.7037037037037037 0.6479166666666666 0.7018518518518518 0.6553571435185185 0.688888888888889 0.670703125 0.6893518518518519 0.6729166666666666 0.6944444444444444 0.675 0.6944444444444444 0.6760416666666667 0.6907407407407407 0.6729166666666666 0.6907407407407407 0.671875 0.688888888888889 0.671875 0.6833333333333333 0.666369048611111 0.6851851851851852 0.6653645833333334 0.6879629629629629 0.6546875 0.6851851851851852 0.6498511898148147 0.6907407407407407 0.6493489583333334 0.6837962962962962 0.646875 0.6833333333333333 0.6458333333333334 0.6851851851851852 0.6440104166666666 0.6824074074074075 0.6479166666666666 0.6703703703703704 0.6479166666666666 0.6611111111111112 0.6465277777777778 0.6577160509259259 0.65 0.6574074074074074 0.6510416666666666 0.6537037037037037 0.6519097222222222 0.656635800925926 0.6552083333333334 0.6611111111111112 0.6552083333333334 0.6629629629629629 0.6583333333333333 0.6666666666666666 0.659375 0.6666666666666666 0.6625 0.6611111111111112 0.6604166666666667 0.6555555555555556 0.6572916666666666 0.6555555555555556 0.65625 0.6574074074074074 0.655078125 0.6525462962962962 0.6520833333333333 0.65 0.65 0.6407407407407407 0.6416666666666666 0.6333333333333334 0.6359375 0.6333333333333334 0.6337239583333334 0.6405092592592593 0.6283854166666666 0.6375 0.6302083333333334 0.6333333333333334 0.6291666666666667 0.6314814814814815 0.623046875 0.6344907407407407 0.6177083333333334 0.6314814814814815 0.6114583333333333 0.637037037037037 0.6052083333333333 0.6462962962962963 0.6052083333333333 0.65 0.6072916666666667 0.6574074074074074 0.6104166666666666 0.6629629629629629 0.6104166666666666 0.6648148148148147 0.6088541666666666 0.6652777777777777 0.606640625 0.6726851851851853 0.6034722222222222 0.6663580231481482 0.6013020833333333 0.6712962962962963 0.5980902777777778 0.6674382731481481 0.5959635416666667 0.6699074074074074 0.59375 0.6703703703703704 0.5927083333333334 0.6685185185185185 0.5906250000000001 0.6685185185185185 0.5833333333333334 0.6907407407407407 0.5833333333333334 0.6981481481481482 0.5822916666666667 0.7 0.5822916666666667 0.7129629629629629 0.5812499999999999 0.7148148148148148 0.5812499999999999 0.7203703703703703 0.5822916666666667 0.7222222222222222
3 0.4916666666666667 0.9518518518518518 0.4916666666666667 0.9537037037037037 0.484375 0.9777777777777777 0.484375 0.9796296296296296 0.4822916666666667 0.9944444444444445 0.4822916666666667 0.9962962962962962 0.48333333333333334 0.9981481481481481 0.484375 0.9981481481481481 0.5552083333333333 0.9981481481481481 0.5552083333333333 0.9962962962962962 0.55625 0.9814814814814815 0.5572916666666666 0.9796296296296296 0.5677083333333334 0.9666666666666667 0.56875 0.9666666666666667 0.5739583333333333 0.9629629629629629 0.5750000000000001 0.9611111111111111 0.5770833333333334 0.9555555555555556 0.5770833333333334 0.9537037037037037 0.5729166666666666 0.9462962962962963 0.571875 0.9462962962962963 0.5593750000000001 0.9462962962962963 0.5583333333333333 0.9444444444444444 0.540625 0.9407407407407407 0.5395833333333333 0.938888888888889 0.5302083333333334 0.9314814814814815 0.5291666666666667 0.9296296296296297 0.5229166666666667 0.9203703703703704 0.521875 0.9203703703703704 0.5177083333333333 0.9203703703703704 0.5 0.9370370370370371 0.49895833333333334 0.938888888888889 0.4916666666666667 0.9518518518518518
3 0.4125 0.48333333333333334 0.4125 0.48518518518518516 0.4125 0.5 0.4135416666666667 0.5018518518518519 0.421875 0.5185185185185185 0.42291666666666666 0.5185185185185185 0.428125 0.5203703703703704 0.4291666666666667 0.5185185185185185 0.4395833333333333 0.5055555555555555 0.4395833333333333 0.5037037037037037 0.4416666666666667 0.4962962962962963 0.4416666666666667 0.4944444444444444 0.4416666666666667 0.48703703703703705 0.440625 0.48518518518518516 0.440625 0.47962962962962963 0.4395833333333333 0.4777777777777778 0.43645833333333334 0.4722222222222222 0.4354166666666667 0.4722222222222222 0.43125 0.46851851851851856 0.4302083333333333 0.46851851851851856 0.4239583333333333 0.46851851851851856 0.4166666666666667 0.4740740740740741 0.415625 0.4759259259259259 0.4125 0.48333333333333334
3 0.4270833333333333 0.5296296296296297 0.4270833333333333 0.5314814814814814 0.4270833333333333 0.5388888888888889 0.428125 0.5407407407407407 0.4333333333333333 0.5518518518518518 0.434375 0.5518518518518518 0.4395833333333333 0.5574074074074075 0.440625 0.5574074074074075 0.4489583333333333 0.5611111111111111 0.45 0.5592592592592592 0.45416666666666666 0.5518518518518518 0.45416666666666666 0.5499999999999999 0.45625 0.5425925925925926 0.45625 0.5407407407407407 0.4552083333333333 0.5259259259259259 0.45416666666666666 0.5240740740740741 0.45208333333333334 0.5166666666666666 0.4510416666666667 0.5148148148148148 0.4479166666666667 0.5111111111111112 0.446875 0.5111111111111112 0.4375 0.5092592592592593 0.4302083333333333 0.5185185185185185 0.4302083333333333 0.5203703703703704 0.4270833333333333 0.5296296296296297
3 0.4489583333333333 0.5092592592592593 0.45 0.5111111111111112 0.4552083333333333 0.5222222222222223 0.4552083333333333 0.5240740740740741 0.4583333333333333 0.5388888888888889 0.459375 0.5388888888888889 0.4666666666666667 0.5388888888888889 0.46770833333333334 0.5370370370370371 0.4729166666666667 0.5240740740740741 0.4729166666666667 0.5222222222222223 0.4708333333333333 0.5018518518518519 0.46979166666666666 0.5 0.4645833333333333 0.49074074074074076 0.4635416666666667 0.49074074074074076 0.4583333333333333 0.48703703703703705 0.453125 0.49259259259259264 0.453125 0.4944444444444444 0.4489583333333333 0.5092592592592593
3 0.4552083333333333 0.5685185185185185 0.45625 0.5685185185185185 0.4625 0.5592592592592592 0.4625 0.5574074074074075 0.4666666666666667 0.5444444444444444 0.465625 0.5425925925925926 0.459375 0.5407407407407407 0.45208333333333334 0.5592592592592592 0.45208333333333334 0.5611111111111111 0.4552083333333333 0.5685185185185185
3 0.43854166666666666 0.6148148148148148 0.4395833333333333 0.612962962962963 0.4395833333333333 0.6055555555555556 0.43645833333333334 0.6 0.43645833333333334 0.5981481481481481 0.4395833333333333 0.5925925925925926 0.440625 0.5944444444444444 0.446875 0.5962962962962963 0.446875 0.5944444444444444 0.4510416666666667 0.5851851851851853 0.4510416666666667 0.575925925925926 0.4479166666666667 0.5703703703703704 0.446875 0.5703703703703704 0.4416666666666667 0.5629629629629629 0.4375 0.5629629629629629 0.4375 0.5703703703703704 0.43645833333333334 0.5722222222222222 0.43125 0.5722222222222222 0.4302083333333333 0.5703703703703704 0.4270833333333333 0.5703703703703704 0.42083333333333334 0.5814814814814815 0.42083333333333334 0.5981481481481481 0.4260416666666667 0.6111111111111112 0.43854166666666666 0.6148148148148148
3 0.4114583333333333 0.6333333333333334 0.4114583333333333 0.6351851851851852 0.4135416666666667 0.6462962962962963 0.4145833333333333 0.6481481481481481 0.4197916666666667 0.6555555555555556 0.42083333333333334 0.6555555555555556 0.4239583333333333 0.6537037037037037 0.4239583333333333 0.6518518518518519 0.428125 0.6444444444444444 0.428125 0.6425925925925926 0.4354166666666667 0.6222222222222222 0.4354166666666667 0.6203703703703703 0.4291666666666667 0.6148148148148148 0.428125 0.6148148148148148 0.42291666666666666 0.6148148148148148 0.4177083333333333 0.6185185185185185 0.4166666666666667 0.6203703703703703 0.4114583333333333 0.6333333333333334
3 0.5812499999999999 0.5648148148148148 0.5812499999999999 0.5666666666666667 0.5822916666666667 0.575925925925926 0.5833333333333334 0.5777777777777777 0.59375 0.5925925925925926 0.5947916666666666 0.5925925925925926 0.603125 0.5888888888888889 0.6041666666666666 0.587037037037037 0.6083333333333334 0.5796296296296296 0.6083333333333334 0.5777777777777777 0.6114583333333333 0.5648148148148148 0.6114583333333333 0.5629629629629629 0.6114583333333333 0.5574074074074075 0.6104166666666666 0.5555555555555556 0.6072916666666667 0.5462962962962963 0.60625 0.5462962962962963 0.603125 0.5407407407407407 0.6020833333333334 0.5407407407407407 0.5979166666666667 0.5388888888888889 0.5864583333333333 0.5462962962962963 0.5854166666666667 0.5481481481481482 0.5812499999999999 0.5648148148148148
3 0.5895833333333333 0.6074074074074074 0.5906250000000001 0.6092592592592593 0.5979166666666667 0.6314814814814815 0.5989583333333334 0.6333333333333334 0.6041666666666666 0.6425925925925926 0.6052083333333333 0.6407407407407407 0.609375 0.6388888888888888 0.6104166666666666 0.637037037037037 0.6166666666666666 0.6296296296296297 0.6166666666666666 0.6277777777777778 0.6177083333333334 0.6074074074074074 0.6166666666666666 0.6055555555555556 0.6114583333333333 0.5944444444444444 0.6104166666666666 0.5944444444444444 0.6072916666666667 0.5907407407407407 0.60625 0.5907407407407407 0.6010416666666666 0.5907407407407407 0.59375 0.5962962962962963 0.5927083333333334 0.5981481481481481 0.5895833333333333 0.6074074074074074
3 0.61875 0.6296296296296297 0.6197916666666666 0.6296296296296297 0.6395833333333334 0.6277777777777778 0.6395833333333334 0.6259259259259259 0.6395833333333334 0.6203703703703703 0.6385416666666667 0.6185185185185185 0.6354166666666666 0.6074074074074074 0.634375 0.6074074074074074 0.625 0.6055555555555556 0.61875 0.6074074074074074 0.61875 0.6092592592592593 0.61875 0.6296296296296297
3 0.6083333333333334 0.5814814814814815 0.6083333333333334 0.5833333333333334 0.6083333333333334 0.5888888888888889 0.609375 0.5907407407407407 0.6177083333333334 0.6037037037037037 0.61875 0.6037037037037037 0.625 0.6037037037037037 0.6260416666666666 0.6018518518518519 0.634375 0.5851851851851853 0.634375 0.5833333333333334 0.634375 0.5703703703703704 0.6333333333333334 0.5685185185185185 0.6270833333333333 0.5574074074074075 0.6260416666666666 0.5574074074074075 0.6166666666666666 0.5574074074074075 0.6114583333333333 0.5666666666666667 0.6114583333333333 0.5685185185185185 0.6083333333333334 0.5814814814814815
3 0.4770833333333333 0.2574074074074074 0.478125 0.2574074074074074 0.4927083333333333 0.2555555555555556 0.49375 0.2537037037037037 0.4979166666666667 0.2518518518518518 0.496875 0.25 0.4927083333333333 0.24259259259259258 0.4916666666666667 0.24259259259259258 0.4822916666666667 0.24259259259259258 0.4760416666666667 0.2537037037037037 0.4770833333333333 0.2555555555555556 0.4770833333333333 0.2574074074074074
3 0.4875 0.21851851851851853 0.4885416666666667 0.21851851851851853 0.496875 0.21851851851851853 0.496875 0.21666666666666665 0.496875 0.2074074074074074 0.4958333333333333 0.2074074074074074 0.4916666666666667 0.2074074074074074 0.4875 0.21296296296296297 0.4875 0.21481481481481482 0.4875 0.21851851851851853
3 0.4895833333333333 0.17777777777777778 0.490625 0.1796296296296296 0.4979166666666667 0.1814814814814815 0.49895833333333334 0.1796296296296296 0.5010416666666666 0.1796296296296296 0.5010416666666666 0.17777777777777778 0.5020833333333333 0.17592592592592593 0.5020833333333333 0.17407407407407408 0.5052083333333334 0.15925925925925924 0.5052083333333334 0.1574074074074074 0.5052083333333334 0.15 0.5041666666666667 0.14814814814814814 0.496875 0.14444444444444443 0.4895833333333333 0.16296296296296298 0.4895833333333333 0.16481481481481483 0.4895833333333333 0.17777777777777778
3 0.6395833333333334 0.29074074074074074 0.6395833333333334 0.2925925925925926 0.6354166666666666 0.30925925925925923 0.6364583333333333 0.3111111111111111 0.6364583333333333 0.3166666666666667 0.6375 0.3185185185185185 0.640625 0.3222222222222222 0.6416666666666666 0.3222222222222222 0.646875 0.32592592592592595 0.6479166666666666 0.32592592592592595 0.6541666666666667 0.32592592592592595 0.6552083333333334 0.32407407407407407 0.6614583333333334 0.3185185185185185 0.6625 0.3166666666666667 0.6666666666666666 0.30925925925925923 0.6666666666666666 0.3074074074074074 0.6677083333333333 0.29444444444444445 0.6666666666666666 0.2925925925925926 0.659375 0.2796296296296296 0.6583333333333333 0.2796296296296296 0.6489583333333334 0.2777777777777778 0.6458333333333334 0.2796296296296296 0.6447916666666667 0.28148148148148144 0.6395833333333334 0.29074074074074074
3 0.6770833333333334 0.22407407407407406 0.6770833333333334 0.22592592592592592 0.6760416666666667 0.23703703703703705 0.6770833333333334 0.2388888888888889 0.678125 0.24444444444444444 0.6791666666666666 0.24444444444444444 0.6927083333333334 0.24814814814814815 0.69375 0.24629629629629632 0.7010416666666667 0.24259259259259258 0.7020833333333334 0.24074074074074073 0.7072916666666667 0.22962962962962963 0.7072916666666667 0.2277777777777778 0.70625 0.2074074074074074 0.7052083333333333 0.20555555555555555 0.7 0.19814814814814813 0.6989583333333333 0.19814814814814813 0.690625 0.1962962962962963 0.6822916666666666 0.2074074074074074 0.6822916666666666 0.20925925925925928 0.6770833333333334 0.22407407407407406
3 0.690625 0.19444444444444445 0.6947916666666666 0.19444444444444445 0.6989583333333333 0.19074074074074077 0.6989583333333333 0.18333333333333335 0.6916666666666667 0.1685185185185185 0.7010416666666667 0.14814814814814814 0.7083333333333334 0.16296296296296298 0.7104166666666666 0.16296296296296298 0.7083333333333334 0.1462962962962963 0.70625 0.1425925925925926 0.7 0.13703703703703704 0.6864583333333334 0.15925925925925924 0.684375 0.15925925925925924 0.6833333333333333 0.1611111111111111 0.68125 0.1685185185185185 0.6822916666666666 0.18333333333333335 0.684375 0.18888888888888888 0.690625 0.19444444444444445
3 0.8958333333333334 0 0.8958333333333334 0.018518518518518517 0.896875 0.020370370370370372 0.8979166666666666 0.03148148148148148 0.8989583333333334 0.03333333333333333 0.9041666666666667 0.053703703703703705 0.9052083333333334 0.05555555555555555 0.9125 0.06851851851851852 0.9135416666666666 0.06851851851851852 0.93125 0.07777777777777778 0.9322916666666666 0.07777777777777778 0.9489583333333333 0.07592592592592592 0.95 0.07407407407407407 0.9510416666666667 0.07222222222222222 0.95 0.07037037037037036 0.9458333333333334 0.06111111111111111 0.9458333333333334 0.05925925925925926 0.940625 0.040740740740740744 0.940625 0.03888888888888889 0.9385416666666666 0.020370370370370372 0.9385416666666666 0.018518518518518517 0.9385416666666666 0 0.9375 0 0.8958333333333334 0
3 0.940625 0 0.9395833333333333 0.016666666666666666 0.940625 0.018518518518518517 0.9416666666666667 0.040740740740740744 0.9427083333333334 0.04259259259259259 0.946875 0.05925925925925926 0.9479166666666666 0.06111111111111111 0.95625 0.07592592592592592 0.9572916666666667 0.07592592592592592 0.9614583333333334 0.08333333333333333 0.9625 0.08333333333333333 0.9697916666666666 0.09074074074074075 0.9708333333333333 0.09074074074074075 0.9833333333333334 0.0962962962962963 0.984375 0.0962962962962963 0.9989583333333334 0.0962962962962963 0.9989583333333334 0.09444444444444444 0.9989583333333334 0 0.9979166666666667 0 0.940625 0
3 0.9520833333333334 0.12407407407407407 0.9520833333333334 0.1259259259259259 0.9520833333333334 0.1462962962962963 0.953125 0.14814814814814814 0.95625 0.17037037037037037 0.9572916666666667 0.17222222222222225 0.9604166666666666 0.18333333333333335 0.9614583333333334 0.18518518518518517 0.965625 0.1925925925925926 0.9666666666666667 0.1925925925925926 0.975 0.20185185185185187 0.9760416666666666 0.20185185185185187 0.9895833333333334 0.20925925925925928 0.990625 0.20925925925925928 0.9989583333333334 0.20925925925925928 0.9989583333333334 0.2074074074074074 0.9989583333333334 0.09814814814814815 0.9979166666666667 0.09814814814814815 0.9854166666666666 0.1 0.984375 0.09814814814814815 0.978125 0.09814814814814815 0.9770833333333334 0.0962962962962963 0.9604166666666666 0.09074074074074075 0.9541666666666666 0.10740740740740741 0.9541666666666666 0.10925925925925926 0.9520833333333334 0.12407407407407407
3 0.7989583333333333 0.6314814814814815 0.7989583333333333 0.6333333333333334 0.7989583333333333 0.6518518518518519 0.8 0.6537037037037037 0.809375 0.6592592592592593 0.8104166666666667 0.6611111111111112 0.81875 0.6759259259259259 0.8197916666666666 0.6759259259259259 0.821875 0.6759259259259259 0.8229166666666666 0.674074074074074 0.828125 0.6648148148148147 0.828125 0.6629629629629629 0.8302083333333333 0.6555555555555556 0.8302083333333333 0.6537037037037037 0.8302083333333333 0.6388888888888888 0.8291666666666666 0.637037037037037 0.8270833333333334 0.6259259259259259 0.8260416666666667 0.6240740740740741 0.8135416666666666 0.6111111111111112 0.8125 0.6111111111111112 0.803125 0.6092592592592593 0.8020833333333334 0.6222222222222222 0.8010416666666667 0.6240740740740741 0.7989583333333333 0.6314814814814815
3 0.8104166666666667 0.7351851851851853 0.8114583333333334 0.7370370370370369 0.8125 0.7407407407407407 0.8135416666666666 0.7407407407407407 0.825 0.7314814814814815 0.8260416666666667 0.7296296296296296 0.83125 0.7129629629629629 0.83125 0.7111111111111111 0.83125 0.7055555555555556 0.8302083333333333 0.7037037037037037 0.825 0.6851851851851852 0.8239583333333333 0.6833333333333333 0.81875 0.6796296296296297 0.8104166666666667 0.7111111111111111 0.8104166666666667 0.7129629629629629 0.8104166666666667 0.7351851851851853
3 0.12083333333333333 0.7833333333333333 0.12083333333333333 0.7851851851851852 0.12083333333333333 0.7944444444444444 0.121875 0.7962962962962963 0.12291666666666667 0.8018518518518518 0.12395833333333332 0.8037037037037037 0.13125 0.8092592592592593 0.13229166666666667 0.8074074074074075 0.140625 0.8037037037037037 0.14166666666666666 0.8018518518518518 0.14583333333333334 0.7944444444444444 0.14583333333333334 0.7925925925925925 0.14479166666666665 0.774074074074074 0.14375000000000002 0.7722222222222223 0.140625 0.7685185185185185 0.13958333333333334 0.7685185185185185 0.12812500000000002 0.7685185185185185 0.12291666666666667 0.7759259259259259 0.12291666666666667 0.7777777777777778 0.12083333333333333 0.7833333333333333
3 0.12812500000000002 0.8222222222222222 0.12812500000000002 0.8240740740740741 0.12812500000000002 0.8333333333333334 0.12916666666666665 0.8351851851851853 0.13020833333333334 0.8407407407407407 0.13125 0.8425925925925926 0.13541666666666666 0.8462962962962963 0.13645833333333335 0.8462962962962963 0.146875 0.8407407407407407 0.14791666666666667 0.8388888888888888 0.15104166666666666 0.8296296296296296 0.15104166666666666 0.8277777777777778 0.15 0.8129629629629629 0.14895833333333333 0.811111111111111 0.14479166666666665 0.8055555555555556 0.14375000000000002 0.8055555555555556 0.140625 0.8055555555555556 0.13020833333333334 0.8129629629629629 0.13020833333333334 0.8148148148148148 0.12812500000000002 0.8222222222222222
3 0.13333333333333333 0.8555555555555556 0.13333333333333333 0.8574074074074074 0.134375 0.8740740740740741 0.13541666666666666 0.8759259259259259 0.13854166666666667 0.8814814814814815 0.13958333333333334 0.8814814814814815 0.15104166666666666 0.8796296296296297 0.15208333333333335 0.8777777777777778 0.15520833333333334 0.8722222222222222 0.15520833333333334 0.8703703703703703 0.15625 0.8648148148148148 0.15625 0.862962962962963 0.15520833333333334 0.8555555555555556 0.15416666666666665 0.8537037037037037 0.15 0.8462962962962963 0.14895833333333333 0.8462962962962963 0.14479166666666665 0.8444444444444444 0.13749999999999998 0.8481481481481481 0.13645833333333335 0.85 0.13333333333333333 0.8555555555555556
3 0.13854166666666667 0.9018518518518519 0.13958333333333334 0.9018518518518519 0.14791666666666667 0.9018518518518519 0.14895833333333333 0.9 0.15416666666666665 0.8925925925925926 0.15416666666666665 0.8907407407407407 0.153125 0.8814814814814815 0.15208333333333335 0.8814814814814815 0.14166666666666666 0.8833333333333334 0.140625 0.8814814814814815 0.134375 0.8777777777777778 0.134375 0.8925925925925926 0.13541666666666666 0.8944444444444444 0.13854166666666667 0.9018518518518519
3 0.15416666666666665 0.8962962962962963 0.15520833333333334 0.8981481481481481 0.15833333333333335 0.9055555555555556 0.159375 0.9055555555555556 0.16145833333333334 0.9074074074074074 0.1625 0.9074074074074074 0.17083333333333334 0.9037037037037037 0.171875 0.9018518518518519 0.175 0.8907407407407407 0.175 0.8888888888888888 0.15625 0.887037037037037 0.15416666666666665 0.8907407407407407 0.15416666666666665 0.8925925925925926 0.15416666666666665 0.8962962962962963
3 0.16041666666666665 0.8574074074074074 0.159375 0.8592592592592593 0.15729166666666666 0.862962962962963 0.15729166666666666 0.8648148148148148 0.15520833333333334 0.8777777777777778 0.15625 0.8796296296296297 0.15729166666666666 0.887037037037037 0.15833333333333335 0.887037037037037 0.17395833333333335 0.8888888888888888 0.175 0.887037037037037 0.17708333333333334 0.8833333333333334 0.17708333333333334 0.8814814814814815 0.18125 0.8685185185185185 0.18125 0.8666666666666666 0.18125 0.862962962962963 0.18020833333333333 0.8611111111111112 0.178125 0.8537037037037037 0.17708333333333334 0.8537037037037037 0.175 0.85 0.17395833333333335 0.85 0.171875 0.85 0.16666666666666666 0.8555555555555556 0.165625 0.8555555555555556 0.16041666666666665 0.8574074074074074
3 0.15104166666666666 0.8333333333333334 0.15104166666666666 0.8351851851851853 0.15104166666666666 0.8444444444444444 0.15208333333333335 0.8462962962962963 0.15833333333333335 0.8555555555555556 0.159375 0.8555555555555556 0.16875 0.8537037037037037 0.16979166666666665 0.8518518518518519 0.17395833333333335 0.8462962962962963 0.17395833333333335 0.8444444444444444 0.17604166666666665 0.8370370370370371 0.17604166666666665 0.8351851851851853 0.17604166666666665 0.8296296296296296 0.175 0.8277777777777778 0.17291666666666666 0.8203703703703703 0.171875 0.8185185185185185 0.165625 0.8148148148148148 0.15520833333333334 0.8203703703703703 0.15416666666666665 0.8222222222222222 0.15104166666666666 0.8333333333333334
3 0.15208333333333335 0.8055555555555556 0.153125 0.8074074074074075 0.15729166666666666 0.8148148148148148 0.15833333333333335 0.8148148148148148 0.16875 0.8129629629629629 0.16875 0.811111111111111 0.16875 0.8018518518518518 0.16770833333333335 0.8 0.15729166666666666 0.7814814814814816 0.15104166666666666 0.7925925925925925 0.15104166666666666 0.7944444444444444 0.15208333333333335 0.8055555555555556
3 0.010416666666666666 0.862962962962963 0.010416666666666666 0.8648148148148148 0.016666666666666666 0.8777777777777778 0.017708333333333333 0.8777777777777778 0.02291666666666667 0.8759259259259259 0.02395833333333333 0.8740740740740741 0.029166666666666667 0.8648148148148148 0.029166666666666667 0.862962962962963 0.029166666666666667 0.85 0.028125 0.8481481481481481 0.025 0.8444444444444444 0.02395833333333333 0.8444444444444444 0.01979166666666667 0.8444444444444444 0.013541666666666665 0.8481481481481481 0.013541666666666665 0.85 0.010416666666666666 0.862962962962963
3 0.007291666666666667 0.8333333333333334 0.008333333333333333 0.8351851851851853 0.013541666666666665 0.8444444444444444 0.014583333333333334 0.8444444444444444 0.01875 0.8444444444444444 0.01979166666666667 0.8425925925925926 0.02708333333333333 0.8333333333333334 0.02708333333333333 0.8314814814814815 0.028125 0.8240740740740741 0.02708333333333333 0.8222222222222222 0.02395833333333333 0.8148148148148148 0.02291666666666667 0.8148148148148148 0.014583333333333334 0.811111111111111 0.008333333333333333 0.8222222222222222 0.008333333333333333 0.8240740740740741 0.007291666666666667 0.8333333333333334
3 0 0.8722222222222222 0.0020833333333333333 0.8722222222222222 0.003125 0.8703703703703703 0.004166666666666667 0.8703703703703703 0.005208333333333333 0.8685185185185185 0.008333333333333333 0.8685185185185185 0.009375 0.8666666666666666 0.010416666666666666 0.8666666666666666 0.010416666666666666 0.862962962962963 0.011458333333333334 0.8611111111111112 0.011458333333333334 0.8574074074074074 0.0125 0.8555555555555556 0.0125 0.8537037037037037 0.014583333333333334 0.85 0.014583333333333334 0.8481481481481481 0.016666666666666666 0.8444444444444444 0.015625 0.8425925925925926 0.011458333333333334 0.8425925925925926 0.00625 0.8333333333333334 0 0.8333333333333334 0 0.8722222222222222
3 0 0.9314814814814815 0.0010416666666666667 0.9314814814814815 0.00625 0.9277777777777778 0.007291666666666667 0.9259259259259259 0.0125 0.9129629629629629 0.013541666666666665 0.9129629629629629 0.016666666666666666 0.9111111111111112 0.015625 0.9111111111111112 0.013541666666666665 0.9111111111111112 0.0125 0.9092592592592593 0.009375 0.9018518518518519 0.008333333333333333 0.9018518518518519 0.007291666666666667 0.9018518518518519 0 0.9055555555555556 0 0.9074074074074074 0 0.9314814814814815
3 0.011458333333333334 0.9 0.011458333333333334 0.9018518518518519 0.013541666666666665 0.9092592592592593 0.014583333333333334 0.9092592592592593 0.017708333333333333 0.9092592592592593 0.01875 0.9074074074074074 0.026041666666666668 0.8981481481481481 0.026041666666666668 0.8962962962962963 0.028125 0.8907407407407407 0.028125 0.8888888888888888 0.028125 0.8833333333333334 0.02708333333333333 0.8814814814814815 0.02395833333333333 0.8777777777777778 0.015625 0.8851851851851852 0.015625 0.887037037037037 0.011458333333333334 0.9
3 0.008333333333333333 0.924074074074074 0.008333333333333333 0.9259259259259259 0.013541666666666665 0.9407407407407407 0.014583333333333334 0.9407407407407407 0.01979166666666667 0.9333333333333333 0.01979166666666667 0.9314814814814815 0.02395833333333333 0.9203703703703704 0.02395833333333333 0.9185185185185185 0.02395833333333333 0.9129629629629629 0.02291666666666667 0.9111111111111112 0.020833333333333332 0.9074074074074074 0.013541666666666665 0.9129629629629629 0.0125 0.9148148148148147 0.008333333333333333 0.924074074074074
3 0 0.9703703703703703 0.0010416666666666667 0.9703703703703703 0.017708333333333333 0.9407407407407407 0.017708333333333333 0.938888888888889 0.016666666666666666 0.9370370370370371 0.015625 0.938888888888889 0.013541666666666665 0.9425925925925925 0.0125 0.9407407407407407 0.009375 0.9314814814814815 0.008333333333333333 0.9314814814814815 0.003125 0.9296296296296297 0 0.9314814814814815 0 0.9333333333333333 0 0.9703703703703703
3 0.05625 0.5574074074074075 0.05625 0.5592592592592592 0.05416666666666666 0.5648148148148148 0.05416666666666666 0.5666666666666667 0.05520833333333334 0.5740740740740741 0.05625 0.575925925925926 0.0625 0.587037037037037 0.06354166666666666 0.587037037037037 0.07708333333333332 0.5833333333333334 0.078125 0.5814814814814815 0.08125 0.5685185185185185 0.08125 0.5666666666666667 0.07916666666666668 0.5555555555555556 0.078125 0.5537037037037037 0.065625 0.5481481481481482 0.059375 0.5518518518518518 0.058333333333333334 0.5537037037037037 0.05625 0.5574074074074075
3 0.07916666666666668 0.5537037037037037 0.08020833333333333 0.5555555555555556 0.08333333333333333 0.5611111111111111 0.084375 0.5611111111111111 0.09791666666666667 0.5611111111111111 0.09791666666666667 0.5592592592592592 0.1 0.5555555555555556 0.1 0.5537037037037037 0.1 0.5462962962962963 0.09895833333333333 0.5444444444444444 0.09791666666666667 0.5333333333333333 0.096875 0.5314814814814814 0.09375 0.5259259259259259 0.09270833333333332 0.5259259259259259 0.0875 0.5259259259259259 0.07916666666666668 0.5370370370370371 0.07916666666666668 0.5388888888888889 0.07916666666666668 0.5537037037037037
3 0.08020833333333333 0.5777777777777777 0.08020833333333333 0.5796296296296296 0.08125 0.5833333333333334 0.08229166666666667 0.5851851851851853 0.08958333333333333 0.5981481481481481 0.090625 0.5981481481481481 0.09791666666666667 0.5962962962962963 0.09895833333333333 0.5944444444444444 0.10104166666666667 0.587037037037037 0.10104166666666667 0.5851851851851853 0.1 0.5703703703703704 0.09895833333333333 0.5685185185185185 0.09270833333333332 0.5629629629629629 0.09166666666666667 0.5629629629629629 0.08541666666666667 0.5629629629629629 0.08229166666666667 0.5666666666666667 0.08229166666666667 0.5685185185185185 0.08020833333333333 0.5777777777777777
3 0.06354166666666666 0.5981481481481481 0.06354166666666666 0.6 0.06354166666666666 0.6166666666666666 0.06458333333333333 0.6166666666666666 0.06770833333333333 0.6203703703703703 0.06874999999999999 0.6203703703703703 0.08229166666666667 0.6185185185185185 0.08333333333333333 0.6166666666666666 0.0875 0.6092592592592593 0.0875 0.6074074074074074 0.08854166666666667 0.6 0.0875 0.5981481481481481 0.08645833333333333 0.5925925925925926 0.08541666666666667 0.5907407407407407 0.07916666666666668 0.5833333333333334 0.078125 0.5833333333333334 0.075 0.5833333333333334 0.06770833333333333 0.5888888888888889 0.06666666666666667 0.5907407407407407 0.06354166666666666 0.5981481481481481
3 0.08333333333333333 0.6185185185185185 0.08333333333333333 0.6203703703703703 0.0875 0.6333333333333334 0.08854166666666667 0.6333333333333334 0.096875 0.6296296296296297 0.09791666666666667 0.6277777777777778 0.10104166666666667 0.6203703703703703 0.10104166666666667 0.6185185185185185 0.10104166666666667 0.6074074074074074 0.1 0.6055555555555556 0.09791666666666667 0.6018518518518519 0.096875 0.6018518518518519 0.090625 0.6 0.08854166666666667 0.6018518518518519 0.08854166666666667 0.6037037037037037 0.08333333333333333 0.6185185185185185
3 0.084375 0.6611111111111112 0.08541666666666667 0.6611111111111112 0.09166666666666667 0.6611111111111112 0.09270833333333332 0.6592592592592593 0.096875 0.6462962962962963 0.09583333333333333 0.6444444444444444 0.09479166666666668 0.6351851851851852 0.09375 0.6351851851851852 0.08854166666666667 0.6351851851851852 0.08020833333333333 0.6537037037037037 0.08020833333333333 0.6555555555555556 0.084375 0.6611111111111112
3 0.06145833333333334 0.6296296296296297 0.06145833333333334 0.6314814814814815 0.06041666666666667 0.6444444444444444 0.06145833333333334 0.6462962962962963 0.0625 0.65 0.06354166666666666 0.65 0.06666666666666667 0.6537037037037037 0.06770833333333333 0.6537037037037037 0.07395833333333333 0.6555555555555556 0.075 0.6537037037037037 0.078125 0.6537037037037037 0.07916666666666668 0.6518518518518519 0.08229166666666667 0.6481481481481481 0.08229166666666667 0.6462962962962963 0.084375 0.6425925925925926 0.084375 0.6407407407407407 0.08541666666666667 0.6333333333333334 0.084375 0.6314814814814815 0.08229166666666667 0.6222222222222222 0.08125 0.6222222222222222 0.06666666666666667 0.6222222222222222 0.06354166666666666 0.6240740740740741 0.0625 0.6259259259259259 0.06145833333333334 0.6296296296296297
3 0.058333333333333334 0.6703703703703704 0.059375 0.6722222222222222 0.06041666666666667 0.6759259259259259 0.06145833333333334 0.6777777777777778 0.065625 0.6814814814814815 0.06666666666666667 0.6814814814814815 0.07395833333333333 0.6796296296296297 0.075 0.6777777777777778 0.08020833333333333 0.6648148148148147 0.08020833333333333 0.6629629629629629 0.07916666666666668 0.6574074074074074 0.078125 0.6555555555555556 0.06874999999999999 0.6555555555555556 0.06770833333333333 0.6537037037037037 0.0625 0.6518518518518519 0.058333333333333334 0.6592592592592593 0.058333333333333334 0.6611111111111112 0.058333333333333334 0.6703703703703704
3 0.103125 0.7981481481481482 0.10416666666666667 0.7962962962962963 0.10833333333333332 0.7925925925925925 0.10833333333333332 0.7907407407407407 0.10833333333333332 0.7870370370370371 0.10729166666666667 0.7851851851851852 0.10416666666666667 0.7796296296296297 0.103125 0.7796296296296297 0.10104166666666667 0.7796296296296297 0.09791666666666667 0.7888888888888889 0.09895833333333333 0.7907407407407407 0.103125 0.7981481481481482
3 0.10416666666666667 0.7796296296296297 0.10416666666666667 0.7814814814814816 0.10625 0.7888888888888889 0.10729166666666667 0.7907407407407407 0.11458333333333333 0.7888888888888889 0.115625 0.7870370370370371 0.11458333333333333 0.7796296296296297 0.11354166666666667 0.7777777777777778 0.10729166666666667 0.7703703703703704 0.10729166666666667 0.774074074074074 0.10625 0.7759259259259259 0.10416666666666667 0.7796296296296297
3 0.096875 0.774074074074074 0.09791666666666667 0.7759259259259259 0.09895833333333333 0.7777777777777778 0.1 0.7777777777777778 0.103125 0.7777777777777778 0.10416666666666667 0.7759259259259259 0.10625 0.7722222222222223 0.10625 0.7703703703703704 0.10208333333333333 0.7629629629629631 0.096875 0.7666666666666666 0.096875 0.7685185185185185 0.096875 0.774074074074074
3 0.07134375 0.8177407407407408 0.06419791666666666 0.8192037037037038 0.06267708333333333 0.8243333333333334 0.066125 0.8341296296296297 0.07395833333333333 0.8243333333333334 0.07134375 0.8177407407407408
3 0.07341666666666667 0.8407222222222223 0.06460416666666667 0.8390185185185186 0.06351041666666667 0.8424444444444444 0.06267708333333333 0.8478148148148148 0.06570833333333333 0.8558888888888889 0.071625 0.8551666666666667 0.07341666666666667 0.8407222222222223
3 0.07341666666666667 0.8617592592592592 0.06282291666666667 0.8600555555555555 0.06185416666666667 0.8683703703703705 0.06542708333333334 0.8744814814814815 0.07120833333333333 0.8752222222222222 0.07341666666666667 0.8617592592592592
3 0.07519791666666667 0.8757037037037037 0.06529166666666666 0.8786481481481482 0.06763541666666667 0.8894074074074074 0.07327083333333333 0.8894074074074074 0.07575 0.8801111111111112 0.07519791666666667 0.8757037037037037
3 0.08372916666666666 0.8678888888888889 0.07464583333333333 0.8698333333333332 0.07698958333333333 0.8784074074074074 0.08290625 0.8769259259259259 0.08703124999999999 0.8691111111111112 0.08372916666666666 0.8678888888888889
3 0.07561458333333333 0.8534444444444444 0.07561458333333333 0.8612777777777778 0.08317708333333333 0.8612777777777778 0.08386458333333334 0.8478148148148148 0.07561458333333333 0.8534444444444444
3 0.08097916666666666 0.8125925925925926 0.07878125 0.8155370370370371 0.07822916666666667 0.8233703703703704 0.08647916666666668 0.8233703703703704 0.08951041666666668 0.815037037037037 0.08097916666666666 0.8125925925925926
3 0.10729166666666667 0.8425925925925926 0.10833333333333332 0.8425925925925926 0.12291666666666667 0.8407407407407407 0.12291666666666667 0.8388888888888888 0.121875 0.8351851851851853 0.12083333333333333 0.8351851851851853 0.115625 0.8296296296296296 0.11458333333333333 0.8296296296296296 0.109375 0.8296296296296296 0.10625 0.8333333333333334 0.10625 0.8351851851851853 0.10729166666666667 0.8425925925925926
3 0.7083333333333334 0.9722222222222222 0.7083333333333334 0.9740740740740741 0.7083333333333334 0.9981481481481481 0.709375 0.9981481481481481 0.7416666666666666 0.9962962962962962 0.7416666666666666 0.9944444444444445 0.740625 0.9814814814814815 0.7395833333333334 0.9796296296296296 0.7322916666666667 0.9611111111111111 0.73125 0.9611111111111111 0.725 0.9555555555555556 0.7239583333333334 0.9555555555555556 0.7166666666666667 0.9555555555555556 0.7114583333333334 0.9611111111111111 0.7114583333333334 0.9629629629629629 0.7083333333333334 0.9722222222222222
3 0 0.9037037037037037 0.0010416666666666667 0.9037037037037037 0.010416666666666666 0.9018518518518519 0.010416666666666666 0.9 0.015625 0.8833333333333334 0.015625 0.8814814814814815 0.0125 0.8703703703703703 0.011458333333333334 0.8703703703703703 0.008333333333333333 0.8685185185185185 0 0.8740740740740741 0 0.8759259259259259 0 0.9037037037037037
1 0.6216666666666667 0.2059259259259259 0.6497916666666667 0.14796296296296296 0.6580208333333333 0.14129629629629628 0.6794791666666667 0.14796296296296296 0.7106250000000001 0.20203703703703704 0.7180208333333333 0.19018518518518518 0.7002083333333333 0.14537037037037037 0.675 0.09648148148148149 0.6816666666666668 0.06351851851851852 0.6980208333333334 0.006851851851851852 0.6671875 0.0042592592592592595 0.5934375000000001 0.17703703703703705 0.6216666666666667 0.2059259259259259
1 0.5333333333333333 0.3325925925925926 0.5222916666666667 0.3325925925925926 0.4532291666666666 0.2574074074074074 0.4458333333333333 0.2759259259259259 0.5096875 0.3575925925925926 0.5163541666666667 0.3825925925925926 0.4970833333333334 0.46703703703703703 0.5230208333333333 0.49333333333333335 0.5578124999999999 0.37611111111111106 0.5919791666666667 0.2798148148148148 0.5651041666666666 0.2564814814814815 0.5475 0.3088888888888889 0.5333333333333333 0.3325925925925926
1 0.6505208333333333 0.44833333333333336 0.6791666666666666 0.427037037037037 0.6765625 0.4211111111111111 0.6395833333333334 0.44888888888888884 0.6296875 0.4161111111111111 0.6192708333333333 0.42537037037037034 0.6383333333333333 0.5055555555555555 0.6501041666666667 0.49962962962962965 0.6425 0.4675925925925926 0.6429166666666667 0.45796296296296296 0.6505208333333333 0.44833333333333336
0 0.5181250000000001 0.5451851851851852 0.5413541666666667 0.5568518518518518 0.5645833333333333 0.5931481481481482 0.5857291666666666 0.6405555555555557 0.6010416666666666 0.6903703703703704 0.6164583333333333 0.6733333333333333 0.5713541666666666 0.5659259259259259 0.5515625000000001 0.5374074074074074 0.5184375 0.5118518518518519 0.5235416666666667 0.49 0.5440625 0.4255555555555556 0.510625 0.40259259259259256 0.481875 0.5118518518518519 0.44875000000000004 0.5979629629629629 0.46760416666666665 0.6316666666666667 0.46760416666666665 0.6307407407407408 0.5044791666666667 0.5525925925925926 0.5181250000000001 0.5451851851851852
0 0.6472916666666667 0.4951851851851852 0.6427083333333333 0.46351851851851855 0.629375 0.46851851851851856 0.6344791666666667 0.49351851851851847 0.6336458333333334 0.4994444444444444 0.6237499999999999 0.5014814814814814 0.6153125 0.5122222222222222 0.6059375 0.5331481481481481 0.6094791666666667 0.5425925925925926 0.6120833333333334 0.53 0.6209375 0.5122222222222222 0.62875 0.5077777777777778 0.6395833333333334 0.5157407407407407 0.6478125 0.5333333333333333 0.6488541666666667 0.5333333333333333 0.6576041666666667 0.5262962962962964 0.6472916666666667 0.4951851851851852
1 0.9558333333333334 0.9605555555555555 0.9989583333333334 0.9535185185185185 0.9971875 0.9446296296296296 0.9442708333333334 0.952962962962963 0.9327083333333334 0.9481481481481482 0.9279166666666667 0.9144444444444445 0.9165625 0.9218518518518519 0.9201041666666667 0.9700000000000001 0.9231250000000001 0.9853703703703703 0.9366666666666666 0.9870370370370369 0.9376041666666667 0.9875925925925926 0.936875 0.9725925925925927 0.9558333333333334 0.9605555555555555