2 1 0.32066128935185184 0.7862226342592592 0.26121498842592594 0.6315852268518518 0.22546873611111112 0.4260229398148148 0.1706770138888889 0.1468672337962963 0.08000537037037037 0.0347284375 0.02593738194444444 0.027925763888888885 0.05666513425925926 0.030857407407407406 0.05734032407407407 0.1324991527777778 0.10647718287037036 0.2852742175925926 0.16006708796296298 0.510046287037037 0.2269223726851852 0.6427191967592593 0.2713226180555556 0.6499751342592593 0.2708684074074074 0.7212051574074074 0.2846151388888889 0.9081992546296297 0.32925449768518517 1 0.35651210185185184 1 0.32066128935185184
2 0 0.9707574999999999 0.09341313657407407 0.9230506643518518 0.20279241666666667 0.8563921134259259 0.2751534837962963 0.8273268657407408 0.38551271296296297 0.7985840648148148 0.4623867569444445 0.7824811064814815 0.5515539236111111 0.7618069212962963 0.5438140625 0.7608797430555555 0.5326594861111111 0.7508029814814814 0.4535113240740741 0.7713763819444445 0.3939185254629629 0.7797273148148148 0.28700757407407407 0.8099025486111111 0.19908458564814815 0.8422203055555556 0.036594310185185185 0.931546974537037 0 0.9546469513888889 0 0.9707574999999999
2 0 0.5190092569444444 0.02883374074074074 0.5134845439814815 0.1482449814814815 0.4747851759259259 0.30603309953703706 0.4079515740740741 0.3808246550925926 0.3887114976851852 0.3877715740740741 0.3768743449074074 0.36155995601851854 0.37810839351851855 0.23364690046296296 0.4198044166666666 0.18204721527777779 0.4490189351851852 0 0.5082166875 0 0.5190092569444444
2 0.7223966967592593 0.6900247662037037 0.8130491898148149 0.665777587962963 0.8130819004629629 0.6651534444444445 0.8035967337962964 0.6586063888888889 0.7132109444444444 0.6813029004629629 0.7223966967592593 0.6900247662037037
3 0.6326309444444443 0.30459023148148145 0.6307271157407407 0.3055335532407408 0.6061408680555554 0.31467600462962964 0.606086349537037 0.31571624305555557 0.5925414699074074 0.3264804444444444 0.5924869537037037 0.32752068287037034 0.5903105393518518 0.33366519907407405 0.5884067083333333 0.33460852083333337 0.582477150462963 0.3415994375 0.5824226342592593 0.34263967824074076 0.5801917037037038 0.34982443287037035 0.5819865023148149 0.3509615902777778 0.5866621782407407 0.3678961712962963 0.588456974537037 0.3690333287037037 0.5901427384259259 0.3722509652777778 0.591937537037037 0.37338812268518523 0.6045011180555555 0.38134822453703704 0.6063504305555555 0.3814451435185185 0.6136386550925926 0.38391329398148144 0.6154879675925926 0.384010212962963 0.6265838518518518 0.384591724537037 0.6283786481481483 0.38572888194444443 0.6467627546296296 0.38877854398148143 0.6486120694444445 0.388875462962963 0.6929956041666666 0.39120150462962966 0.6948994351851852 0.3902581851851852 0.7321037800925926 0.38803559722222225 0.7340076111111111 0.38709227546296293 0.7510330532407408 0.3806828680555555 0.7510875694444444 0.37964262962962964 0.7567990601851852 0.3768126666666667 0.7568535787037036 0.3757724282407407 0.7646869675925926 0.3678381898148148 0.7647414837962963 0.3667979490740741 0.7675720972222222 0.3481705648148148 0.7519640856481481 0.32753375462962964 0.7501692893518518 0.32639659722222225 0.7269459560185185 0.30953307175925926 0.7250966435185185 0.3094361527777778 0.7104656805555556 0.30554008796296295 0.7086163680555556 0.3054431712962963 0.649492837962963 0.3013015416666666 0.6475890069444444 0.30224486111111115 0.6326309444444443 0.30459023148148145
3 0.4911563032407407 0.31490849537037036 0.48925247222222223 0.3158518148148148 0.4781020717592593 0.31631054398148145 0.47619824074074074 0.31725386574074077 0.46869195138888886 0.3189466689814815 0.4667881203703704 0.31988999074074076 0.42898409259259257 0.33355520833333335 0.42892957638888884 0.33459544675925923 0.41723400925925924 0.34545656712962963 0.4171794930555556 0.34649680555555556 0.4104867013888889 0.3680510717592593 0.41228149999999997 0.36918822916666666 0.4120634328703704 0.3733491851851852 0.4138582314814815 0.37448634259259256 0.42065580324074076 0.3863166458333333 0.42245060185185185 0.38745380324074075 0.44213885416666665 0.401002775462963 0.44398816898148147 0.40109969444444443 0.44937256018518523 0.4045111666666667 0.451221875 0.40460808564814815 0.46215420833333337 0.4083103125 0.46400352314814813 0.4084072314814815 0.487990087962963 0.41070740972222225 0.4898939166666667 0.40976409027777777 0.5030026643518519 0.40732180092592596 0.5048519791666667 0.4074187199074074 0.5233996365740741 0.4073476643518518 0.5253034652777777 0.4064043449074074 0.5479313657407408 0.39924545370370373 0.5479858819444444 0.3982052152777778 0.5746395115740741 0.38499872453703704 0.5746940277777778 0.3839584861111111 0.5826909652777778 0.3729035300925926 0.5827454837962963 0.3718632893518518 0.5829635486111111 0.36770233333333335 0.5746982777777778 0.34849343749999995 0.5729034814814815 0.3473562800925926 0.5479398680555556 0.3283153587962963 0.5460905555555556 0.32821843981481486 0.5297738287037037 0.3211047384259259 0.5279245138888888 0.32100781944444445 0.5151428680555555 0.3172086736111111 0.5132935532407408 0.31711175462962965 0.4911563032407407 0.31490849537037036
3 0.4048297268518518 0.36984079398148145 0.40477521064814814 0.37088103240740744 0.3853007708333333 0.38863615277777774 0.3852462546296296 0.38967639120370373 0.3827972592592592 0.40102210416666667 0.38459205555555553 0.40215926157407406 0.38437398842592596 0.4063202175925926 0.38616878703703705 0.407457375 0.3911715625 0.4181505208333334 0.3929663587962963 0.4192876782407407 0.41085981712962966 0.43169949305555555 0.41270912962962963 0.431796412037037 0.4253817453703704 0.437676037037037 0.42723105787037036 0.4377729537037037 0.441916537037037 0.4406287800925926 0.44376585185185186 0.4407256990740741 0.4679704814814815 0.4388649212962963 0.4698743125 0.437921599537037 0.4706375462962963 0.4233582523148148 0.47254137500000004 0.42241493287037035 0.4766761365740741 0.4142868564814815 0.44202982175925926 0.40308325462962963 0.44023502314814816 0.40194609722222224 0.42228705092592594 0.3905745208333333 0.42234156712962967 0.3895342824074074 0.411790849537037 0.3785503796296296 0.41184536574074077 0.37751014120370374 0.408473837962963 0.37107487037037035 0.4066790416666667 0.369937712962963 0.4048297268518518 0.36984079398148145
3 0.5985170416666667 0.38937938194444444 0.5949274490740741 0.3871050671296296 0.5994969236111111 0.38247676157407406 0.5863350787037037 0.3741376064814815 0.5862260439814815 0.3762180833333333 0.5843222129629629 0.3771614050925926 0.5801874537037037 0.38528947916666667 0.5744214444444444 0.38915968055555555 0.5724085810185185 0.3921834791666666 0.5666970879629629 0.39501344212962963 0.553533824074074 0.39849596990740743 0.542056324074074 0.4051961319444444 0.5455368865740741 0.4095509259259259 0.5491264814814815 0.41182524074074073 0.5564147037037037 0.4142933935185185 0.5617990949074074 0.4177048657407407 0.5615265115740741 0.4229060601851852 0.5576098171296296 0.4268731805555555 0.5485267986111111 0.4232678703703704 0.5374309143518519 0.4226863611111111 0.5336232523148149 0.4245730023148148 0.535418050925926 0.4257101597222222 0.5465139351851852 0.4262916689814815 0.5630487268518519 0.42924441435185184 0.5702824328703704 0.4327528055555555 0.570009849537037 0.43795399999999995 0.5792019027777778 0.4394788310185185 0.5733268611111111 0.44542951157407407 0.5697372662037037 0.4431551967592593 0.5659296041666667 0.4450418379629629 0.5655479884259259 0.4523235115740741 0.5709868981481482 0.4546947453703704 0.5651663726851852 0.45960518518518517 0.5687014513888888 0.46291973842592593 0.5706052800925926 0.4619764189814815 0.5728907291666667 0.4537514236111111 0.58116025 0.4374952731481482 0.5868717407407408 0.4346653101851852 0.5853495277777777 0.42832695601851856 0.5835547291666666 0.4271897986111111 0.5855130763888889 0.42520624074074076 0.5929103333333333 0.42559391435185184 0.6108583055555555 0.4369654884259259 0.6127076203703703 0.43706240740740737 0.6258708842592592 0.4335798796296296 0.6332681412037038 0.43396755324074077 0.6561686226851853 0.42160746759259254 0.6620436643518518 0.415656787037037 0.6625888310185185 0.40525439583333334 0.6607940347222223 0.4041172384259259 0.6593263356481481 0.39673864583333335 0.6539964606481482 0.39228693518518515 0.6392019490740741 0.3915115879629629 0.6277244490740741 0.39821175000000003 0.6184778796296295 0.3977271574074074 0.6166830833333333 0.39659 0.6186414305555556 0.39460644212962964 0.6189140115740741 0.38940524537037036 0.6152153842592593 0.38921140972222223 0.6134205879629631 0.3880742523148148 0.6060778472222222 0.38664633796296294 0.5985170416666667 0.38937938194444444
3 0.10971473148148148 0.6933807361111112 0.10966021527777778 0.6944209745370371 0.10585255555555556 0.6963076157407407 0.10579803703703704 0.6973478541666667 0.09970493055555556 0.7074594907407408 0.10149972685185185 0.708596648148148 0.10661153703703705 0.7172093171296297 0.10840633333333333 0.718346474537037 0.11738031944444444 0.7240322615740742 0.11922963425925925 0.7241291805555555 0.13766825694444446 0.7261386041666666 0.13957208796296297 0.7251952824074074 0.15844684259259262 0.7188827939814815 0.15850136111111113 0.7178425555555555 0.1610048726851852 0.7054566041666667 0.1486593587962963 0.6933355439814816 0.14681004398148148 0.693238625 0.13957633796296298 0.6897302361111111 0.13772702546296298 0.6896333171296296 0.13038428472222222 0.6882054027777778 0.1284804560185185 0.689148724537037 0.11917936805555555 0.6897043703703704 0.11727553703703704 0.6906476921296296 0.10971473148148148 0.6933807361111112
3 0.1709559074074074 0.7278831342592592 0.1710104236111111 0.7268428958333333 0.17111945833333334 0.7247624189814815 0.1602961574074074 0.718979712962963 0.15839232638888887 0.7199230324074074 0.1338605949074074 0.7280252453703704 0.13565539351851852 0.7291624027777778 0.15028635416666666 0.7330584675925926 0.1521901851851852 0.7321151458333334 0.15958744212962964 0.7325028194444444 0.16149127083333334 0.7315595 0.1709559074074074 0.7278831342592592
3 0.1837418078703704 0.6962172337962963 0.18183797685185185 0.6971605555555556 0.16666184953703703 0.7036668819444444 0.16660733101851852 0.7047071203703703 0.16236353703703704 0.7149156736111111 0.16415833564814813 0.7160528310185185 0.16404930092592593 0.7181333101851851 0.16584409953703702 0.7192704675925926 0.17650384953703704 0.7281738912037037 0.17835316435185186 0.7282708101851852 0.18928549768518518 0.7319730370370371 0.1911348125 0.7320699560185184 0.20592932407407408 0.7328453032407408 0.20783315277777778 0.7319019814814814 0.21909258796296296 0.729362775462963 0.2209964189814815 0.7284194560185185 0.2267624259259259 0.7245492546296296 0.22681694212962963 0.723509013888889 0.2326374675925926 0.718598574074074 0.2326919837962963 0.7175583356481482 0.23307360185185186 0.710276662037037 0.22964755555555558 0.7048816296296296 0.22785275925925924 0.7037444722222221 0.22067356944444447 0.6991958425925925 0.21882425462962962 0.6990989236111111 0.2060426087962963 0.6952997777777777 0.20419329398148148 0.6952028587962963 0.194946724537037 0.6947182662037037 0.19304289351851853 0.695661587962963 0.1837418078703704 0.6962172337962963
3 0.20908278472222222 0.7434415300925926 0.21093209953703707 0.7435384490740741 0.21832935416666666 0.7439261226851852 0.2202331851851852 0.7429828032407407 0.23149261805555557 0.7404435949074073 0.23154713657407408 0.7394033564814815 0.23366903240740738 0.7342990787037037 0.23209230092592592 0.7290009652777778 0.23029750462962964 0.7278638078703703 0.22665339351851851 0.7266297314814815 0.22474956250000003 0.7275730532407407 0.2096279513888889 0.7330391388888889 0.20777863657407408 0.7329422222222222 0.18912194675925928 0.7350937546296296 0.19091674537037037 0.736230912037037 0.20908278472222222 0.7434415300925926
3 0.238567025462963 0.7116076574074074 0.23851250925925924 0.7126478958333334 0.2398711736111111 0.7221069652777777 0.24166597222222222 0.7232441226851852 0.2450375 0.7296793958333333 0.2468322962962963 0.7308165532407408 0.2577101134259259 0.7355590185185186 0.25955942824074074 0.7356559374999999 0.2742994236111111 0.7374715231481481 0.27620325462962964 0.7365282037037036 0.28175119444444446 0.7368189583333333 0.28365502546296295 0.735875638888889 0.29676377314814817 0.7334333495370371 0.29866760416666666 0.7324900300925926 0.3102541365740741 0.7237093888888888 0.3103086550925926 0.7226691481481481 0.31096285416666664 0.7101862800925927 0.3003031018518519 0.7012828564814814 0.29845378935185185 0.7011859375 0.29301487962962963 0.6988147037037037 0.2911655671296296 0.6987177870370371 0.2634258564814815 0.6972640092592592 0.26152202546296294 0.6982073310185185 0.24634589814814817 0.7047136574074074 0.24629138194444444 0.7057538958333333 0.238567025462963 0.7116076574074074
3 0.24857257638888888 0.7329939490740741 0.2466687476851852 0.7339372685185185 0.2424249537037037 0.7441458240740741 0.24421975 0.7452829814814814 0.2494405925925926 0.7518151712962963 0.2512353888888889 0.7529523287037037 0.2621132060185185 0.7576947962962963 0.2639625208333333 0.757791712962963 0.2712507430555556 0.7602598657407407 0.2731000578703704 0.7603567847222222 0.2878945694444444 0.7611321319444444 0.28979840046296296 0.7601888101851851 0.2972501712962963 0.7595362453703705 0.2991540023148148 0.758592925925926 0.31063150231481484 0.7518927615740741 0.3106860185185185 0.7508525231481481 0.3145481967592592 0.7479256435185185 0.314602712962963 0.7468854027777778 0.3149843310185185 0.7396037291666666 0.3061193773148148 0.7318374629629629 0.30427006250000005 0.7317405462962964 0.28169667824074074 0.737859199074074 0.27984736574074076 0.7377622800925926 0.2705462777777778 0.7383179259259259 0.26869696527777776 0.7382210069444445 0.25216217129629626 0.7352682638888889 0.250367375 0.7341311064814815 0.24857257638888888 0.7329939490740741
3 0.3227632013888889 0.7327097291666667 0.324558 0.7338468865740742 0.3278750115740741 0.7413223981481482 0.32966980787037037 0.7424595555555555 0.3404931087962963 0.748242261574074 0.3423424236111111 0.7483391805555556 0.3496306458333333 0.7508073310185185 0.3514799583333333 0.7509042499999999 0.3625758425925926 0.751485761574074 0.3644796736111111 0.7505424398148148 0.3775339050925926 0.7491403912037037 0.3794377361111111 0.7481970717592593 0.3851492268518519 0.7453671087962962 0.38520374305555555 0.7443268703703704 0.3910787847222222 0.7383761898148149 0.3911333009259259 0.7373359513888889 0.39156943518518517 0.7290140393518518 0.37362146064814816 0.717642462962963 0.3717721481481482 0.7175455439814814 0.3589359837962963 0.714786636574074 0.35708666898148145 0.7146897199074075 0.33853901388888885 0.7147607731481481 0.33663518287037036 0.7157040949074074 0.3232538518518519 0.7233475787037037 0.3231993356481482 0.7243878171296296 0.3227632013888889 0.7327097291666667
3 0.41506534953703705 0.7406763680555556 0.41691466435185187 0.7407732870370369 0.4244209537037037 0.7390804837962962 0.4244754699074074 0.7380402430555556 0.42480256944444444 0.7317988101851852 0.42126749074074077 0.7284842546296296 0.41941817824074074 0.728387337962963 0.4157195486111111 0.7281934999999999 0.4138157175925926 0.7291368217592592 0.4081042268518519 0.7319667824074074 0.40804971064814816 0.7330070208333334 0.4078861597222222 0.7361277384259259 0.4096809583333333 0.7372648958333333 0.41506534953703705 0.7406763680555556
3 0.3367229606481481 0.8909488541666667 0.3385177569444444 0.892086011574074 0.34760077777777776 0.8956913217592593 0.34945009027777774 0.8957882407407408 0.3586966597222222 0.8962728333333333 0.36060049074074074 0.8953295115740741 0.3662574652777778 0.8935397893518519 0.3663119837962963 0.8924995509259259 0.3683793634259259 0.8884355115740741 0.36315852083333333 0.8819033217592592 0.36130920833333335 0.8818064027777778 0.348418525462963 0.8800877361111111 0.3465146967592592 0.8810310555555555 0.34091223611111116 0.8817805393518519 0.34085771990740743 0.8828207800925926 0.3369955439814815 0.8857476597222222 0.336941025462963 0.8867878981481482 0.3367229606481481 0.8909488541666667
3 0.28292930555555557 0.8912589375000001 0.28477861805555554 0.8913558564814814 0.29772381712962964 0.8920342847222222 0.29962764814814813 0.8910909652777778 0.3033807916666667 0.8902445625 0.3034353078703704 0.889204324074074 0.30392595833333336 0.8798421712962963 0.3003363634259259 0.8775678564814814 0.2984870486111111 0.8774709375 0.2855418518518518 0.8767925092592592 0.28363802083333334 0.8777358287037037 0.2779265300925926 0.8805657916666667 0.2778720138888889 0.8816060300925926 0.27765394675925925 0.8857669861111112 0.27944874305555556 0.8869041435185184 0.28292930555555557 0.8912589375000001
3 0.30903776620370366 0.8884548402777779 0.31088708101851853 0.8885517569444444 0.3218194143518518 0.8922539861111112 0.32366872916666667 0.8923509050925925 0.3292166712962963 0.8926416597222222 0.3311205023148148 0.8916983379629629 0.3371590925925926 0.8826269421296297 0.3336785324074074 0.8782721481481481 0.3318292175925926 0.8781752314814815 0.3170892222222222 0.8763596435185185 0.3151853912037037 0.8773029652777778 0.31143224768518524 0.8781493680555555 0.31137773148148146 0.8791896064814815 0.30746103703703703 0.8831567245370371 0.30740651851851847 0.8841969652777778 0.30903776620370366 0.8884548402777779
3 0.19974843750000001 0.5677121782407407 0.2015977523148148 0.5678090972222223 0.21459746527777776 0.5674472870370371 0.2165012962962963 0.5665039652777778 0.2188957777777778 0.5561984930555556 0.21536069907407407 0.5528839398148149 0.21351138425925928 0.5527870208333333 0.19490921296296296 0.5538983148148149 0.19485469444444445 0.5549385532407407 0.190938 0.5589056736111111 0.1908834837962963 0.559945912037037 0.19256924768518519 0.5631635486111111 0.19436404629629628 0.5643007060185186 0.19974843750000001 0.5677121782407407
3 0.2237350023148148 0.5700123564814815 0.22558431712962965 0.570109275462963 0.23657116666666667 0.5727712638888889 0.23847499768518518 0.5718279421296296 0.24793963425925925 0.5681515787037037 0.24799415046296294 0.5671113402777778 0.24832125000000002 0.5608699050925926 0.23934726388888888 0.5551841180555556 0.23749794907407407 0.5550871990740741 0.23010069444444442 0.554699525462963 0.22819686342592593 0.5556428472222222 0.22063605787037038 0.5583758888888889 0.22058154166666666 0.5594161296296296 0.21840512731481482 0.5655606458333333 0.22019992361111113 0.5666978032407407 0.2237350023148148 0.5700123564814815
3 0.26229801157407406 0.5772488402777778 0.2641473263888889 0.5773457569444445 0.27159909953703704 0.5766931921296297 0.2735029305555556 0.5757498726851852 0.2791599050925926 0.5739601481481481 0.2792144212962963 0.5729199097222222 0.27948700462962967 0.5677187152777777 0.2705675347222222 0.5609926875 0.2687182199074074 0.5608957685185185 0.2595806828703704 0.5583306990740741 0.2576768541666667 0.5592740185185185 0.2500615300925926 0.5630473009259259 0.25000701388888885 0.5640875416666667 0.24962539814814816 0.5713692152777777 0.2514747129629629 0.5714661342592593 0.26229801157407406 0.5772488402777778
3 0.321694125 0.5761892731481482 0.32359795601851854 0.5752459513888889 0.325501787037037 0.5743026319444444 0.32555630324074075 0.5732623935185185 0.3277872337962963 0.5660776365740741 0.3241976388888889 0.5638033217592593 0.3223483240740741 0.5637064027777777 0.3111979236111111 0.5641651319444444 0.31114340740740737 0.5652053703703704 0.30896699537037037 0.571349886574074 0.3107617916666667 0.5724870439814814 0.3142968703703704 0.575801599537037 0.3161461828703704 0.5758985185185185 0.321694125 0.5761892731481482
3 0.29591276388888893 0.5727519375 0.2978165949074074 0.5718086157407407 0.30162425462962966 0.569921974537037 0.30167877083333333 0.5688817361111111 0.30178780555555557 0.5668012569444445 0.2964579305555556 0.5623495462962963 0.29460861574074076 0.5622526273148148 0.2872113587962963 0.5618649537037037 0.2853075300925926 0.5628082731481482 0.28149986805555555 0.5646949143518518 0.2814453518518518 0.5657351550925925 0.28666619444444447 0.5722673449074074 0.28851550694444444 0.5723642638888888 0.29591276388888893 0.5727519375
3 0.24610307407407409 0.4616595162037037 0.2480069027777778 0.46071619675925923 0.2517055324074074 0.4609100324074074 0.2517600486111111 0.4598697939814815 0.2538274282407407 0.4558057569444444 0.2466482384259259 0.4512571273148148 0.24479892592592592 0.4511602083333333 0.23370304166666667 0.45057869675925927 0.23179921064814815 0.45152201851851853 0.22967731481481482 0.4566262939814815 0.23147211111111113 0.4577634513888889 0.24055513194444444 0.4613687615740741 0.24240444444444445 0.46146568055555554 0.24610307407407409 0.4616595162037037
3 0.2647052453703704 0.46054822453703703 0.2666090763888889 0.45960490277777777 0.2740608495370371 0.458952337962963 0.27596468055555556 0.4580090162037037 0.2779775439814815 0.45498521759259264 0.2727021851851852 0.4494932662037037 0.27085287037037037 0.449396349537037 0.26530492824074076 0.44910559259259264 0.26340109953703705 0.45004891435185185 0.25393646296296296 0.45372527777777777 0.25573125925925927 0.4548624351851852 0.2592118217592593 0.4592172291666667 0.26106113425925925 0.45931414814814814 0.2647052453703704 0.46054822453703703
3 0.21711373379629628 0.4486661921296296 0.21308800462962962 0.4547137893518518 0.21488280324074072 0.45585094675925925 0.2260332037037037 0.4553922199074074 0.22793703240740742 0.45444889814814815 0.23196276157407408 0.44840130092592595 0.2190175625 0.4477228703703704 0.21711373379629628 0.4486661921296296
3 0.1582415300925926 0.6166486064814815 0.1510623402777778 0.6120999768518518 0.14915851157407406 0.6130432962962963 0.14170673842592593 0.6136958634259259 0.1398029074074074 0.6146391828703704 0.13936677546296294 0.6229610949074074 0.14116157175925925 0.6240982523148149 0.15595608333333336 0.6248736018518519 0.15785991435185184 0.6239302800925927 0.1582415300925926 0.6166486064814815
3 0.15329327083333336 0.6049152222222222 0.13849875925925925 0.6041398726851852 0.13844424305555555 0.6051801134259259 0.1380081111111111 0.613502025462963 0.13985742361111111 0.6135989444444445 0.1435560509259259 0.6137927800925925 0.14545988194444445 0.6128494606481482 0.15307520370370373 0.6090761782407407 0.1531297222222222 0.6080359375 0.15329327083333336 0.6049152222222222
3 0.14447433333333334 0.6670388125000001 0.14632364583333335 0.6671357291666666 0.1555156990740741 0.6686605624999999 0.15741953009259257 0.6677172407407407 0.1611726736111111 0.666870837962963 0.16122719212962963 0.665830599537037 0.16514388425925924 0.6618634791666667 0.1618268726851852 0.6543879699074074 0.15997756018518516 0.6542910509259259 0.15448413425925925 0.6529600555555555 0.15258030324074076 0.6539033773148148 0.1432247013888889 0.6554992638888889 0.14317018518518518 0.6565395023148148 0.13919897453703703 0.6615468611111112 0.14099377083333334 0.6626840185185185 0.14447433333333334 0.6670388125000001
3 0.17237759027777777 0.6653718703703704 0.17422690509259262 0.6654687893518518 0.18907593287037036 0.6652038981481482 0.1909797638888889 0.6642605763888889 0.19489645833333333 0.6602934583333334 0.18989368287037037 0.6496003125 0.18804436805555558 0.6495033935185185 0.17879779861111111 0.6490188009259259 0.1768939675925926 0.6499621203703704 0.16558001851851853 0.6535415671296296 0.16552550231481483 0.6545818055555556 0.16693868287037036 0.663000636574074 0.16873347916666667 0.6641377939814815 0.17237759027777777 0.6653718703703704
3 0.21175834953703704 0.6570047662037036 0.21366218055555558 0.6560614467592593 0.2174153263888889 0.6552150439814816 0.2174698425925926 0.6541748055555556 0.2176333912037037 0.6510540879629629 0.2104542037037037 0.6465054583333334 0.2085503726851852 0.6474487777777779 0.19739997222222222 0.6479075069444445 0.1954961412037037 0.6488508287037037 0.19533259259259259 0.6519715439814815 0.1971273888888889 0.6531087013888889 0.20621040972222224 0.656714011574074 0.20805972222222222 0.6568109305555555 0.21175834953703704 0.6570047662037036
3 0.20028510185185183 0.6282398819444445 0.20218893287037037 0.6272965625 0.20229796527777777 0.6252160833333333 0.18783055324074074 0.6181993009259259 0.18598124074074074 0.6181023842592593 0.1822280949074074 0.6189487847222223 0.1821735787037037 0.619989025462963 0.18190099537037038 0.6251902199074074 0.18369579166666666 0.6263273773148148 0.1891347013888889 0.6286986111111111 0.1909840162037037 0.6287955300925927 0.20028510185185183 0.6282398819444445
3 0.17803881712962963 0.628117099537037 0.17994264814814814 0.6271737800925926 0.18201002777777778 0.6231097407407407 0.17695273611111112 0.6134568356481481 0.1751034212962963 0.6133599166666666 0.1566102824074074 0.6123907314814815 0.1565557662037037 0.6134309699074074 0.15601059953703705 0.6238333611111111 0.15780539814814815 0.6249705185185185 0.16324430555555555 0.6273417523148148 0.16509362037037037 0.6274386712962964 0.17803881712962963 0.628117099537037
3 0.3182935879629629 0.35800395370370375 0.3201974189814815 0.35706063425925927 0.3295530208333333 0.35546474768518516 0.33145685185185186 0.35452142592592595 0.3371683425925926 0.3516914652777778 0.3372228611111111 0.350651224537037 0.34113955555555553 0.3466841064814815 0.34119407175925925 0.34564386574074074 0.3416302037037037 0.3373219537037037 0.32906662268518516 0.32936185185185185 0.3272173078703704 0.32926493287037034 0.3087786851851852 0.3272555092592593 0.3087241689814815 0.3282957476851852 0.30812448611111115 0.3397383796296296 0.30622065509259255 0.3406816990740741 0.3017587962962963 0.35505121064814815 0.3035535925925926 0.3561883680555556 0.3182935879629629 0.35800395370370375
3 0.8027840856481482 0.6316519189814814 0.8045788819444445 0.6327890763888889 0.8116490393518518 0.6394181851851852 0.8134983518518518 0.6395151041666667 0.8319369745370371 0.6415245277777778 0.8338408055555555 0.6405812060185185 0.8581544699074074 0.6366399513888888 0.8582089861111112 0.6355997106481481 0.8620711643518518 0.6326728310185185 0.8621256805555555 0.6316325925925925 0.862398263888889 0.6264313958333333 0.8517385138888889 0.6175279722222222 0.849889199074074 0.6174310532407407 0.8408061805555556 0.6138257453703704 0.8389568657407408 0.6137288263888889 0.8204092106481482 0.6137998819444443 0.8185053796296295 0.6147432013888889 0.7995761064814815 0.6220959305555556 0.7995215902777778 0.6231361689814814 0.8027840856481482 0.6316519189814814
3 0.7820600162037037 0.6378674907407408 0.7838548125 0.6390046481481482 0.7947871458333333 0.6427068749999999 0.7966364606481482 0.6428037939814815 0.8133348032407407 0.6426358217592593 0.8026205347222223 0.6347726365740741 0.802675050925926 0.6337323981481482 0.8014254212962962 0.622192849537037 0.7996306226851851 0.6210556921296296 0.7848361111111111 0.6202803425925927 0.7847815949074074 0.6213205833333333 0.7787430046296295 0.6303919791666667 0.7786884861111111 0.6314322175925926 0.7820600162037037 0.6378674907407408
3 0 0.7395067638888889 0.010879092592592591 0.7393126921296296 0.012782923611111111 0.7383693726851852 0.015013854166666667 0.7311846157407408 0.006039865740740741 0.7254988287037037 0.004136037037037037 0.726442150462963 0 0.7271476782407407 0 0.7395067638888889
3 0.05015081712962963 0.7330260671296296 0.05205464814814815 0.7320827453703704 0.054340094907407405 0.7238577523148148 0.04901021990740741 0.7194060393518519 0.04716090740740741 0.7193091226851851 0.03606502314814815 0.718727611111111 0.03416119212962963 0.7196709328703704 0.028286150462962963 0.725621611111111 0.02823163425925926 0.726661849537037 0.029862881944444444 0.730919724537037 0.03165767824074074 0.7320568819444445 0.05015081712962963 0.7330260671296296
3 0.021274761574074073 0.6824872152777778 0.02317859259259259 0.6815438958333333 0.028944601851851853 0.6776736944444445 0.028999118055555554 0.6766334560185185 0.029489766203703707 0.6672713032407408 0.020297715277777777 0.6657464722222223 0.01839388425925926 0.6666897916666668 0.007188967592592592 0.6681887592592592 0.007134449074074074 0.669229 0.006752833333333334 0.6765106736111112 0.008547631944444445 0.6776478310185184 0.015726819444444446 0.6821964606481481 0.01757613425925926 0.6822933796296297 0.021274761574074073 0.6824872152777778
3 0.04183528240740741 0.6793923634259259 0.043684597222222225 0.6794892800925927 0.04923253703703704 0.679780037037037 0.051136368055555555 0.6788367152777778 0.05684786111111111 0.6760067546296297 0.05690237731481482 0.6749665138888888 0.05701140972222222 0.672886037037037 0.04831000694444444 0.6619990532407407 0.04646069212962963 0.6619021342592594 0.046242627314814815 0.6660630902777778 0.044393312500000004 0.6659661736111111 0.033188395833333335 0.6674651412037037 0.03313387962962963 0.6685053796296296 0.032806777777777775 0.6747468148148149 0.03460157638888889 0.6758839722222222 0.04183528240740741 0.6793923634259259
3 0 0.6766986203703703 0.006752833333333334 0.6765106736111112 0.006807349537037037 0.6754704328703703 0.0072434837962962965 0.6671485208333334 0.0019136087962962965 0.6626968101851852 0.00006429398148148149 0.6625998912037038 0 0.6625965208333333 0 0.6766986203703703
3 0.015194407407407406 0.5862037083333334 0.01704372222222222 0.5863006273148148 0.03379658101851852 0.5850924143518518 0.035700412037037034 0.5841490949074074 0.03950807175925926 0.5822624513888889 0.03956258796296296 0.581222212962963 0.03967162268518519 0.5791417361111111 0.03249243287037037 0.5745931041666666 0.030643118055555554 0.5744961875 0.014053810185185187 0.5725836805555556 0.012149979166666667 0.5735270023148148 0.008396835648148148 0.5743734050925926 0.00834231712962963 0.5754136435185185 0.006165905092592593 0.5815581597222222 0.007960701388888889 0.5826953171296296 0.015194407407407406 0.5862037083333334
1 1 0.32288203935185184 0.8878941875 0.28855269907407405 0.8767119282407407 0.2825425601851852 0.8732531736111111 0.27777167129629626 0.9025134722222222 0.2537492824074074 0.9334935185185186 0.22168087037037038 0.9159854305555556 0.21606937731481482 0.916213974537037 0.21524687962962966 0.8675710648148148 0.26234899074074075 0.8523077106481481 0.2705196990740741 0.8382034351851851 0.2742658402777778 0.7183700162037037 0.250253 0.7056382083333333 0.28442516898148146 0.7518161157407407 0.2914348726851852 0.8678091643518518 0.31795849537037035 0.9878803287037037 0.3551268055555556 1 0.3340082986111111 1 0.32288203935185184
0 0.40296175925925926 0.7522462731481482 0.3909315902777778 0.7411848356481481 0.38479026851851855 0.7451396782407408 0.3961188726851852 0.7554341782407407 0.3998216759259259 0.7661635069444445 0.39651931944444446 0.7725619421296296 0.38588470138888886 0.7808709236111111 0.34512177083333334 0.7943810717592592 0.3467643472222222 0.7948843935185186 0.3619224189814815 0.8028761597222223 0.40769442824074076 0.7928621226851852 0.4683641041666667 0.7851934861111111 0.46110986574074075 0.7714616759259258 0.4602342754629629 0.7704770023148149 0.41512064120370373 0.7785436597222223 0.40899107175925925 0.7751974421296296 0.40296175925925926 0.7522462731481482
0 0.33295265740740737 0.35428688888888893 0.3411537847222222 0.3641045578703704 0.34389419444444447 0.37196708796296296 0.3419731597222222 0.3803154907407407 0.336125375 0.3857460509259259 0.31511279166666667 0.3939283842592593 0.32488604861111114 0.40205518055555556 0.3817707199074074 0.38876407870370366 0.3802380277777778 0.37908726851851854 0.35171455555555553 0.3819734212962963 0.3510415231481481 0.3700468518518519 0.34426030555555553 0.35790447685185184 0.33733691898148144 0.35201322916666666 0.33295265740740737 0.35428688888888893
0 0.7743773217592592 0.29616378240740737 0.7848572430555556 0.26249945601851854 0.5909007453703704 0.21979002546296297 0.5706416921296297 0.24897808333333332 0.5720175601851851 0.25103207175925923 0.6398143865740741 0.2736738148148148 0.6638646712962962 0.28891172453703706 0.6737515601851852 0.30194703009259255 0.6990435486111111 0.3041070023148148 0.6900813148148148 0.29112015740740743 0.6914366527777778 0.28295072916666664 0.7080968333333333 0.28351092361111113 0.7743773217592592 0.29616378240740737