2 0.8544814814814815 0.42993750000000003 0.8055925925925926 0.41029166666666667 0.6530925925925927 0.3389166666666667 0.6251481481481482 0.3159895833333333 0.4935925925925926 0.2930729166666667 0.3131481481481482 0.24788541666666666 0.1292222222222222 0.19419791666666666 0.1257222222222222 0.22496875 0.1781111111111111 0.24527083333333333 0.21653703703703703 0.2380625 0.2374814814814815 0.26557291666666666 0.3201481481481481 0.285875 0.42957407407407405 0.31795833333333334 0.5005740740740741 0.33367708333333335 0.6065185185185186 0.3585520833333333 0.7462222222222222 0.4181458333333334 0.8090740740740741 0.44827083333333334 0.8804005740740741 0.44955742824074074 0.8544814814814815 0.42928125 0.8544814814814815 0.42993750000000003
2 0.9053703703703704 0.47061458333333334 0.8756666666666667 0.4923333333333333 0.9356666666666668 0.548125 0.9980370370370371 0.623625 0.9992222222222222 0.5644895833333333 0.9707037037037037 0.5260729166666667 0.9053703703703704 0.47061458333333334
2 0.2366111111111111 1 0.28003703703703703 0.9988958333333334 0.13357407407407407 0.9307187499999999 0.002259259259259259 0.8778750000000001 0.00024074074074074072 0.8977604166666666 0.03459259259259259 0.9159375 0.06892592592592593 0.9273020833333333 0.2366111111111111 1
3 0.7333333333333334 0.23541666666666666 0.7351851851851853 0.234375 0.7518518518518519 0.23229166666666665 0.7537037037037038 0.23125 0.7888888888888889 0.21666666666666665 0.7888888888888889 0.215625 0.8 0.2 0.8 0.19895833333333335 0.8037037037037037 0.19375 0.8037037037037037 0.19270833333333334 0.8037037037037037 0.17291666666666666 0.8018518518518518 0.171875 0.7981481481481482 0.1625 0.7962962962962963 0.16145833333333334 0.7870370370370371 0.15 0.7851851851851852 0.14895833333333333 0.7722222222222223 0.14166666666666666 0.7703703703703704 0.14166666666666666 0.7574074074074074 0.13749999999999998 0.7555555555555555 0.13749999999999998 0.7481481481481481 0.13541666666666666 0.7462962962962962 0.13541666666666666 0.7296296296296296 0.134375 0.7277777777777777 0.13541666666666666 0.7166666666666667 0.13541666666666666 0.7148148148148148 0.13645833333333335 0.6962962962962963 0.13854166666666667 0.6944444444444444 0.13958333333333334 0.674074074074074 0.146875 0.674074074074074 0.14791666666666667 0.6592592592592593 0.15625 0.6592592592592593 0.15729166666666666 0.65 0.16666666666666666 0.65 0.16770833333333335 0.6425925925925926 0.18333333333333335 0.6425925925925926 0.184375 0.6425925925925926 0.19791666666666666 0.6462962962962963 0.20625 0.6481481481481481 0.20729166666666665 0.6574074074074074 0.215625 0.6592592592592593 0.21666666666666665 0.6870370370370371 0.23125 0.688888888888889 0.23125 0.7074074074074075 0.23541666666666666 0.7092592592592593 0.23541666666666666 0.7333333333333334 0.23541666666666666
3 0.8333333333333334 0.265625 0.8351851851851853 0.26458333333333334 0.8462962962962963 0.26145833333333335 0.8462962962962963 0.2604166666666667 0.8277777777777778 0.2552083333333333 0.825925925925926 0.25416666666666665 0.8092592592592593 0.24583333333333335 0.8092592592592593 0.24479166666666666 0.7888888888888889 0.22291666666666665 0.7870370370370371 0.22291666666666665 0.7722222222222223 0.225 0.7703703703703704 0.22604166666666667 0.7537037037037038 0.23333333333333334 0.7537037037037038 0.234375 0.7518518518518519 0.23854166666666665 0.7629629629629631 0.25104166666666666 0.7648148148148147 0.2520833333333333 0.7759259259259259 0.2583333333333333 0.7777777777777778 0.2583333333333333 0.8 0.26666666666666666 0.8018518518518518 0.26666666666666666 0.8185185185185185 0.2677083333333333 0.8203703703703703 0.26666666666666666 0.8333333333333334 0.265625
3 0.8814814814814815 0.2583333333333333 0.8833333333333334 0.2583333333333333 0.8944444444444444 0.2583333333333333 0.8962962962962963 0.2572916666666667 0.924074074074074 0.25 0.9259259259259259 0.24895833333333334 0.9444444444444444 0.23958333333333334 0.9444444444444444 0.23854166666666665 0.9555555555555556 0.23020833333333335 0.9555555555555556 0.22916666666666666 0.9592592592592593 0.22604166666666667 0.9592592592592593 0.225 0.9592592592592593 0.21041666666666667 0.9611111111111111 0.209375 0.9648148148148148 0.19270833333333334 0.9629629629629629 0.19166666666666665 0.9537037037037037 0.178125 0.9518518518518518 0.17708333333333334 0.9425925925925925 0.17083333333333334 0.9407407407407407 0.17083333333333334 0.9296296296296297 0.165625 0.9277777777777778 0.165625 0.9074074074074074 0.16145833333333334 0.9055555555555556 0.16145833333333334 0.8740740740740741 0.1625 0.8722222222222222 0.16354166666666667 0.8407407407407407 0.16979166666666665 0.8388888888888888 0.17083333333333334 0.8185185185185185 0.18229166666666666 0.8185185185185185 0.18333333333333335 0.8018518518518518 0.20104166666666665 0.8018518518518518 0.20208333333333334 0.7925925925925925 0.22083333333333335 0.7981481481481482 0.23229166666666665 0.8 0.23333333333333334 0.8074074074074075 0.24270833333333333 0.8092592592592593 0.24375 0.8314814814814815 0.2552083333333333 0.8333333333333334 0.2552083333333333 0.8555555555555556 0.26145833333333335 0.8574074074074074 0.26145833333333335 0.8814814814814815 0.2583333333333333
3 0.9851851851851853 0.29270833333333335 0.9870370370370369 0.2916666666666667 0.9962962962962962 0.29062499999999997 0.9962962962962962 0.2895833333333333 0.9981481481481481 0.25416666666666665 0.9962962962962962 0.253125 0.975925925925926 0.24270833333333333 0.975925925925926 0.24166666666666667 0.9611111111111111 0.23020833333333335 0.9592592592592593 0.23125 0.9203703703703704 0.253125 0.9185185185185185 0.253125 0.8944444444444444 0.25937499999999997 0.8925925925925926 0.2604166666666667 0.8888888888888888 0.2625 0.8888888888888888 0.2635416666666667 0.8888888888888888 0.2677083333333333 0.9092592592592593 0.2864583333333333 0.9111111111111112 0.28750000000000003 0.9259259259259259 0.29270833333333335 0.9277777777777778 0.29270833333333335 0.9425925925925925 0.2947916666666667 0.9444444444444444 0.2947916666666667 0.9592592592592593 0.2947916666666667 0.9611111111111111 0.29375 0.9851851851851853 0.29270833333333335
3 0.9777777777777777 0.18333333333333335 0.9777777777777777 0.184375 0.9666666666666667 0.19583333333333333 0.9666666666666667 0.196875 0.9629629629629629 0.20520833333333335 0.9629629629629629 0.20625 0.9629629629629629 0.22604166666666667 0.975925925925926 0.240625 0.9777777777777777 0.24166666666666667 0.9944444444444445 0.25104166666666666 0.9962962962962962 0.25104166666666666 0.9981481481481481 0.25 0.9981481481481481 0.24895833333333334 0.9981481481481481 0.17291666666666666 0.9962962962962962 0.17291666666666666 0.9777777777777777 0.18333333333333335
3 0.9333333333333333 0.4083333333333333 0.9333333333333333 0.40729166666666666 0.9351851851851852 0.3947916666666667 0.9333333333333333 0.39375 0.9166666666666666 0.3875 0.9148148148148147 0.3875 0.8944444444444444 0.3854166666666667 0.8925925925925926 0.3864583333333333 0.8851851851851852 0.3885416666666667 0.8851851851851852 0.38958333333333334 0.8722222222222222 0.4041666666666667 0.8759259259259259 0.409375 0.8777777777777778 0.4104166666666667 0.8851851851851852 0.4125 0.887037037037037 0.4125 0.9074074074074074 0.415625 0.9092592592592593 0.415625 0.9203703703703704 0.4145833333333333 0.9222222222222222 0.4135416666666667 0.9333333333333333 0.4083333333333333
3 0.8685185185185185 0.421875 0.8685185185185185 0.42083333333333334 0.8740740740740741 0.4135416666666667 0.8740740740740741 0.4125 0.8722222222222222 0.40520833333333334 0.8703703703703703 0.4041666666666667 0.862962962962963 0.396875 0.8611111111111112 0.396875 0.8481481481481481 0.3947916666666667 0.8462962962962963 0.3947916666666667 0.8296296296296296 0.3947916666666667 0.8277777777777778 0.3958333333333333 0.8222222222222222 0.396875 0.8203703703703703 0.3979166666666667 0.811111111111111 0.4041666666666667 0.811111111111111 0.40520833333333334 0.8092592592592593 0.4083333333333333 0.8148148148148148 0.4114583333333333 0.8166666666666667 0.4114583333333333 0.8351851851851853 0.4114583333333333 0.8370370370370371 0.4125 0.8462962962962963 0.4145833333333333 0.8481481481481481 0.415625 0.8611111111111112 0.42291666666666666 0.862962962962963 0.42291666666666666 0.8685185185185185 0.421875
3 0.9611111111111111 0.3864583333333333 0.9592592592592593 0.3864583333333333 0.95 0.3875 0.9481481481481482 0.3885416666666667 0.9407407407407407 0.3927083333333333 0.9407407407407407 0.39375 0.9370370370370371 0.396875 0.9370370370370371 0.3979166666666667 0.9351851851851852 0.40625 0.9370370370370371 0.409375 0.938888888888889 0.409375 0.9518518518518518 0.4135416666666667 0.9537037037037037 0.4135416666666667 0.9574074074074075 0.4125 0.9574074074074075 0.4114583333333333 0.9629629629629629 0.39166666666666666 0.9629629629629629 0.390625 0.9611111111111111 0.3864583333333333
3 0.11481481481481481 0.04375 0.11666666666666667 0.042708333333333334 0.14074074074074072 0.034374999999999996 0.1425925925925926 0.034374999999999996 0.15185185185185185 0.03333333333333333 0.1537037037037037 0.03229166666666666 0.16481481481481483 0.02395833333333333 0.16481481481481483 0.02291666666666667 0.1685185185185185 0.015625 0.1685185185185185 0.014583333333333334 0.16481481481481483 0.009375 0.16296296296296298 0.009375 0.1425925925925926 0.003125 0.14074074074074072 0.0020833333333333333 0.14074074074074072 0.0010416666666666667 0.1388888888888889 0.0010416666666666667 0.012962962962962963 0.0010416666666666667 0.012962962962962963 0.0020833333333333333 0.012962962962962963 0.003125 0.016666666666666666 0.013541666666666665 0.018518518518518517 0.014583333333333334 0.03333333333333333 0.03125 0.03518518518518518 0.03229166666666666 0.053703703703703705 0.042708333333333334 0.05555555555555555 0.042708333333333334 0.06666666666666667 0.04479166666666667 0.06851851851851852 0.04479166666666667 0.11481481481481481 0.04375
3 0 0.06979166666666667 0.027777777777777776 0.06979166666666667 0.02962962962962963 0.06874999999999999 0.040740740740740744 0.06354166666666666 0.040740740740740744 0.0625 0.05555555555555555 0.051041666666666666 0.05555555555555555 0.05 0.053703703703703705 0.04479166666666667 0.05185185185185185 0.04375 0.03518518518518518 0.035416666666666666 0.03518518518518518 0.034374999999999996 0.020370370370370372 0.02291666666666667 0.020370370370370372 0.021875 0.012962962962962963 0.0125 0.012962962962962963 0.011458333333333334 0.009259259259259259 0.0010416666666666667 0.007407407407407408 0.0010416666666666667 0 0.0010416666666666667 0 0.0020833333333333333 0 0.06979166666666667
3 0.29814814814814816 0.0375 0.3 0.036458333333333336 0.3351851851851852 0.030208333333333334 0.337037037037037 0.029166666666666667 0.35 0.025 0.35185185185185186 0.02395833333333333 0.3666666666666667 0.007291666666666667 0.3666666666666667 0.00625 0.36851851851851847 0.0010416666666666667 0.3666666666666667 0.0010416666666666667 0.22962962962962963 0.0010416666666666667 0.22962962962962963 0.0020833333333333333 0.22962962962962963 0.003125 0.23703703703703705 0.014583333333333334 0.2388888888888889 0.015625 0.2574074074074074 0.029166666666666667 0.25925925925925924 0.029166666666666667 0.2722222222222222 0.035416666666666666 0.2740740740740741 0.035416666666666666 0.28148148148148144 0.0375 0.2833333333333333 0.0375 0.29814814814814816 0.0375
3 0.6388888888888888 1 0.6388888888888888 0.9989583333333334 0.6333333333333334 0.990625 0.6314814814814815 0.9895833333333334 0.6092592592592593 0.975 0.6092592592592593 0.9739583333333334 0.6055555555555556 0.9677083333333334 0.6037037037037037 0.9666666666666667 0.5944444444444444 0.959375 0.5925925925925926 0.9583333333333334 0.5851851851851853 0.9541666666666666 0.5833333333333334 0.9541666666666666 0.5648148148148148 0.9489583333333333 0.5629629629629629 0.9489583333333333 0.5444444444444444 0.9510416666666667 0.5425925925925926 0.9520833333333334 0.5296296296296297 0.9552083333333333 0.5277777777777778 0.95625 0.5166666666666666 0.9625 0.5166666666666666 0.9635416666666666 0.5092592592592593 0.9708333333333333 0.5092592592592593 0.971875 0.5055555555555555 0.9791666666666666 0.5055555555555555 0.9802083333333333 0.5037037037037037 0.9927083333333334 0.5074074074074074 0.9958333333333333 0.5092592592592593 0.9958333333333333 0.5148148148148148 0.9979166666666667 0.5148148148148148 0.9989583333333334 0.5148148148148148 1 0.5166666666666666 1 0.6388888888888888 1
3 0.7148148148148148 1 0.7148148148148148 0.9989583333333334 0.6925925925925925 0.9739583333333334 0.6907407407407407 0.9729166666666667 0.6870370370370371 0.9708333333333333 0.6851851851851852 0.9708333333333333 0.6592592592592593 0.9645833333333333 0.6574074074074074 0.9645833333333333 0.6333333333333334 0.9625 0.6314814814814815 0.9614583333333334 0.6148148148148148 0.95625 0.612962962962963 0.95625 0.6074074074074074 0.95625 0.6055555555555556 0.9572916666666667 0.6037037037037037 0.9583333333333334 0.6037037037037037 0.959375 0.6018518518518519 0.9666666666666667 0.6222222222222222 0.9770833333333334 0.6222222222222222 0.978125 0.6222222222222222 0.9864583333333333 0.6240740740740741 0.9875 0.6333333333333334 0.9947916666666666 0.6333333333333334 0.9958333333333333 0.6351851851851852 1 0.637037037037037 1 0.7148148148148148 1
3 0.8074074074074075 1 0.8074074074074075 0.9989583333333334 0.7925925925925925 0.9864583333333333 0.7907407407407407 0.9854166666666666 0.7722222222222223 0.9760416666666666 0.7703703703703704 0.9760416666666666 0.7537037037037038 0.9739583333333334 0.7518518518518519 0.975 0.7425925925925926 0.975 0.7407407407407407 0.9760416666666666 0.725925925925926 0.98125 0.725925925925926 0.9822916666666667 0.7222222222222222 0.9864583333333333 0.7222222222222222 0.9875 0.7222222222222222 0.996875 0.7240740740740741 1 0.725925925925926 1 0.8074074074074075 1
3 0.7962962962962963 0.8854166666666666 0.7962962962962963 0.884375 0.7962962962962963 0.8802083333333334 0.7944444444444444 0.8791666666666667 0.7870370370370371 0.865625 0.7851851851851852 0.865625 0.7796296296296297 0.8635416666666667 0.7777777777777778 0.8635416666666667 0.7555555555555555 0.8645833333333334 0.7537037037037038 0.865625 0.7444444444444445 0.878125 0.7444444444444445 0.8791666666666667 0.7444444444444445 0.8875 0.7555555555555555 0.8958333333333334 0.7574074074074074 0.8958333333333334 0.7648148148148147 0.8979166666666666 0.7666666666666666 0.8979166666666666 0.7814814814814816 0.896875 0.7833333333333333 0.8958333333333334 0.7888888888888889 0.89375 0.7907407407407407 0.8927083333333333 0.7962962962962963 0.8854166666666666
3 0.8018518518518518 0.834375 0.8 0.8333333333333334 0.7962962962962963 0.8302083333333333 0.7944444444444444 0.8302083333333333 0.774074074074074 0.8302083333333333 0.774074074074074 0.83125 0.7685185185185185 0.8385416666666666 0.7685185185185185 0.8395833333333333 0.7685185185185185 0.853125 0.7851851851851852 0.8604166666666666 0.7870370370370371 0.8604166666666666 0.7944444444444444 0.859375 0.7962962962962963 0.8583333333333334 0.8037037037037037 0.8552083333333333 0.8037037037037037 0.8541666666666666 0.8 0.8458333333333333 0.8 0.8447916666666666 0.8018518518518518 0.834375
3 0.811111111111111 0.859375 0.8092592592592593 0.8583333333333334 0.8018518518518518 0.8572916666666667 0.8 0.8583333333333334 0.7925925925925925 0.8625 0.7925925925925925 0.8635416666666667 0.7907407407407407 0.8666666666666666 0.7981481481481482 0.8822916666666666 0.8 0.8833333333333334 0.811111111111111 0.8875 0.8129629629629629 0.8875 0.825925925925926 0.8885416666666667 0.825925925925926 0.8875 0.8185185185185185 0.86875 0.8166666666666667 0.8677083333333334 0.811111111111111 0.859375
3 0.8777777777777778 0.6875 0.8759259259259259 0.6885416666666666 0.8740740740740741 0.6895833333333333 0.8740740740740741 0.690625 0.8740740740740741 0.6989583333333333 0.8833333333333334 0.7041666666666666 0.8851851851851852 0.7041666666666666 0.8925925925925926 0.703125 0.8925925925925926 0.7020833333333334 0.8962962962962963 0.69375 0.8962962962962963 0.6927083333333334 0.8944444444444444 0.6895833333333333 0.8925925925925926 0.6885416666666666 0.8777777777777778 0.6875
3 0.8518518518518519 0.6885416666666666 0.85 0.6895833333333333 0.8481481481481481 0.6989583333333333 0.8555555555555556 0.703125 0.8574074074074074 0.703125 0.8703703703703703 0.7010416666666667 0.8722222222222222 0.7 0.8722222222222222 0.690625 0.8703703703703703 0.6895833333333333 0.8666666666666666 0.6875 0.8648148148148148 0.6875 0.8518518518518519 0.6885416666666666
3 0.8481481481481481 0.6927083333333334 0.8462962962962963 0.6916666666666667 0.8370370370370371 0.6875 0.8351851851851853 0.6875 0.8277777777777778 0.6885416666666666 0.825925925925926 0.6895833333333333 0.8203703703703703 0.6916666666666667 0.8203703703703703 0.6927083333333334 0.8185185185185185 0.696875 0.8222222222222222 0.7010416666666667 0.8240740740740741 0.7020833333333334 0.8277777777777778 0.703125 0.8296296296296296 0.703125 0.8407407407407407 0.703125 0.8425925925925926 0.7020833333333334 0.8481481481481481 0.6989583333333333 0.8481481481481481 0.6979166666666666 0.8481481481481481 0.6927083333333334
3 0.85 0.7041666666666666 0.8481481481481481 0.7041666666666666 0.8425925925925926 0.7041666666666666 0.8407407407407407 0.7052083333333333 0.8351851851851853 0.7072916666666667 0.8333333333333334 0.70625 0.8277777777777778 0.7052083333333333 0.825925925925926 0.70625 0.825925925925926 0.7104166666666666 0.8314814814814815 0.715625 0.8333333333333334 0.715625 0.8444444444444444 0.7177083333333334 0.8462962962962963 0.7166666666666667 0.8537037037037037 0.7135416666666666 0.8537037037037037 0.7125 0.8555555555555556 0.7072916666666667 0.8537037037037037 0.70625 0.85 0.7041666666666666
3 0.8759259259259259 0.7020833333333334 0.8740740740740741 0.7020833333333334 0.8592592592592593 0.7041666666666666 0.8574074074074074 0.7052083333333333 0.8574074074074074 0.7125 0.862962962962963 0.715625 0.8648148148148148 0.715625 0.8722222222222222 0.715625 0.8740740740740741 0.7145833333333333 0.8833333333333334 0.7104166666666666 0.8833333333333334 0.709375 0.8833333333333334 0.70625 0.8814814814814815 0.7052083333333333 0.8759259259259259 0.7020833333333334
3 0.6851851851851852 0.9104166666666667 0.6833333333333333 0.9104166666666667 0.6759259259259259 0.9104166666666667 0.674074074074074 0.9114583333333334 0.6703703703703704 0.9135416666666666 0.6703703703703704 0.9145833333333334 0.6703703703703704 0.9197916666666667 0.674074074074074 0.925 0.6759259259259259 0.925 0.688888888888889 0.9260416666666667 0.688888888888889 0.925 0.6944444444444444 0.9197916666666667 0.6944444444444444 0.91875 0.6944444444444444 0.915625 0.6925925925925925 0.9145833333333334 0.6851851851851852 0.9104166666666667
3 0.7055555555555556 0.91875 0.7037037037037037 0.91875 0.6962962962962963 0.91875 0.6944444444444444 0.9197916666666667 0.6907407407407407 0.9229166666666666 0.6907407407407407 0.9239583333333333 0.6907407407407407 0.9291666666666666 0.6962962962962963 0.934375 0.6981481481481482 0.934375 0.7092592592592593 0.9354166666666667 0.7092592592592593 0.934375 0.7148148148148148 0.928125 0.7148148148148148 0.9270833333333334 0.7129629629629629 0.9208333333333334 0.7111111111111111 0.9208333333333334 0.7055555555555556 0.91875
3 0.7518518518518519 0.90625 0.75 0.90625 0.7425925925925926 0.90625 0.7407407407407407 0.9072916666666666 0.7333333333333334 0.9114583333333334 0.7333333333333334 0.9125 0.7314814814814815 0.9166666666666666 0.7388888888888888 0.921875 0.7407407407407407 0.921875 0.7537037037037038 0.921875 0.7555555555555555 0.9208333333333334 0.7592592592592593 0.9197916666666667 0.7592592592592593 0.91875 0.7592592592592593 0.9114583333333334 0.7574074074074074 0.9104166666666667 0.7518518518518519 0.90625
3 0.5648148148148148 0.8520833333333334 0.5629629629629629 0.8520833333333334 0.5574074074074075 0.85 0.5555555555555556 0.85 0.5481481481481482 0.85 0.5462962962962963 0.8510416666666666 0.5444444444444444 0.8541666666666666 0.5481481481481482 0.8614583333333333 0.5499999999999999 0.8625 0.5555555555555556 0.8677083333333334 0.5574074074074075 0.8677083333333334 0.5703703703703704 0.8666666666666666 0.5703703703703704 0.865625 0.5722222222222222 0.859375 0.5703703703703704 0.8583333333333334 0.5648148148148148 0.8520833333333334
3 0.5740740740740741 0.8572916666666667 0.5740740740740741 0.8583333333333334 0.5740740740740741 0.8677083333333334 0.5796296296296296 0.8708333333333333 0.5814814814814815 0.8708333333333333 0.5907407407407407 0.86875 0.5925925925925926 0.8677083333333334 0.5962962962962963 0.865625 0.5962962962962963 0.8645833333333334 0.5944444444444444 0.8583333333333334 0.5925925925925926 0.8572916666666667 0.5740740740740741 0.8572916666666667
3 0.8518518518518519 0.07708333333333332 0.85 0.07604166666666667 0.8425925925925926 0.06874999999999999 0.8407407407407407 0.06874999999999999 0.8296296296296296 0.06874999999999999 0.8277777777777778 0.06979166666666667 0.8222222222222222 0.07291666666666667 0.8222222222222222 0.07395833333333333 0.8166666666666667 0.07916666666666668 0.8166666666666667 0.08020833333333333 0.8166666666666667 0.08541666666666667 0.8222222222222222 0.08958333333333333 0.8240740740740741 0.08958333333333333 0.8277777777777778 0.090625 0.8296296296296296 0.08958333333333333 0.8462962962962963 0.08541666666666667 0.8481481481481481 0.084375 0.8518518518518519 0.08229166666666667 0.8518518518518519 0.08125 0.8518518518518519 0.07708333333333332
3 0.8703703703703703 0.05625 0.8685185185185185 0.057291666666666664 0.8555555555555556 0.06041666666666667 0.8537037037037037 0.06145833333333334 0.8481481481481481 0.06458333333333333 0.8481481481481481 0.065625 0.8462962962962963 0.07083333333333333 0.8555555555555556 0.07916666666666668 0.8574074074074074 0.07916666666666668 0.887037037037037 0.07604166666666667 0.887037037037037 0.075 0.8907407407407407 0.07187500000000001 0.8907407407407407 0.07083333333333333 0.8907407407407407 0.06145833333333334 0.8888888888888888 0.06041666666666667 0.8703703703703703 0.05625
1 0.05574074074074074 0.26927083333333335 0.06277777777777778 0.28583333333333333 0.19462962962962962 0.2657291666666667 0.24148148148148146 0.265625 0.3159259259259259 0.2836458333333333 0.32037037037037036 0.2836458333333333 0.34425925925925926 0.25604166666666667 0.287962962962963 0.24010416666666665 0.26092592592592595 0.23020833333333335 0.2374074074074074 0.22541666666666665 0.1338888888888889 0.19291666666666668 0.11796296296296296 0.22489583333333332 0.17648148148148146 0.2465625 0.05574074074074074 0.26927083333333335
1 0.4514814814814815 0.42531250000000004 0.4722222222222222 0.42635416666666665 0.46277777777777773 0.3646875 0.46351851851851855 0.34479166666666666 0.46796296296296297 0.3336458333333333 0.47574074074074074 0.32833333333333337 0.48000000000000004 0.32833333333333337 0.5059259259259259 0.33166666666666667 0.5662962962962963 0.3438541666666666 0.5688888888888889 0.3423958333333333 0.5688888888888889 0.33791666666666664 0.5831481481481481 0.315625 0.5677777777777778 0.30802083333333335 0.36518518518518517 0.2646875 0.35055555555555556 0.29333333333333333 0.4153703703703704 0.309375 0.4274074074074074 0.315625 0.4514814814814815 0.42531250000000004
0 0.5781481481481481 0.3045833333333334 0.5642592592592592 0.30927083333333333 0.5535185185185185 0.3088541666666667 0.4974074074074074 0.29354166666666665 0.48370370370370375 0.32916666666666666 0.5781481481481481 0.34854166666666664 0.6311111111111111 0.3651041666666667 0.6705555555555556 0.34822916666666665 0.6727777777777777 0.345 0.6248148148148148 0.31645833333333334 0.6148148148148148 0.29583333333333334 0.6305555555555555 0.26895833333333335 0.6624074074074074 0.23645833333333335 0.6833333333333333 0.22729166666666667 0.6620370370370371 0.22062500000000002 0.6105555555555555 0.2607291666666667 0.5781481481481481 0.3045833333333334
0 0.7855555555555556 0.3725 0.8011111111111111 0.3619791666666667 0.7951851851851851 0.35239583333333335 0.745925925925926 0.37145833333333333 0.7487037037037036 0.3798958333333334 0.7498148148148148 0.38166666666666665 0.7703703703703704 0.37625 0.7764814814814814 0.37947916666666665 0.7801851851851852 0.390625 0.7888888888888889 0.40145833333333336 0.8001851851851852 0.40479166666666666 0.7883333333333333 0.39468749999999997 0.7844444444444444 0.38 0.7855555555555556 0.3725