2 0.4379544189814815 0.4840503078703704 0.49046075 0.8550128796296297 0.4898928125 0.8601901550925926 0.5179165185185185 0.9987248402777779 0.5691259351851852 0.9910115300925926 0.5744680162037037 0.9925141226851851 0.5105894351851852 0.6632336412037036 0.4653978611111111 0.39854128703703706 0.44908097453703705 0.2568141226851852 0.4009707083333333 0.12313753472222222 0.3493318981481482 0.02223830092592593 0.2974641851851852 0.03401656481481482 0.3785089930555556 0.18351073148148148 0.4379544189814815 0.4840503078703704
3 0.4204364212962963 0.1567494722222222 0.4214622638888889 0.15656858796296297 0.4441689560185185 0.1713689814814815 0.4451947986111111 0.17118809953703704 0.45647905324074073 0.16919837962962964 0.4571833240740741 0.16719377777777777 0.4657727569444444 0.16191839120370372 0.466477025462963 0.15991378935185185 0.4765361296296296 0.14497715972222222 0.4762145578703704 0.14315344212962963 0.48088401157407407 0.12164547453703704 0.4805624398148148 0.11982175694444444 0.47990337499999997 0.08609041435185186 0.4795818055555556 0.08426669675925925 0.4757229560185185 0.06238207870370371 0.4743755439814815 0.06073924537037037 0.4656479305555556 0.04723480092592593 0.464622087962963 0.047415685185185186 0.46192726388888894 0.04413001620370371 0.46090142361111114 0.04431090046296297 0.45339896296296295 0.04375336574074074 0.45237312037037036 0.04393425 0.4065318287037037 0.05389772685185185 0.40518441666666666 0.052254891203703704 0.3987077962962963 0.05151647453703703 0.3951864444444444 0.06153948148148149 0.3955080138888889 0.06336320138888889 0.39435991435185186 0.07484815972222221 0.39468148379629625 0.07667187731481481 0.3997654861111111 0.1115034050925926 0.40111289814814816 0.11314623842592592 0.40869241203703705 0.1381356412037037 0.4100398240740741 0.13977847685185185 0.4204364212962963 0.1567494722222222
3 0.4529577013888889 0.17922138657407405 0.45014061805555555 0.1872397939814815 0.4507837592592593 0.19088722916666667 0.45213117129629626 0.19253006481481483 0.4507226296296296 0.19653926851851852 0.449696787037037 0.19672015046296296 0.44758397685185186 0.2027339560185185 0.4465581342592593 0.20291484027777779 0.44514959259259257 0.20692404166666667 0.44412375231481477 0.20710492592592594 0.4434194814814815 0.2091095277777778 0.44663518750000003 0.22734670833333334 0.447982599537037 0.2289895439814815 0.4490084421296296 0.22880865972222222 0.4503558541666667 0.23045149305555557 0.4513816944444444 0.23027061111111113 0.45272910648148146 0.23191344444444445 0.4537549490740741 0.23173256250000002 0.45510236111111113 0.23337539583333336 0.45715404398148146 0.23301362962962965 0.45850145601851855 0.23465646296296297 0.4615789791666667 0.23411381250000002 0.4629263912037037 0.23575664814814815 0.4660039166666667 0.2352139976851852 0.46735132870370366 0.23685683101851854 0.47042885185185185 0.23631418055555556 0.4717762638888889 0.23795701620370371 0.4738279467592592 0.2375952476851852 0.4751753587962963 0.23923808333333335 0.47825288425925927 0.23869543287037037 0.4796002962962963 0.24033826620370372 0.48267781944444443 0.23979561574074074 0.48402523148148147 0.2414384513888889 0.4850510740740741 0.24125756712962965 0.4857553449074074 0.23925296527777778 0.4844079328703704 0.23761013194444444 0.4840863611111111 0.23578641435185185 0.481391537037037 0.23250074305555554 0.4810699675925926 0.23067702546296295 0.4783751435185185 0.22739135648148145 0.4780535717592593 0.2255676388888889 0.47535874768518516 0.22228196990740742 0.4750371759259259 0.22045825231481483 0.47234235185185186 0.21717258333333334 0.4720207824074074 0.21534886574074075 0.4666311342592593 0.20877752546296297 0.46560529166666664 0.2089584097222222 0.4602156435185185 0.20238707175925924 0.4591898032407407 0.2025679560185185 0.4564949768518518 0.19928228703703704 0.45585183564814813 0.19563484953703705 0.4565561064814815 0.1936302476851852 0.4586077893518518 0.19326848148148149 0.45931206018518517 0.19126387962962962 0.4634154259259259 0.1905403449074074 0.46411969675925924 0.18853574537037035 0.4825848425925926 0.18527984027777777 0.4839322546296296 0.18692267592592593 0.4880356203703704 0.1861991412037037 0.4893830324074074 0.18784197685185186 0.4965639212962963 0.18657579166666666 0.4979113333333334 0.188218625 0.502014699074074 0.1874950925925926 0.5027189699074074 0.18549049074074073 0.5037448125 0.18530960648148145 0.5044490833333333 0.18330500462962965 0.4909749606481481 0.1668766597222222 0.48994912037037036 0.16705754398148148 0.48860170833333333 0.16541470833333333 0.48757586574074074 0.1655955925925926 0.4862284537037037 0.16395275694444444 0.4852026134259259 0.1641336412037037 0.48385520138888893 0.16249080555555556 0.4787259930555556 0.16339522453703703 0.4773785810185185 0.16175238888888888 0.4712235347222222 0.16283768981481483 0.4705192638888889 0.16484229166666667 0.46641589814814816 0.1655658263888889 0.4657116273148148 0.16757042824074073 0.4605824189814815 0.1684748449074074 0.45987814814814815 0.17047944675925925 0.4578264652777778 0.17084121527777776 0.4564179236111111 0.17485041666666667 0.4553920833333333 0.17503130092592592 0.45398354166666666 0.17904050462962964 0.4529577013888889 0.17922138657407405
3 0.4993702152777778 0.40044880555555556 0.5003960578703703 0.4002679236111111 0.5085416597222222 0.4044728935185185 0.5095675000000001 0.40429200925925923 0.5177742314814815 0.4028449398148148 0.5184785023148147 0.40084034027777776 0.5225818680555556 0.40011680555555557 0.5232861388888889 0.3981122037037037 0.5287980462962962 0.3933794652777778 0.5295023171296296 0.3913748657407407 0.5375708657407408 0.3711479652777778 0.5372492939814815 0.36932424768518524 0.5387800949074074 0.3540109699074074 0.5384585231481481 0.35218725 0.5345996759259259 0.33030263425925926 0.5332522638888889 0.3286597986111111 0.5256116203703703 0.3093224351851852 0.5242642083333333 0.30767959953703705 0.5168840046296297 0.2958179907407408 0.5158581643518518 0.295998875 0.5073909907407407 0.28997018750000003 0.5063651504629629 0.29015107175925925 0.4909775300925926 0.2928643240740741 0.48130112731481484 0.30397263194444446 0.4805968564814815 0.30597723379629627 0.4746411203703704 0.32019032870370373 0.4749626898148148 0.3220140462962963 0.4736312037037037 0.35045511805555557 0.47395277314814815 0.352278837962963 0.47678578009259254 0.37434433796296296 0.4781331921296296 0.3759871712962963 0.4993702152777778 0.40044880555555556
3 0.3905380486111111 0.3651066828703704 0.39124231944444443 0.3631020833333333 0.3936767013888889 0.3589119953703704 0.39335513194444444 0.3570882777777778 0.39444210185185186 0.3512553564814815 0.39412053240740746 0.3494316388888889 0.3921911064814815 0.3384893310185185 0.3908436944444444 0.33684649537037037 0.38577561805555555 0.332098875 0.38474977546296296 0.3322797592592593 0.38167225231481483 0.3328224097222222 0.37648191435185185 0.3393788657407408 0.37680348611111114 0.34120258333333336 0.37905448148148146 0.35396860879629627 0.3804018935185185 0.3556114444444444 0.3813666041666667 0.36108259722222225 0.3827140162037037 0.36272543287037035 0.38406142824074074 0.3643682662037037 0.38508727083333333 0.36418738425925923 0.3905380486111111 0.3651066828703704
3 0.3858367476851852 0.326446837962963 0.3855151759259259 0.3246231203703704 0.3815951990740741 0.3083905416666667 0.38024778703703704 0.3067477060185185 0.37582284953703704 0.30564752314814814 0.37165835416666665 0.31202309490740743 0.3719799259259259 0.3138468125 0.3719187962962963 0.31949884953703706 0.37224036805555555 0.32132256712962964 0.3768646157407407 0.33555054398148143 0.3778904560185185 0.33536966203703705 0.3844282060185185 0.3304560416666667 0.38513247685185187 0.3284514398148148 0.3858367476851852 0.326446837962963
3 0.37386414351851854 0.3605250648148148 0.3735425740740741 0.3587013472222222 0.37058730787037036 0.3479399212962963 0.3692398958333334 0.346297087962963 0.3583383402777778 0.3444584861111111 0.35546012962962964 0.35812893055555556 0.3557816990740741 0.3599526481481481 0.35642484027777777 0.3636000833333333 0.3577722523148148 0.3652429189814815 0.3652135833333333 0.37145249074074077 0.3662394259259259 0.37127160648148144 0.37239447453703706 0.37018630555555554 0.3730987453703704 0.3681817037037037 0.37386414351851854 0.3605250648148148
3 0.8648353333333333 0.5955053587962963 0.8661827453703703 0.5971481921296297 0.8729198055555556 0.6053623657407408 0.8739456481481481 0.6051814814814814 0.8865773148148148 0.6048345972222222 0.8872815856481482 0.6028299953703703 0.8886901273148148 0.5988207916666667 0.8883685555555556 0.5969970740740741 0.8868218310185185 0.5822264467592593 0.8854744189814815 0.5805836111111111 0.8753993935185185 0.5654363333333333 0.8750778240740741 0.5636126157407407 0.8710967152777778 0.5530320740740741 0.8697493032407407 0.5513892407407407 0.8663502083333333 0.5501081736111111 0.8601340324074074 0.5568455115740741 0.8594297615740741 0.5588501134259259 0.8580212199074074 0.5628593171296297 0.8583427893518518 0.5646830347222223 0.8572558194444445 0.5705159560185186 0.8575773888888889 0.5723396736111112 0.8614973680555555 0.5885722523148148 0.8628447800925926 0.590215087962963 0.8648353333333333 0.5955053587962963
3 0.8928998263888889 0.5567092754629629 0.8915524143518518 0.5550664421296296 0.8720455046296296 0.5284193217592593 0.871019662037037 0.5286002060185185 0.8679421388888889 0.5291428564814814 0.8710967152777778 0.5530320740740741 0.8724441273148149 0.5546749097222222 0.8794416296296297 0.5703648379629629 0.8804674722222222 0.5701839537037037 0.8968198055555555 0.5729418564814815 0.8964982337962963 0.5711181365740741 0.8965593634259259 0.565466099537037 0.8952119513888889 0.5638232662037037 0.8928998263888889 0.5567092754629629
3 0.8537796712962963 0.5448030185185185 0.854805511574074 0.5446221365740741 0.8619864027777778 0.5433559513888889 0.8626906736111111 0.5413513495370371 0.8664724675925926 0.5388040972222222 0.867176738425926 0.5367994953703703 0.8672989976851851 0.5254954189814816 0.8669774259259259 0.523671701388889 0.8653084444444444 0.5202051504629629 0.8639610324074073 0.5185623148148149 0.8444541203703703 0.4919151944444444 0.8434282800925926 0.4920960787037037 0.8376559305555555 0.48935306018518515 0.833108736111111 0.4995569513888889 0.8334303055555556 0.5013806689814815 0.8330476064814816 0.5052089884259259 0.833369175925926 0.5070327083333334 0.8356201712962963 0.5197987337962963 0.8369675833333333 0.5214415694444444 0.8419134027777778 0.5374932638888889 0.8432608148148149 0.539136099537037 0.8537796712962963 0.5448030185185185
3 0.8382060949074074 0.4384847199074074 0.8378845231481482 0.4366610023148148 0.8359550995370371 0.42571869444444443 0.8346076875 0.4240758587962963 0.8272274861111112 0.41221425 0.8262016435185185 0.4123951342592593 0.8200465949074074 0.4134804351851852 0.8183164837962963 0.4156659212962963 0.8186380532407407 0.4174896388888889 0.8218537615740741 0.4357268194444444 0.8232011736111111 0.43736965509259257 0.8288512638888889 0.4514167476851852 0.8301986759259259 0.45305958333333335 0.8349451828703705 0.45598348379629633 0.8356494537037037 0.4539788819444444 0.8382060949074074 0.4384847199074074
3 0.8152682407407407 0.35038871990740744 0.8139208287037036 0.34874588657407407 0.7971857939814814 0.34981630324074076 0.7969412777777778 0.3724244560185185 0.7972628472222222 0.37424817361111107 0.8011828263888888 0.39048075231481477 0.802530238425926 0.39212358564814814 0.820291113425926 0.39087228472222224 0.8199695416666666 0.38904856712962965 0.8204133703703703 0.3795682083333333 0.8200918009259259 0.37774449074074073 0.8152682407407407 0.35038871990740744
3 0.807306025462963 0.3292276388888889 0.8080102962962963 0.32722303703703703 0.8132006342592594 0.3206665810185185 0.8128790625 0.31884286342592594 0.8119143495370371 0.31337170833333333 0.8105669375 0.311728875 0.8013954953703704 0.3077047870370371 0.8003696527777777 0.3078856712962963 0.7908155092592593 0.30768990509259264 0.7890853981481482 0.3098753912037037 0.7894069699074074 0.31169910879629625 0.7965426527777778 0.3461688680555555 0.7978900648148148 0.34781170370370373 0.8116087037037037 0.34163189814814815 0.812312974537037 0.3396272962962963 0.8113482615740741 0.33415614120370374 0.8103224212962963 0.33433702546296296 0.807306025462963 0.3292276388888889
3 0.8596105810185185 0.41590633564814816 0.8603148518518519 0.4139017337962963 0.8627492337962963 0.40971164814814814 0.8624276643518519 0.40788793055555556 0.8653058773148148 0.3942174861111111 0.8649843055555556 0.3923937685185185 0.8620901689814815 0.37598030555555556 0.8607427569444445 0.3743374699074074 0.8543883958333333 0.3622949768518518 0.8533625555555555 0.36247586111111113 0.8448953819444444 0.35644717361111106 0.8438695416666667 0.3566280578703704 0.839766175925926 0.3573515925925926 0.836305951388889 0.3617225625 0.8366275208333334 0.3635462800925926 0.8385569467592592 0.3744885879629629 0.8399043587962963 0.3761314236111111 0.8481270138888889 0.4047682615740741 0.8494744259259259 0.4064110949074074 0.8544813750000001 0.4168107523148148 0.8555072152777777 0.41662987037037036 0.8596105810185185 0.41590633564814816
3 0.8985155023148148 0.3846008935185185 0.8971680902777778 0.3829580578703704 0.8931258518518519 0.3780295555555555 0.892100011574074 0.3782104375 0.8869708055555555 0.37911485648148147 0.883449451388889 0.38913786342592593 0.8837710208333334 0.39096158101851847 0.8860220162037037 0.40372760879629627 0.8873694282407407 0.40537044212962964 0.8986536851851852 0.403380724537037 0.8993579537037036 0.4013761226851852 0.9014707662037037 0.39536231712962966 0.9011491967592592 0.39353859953703707 0.8985155023148148 0.3846008935185185
3 0.8837550972222222 0.36087767592592596 0.8827292569444445 0.3610585601851852 0.8721492708333334 0.3610436759259259 0.8724097129629629 0.3685194328703703 0.873757125 0.3701622662037037 0.881458898148148 0.3838475925925926 0.8824847384259259 0.38366671064814817 0.8883793449074074 0.37510565277777774 0.8880577754629629 0.3732819351851852 0.8887620462962963 0.37127733333333335 0.8874146342592591 0.3696344976851852 0.8837550972222222 0.36087767592592596
3 0.9579608749999999 0.7577246782407407 0.9576393055555555 0.7559009606481482 0.9428018472222222 0.707745875 0.9414544351851852 0.7061030393518519 0.9363863587962963 0.7013554189814815 0.9353605162037036 0.7015363032407408 0.9302313101851851 0.7024407199074074 0.9183809652777777 0.7252148726851851 0.9187025370370371 0.7270385902777777 0.9212751018518518 0.7416283356481481 0.9226225138888888 0.7432711689814815 0.945390337962963 0.752419525462963 0.9467377499999999 0.7540623587962962 0.9538575092592593 0.7584482129629629 0.9548833518518519 0.7582673287037037 0.9579608749999999 0.7577246782407407
3 0.8366326574074073 0.6155216087962962 0.8390670393518519 0.6113315208333333 0.8404144513888888 0.6129743564814815 0.845038699074074 0.6272023333333334 0.8447171296296296 0.6253786157407407 0.8481773541666667 0.6210076458333333 0.8502901643518519 0.6149938402777778 0.8483607407407407 0.6040515324074074 0.8429710925925926 0.5974801944444444 0.8385461574074073 0.5963800092592593 0.8341823495370371 0.589627787037037 0.8291142708333333 0.5848801666666666 0.8268021481481481 0.5777661782407407 0.8254547361111112 0.5761233449074075 0.8234030532407408 0.5764851111111111 0.8175084444444445 0.5850461689814815 0.8191162986111111 0.5941647592592593 0.8184120277777778 0.5961693611111111 0.8220104351851851 0.6105782222222222 0.8233578472222222 0.6122210555555555 0.824000988425926 0.6158684907407407 0.830738048611111 0.6240826643518518 0.8327897314814815 0.6237208981481481 0.837536238425926 0.6266447986111111 0.8382405092592592 0.6246401990740741 0.8366326574074073 0.6155216087962962
3 0.8991319282407407 0.5800558449074074 0.8977845162037037 0.5784130092592592 0.8961155347222223 0.5749464560185186 0.8950896921296296 0.5751273402777778 0.8920121689814815 0.5756699907407408 0.8898993564814816 0.5816837962962963 0.8902209259259259 0.5835075138888889 0.8893943981481482 0.5968161898148148 0.8897159675925926 0.5986399097222223 0.8940186458333333 0.6110441689814815 0.895044488425926 0.6108632847222223 0.8974788703703703 0.6066731990740741 0.8971572986111112 0.6048494791666668 0.8991319282407407 0.5800558449074074
3 0.3241984189814815 0.534759400462963 0.3249026898148148 0.5327547986111111 0.3286844837962963 0.5302075486111111 0.32938875462962963 0.5282029467592593 0.331241125 0.5147133865740741 0.3309195555555555 0.5128896666666667 0.3276427199074074 0.5003045254629629 0.32629530787037037 0.49866168981481485 0.323278912037037 0.49355230324074073 0.32225307175925927 0.49373318749999995 0.3134031990740741 0.49153281944444444 0.30783016203703706 0.5019175925925926 0.30815173148148145 0.5037413125 0.30463037962962963 0.5137643194444445 0.304951949074074 0.515588037037037 0.31124518055555556 0.5332825671296296 0.3125925925925926 0.5349254027777778 0.317339099537037 0.5378493032407408 0.31804337037037034 0.535844701388889 0.3241984189814815 0.534759400462963
3 0.30631528472222225 0.5473147777777778 0.3070195555555556 0.5453101759259259 0.3118883217592593 0.5369300046296297 0.3115667523148148 0.5351062847222222 0.3029002662037037 0.5159498032407407 0.3018744259259259 0.5161306875 0.28584366203703704 0.5151965046296296 0.28405242129629626 0.5230340277777779 0.28437399305555555 0.5248577453703704 0.2859818449074074 0.5339763356481482 0.28732925694444444 0.5356191712962963 0.2943878888888889 0.5456570601851852 0.29541372916666664 0.5454761782407408 0.3001602361111111 0.5484000787037038 0.3011860787037037 0.5482191967592592 0.30631528472222225 0.5473147777777778
3 0.3198027638888889 0.46783936574074075 0.3187769212962963 0.46802025 0.3164036689814815 0.46655829861111114 0.3111522037037037 0.4787667916666667 0.3114737731481481 0.4805905092592593 0.3127600555555556 0.4878853819444444 0.31410746759259256 0.4895282175925926 0.3263564351851852 0.49300965277777775 0.3270607060185185 0.49100505092592595 0.3255139837962963 0.4762344236111111 0.3241665717592593 0.4745915879629629 0.3198027638888889 0.46783936574074075
3 0.4164789398148148 0.5542158287037037 0.4161573703703704 0.5523921111111111 0.4126200925925926 0.5323312129629629 0.41159425 0.5325120949074074 0.40511763194444445 0.5317736782407407 0.3995445949074074 0.5421584537037037 0.3998661666666667 0.5439821712962962 0.4017344606481481 0.5605765185185185 0.4030818726851852 0.5622193518518519 0.4084715208333333 0.5687906898148148 0.4094973634259259 0.5686098078703703 0.4146265694444444 0.5677053888888889 0.4153308402777778 0.5657007870370371 0.4164789398148148 0.5542158287037037
3 0.4316061203703704 0.5440268194444444 0.43263196296296297 0.5438459375 0.43776116898148143 0.5429415185185186 0.4384654398148148 0.5409369166666667 0.4416040925925926 0.5347422291666667 0.44128252314814814 0.5329185115740741 0.4416652222222222 0.5290901921296296 0.4413436527777778 0.5272664745370371 0.4367805324074074 0.5073864583333333 0.4354331203703704 0.505743625 0.4290176296296296 0.4993531689814815 0.42799178935185184 0.49953405324074074 0.4181160740740741 0.4975145694444445 0.4145947222222222 0.5075375763888889 0.4149162916666667 0.5093612939814816 0.41620257407407407 0.5166561666666666 0.4175499861111111 0.518299 0.4226180648148148 0.5230466203703704 0.4229396365740741 0.5248703402777778 0.42519062962962967 0.5376363657407407 0.42653804166666665 0.5392792013888889 0.4316061203703704 0.5440268194444444
3 0.42912653240740745 0.5839528518518519 0.4304739444444444 0.5855956851851852 0.436001775462963 0.6109468541666666 0.4373491875 0.6125896898148149 0.4468422013888889 0.6184374930555556 0.44754647222222227 0.6164328912037037 0.4532417685185185 0.5947440416666666 0.45292019675925926 0.592920324074074 0.4505310185185185 0.5613744652777778 0.45020944907407406 0.5595507476851852 0.4469937407407407 0.5413135671296296 0.44564632870370374 0.5396707337962963 0.4429515046296296 0.5363850648148148 0.4373784699074074 0.546769837962963 0.4360310578703704 0.5451270046296296 0.42852859722222225 0.5445694699074074 0.42718118518518516 0.542926636574074 0.42583377083333335 0.5412838009259259 0.42480793055555555 0.5414646851851852 0.4223735486111111 0.5456547731481481 0.42269511805555554 0.5474784907407407 0.42912653240740745 0.5839528518518519
3 0.46218461805555555 0.6514601851851851 0.46288888888888885 0.6494555833333334 0.4636542893518519 0.6417989444444444 0.46333271759259254 0.6399752268518518 0.4588918564814815 0.608791136574074 0.4575444444444444 0.607148300925926 0.45241523842592596 0.6080527199074074 0.4481896134259259 0.6200803287037038 0.4485111851851852 0.6219040462962964 0.449736337962963 0.6348509560185185 0.45108375 0.6364937916666668 0.45403901620370374 0.6472552152777779 0.4553864282407407 0.6488980509259259 0.4580812523148148 0.6521837199074073 0.4591070925925926 0.6520028356481482 0.46218461805555555 0.6514601851851851
3 0.8033459768518518 0.6007063310185186 0.8026417060185186 0.6027109328703704 0.8036064189814816 0.608182087962963 0.8049538310185185 0.6098249212962963 0.8134821342592593 0.6102015717592593 0.8173861875 0.5963502430555556 0.8144920509259259 0.5799367800925926 0.8131446388888889 0.5782939467592593 0.8105109444444445 0.5693562407407408 0.8064687083333333 0.5644277361111111 0.7905987291666667 0.5644054120370371 0.7887078333333334 0.565679037037037 0.7873604212962962 0.5640362037037037 0.783578625 0.5665834560185184 0.7821700833333333 0.5705926597222222 0.7831347962962963 0.5760638125 0.7861511921296297 0.581173199074074 0.7895502870370371 0.5824542685185186 0.7889071458333333 0.5788068310185186 0.7896114143518518 0.5768022291666667 0.8008345416666667 0.5804645486111111 0.8024423958333334 0.5895831388888889 0.801738125 0.5915877407407407 0.8033459768518518 0.6007063310185186
3 0.9324663796296296 0.6851228402777778 0.933170650462963 0.6831182384259259 0.9309807847222222 0.664700175925926 0.9296333726851851 0.6630573402777777 0.9273212476851852 0.6559433518518518 0.9259738356481481 0.6543005162037038 0.9232790115740741 0.6510148472222221 0.9222531712962962 0.6511957314814815 0.9137248680555556 0.6508190810185185 0.9082129629629629 0.6555518194444445 0.9085345324074074 0.657375537037037 0.9078302615740741 0.6593801388888889 0.9081518333333334 0.6612038564814815 0.9144450648148149 0.6788983865740741 0.9157924768518518 0.6805412222222222 0.9222079652777778 0.6869316759259259 0.9232338078703703 0.6867507916666666 0.9324663796296296 0.6851228402777778
3 0.5776449444444445 0.6104167986111112 0.5773233726851852 0.6085930810185185 0.5747508078703704 0.5940033356481481 0.5734033958333333 0.5923605023148147 0.5707697013888888 0.5834227939814814 0.5694222893518519 0.5817799606481482 0.5657016226851852 0.5786751736111111 0.5563467916666667 0.5916072013888889 0.5566683611111111 0.5934309189814816 0.5579546458333333 0.6007257916666666 0.5593020578703704 0.6023686273148149 0.5684123703703704 0.6120447499999999 0.5694382129629629 0.6118638657407408 0.5748889907407407 0.6127831666666667 0.5755932615740741 0.6107785648148147 0.5776449444444445 0.6104167986111112
3 0.5779665138888889 0.6122405162037038 0.5769406736111111 0.6124214004629629 0.5718114652777777 0.6133258171296296 0.5716892083333334 0.6246298935185186 0.5730366203703704 0.6262727268518519 0.5763745856481481 0.6332058333333334 0.5774004259259259 0.633024949074074 0.5849028865740741 0.6335824837962962 0.5856071574074074 0.6315778819444445 0.587015699074074 0.6275686782407407 0.585668287037037 0.6259258425925927 0.5779665138888889 0.6122405162037038
3 0.6062462453703703 0.6166561342592592 0.6059246736111111 0.6148324166666667 0.604959960648148 0.6093612638888888 0.6036125486111111 0.6077184282407407 0.5925116828703704 0.5927520347222222 0.5927721226851852 0.6002277893518518 0.5920678518518518 0.6022323912037038 0.5884242407407407 0.6235594745370371 0.5894500810185185 0.6233785902777778 0.5968914143518519 0.629588162037037 0.5979172546296296 0.6294072800925926 0.6040723032407407 0.6283219768518519 0.6037507314814815 0.6264982592592593 0.6062462453703703 0.6166561342592592
3 0.5908134189814814 0.6551053333333333 0.5918392592592593 0.6549244490740741 0.5952383541666667 0.6562055162037036 0.5965857662037037 0.6578483518518519 0.5982547500000001 0.6613149027777778 0.5992805902777777 0.6611340208333333 0.6047313680555555 0.6620533194444443 0.605435638888889 0.6600487199074074 0.6096001342592593 0.6536731481481481 0.6092785625 0.6518494282407408 0.6062621689814814 0.6467400416666668 0.6059405972222223 0.6449163240740741 0.6037507314814815 0.6264982592592593 0.6024033194444444 0.6248554259259259 0.6002905092592592 0.6308692291666667 0.5992646666666667 0.631050113425926 0.5972129837962963 0.6314118796296296 0.5958655717592592 0.6297690462962963 0.5907974930555555 0.6250214259259259 0.5904759236111111 0.6231977083333333 0.5898327824074074 0.6195502708333334 0.5863725578703703 0.6239212430555555 0.5866941273148149 0.6257449606481481 0.5873372708333333 0.6293923958333333 0.586633 0.6313969976851852 0.5841986157407407 0.6355870833333334 0.5845201875 0.6374108032407407 0.5874754537037037 0.6481722268518518 0.5888228657407407 0.6498150625 0.5908134189814814 0.6551053333333333
1 0.5095229652777777 0.24747286342592592 0.4814040208333333 0.24396910416666667 0.44729214814814816 0.2328721273148148 0.44136646296296295 0.2190616712962963 0.4327491388888889 0.2079823263888889 0.3947556111111111 0.10768573148148147 0.3626167222222222 0.14137093750000002 0.38217012268518513 0.19527594444444443 0.4015691064814815 0.2603026550925926 0.4164820254629629 0.32988121990740743 0.4318214606481482 0.4420701041666667 0.47794312499999997 0.4408951643518519 0.47726941898148145 0.4400737453703704 0.4622932662037037 0.34794129629629633 0.4610572222222222 0.32653441666666666 0.46360163888888883 0.3121706620370371 0.4794376087962963 0.2964034583333333 0.4988350532407408 0.2858375717592593 0.6006431597222223 0.2795446574074074 0.597457761574074 0.24588269212962963 0.5095229652777777 0.24747286342592592