2 1 0.5766910578703703 0.7782600069444444 0.4240829537037037 0.7757472893518519 0.42567497453703707 0.7373197222222222 0.42841904629629635 0.48376899999999995 0.3601369537037037 0.43593591435185186 0.35325591435185183 0.4282069560185185 0.3543911388888889 0.36529169675925927 0.3534116944444445 0.0627065462962963 0.3296318541666667 0 0.3233156180555556 0 0.3544482523148148 0.21415078009259259 0.38156871990740737 0.4081182569444444 0.385067875 0.4463730717592593 0.3931810578703704 0.4883093101851852 0.3936953240740741 0.5296370879629629 0.40029143518518523 0.5755403611111111 0.4163485486111111 0.6320874560185185 0.42673667129629633 0.8406365532407407 0.5138581180555556 1 0.6236282962962962 1 0.5766910578703703
2 0.38174709027777776 0.005719819444444445 0.3815676111111111 0.005833534722222223 0.30866237731481483 0.06545998148148148 0.2058590763888889 0.1348937800925926 0.1408656064814815 0.17564278935185185 0.15338182407407408 0.18093248842592594 0.25079110416666667 0.12534162962962964 0.3651129675925926 0.042161157407407404 0.40845353472222223 0.005780527777777778 0.38174709027777776 0.005719819444444445
2 0.30566153472222224 0.5778817893518519 0.3153169791666667 0.5851989907407407 0.399987375 0.5271464606481482 0.46122012500000004 0.4677145023148148 0.5099257523148149 0.40278479629629627 0.49168756481481485 0.3980035902777778 0.4289674375 0.48213056712962965 0.37556510416666666 0.5246712314814815 0.30566153472222224 0.5778817893518519
2 0.8627649467592592 0 0.7909144675925925 0.08524797685185186 0.7539924074074074 0.12379565509259259 0.753230875 0.12341832870370371 0.7502858518518519 0.14860697916666668 0.7696688125000001 0.12923266666666666 0.8821467407407408 0 0.8627649467592592 0
2 1 0.7170162708333334 0.9845709699074073 0.7161857893518518 0.976676136574074 0.8309228842592593 0.9759105787037037 0.9330821226851852 0.9557636087962963 0.976800613425926 0.9830571319444444 0.9739098865740741 0.9866022638888888 0.9637103703703703 0.9927100254629629 0.9599480601851852 1 0.9485978611111112 1 0.7170162708333334
2 1 0.5263064861111112 0.9951058078703704 0.4819801342592593 0.9946780277777778 0.45258724074074075 0.9740415347222222 0.40558202083333333 0.962370175925926 0.32441494907407403 0.9190371111111111 0.33263158564814815 0.9815811851851852 0.5494470879629629 0.9838603287037038 0.5504750486111111 1 0.5546717407407408 1 0.5263064861111112
2 0.2864970162037037 0.8314197476851852 0.27334543055555555 0.7892377407407407 0.23790522222222224 0.7569858379629629 0.19986514814814815 0.7706621111111112 0.23850285416666667 0.7966964814814815 0.35532222916666667 0.9027070787037036 0.3583515763888889 0.9003578148148148 0.3767235046296296 0.8864605902777778 0.34862646296296296 0.8563272800925925 0.31809600231481483 0.8540678564814814 0.31822889120370373 0.8282964166666666 0.3128318958333334 0.8173138217592593 0.2994937546296296 0.806956025462963 0.30409863425925926 0.8346696712962962 0.2864970162037037 0.8314197476851852
3 0.9005754074074075 0.32358540046296297 0.9023702037037038 0.32244824305555553 0.9279880162037037 0.31589018750000003 0.9297828148148148 0.3147530300925926 0.9531151782407408 0.2999699837962963 0.9530606620370371 0.2989297430555556 0.9618165833333334 0.289083 0.9617620671296296 0.28804276157407405 0.9685051226851852 0.2751722175925926 0.9684506064814814 0.27413197916666665 0.9675783402777779 0.25748815277777776 0.9656745092592592 0.25654483333333333 0.9574595046296296 0.24132891898148148 0.9555556736111112 0.24038559953703706 0.9289020462962964 0.2271791087962963 0.9270527314814815 0.22727602777777778 0.9139439837962963 0.22483374074074072 0.9120946712962963 0.22493065740740742 0.8879990717592592 0.2251503587962963 0.8862042754629629 0.22628751620370371 0.869560449074074 0.22715978240740742 0.8677656527777777 0.22829693981481483 0.8493815462962963 0.23134660185185185 0.8475867476851852 0.23248375925925926 0.8402985254629629 0.23495191203703703 0.8385037291666667 0.23608906944444444 0.8224050694444445 0.24736372685185185 0.8205557546296296 0.24746064583333333 0.7970598402777779 0.25912297453703703 0.7971143564814815 0.26016321527777775 0.7979321064814814 0.2757668009259259 0.7961373078703703 0.27690395833333337 0.7964644074074074 0.28314539351851853 0.7946696111111111 0.2842825509259259 0.7913525995370371 0.2917580625 0.7914071157407407 0.2927983009259259 0.79184325 0.301120212962963 0.8016895023148147 0.3120782523148148 0.8035933333333333 0.31302157175925927 0.8226861550925926 0.3234950185185185 0.8245354675925926 0.323398099537037 0.8470543356481482 0.32847651157407404 0.848903650462963 0.32837959490740737 0.882191300925926 0.3266350625 0.8839860972222223 0.3254979050925926 0.9005754074074075 0.32358540046296297
3 0.7248360648148149 0.331752412037037 0.726630863425926 0.33061525462962965 0.7358229143518519 0.3290904236111111 0.737617712962963 0.32795326620370374 0.7539889560185186 0.3218798032407407 0.7557837523148149 0.32074264583333334 0.7755265231481482 0.3082339143518518 0.7754720069444445 0.3071936736111111 0.7861317569444445 0.2982902523148148 0.7860772407407408 0.29725001157407405 0.7945060601851851 0.28116183333333333 0.7944515439814814 0.2801215949074074 0.7915118981481482 0.2594137314814815 0.7896080671296296 0.25847040972222224 0.7875406875000001 0.2544063726851852 0.7856368564814815 0.2534630509259259 0.7721464930555556 0.2437390902777778 0.770242662037037 0.2427957685185185 0.7513133888888889 0.23544304166666666 0.7494640763888889 0.23553995833333335 0.7103013819444444 0.23133381249999999 0.7084520694444444 0.23143072916666668 0.6807123587962963 0.23288450694444443 0.6789175625 0.23402166435185184 0.6386687893518519 0.24447578240740742 0.6368739907407408 0.2456129398148148 0.6350791944444445 0.24675009722222221 0.6351337106481482 0.247790337962963 0.6067985694444444 0.2732665300925926 0.6068530856481481 0.2743067708333333 0.6059850717592593 0.29312799305555554 0.6182258032407408 0.3143915023148148 0.6201296342592593 0.3153348240740741 0.6411808032407408 0.32779182870370366 0.6430301180555555 0.3276949097222222 0.6747955555555556 0.33228873148148147 0.6766448680555556 0.3321918125 0.6970963564814815 0.33320618750000003 0.6989456689814815 0.33310927083333336 0.7248360648148149 0.331752412037037
3 0.5352750069444444 0.28848897916666666 0.5371243217592593 0.2883920625 0.5593160902777777 0.2872290416666667 0.561110886574074 0.28609188194444446 0.5831391041666666 0.2818081435185185 0.5849339027777778 0.28067098611111113 0.5977155486111111 0.2768718402777778 0.5995103472222222 0.2757346828703704 0.6262142407407408 0.25451636342592593 0.6261597245370369 0.253476125 0.6349156435185186 0.2436293796296296 0.6348611273148147 0.2425891412037037 0.636492375 0.2383312662037037 0.6364378587962962 0.2372910277777778 0.6352384930555556 0.2144057662037037 0.633334662037037 0.21346244675925927 0.6212574791666667 0.19531965277777777 0.6193536481481481 0.19437633333333332 0.5965621990740742 0.18409672453703704 0.5947128842592593 0.1841936412037037 0.5722485347222223 0.1801554675925926 0.5703992199074074 0.18025238657407408 0.5426049930555555 0.1806659236111111 0.5408101967592592 0.18180308101851853 0.5169326643518518 0.18618373842592592 0.5151378680555555 0.18732089583333333 0.4897381226851852 0.19803990509259262 0.4879433240740741 0.19917706249999997 0.47369397916666667 0.21035480324074077 0.47374849537037034 0.21139504166666667 0.46336132870370367 0.22549965972222222 0.46341584490740745 0.22653989814814815 0.46216621296296295 0.23807944675925924 0.46037141666666664 0.23921660416666665 0.45874016898148146 0.24347447916666667 0.45879468518518524 0.2445147199074074 0.4592308171296296 0.25283663194444445 0.4654874768518518 0.2660689837962963 0.4673913078703704 0.26701230555555555 0.47517017824074076 0.27390630555555556 0.47707400925925925 0.2748496273148148 0.49225013657407407 0.2813559513888889 0.4940994513888889 0.2812590347222222 0.5129196898148148 0.2865312847222222 0.5147690046296296 0.2864343657407407 0.5352750069444444 0.28848897916666666
3 0.6064799722222222 0.33795519212962966 0.6082747685185185 0.3368180347222222 0.6248640787037038 0.3349055300925926 0.626658875 0.3337683726851852 0.637645726851852 0.33110638425925926 0.6375912083333333 0.3300661435185185 0.6374276597222222 0.3269454259259259 0.6355783449074074 0.3270423449074074 0.6221970138888889 0.31939886111111115 0.6221424976851851 0.31835862268518517 0.6124597962962963 0.31052130092592595 0.6124052800925925 0.3094810625 0.6041902731481481 0.294265150462963 0.6041357569444444 0.2932249097222222 0.6014141782407407 0.2766780046296296 0.5996193796296296 0.27781516203703704 0.5612199189814815 0.2881723611111111 0.5593706064814815 0.2882692800925926 0.5316308958333333 0.28972305555555555 0.529836099537037 0.29086021296296294 0.5290771180555556 0.31176191435185185 0.5331028449074074 0.3178095115740741 0.5350066759259259 0.3187528333333333 0.5446893796296296 0.3265901527777778 0.5465932083333334 0.327533474537037 0.5542085324074074 0.33130675694444445 0.5560578449074074 0.33120983796296294 0.5767819143518519 0.33742540972222224 0.5786312291666666 0.3373284907407407 0.6064799722222222 0.33795519212962966
3 0.766883886574074 0.3556261828703704 0.7686786851851851 0.35448902546296296 0.7905978680555555 0.34812481018518515 0.7923926666666666 0.34698765277777777 0.8032704837962963 0.34224518518518515 0.8050652800925926 0.34110802777777777 0.8157795486111111 0.33324484259259257 0.8157250324074075 0.3322046041666667 0.8208913564814815 0.3246321759259259 0.8189875277777778 0.32368885416666665 0.7960870439814814 0.3113287685185185 0.796032525462963 0.31028852777777777 0.7844459930555556 0.30150788657407407 0.7845005092592593 0.30254812731481484 0.7540434722222222 0.3229200439814815 0.7521941574074075 0.32301696296296295 0.7322333217592593 0.3313647384259259 0.7303840069444445 0.3314616574074074 0.6823018449074074 0.33398153703703704 0.6805070462962962 0.3351186944444444 0.6806160810185184 0.3371991712962963 0.6864911203703704 0.3431498518518519 0.6883949513888888 0.3440931712962963 0.696010275462963 0.3478664537037037 0.697859587962963 0.347769537037037 0.7148850300925926 0.3541789444444444 0.7167343449074074 0.35408202546296297 0.7372403472222222 0.3561366388888889 0.7390896620370371 0.3560397222222222 0.766883886574074 0.3556261828703704
3 0.9545871273148149 0.3280564375 0.956381925925926 0.3269192800925926 0.9671507083333333 0.32009633564814816 0.9670961921296296 0.3190560972222222 0.979496224537037 0.3079752777777778 0.9794417083333333 0.306935037037037 0.9861302476851852 0.2930242546296296 0.9860757314814814 0.29198401620370373 0.9855850810185186 0.2826218657407407 0.9836812500000001 0.28167854398148146 0.9705179861111112 0.2781960162037037 0.9687231898148149 0.2793331736111111 0.9584995717592593 0.2965585092592593 0.9567047731481482 0.29769566898148153 0.9514294143518519 0.30318761805555555 0.9496346180555556 0.30432477546296294 0.9352762384259259 0.3134220370370371 0.9334269259259259 0.31351895601851854 0.917110199074074 0.3206326550925926 0.915260886574074 0.32072957407407404 0.8712044513888889 0.3292970509259259 0.869355136574074 0.3293939699074074 0.8415063935185185 0.3287672685185185 0.8511345810185185 0.335564349537037 0.8529838935185184 0.33546743055555556 0.8624485300925926 0.3391437939814815 0.8642978449074074 0.3390468773148148 0.8829545324074074 0.34119840972222226 0.8848038472222222 0.3411014907407407 0.9069956157407408 0.3399384699074074 0.908790412037037 0.3388013125 0.9545871273148149 0.3280564375
3 0.9723673009259259 0.27809909722222226 0.9855850810185186 0.2826218657407407 0.9855305648148148 0.281581625 0.9819869837962962 0.21396608333333333 0.978724488425926 0.22248183333333332 0.9769296921296297 0.22361899074074074 0.9609945833333333 0.23801436574074072 0.961049099537037 0.23905460416666668 0.9613216828703705 0.24425580092592594 0.9693731365740741 0.25635099537037037 0.9694276550925927 0.2573912337962963 0.9704634699074075 0.2771557777777778 0.9723673009259259 0.27809909722222226
3 0.49097574768518515 0.5401105972222222 0.48907191666666666 0.539167275462963 0.48308784259259263 0.5311361180555556 0.4812385277777778 0.5312330370370371 0.4662259513888889 0.5278474282407407 0.4643766365740741 0.5279443472222222 0.4551300671296296 0.5284289375000001 0.4533352685185185 0.5295660949074074 0.4424029351851852 0.5332683240740741 0.44245745138888887 0.5343085625 0.4371275763888889 0.538760275462963 0.4371820925925926 0.5398005138888889 0.435605363425926 0.5450986273148148 0.4415349212962963 0.5520895462962963 0.44343875231481483 0.5530328657407407 0.45105407407407405 0.556806150462963 0.45290338657407403 0.5567092314814815 0.4733003587962963 0.5566833680555555 0.4750951550925926 0.5555462106481481 0.4877132523148148 0.5486263449074075 0.4876587361111111 0.5475861064814814 0.49097574768518515 0.5401105972222222
3 0.480039162037037 0.508347775462963 0.4782443657407407 0.5094849351851851 0.4673665486111111 0.514227400462963 0.4674210648148148 0.5152676412037037 0.4638859861111111 0.5185821944444444 0.46394050462962966 0.5196224328703704 0.46432212037037035 0.5269041064814814 0.4849371574074074 0.531039199074074 0.4867319537037037 0.5299020416666667 0.49913198611111115 0.5188212222222222 0.5009812986111112 0.5187243032407407 0.5137084305555556 0.5138849189814815 0.511804599537037 0.5129415972222222 0.49853230324074077 0.5073785925925927 0.4966829884259259 0.5074755115740741 0.480039162037037 0.508347775462963
3 0.5462916157407407 0.5340823263888889 0.546237099537037 0.5330420879629629 0.5458009675925927 0.5247201736111111 0.543897136574074 0.5237768541666666 0.5286664907407408 0.516230287037037 0.5268171782407408 0.5163272060185184 0.5101188356481482 0.5161592337962962 0.5083240393518519 0.5172963912037036 0.5009812986111112 0.5187243032407407 0.4991865023148148 0.5198614606481482 0.49559690740740736 0.522135775462963 0.49565142361111114 0.5231760162037037 0.4868409861111111 0.5319825208333333 0.4868955046296296 0.5330227592592592 0.48700453703703706 0.535103238425926 0.4928795787037037 0.5410539166666667 0.49478340972222223 0.541997238425926 0.506151875 0.5466169236111111 0.5080011898148148 0.5465200046296297 0.5264943287037037 0.5455508194444444 0.5282891273148148 0.544413662037037 0.5428655717592592 0.5394773587962963 0.5428110555555555 0.5384371203703704 0.5462916157407407 0.5340823263888889
3 0.5653801875 0.509090724537037 0.5634763564814814 0.5081474027777778 0.5521078912037036 0.5035277175925926 0.5502585763888889 0.5036246365740741 0.5354640648148149 0.5043999837962962 0.5336692685185185 0.5055371412037037 0.5245862476851852 0.5091424513888888 0.5246407638888889 0.5101826898148148 0.5230095162037037 0.5144405648148148 0.5323651203703703 0.5160364513888889 0.534268951388889 0.5169797708333334 0.5456919328703703 0.5226396967592593 0.5475412476851852 0.5225427777777778 0.551239875 0.5223489398148148 0.5530346736111111 0.5212117824074074 0.5639670069444445 0.5175095555555556 0.5639124907407408 0.5164693171296296 0.5653801875 0.509090724537037
3 0.5476502800925926 0.5246232546296297 0.5477047986111111 0.5256634953703704 0.5463461342592593 0.5351225648148148 0.5541795231481481 0.5430568032407407 0.5560288356481481 0.5429598865740741 0.5597274629629629 0.5427660486111111 0.5596729467592593 0.5417258101851852 0.5644576574074074 0.5268717060185185 0.5644031388888889 0.5258314675925926 0.5621722106481482 0.5186467129629629 0.5603228958333334 0.5187436319444445 0.5476502800925926 0.5246232546296297
3 0.902399962962963 0.5707035763888889 0.9004961319444443 0.5697602569444444 0.8890731481481482 0.5641003310185185 0.8872783518518518 0.5652374884259259 0.8782498472222222 0.569883037037037 0.8764005347222222 0.5699799560185185 0.8690577939814815 0.5714078703703703 0.8691123125 0.5724481087962963 0.8692213449074074 0.5745285856481481 0.8769456990740742 0.5803823472222223 0.8787950138888889 0.5802854282407407 0.888096099537037 0.5808410763888889 0.8898908981481481 0.5797039189814815 0.8935895254629629 0.5795100810185185 0.8953843240740741 0.5783729236111111 0.8989739166666667 0.5760986087962963 0.898919400462963 0.5750583703703703 0.902399962962963 0.5707035763888889
3 0.8478975925925926 0.5568703865740741 0.8461027939814815 0.5580075439814814 0.8406638865740741 0.5603787777777778 0.8407184027777779 0.5614190162037037 0.8408819537037038 0.5645397337962963 0.8485517916666666 0.5693532546296297 0.8504011064814816 0.5692563356481481 0.8577983611111111 0.568868662037037 0.8595931597222223 0.5677315046296296 0.8668268634259259 0.5642231134259259 0.8667723472222222 0.563182875 0.8664997638888889 0.5579816805555556 0.8645959351851852 0.5570383587962963 0.8478975925925926 0.5568703865740741
3 0.7898268819444445 0.72263675 0.7897723657407408 0.7215965092592592 0.7893907499999999 0.7143148356481481 0.7874869189814815 0.7133715162037036 0.7794899814814814 0.7023165601851852 0.777586150462963 0.7013732384259259 0.7303217361111111 0.7194967037037038 0.7285269398148148 0.7206338611111112 0.7177036388888889 0.7264165671296297 0.7177581550925927 0.7274568078703704 0.7160723912037037 0.7306744421296296 0.7276589236111112 0.7394550833333333 0.7295627546296296 0.7403984050925926 0.7427805347222223 0.7449211712962963 0.744629849537037 0.7448242523148147 0.7557257337962964 0.7442427430555555 0.7575205300925926 0.7431055856481481 0.7757956041666667 0.7379754444444444 0.777590400462963 0.736838287037037 0.7898268819444445 0.72263675
3 0.7353330138888888 0.7797336527777778 0.7352784976851852 0.7786934143518519 0.7420760717592593 0.7668631111111112 0.7420215532407407 0.7658228726851852 0.7414218703703703 0.7543802407407407 0.7395180416666667 0.7534369212962964 0.733479449074074 0.7443655231481481 0.7315756180555555 0.7434222037037037 0.7163994907407407 0.7369158773148149 0.716344974537037 0.735875638888889 0.7124827962962963 0.7329487569444445 0.7106334814814815 0.7330456759259258 0.7032362268518518 0.7334333495370371 0.7014414282407407 0.7345705069444444 0.6831663564814815 0.7397006481481482 0.6813715578703703 0.7408378055555555 0.6670676967592593 0.7509753055555556 0.6671222129629629 0.7520155439814815 0.6565169791666667 0.7619592060185185 0.6565714953703704 0.7629994467592593 0.6515142037037037 0.7726523541666667 0.655812513888889 0.7839011458333333 0.6577163449074074 0.7848444675925926 0.6728379560185185 0.7903105532407407 0.6746872708333334 0.7902136365740741 0.6914401296296296 0.7914218472222222 0.6932894421296296 0.7913249305555555 0.7117280648148148 0.7893155069444445 0.7135228634259259 0.788178349537037 0.7353330138888888 0.7797336527777778
3 0.5905288564814815 0.8238308842592593 0.6114877476851852 0.8227324768518519 0.6169266550925926 0.8203612430555555 0.6224745972222222 0.8200704861111111 0.6315031018518519 0.8154249375 0.6333524143518519 0.8153280208333333 0.6476017592592592 0.8041502824074074 0.6474927268518519 0.8020698032407407 0.6510278055555555 0.79875525 0.6504826388888889 0.7883528587962964 0.6522774351851852 0.7872157013888889 0.6518413032407407 0.778893787037037 0.6479246087962963 0.7749266689814815 0.6441714652777778 0.7740802662037036 0.6295950185185185 0.7790165694444445 0.6026185416666666 0.7950336944444445 0.6009327777777778 0.7982513287037037 0.5973431828703704 0.8005256435185184 0.5921223425925926 0.8070578356481481 0.5849976689814815 0.8126467037037037 0.5833664212962963 0.8169045787037037 0.581571625 0.8180417361111111 0.5684628773148148 0.815599449074074 0.575424 0.806889861111111 0.5750969004629629 0.8006484259259259 0.5600843217592593 0.7972628171296295 0.5601388379629629 0.7983030578703704 0.549479087962963 0.8072064814814814 0.5488406435185185 0.8127161944444444 0.5535048148148148 0.8132540787037037 0.5535593310185185 0.8142943171296296 0.5572579606481481 0.8141004814814815 0.5593253402777778 0.8181645185185185 0.5482021990740741 0.8182259097222222 0.5469253078703704 0.829245337962963 0.5525277662037037 0.8299948217592593 0.5524187337962962 0.8279143449074075 0.5612291712962962 0.8191078379629629 0.5649277986111111 0.8189140023148148 0.5667225949074074 0.8177768449074074 0.5723795717592592 0.8195665671296296 0.5800494097222222 0.8243800902777778 0.5799403773148148 0.822299611111111 0.5817351736111112 0.8211624537037038 0.5905288564814815 0.8238308842592593
3 0.5314765972222223 0.8175378171296296 0.5332713958333334 0.8164006597222223 0.5440401782407408 0.809577712962963 0.543985662037037 0.8085374745370371 0.5527415833333333 0.7986907314814815 0.5526870648148148 0.7976504907407408 0.543981412037037 0.773072425925926 0.5420775810185186 0.7721291064814815 0.5327764953703704 0.7715734583333332 0.5309816967592593 0.7727106180555556 0.5256518217592593 0.7771623287037037 0.5238025069444444 0.7772592476851853 0.5164052523148148 0.7776469212962963 0.5145014212962963 0.776703599537037 0.5011200902777778 0.7690601157407407 0.499270775462963 0.7691570347222223 0.4937228356481481 0.7694477893518519 0.491928037037037 0.7705849467592593 0.48855650925925925 0.7770202199074073 0.4961173148148148 0.7797532638888889 0.49617183101851847 0.7807935023148148 0.49492220138888887 0.7923330509259259 0.49682603009259263 0.7932763703703705 0.5126018425925926 0.8112253263888889 0.5145056712962963 0.8121686481481482 0.5259286550925926 0.8178285717592593 0.5277779699074073 0.8177316527777777 0.5314765972222223 0.8175378171296296
3 0 0.46616544212962957 0.008728185185185186 0.4673330787037037 0.010577500000000002 0.46723615972222227 0.02716680787037037 0.4653236550925926 0.027112291666666666 0.4642834143518519 0.05256655324074074 0.45460464351851854 0.05436135185185185 0.4534674861111111 0.06328082175925925 0.4467414606481481 0.06322630555555556 0.4457012222222222 0.07192770833333333 0.4348142384259259 0.07187319212962963 0.43377399768518515 0.0716006087962963 0.42857280324074076 0.06969677777777777 0.42762948379629634 0.06702971527777778 0.41212281481481483 0.06512588425925926 0.4111794930555555 0.05914181018518518 0.4031483356481481 0.05723797916666667 0.4022050162037037 0.05152648611111111 0.39937505324074074 0.04967717361111111 0.3994719722222222 0.014540208333333334 0.4013134236111111 0.012745409722222222 0.40245058101851855 0.0016495277777777778 0.40303209027777775 0 0.4040772060185185 0 0.46616544212962957
3 0.17157684722222225 0.4608847337962963 0.17348067824074073 0.4618280532407407 0.17734285416666665 0.4647549351851852 0.1791921689814815 0.46465801620370367 0.2084540925925926 0.45686588657407406 0.2102488888888889 0.4557287291666667 0.2156332824074074 0.45231725694444447 0.2155787662037037 0.45127701851851854 0.20774112500000003 0.4078777314814815 0.20583729398148148 0.4069344097222223 0.2057282615740741 0.40485393287037036 0.20382443055555555 0.4039106111111111 0.20001677083333333 0.4020239699074074 0.1981674560185185 0.4021208888888889 0.18505870833333335 0.39967859953703705 0.1832093935185185 0.3997755185185185 0.17020968055555555 0.3994137083333333 0.16841488194444446 0.4005508657407407 0.16112665972222223 0.4030190185185185 0.1592773472222222 0.4031159351851852 0.14453735185185185 0.4049315231481482 0.14274255324074073 0.40606868055555556 0.1264258287037037 0.41318238194444445 0.1264803449074074 0.4142226203703704 0.13056058796296297 0.4213104560185185 0.13246441898148148 0.4222537777777778 0.14013425925925926 0.42706729861111115 0.14018877546296296 0.4281075393518518 0.1404613587962963 0.43330873379629625 0.1386665601851852 0.4344458912037037 0.13708983101851852 0.43974400462962965 0.1352950324074074 0.4408811620370371 0.12659362962962964 0.4517681458333333 0.1324686712962963 0.4577188263888889 0.1343725 0.4586621458333333 0.14187878935185186 0.4603549513888889 0.14367358796296295 0.4592177939814815 0.15803196527777777 0.4501205324074074 0.1598812800925926 0.45002361342592595 0.1635799074074074 0.4498297777777778 0.16548373842592592 0.45077309722222225 0.17157684722222225 0.4608847337962963
3 0.32131250925925925 0.41652905324074074 0.3212579930555556 0.4154888148148148 0.33006842824074073 0.4066823101851852 0.33001391203703706 0.4056420694444444 0.32892358101851854 0.384837287037037 0.32701975000000005 0.3838939675925926 0.3158148333333333 0.382395 0.3139655185185185 0.3824919189814815 0.2714312986111111 0.38472104166666665 0.2696365 0.3858581990740741 0.2567458194444444 0.3875768680555556 0.25495102314814816 0.388714025462963 0.24255099074074074 0.3997948449074074 0.24260550694444444 0.4008350856481481 0.23983366203703704 0.4187129861111111 0.24402293981481482 0.4278813009259259 0.24587225231481483 0.42778438194444446 0.2590355185185185 0.43126690972222226 0.2608848310185185 0.43116999074074075 0.283076599537037 0.43000696990740744 0.2848713958333333 0.4288698125 0.30510481712962967 0.4257232314814815 0.3068996134259259 0.4245860740740741 0.32131250925925925 0.41652905324074074
3 0 0.32165452083333335 0.01224625925925926 0.3221583333333334 0.014095571759259259 0.3220614143518518 0.026986254629629627 0.3203427453703704 0.026931738425925927 0.31930250694444445 0.028235884259259256 0.30880319675925927 0.026332055555555556 0.3078598773148148 0.011264960648148149 0.3034340277777777 0.009415645833333333 0.3035309467592593 0 0.3040244004629629 0 0.32165452083333335
3 0.08246567361111111 0.3174351921296296 0.08241115509259259 0.3163949537037037 0.08235663888888889 0.3153547152777778 0.08045280787037036 0.31441139351851854 0.055812043981481485 0.3042287037037037 0.053962731481481487 0.3043256226851852 0.04466164351851852 0.3037699745370371 0.042866847222222226 0.3049071319444444 0.03198903009259259 0.3096495995370371 0.0320435462962963 0.31068983796296296 0.02878105092592593 0.319205587962963 0.03264322916666667 0.3221324699074074 0.03449254398148148 0.32203555092592595 0.043902662037037035 0.3246716759259259 0.04575197685185185 0.32457475694444443 0.04945060416666666 0.32438092129629625 0.051245402777777775 0.32324376388888887 0.06767116203703703 0.31821053935185184 0.06952047453703704 0.31811362268518517 0.08246567361111111 0.3174351921296296
3 0.06957499074074074 0.3191538611111111 0.06778019444444444 0.32029101851851854 0.0585881412037037 0.32181584953703707 0.0567933425925926 0.32295300694444445 0.05320375 0.3252273217592592 0.0532582662037037 0.3262675625 0.053367298611111114 0.32834803935185186 0.09252999074074075 0.3325541875 0.09437930555555554 0.33245726851851853 0.1035713587962963 0.3309324375 0.1035168425925926 0.3298921990740741 0.09949111342592593 0.32384459953703704 0.09758728472222222 0.3229012800925926 0.08436950231481483 0.3183785138888889 0.0825201898148148 0.3184754328703704 0.06957499074074074 0.3191538611111111
3 0.13419194675925925 0.31368123842592593 0.13217908333333334 0.3106574398148148 0.10960569907407408 0.304538787037037 0.0967150185185185 0.3062574537037037 0.09138514351851852 0.31070916666666665 0.0973147013888889 0.3177000856481481 0.10476647222222223 0.31835265046296296 0.10498453935185185 0.3225136064814815 0.10318974305555556 0.32365076388888886 0.10329877546296296 0.32573124305555556 0.10721546990740739 0.32969836111111106 0.10911930092592594 0.3306416828703704 0.11281792824074073 0.3304478449074074 0.11461272685185185 0.3293106875 0.12016066666666667 0.32901993287037035 0.1238047800925926 0.32778585648148145 0.12179191435185184 0.3247620578703704 0.12717630787037038 0.32135058564814817 0.13832670833333333 0.3218093125 0.1379996087962963 0.3155678796296296 0.13419194675925925 0.31368123842592593
3 0.3123087638888889 0.17395950694444445 0.315952875 0.17272543055555556 0.31589835879629624 0.17168519212962963 0.3061611388888889 0.16280763194444445 0.29511977314814813 0.16442938194444445 0.28788606712962966 0.16793777314814817 0.28620030324074075 0.17115540740740742 0.29000796296296294 0.1730420486111111 0.2847326041666667 0.178534 0.2850051875 0.18373519675925926 0.28696353472222225 0.18571875462962964 0.30415252777777774 0.19524887962962964 0.30600184027777777 0.19515196296296297 0.3117133333333333 0.19798192361111114 0.32095990277777775 0.19749733101851852 0.32275469907407406 0.1963601736111111 0.3283026412037037 0.19606941898148147 0.3389623912037037 0.18716599537037037 0.33694952777777776 0.18414219675925927 0.331238037037037 0.1813122337962963 0.33118352083333336 0.1802719953703704 0.3123087638888889 0.17395950694444445
3 0.3714322939814815 0.16981787731481482 0.3713777777777778 0.1687776388888889 0.36881974768518516 0.15535144907407406 0.3669159166666667 0.15440812731481482 0.3629447060185185 0.14940076851851852 0.36104087500000004 0.14845744907407407 0.3478230949074074 0.14393468287037037 0.3459737800925926 0.14403159953703704 0.3274806412037037 0.14500078472222222 0.3256858449074074 0.14613794212962963 0.3201924189814815 0.1474689375 0.3183976203703704 0.14860609490740742 0.31132746527777777 0.15523520370370372 0.3113819814814815 0.15627544212962963 0.3118181157407407 0.16459735416666668 0.3196515046296296 0.1725315925925926 0.3215553333333333 0.17347491435185186 0.3406481574074074 0.18394836111111112 0.3424974699074074 0.18385144212962962 0.35359335416666665 0.18326993055555557 0.35538815046296296 0.18213277314814816 0.3608815763888889 0.1808017800925926 0.362676375 0.17966462037037037 0.3714322939814815 0.16981787731481482
3 0.42777972685185184 0.14808910185185184 0.429574525462963 0.14695194444444445 0.43305508564814815 0.14259715046296295 0.4312057731481481 0.14269406944444446 0.4066740416666667 0.13459185648148148 0.4048247268518519 0.13468877546296296 0.3918795300925926 0.1353672060185185 0.3900847314814815 0.13650436342592592 0.37556280324074076 0.1424809050925926 0.37561731944444443 0.14352114351851852 0.36854716435185186 0.1501502523148148 0.3686016805555556 0.15119049305555557 0.36881974768518516 0.15535144907407406 0.3747493055555555 0.16234236574074074 0.3765986203703704 0.1622454490740741 0.4065692592592593 0.16797642592592593 0.40841857407407406 0.16787950925925926 0.4176651435185185 0.16739491666666667 0.41945993981481483 0.16625775925925926 0.42489884953703705 0.16388652546296298 0.4248443333333333 0.16284628703703705 0.42777972685185184 0.14808910185185184
3 0.4793969675925926 0.14225466898148148 0.4774931388888889 0.14131134722222222 0.455192337962963 0.14039389120370369 0.45339753935185184 0.1415310486111111 0.4387120625 0.144386875 0.43691726388888885 0.1455240324074074 0.4280523101851852 0.1532902986111111 0.4281068263888889 0.15433053703703706 0.4266391296296296 0.16170912962962963 0.44040207638888884 0.176634287037037 0.44230590740740744 0.1775776064814815 0.4461135694444444 0.17946424768518518 0.4479628819444445 0.17936732870370373 0.4665105393518519 0.17943838425925926 0.46830533564814814 0.17830122685185185 0.47907412037037034 0.17147828240740742 0.4790196041666666 0.17043804166666665 0.4793969675925926 0.14225466898148148
3 0.4302874930555556 0.19594009953703703 0.43208228935185183 0.19480294212962962 0.44878063194444445 0.19497091666666666 0.4487261157407407 0.19393067824074073 0.44828998148148147 0.1856087638888889 0.446386150462963 0.18466544444444444 0.4443187708333333 0.1806014050925926 0.44241493981481483 0.17965808564814814 0.43469058564814816 0.17380432407407406 0.4328412708333333 0.17390124305555557 0.4290336087962963 0.17201460185185186 0.4271842962962963 0.17211152083333334 0.4123897847222222 0.17288686805555556 0.4105949861111111 0.17402402546296297 0.406950875 0.17525810185185187 0.40700539120370366 0.17629834027777777 0.4016755162037037 0.18075005092592594 0.4017300324074074 0.18179029166666666 0.39716339120370375 0.20080534953703705 0.4105447222222222 0.20844883333333333 0.41239403472222225 0.20835191435185185 0.4253392337962963 0.2076734861111111 0.4271340300925926 0.2065363287037037 0.4381208819444445 0.2038743402777778 0.4380663634259259 0.20283409953703704 0.4359989837962963 0.1987700625 0.4341496689814815 0.19886698148148146 0.4302874930555556 0.19594009953703703
3 0.5779066597222222 0 0.5759804212962963 0.0036766319444444446 0.581855462962963 0.009627310185185187 0.5837047777777777 0.009530391203703704 0.5875124398148148 0.011417032407407409 0.5893617523148148 0.011320115740740742 0.6041017476851851 0.009504527777777778 0.6058965462962962 0.00836737037037037 0.6054580300925926 0 0.5779066597222222 0
3 0.5722272777777777 0.0028302291666666667 0.570377962962963 0.0029271481481481483 0.563035224537037 0.004355060185185185 0.5612404282407407 0.005492217592592592 0.5595001458333333 0.007669615740740741 0.559554662037037 0.008709854166666666 0.5599907962962963 0.017031766203703703 0.5696189814814815 0.023828847222222223 0.5714682962962963 0.023731930555555555 0.5788110347222223 0.022304016203703703 0.5806058333333334 0.021166858796296296 0.5841954282407408 0.01889254398148148 0.5841409097222222 0.017852305555555555 0.5857176412037037 0.012554192129629629 0.5838138101851852 0.01161087037037037 0.5722272777777777 0.0028302291666666667
3 0.6041017476851851 0.009504527777777778 0.6022524328703703 0.00960144675925926 0.5949096944444444 0.011029358796296296 0.5931148981481482 0.012166516203703704 0.5877305046296296 0.015577990740740741 0.5877850231481481 0.01661822916666667 0.5880576041666666 0.02181942361111111 0.5975222407407408 0.025495789351851855 0.5993715555555555 0.02539887037037037 0.6030701828703704 0.02520503240740741 0.6048649814814815 0.024067875000000002 0.6156882800925926 0.018285168981481484 0.6156337638888888 0.017244930555555555 0.6173740462962962 0.015067534722222222 0.6154702152777778 0.014124212962962963 0.6041017476851851 0.009504527777777778
3 0.6091341319444444 0 0.6077458587962964 0.00827045138888889 0.6135118680555556 0.012140652777777776 0.6153611805555556 0.012043736111111111 0.6228129537037037 0.012696300925925927 0.6246077523148149 0.011559143518518519 0.6319504907407407 0.010131229166666667 0.633745287037037 0.008994071759259259 0.6373348819444444 0.006719756944444444 0.6372803657407408 0.005679518518518519 0.6355168240740741 0 0.6091341319444444 0
3 0.619441425925926 0.01913157175925926 0.6289060624999999 0.022807935185185185 0.6307553749999999 0.022711018518518516 0.6399474282407408 0.021186187500000002 0.639892912037037 0.02014594675925926 0.6392932291666666 0.00870331712962963 0.6374439166666667 0.008800236111111111 0.6191688425925925 0.013930377314814814 0.6192233587962962 0.014970615740740741 0.619441425925926 0.01913157175925926
3 0.12644633564814814 0.13050223842592593 0.12454250462962964 0.12955891666666666 0.11502335185185186 0.12484231481481481 0.11317403703703705 0.12493923148148148 0.10757157870370371 0.12418974768518519 0.1057767824074074 0.1253269050925926 0.09489896527777777 0.13006937268518518 0.09495348148148147 0.1311096111111111 0.09522606481481481 0.13631080787037037 0.10675808101851851 0.14405121064814816 0.10860739583333333 0.14395429166666668 0.11045670833333333 0.1438573726851852 0.11225150694444445 0.14272021527777778 0.12144356018518518 0.14119538425925926 0.12323835648148149 0.14005822685185185 0.1268279513888889 0.13778391203703702 0.1267734351851852 0.13674367129629628 0.12644633564814814 0.13050223842592593
3 0.8131500717592592 0 0.8132377754629629 0.001673462962962963 0.8229204768518519 0.009510782407407407 0.8247697916666666 0.009413863425925926 0.8358111574074074 0.007792115740740741 0.8376059560185185 0.006654958333333333 0.8429249189814816 0 0.8131500717592592 0
3 0.8071896550925927 0 0.7947991504629629 0.003682886574074074 0.7948536689814815 0.004723125 0.7913731064814814 0.009077918981481482 0.7914276226851852 0.010118157407407409 0.7916456898148149 0.014279113425925926 0.797411699074074 0.018149314814814816 0.799261011574074 0.018052395833333332 0.8067127847222223 0.01870496064814815 0.8085075810185186 0.01756780324074074 0.8122062106481481 0.017373967592592594 0.8140010069444444 0.016236810185185184 0.8193853981481481 0.012825337962962964 0.8193308819444445 0.011785097222222221 0.8191128171296297 0.007624141203703704 0.8172089861111111 0.00668082175925926 0.8096706550925925 0 0.8071896550925927 0
3 0.8833354421296297 0 0.8801946921296296 0.00546607175925926 0.8802492106481481 0.0065063125 0.8787815115740741 0.013884902777777777 0.8917812268518518 0.014246712962962963 0.8935760231481481 0.013109555555555555 0.9026045277777778 0.008464006944444444 0.9025500115740741 0.007423768518518519 0.9036163333333334 0 0.8833354421296297 0
3 0.839509787037037 0.007598277777777778 0.8376604722222223 0.007695196759259259 0.8322215625 0.010066430555555554 0.83037225 0.010163347222222221 0.8211256805555556 0.010647939814814815 0.8193308819444445 0.011785097222222221 0.8159593541666667 0.01822037037037037 0.8254785069444445 0.022936972222222223 0.8273278217592592 0.022840053240740742 0.8347795925925925 0.02349262037037037 0.8365743912037037 0.022355462962962962 0.8456028935185186 0.01770991435185185 0.8455483773148148 0.01666967361111111 0.8489744212962963 0.011274641203703703 0.8470705925925927 0.010331321759259259 0.839509787037037 0.007598277777777778
3 0.5564097037037037 0.09023617824074073 0.5546149074074074 0.09137333564814815 0.5493395486111111 0.09686528472222221 0.5493940648148148 0.09790552546296295 0.5495576134259259 0.10102624074074074 0.5664740231481482 0.10535517129629629 0.5664195069444444 0.10431493287037037 0.575502525462963 0.10070962268518519 0.5754480092592592 0.09966938425925927 0.5732715949074074 0.09352486805555556 0.5713677662037037 0.0925815462962963 0.5656017569444445 0.08871134490740741 0.5637524421296296 0.08880826388888889 0.5564097037037037 0.09023617824074073
3 0.2935557962962963 0.2761226388888889 0.2916519652777778 0.2751793171296296 0.287789787037037 0.2722524375 0.28594047222222224 0.27234935648148145 0.2802834976851852 0.2705596342592593 0.27843418287037036 0.27065655092592594 0.2728862430555556 0.27094730787037036 0.27109144444444444 0.27208446527777774 0.26396677083333336 0.2776733333333333 0.2640212893518519 0.27871357175925926 0.26244455787037035 0.2840116875 0.273813025462963 0.2886313726851852 0.27566233796296297 0.28853445370370373 0.2830595949074074 0.2881467800925926 0.2848543912037037 0.2870096226851852 0.2902933009259259 0.28463838888888887 0.29023878472222225 0.28359814814814815 0.2937738611111111 0.2802835949074074 0.2937193449074074 0.27924335648148146 0.2935557962962963 0.2761226388888889
3 0.3065555092592593 0.2764844490740741 0.3047061944444444 0.27658136805555555 0.29736345601851855 0.27800928009259257 0.29556865972222224 0.2791464375 0.29197906481481484 0.2814207523148148 0.2920335810185185 0.28246099074074077 0.29045684953703704 0.28775910648148145 0.2981266898148148 0.2925726273148148 0.2999760023148148 0.29247570833333336 0.3055239444444445 0.29218495370370373 0.30731874305555557 0.2910477962962963 0.3181420416666667 0.2852650902777778 0.318087525462963 0.2842248518518518 0.31596562962962965 0.2791205740740741 0.3140617986111111 0.2781772523148148 0.3065555092592593 0.2764844490740741
3 0.3322823541666666 0.2720068726851852 0.33043304166666665 0.27210379166666665 0.32493961574074076 0.27343478703703705 0.3231448194444444 0.27457194444444444 0.319555224537037 0.27684625925925926 0.3196097407407407 0.2778864976851852 0.3180330092592593 0.2831846111111111 0.3200458726851852 0.2862084097222222 0.32189518749999996 0.28611149305555555 0.3349494189814815 0.28751354166666665 0.33674421527777776 0.28637638425925926 0.34392340509259256 0.2818277546296296 0.34386888888888884 0.2807875138888889 0.34365082175925926 0.2766265578703704 0.3417469907407408 0.2756832384259259 0.3322823541666666 0.2720068726851852
3 0.3484355300925926 0.2617724560185185 0.3465862175925926 0.261869375 0.33728512962962964 0.26131372685185184 0.33549033333333333 0.2624508842592593 0.33402263657407405 0.2698294768518518 0.3398431597222222 0.2747399166666667 0.34169247453703705 0.2746429976851852 0.34729493287037033 0.2753924814814815 0.3490897314814814 0.2742553240740741 0.3545286388888889 0.27188409027777777 0.3544741226851852 0.27084385185185184 0.3561598865740741 0.2676262152777778 0.35425605555555556 0.2666828958333333 0.3484355300925926 0.2617724560185185
3 0.30437059259259264 0.19940983796296297 0.3025757962962963 0.20054699537037038 0.29539660648148147 0.205095625 0.2954511226851852 0.2061358634259259 0.29392890972222224 0.21247421759259258 0.3035025787037037 0.21823106018518518 0.3053518935185185 0.2181341412037037 0.31813353935185185 0.21433499537037037 0.319928337962963 0.21319783796296296 0.3214505509259259 0.2068594837962963 0.31954672222222225 0.20591616435185184 0.31747934027777774 0.20185212500000002 0.31557550925925926 0.20090880555555554 0.30437059259259264 0.19940983796296297
3 0.33047905555555557 0.20221393518518518 0.3286842569444445 0.2033510925925926 0.3231908333333333 0.20468208796296297 0.32324534953703704 0.20572232638888888 0.3219412013888889 0.2162216365740741 0.33140583796296297 0.219898 0.3332551527777778 0.2198010810185185 0.3442965185185185 0.21817933101851852 0.34609131712962965 0.2170421736111111 0.3494083287037037 0.20956666435185184 0.34750449768518515 0.20862334259259258 0.34543711574074076 0.20455930555555554 0.34353328703703706 0.20361598379629628 0.33047905555555557 0.20221393518518518
3 0.3601225949074074 0.20170347916666667 0.3583277986111111 0.20284063657407408 0.35103957638888894 0.20530878935185187 0.3510940925925926 0.20634902777777778 0.3516392569444445 0.21675141898148148 0.3684466342592593 0.2189998703703704 0.3702414305555556 0.21786271296296297 0.37568034027777775 0.21549147916666667 0.37562582175925924 0.21445124074074076 0.37709352083333336 0.20707264814814813 0.37518968981481476 0.2061293263888889 0.3712729953703704 0.20216220833333334 0.3694236805555555 0.20225912731481482 0.3601225949074074 0.20170347916666667
3 0.39536859259259255 0.20194250694444446 0.39351928009259257 0.20203942592592591 0.38612202314814814 0.20242709953703705 0.38432722685185183 0.20356425694444444 0.37709352083333336 0.20707264814814813 0.37714803703703703 0.2081128865740741 0.37562582175925924 0.21445124074074076 0.3814463472222222 0.21936168055555555 0.3832956620370371 0.21926476157407407 0.3981446898148148 0.21952965277777778 0.3999394884259259 0.21839249537037037 0.40717319444444444 0.21488410416666667 0.40711867592592593 0.21384386574074074 0.4087499236111111 0.20958599074074075 0.4068460925925926 0.2086426712962963 0.39536859259259255 0.20194250694444446
3 0.5061766342592593 0.2994018263888889 0.5043273194444444 0.29949874537037036 0.49127309027777777 0.29809669675925926 0.4894782916666667 0.29923385416666665 0.48409390046296297 0.3026453263888889 0.4841484166666667 0.3036855648148148 0.4825716851851852 0.3089836805555556 0.49024152546296296 0.3137972013888889 0.492090837962963 0.3137002824074074 0.5031867222222223 0.3131187731481482 0.5049815208333334 0.31198161574074074 0.5122697430555556 0.30951346296296295 0.5122152268518518 0.30847322453703707 0.5139009907407407 0.305255587962963 0.5119971597222223 0.30431226620370366 0.5061766342592593 0.2994018263888889
3 0.5141190555555556 0.3094165439814815 0.514173574074074 0.31045678240740743 0.5126513587962963 0.3167951365740741 0.5184173680555555 0.3206653379629629 0.5202666805555555 0.3205684189814815 0.5293497013888889 0.3169631087962963 0.5292951851851851 0.31592287037037037 0.5271187708333334 0.3097783541666667 0.5252149398148148 0.3088350347222222 0.5233111087962963 0.30789171296296297 0.5214617962962963 0.3079886319444444 0.5141190555555556 0.3094165439814815
3 0.4894280277777778 0.33365866203703703 0.48757871296296296 0.33375558101851854 0.47648282870370373 0.3343370925925926 0.4746880324074074 0.33547425000000003 0.47316581712962963 0.34181260185185186 0.4809992060185185 0.34974684027777775 0.48284852083333335 0.3496499236111111 0.49024577546296294 0.34926225 0.4920405740740741 0.3481250925925926 0.4938353703703704 0.34698793518518517 0.49378085416666667 0.3459476944444444 0.4932356875 0.3355453032407407 0.4913318564814815 0.3346019837962963 0.4894280277777778 0.33365866203703703
3 0.4975339976851852 0.34679409722222226 0.4956846851851852 0.3468910162037037 0.4829030370370371 0.35069016203703707 0.4868197314814815 0.35465728240740746 0.4887235625 0.3556006018518519 0.49438053703703705 0.35739032407407406 0.49622985185185187 0.3572934074074074 0.5071076689814815 0.35255093981481483 0.507053150462963 0.3515107013888889 0.5069441180555555 0.34943022222222225 0.5050948032407407 0.3495271412037037 0.4975339976851852 0.34679409722222226
3 0.5160816550925925 0.34686515277777774 0.5142868564814814 0.3480023101851852 0.508847949074074 0.35037354398148146 0.5089024652777778 0.3514137824074074 0.5089569814814815 0.3524540208333333 0.514668474537037 0.35528398379629633 0.516517787037037 0.3551870648148148 0.5221202453703704 0.3559365486111111 0.5239150439814815 0.3547993912037037 0.53114875 0.351291 0.5310942337962963 0.35025076157407403 0.5310397152777777 0.34921052083333337 0.5291358865740741 0.34826720138888895 0.5160816550925925 0.34686515277777774
3 0.5115652777777777 0.3314554027777778 0.509715962962963 0.33155232175925925 0.502373224537037 0.3329802337962963 0.5005784259259259 0.3341173912037037 0.4952485509259259 0.33856910185185185 0.4953030671296296 0.3396093425925926 0.4955211342592593 0.34377029861111114 0.49938331249999995 0.3466971782407407 0.5012326273148149 0.34660025925925925 0.5087389166666667 0.3482930648148148 0.510533712962963 0.34715590740740737 0.5196167337962962 0.34355059722222225 0.5195622152777778 0.34251035879629627 0.5211389467592592 0.33721224537037037 0.5192351157407408 0.33626892361111116 0.5115652777777777 0.3314554027777778
3 0.5339205949074074 0.33341309722222223 0.5321257986111111 0.33455025694444446 0.5284271689814815 0.3347440925925926 0.5266323726851853 0.33588124999999996 0.5230427777777777 0.3381555648148148 0.5230972939814814 0.33919580555555556 0.5215205625 0.34449391898148146 0.5328890300925926 0.3491136041666667 0.5347383449074075 0.3490166851851852 0.542135599537037 0.34862901157407405 0.5439303981481481 0.34749185416666667 0.550946037037037 0.33982250694444444 0.5490422060185185 0.33887918518518517 0.5432761967592592 0.3350089837962963 0.5414268842592592 0.3351059027777778 0.5339205949074074 0.33341309722222223
3 0.03525227314814815 0.7611392314814814 0.03144461111111111 0.7592525902777778 0.031390094907407406 0.7582123518518519 0.029268199074074075 0.7531080740740741 0.027364368055555557 0.7521647546296296 0.017845215277777778 0.747448150462963 0.015995900462962964 0.7475450694444444 0.012297273148148147 0.7477389050925927 0.012351789351851852 0.7487791458333334 0.0136601875 0.7737448842592592 0.024701555555555556 0.7721231342592593 0.026496351851851854 0.7709859768518519 0.03530678935185185 0.7621794722222222 0.03525227314814815 0.7611392314814814
3 0.0826802361111111 0.7461364837962963 0.0807764050925926 0.7451931620370371 0.0692989050925926 0.738493 0.06744959259259259 0.7385899189814815 0.04895645138888889 0.7395591018518518 0.04716165509259259 0.7406962592592593 0.03448903935185185 0.7465758842592592 0.03454355787037037 0.747616125 0.03100847916666667 0.7509306782407408 0.03106299537037037 0.7519709166666666 0.031281062500000005 0.7561318726851852 0.040963763888888886 0.7639691944444444 0.042813078703703704 0.7638722754629629 0.048470053240740746 0.7656619976851852 0.050319368055555556 0.7655650810185185 0.06331908101851852 0.7659268912037037 0.06511387962962963 0.7647897337962962 0.07969032407407407 0.7598534282407408 0.07963580787037038 0.7588131898148148 0.0826802361111111 0.7461364837962963
3 0.05972523611111111 0.7327361574074074 0.0578759212962963 0.7328330763888888 0.04313592824074074 0.734648662037037 0.04134112962962963 0.7357858194444444 0.03405290740740741 0.7382539722222222 0.03410742361111111 0.739294210648148 0.02524246990740741 0.7470604768518518 0.03100847916666667 0.7509306782407408 0.032803275462962966 0.7497935208333333 0.04346302777777778 0.7408900972222222 0.04531234027777778 0.7407931782407408 0.052600562499999996 0.7383250277777778 0.054449877314814814 0.7382281087962963 0.06918987268518519 0.7364125208333333 0.06728604166666667 0.7354692013888888 0.05972523611111111 0.7327361574074074
3 0.11139699305555555 0.727941962962963 0.10954768055555555 0.7280388819444444 0.08730139583333332 0.7281616643518518 0.08550659722222223 0.7292988217592593 0.0728339837962963 0.7351784467592593 0.07288850000000001 0.7362186851851852 0.07120273611111111 0.7394363217592592 0.07881805787037038 0.7432096041666667 0.08066737268518519 0.7431126851851851 0.08626983101851851 0.7438621689814815 0.08806462731481482 0.7427250115740741 0.10079175925925926 0.737885625 0.10264107407407408 0.7377887083333333 0.1100383287037037 0.7374010324074075 0.1099838125 0.7363607939814815 0.11139699305555555 0.727941962962963
3 0.09899696296296297 0.7390227824074074 0.09720216435185185 0.7401599398148149 0.08452955092592591 0.7460395648148148 0.08458406712962964 0.7470798032407407 0.08153963888888889 0.7597565115740741 0.09296262268518518 0.7654164351851852 0.09481193518518519 0.7653195162037036 0.09856508101851852 0.7661659189814815 0.10041439351851852 0.766069 0.11134672916666667 0.7623667708333334 0.11129221064814815 0.7613265324074073 0.10829804861111111 0.7395784305555556 0.1064487337962963 0.7396753495370371 0.09899696296296297 0.7390227824074074
3 0.248736875 0.7301321504629629 0.24683304629629632 0.7291888310185185 0.23742292592592593 0.7265527060185185 0.2355736111111111 0.7266496226851852 0.23008018749999998 0.7279806180555555 0.22828538888888888 0.729117775462963 0.2246412777777778 0.7303518518518518 0.22469579398148148 0.7313920902777779 0.2230645462962963 0.7356499652777778 0.23067987037037038 0.7394232476851852 0.23252918287037036 0.7393263287037037 0.2381316412037037 0.7400758125000001 0.23992643981481482 0.7389386550925926 0.2436250671296296 0.7387448194444445 0.24541986342592595 0.737607662037037 0.24895494212962962 0.7342931064814815 0.24890042592592593 0.7332528680555556 0.248736875 0.7301321504629629
3 0.26750259953703703 0.734364162037037 0.26559876851851855 0.7334208402777778 0.2618456226851852 0.7325744398148147 0.25999631018518515 0.7326713564814815 0.2525990532407408 0.7330590300925927 0.2508042569444444 0.7341961875 0.24552889814814816 0.7396881388888888 0.2512949050925926 0.7435583402777778 0.25314421990740743 0.7434614212962963 0.26059599305555553 0.7441139884259259 0.26239078935185184 0.7429768310185184 0.2678296990740741 0.7406055972222222 0.26777518055555555 0.7395653564814815 0.26951546296296297 0.7373879606481482 0.26761163194444443 0.7364446388888889 0.26750259953703703 0.734364162037037
3 0.2709831597222222 0.7300093680555556 0.2710376759259259 0.7310496064814814 0.27125574305555555 0.7352105648148148 0.2750634050925926 0.7370972060185186 0.2769127175925926 0.737000287037037 0.28610477083333336 0.7354754560185185 0.28605025462962963 0.7344352175925926 0.28381932407407406 0.7272504606481481 0.28197000925925925 0.7273473796296296 0.2763675509259259 0.7265978958333333 0.27457275462962966 0.7277350532407408 0.2709831597222222 0.7300093680555556
3 0.2579459328703704 0.8704675115740741 0.26365742592592595 0.8732974722222222 0.2655067384259259 0.8732005532407408 0.2690963333333333 0.870926238425926 0.26904181712962966 0.869886 0.27045499768518516 0.8614671689814815 0.2686056851851852 0.861564087962963 0.26305774305555557 0.8618548425925927 0.26311225925925924 0.8628950810185185 0.2579459328703704 0.8704675115740741
3 0.2316194050925926 0.8635024560185185 0.2316739212962963 0.8645426944444444 0.2281933611111111 0.868897488425926 0.23401388657407407 0.8738079282407407 0.23586319907407408 0.8737110092592593 0.23956182638888887 0.8735171736111111 0.24135662500000002 0.8723800162037038 0.24276980555555555 0.8639611851851852 0.24092049074074073 0.8640581018518518 0.2352635162037037 0.8622683796296295 0.2334687199074074 0.863405537037037 0.2316194050925926 0.8635024560185185
3 0.39705510648148146 0.6587302546296295 0.3952057916666667 0.6588271712962963 0.3914526481481481 0.6579807708333334 0.389657849537037 0.6591179282407408 0.3767671689814815 0.6608365949074074 0.3749723726851852 0.6619737523148148 0.3714918101851852 0.6663285462962962 0.39488294444444444 0.6880507847222221 0.3967322569444445 0.6879538680555556 0.40935035648148144 0.6810340023148148 0.4092958379629629 0.679993763888889 0.4164205115740741 0.6744048958333333 0.4163659953703704 0.6733646550925926 0.4101638541666667 0.6611725416666666 0.40831453935185186 0.6612694606481482 0.39705510648148146 0.6587302546296295
3 0.38715433796296295 0.6467319768518519 0.3853050231481482 0.6468288958333334 0.37034696064814815 0.644483525462963 0.3684976481481481 0.6445804444444444 0.3556614837962963 0.6473393518518519 0.355716 0.6483795902777778 0.35587954861111115 0.6515003078703704 0.3637674560185185 0.6604747847222222 0.36567128472222227 0.6614181064814815 0.36942443055555557 0.6622645092592593 0.37127374305555555 0.6621675902777778 0.38954881712962963 0.657037449074074 0.39134361342592594 0.6559002916666666 0.3930838958333333 0.6537228958333334 0.3930293773148148 0.6526826550925926 0.38715433796296295 0.6467319768518519
3 0.348746375 0.5861590810185185 0.3468970601851852 0.586256 0.34134911805555557 0.5865467546296296 0.33955432175925926 0.5876839120370371 0.3323206157407408 0.5911923032407407 0.33237513194444446 0.5922325416666667 0.330798400462963 0.5975306574074074 0.3347150949074074 0.6014977754629629 0.33656440972222224 0.6014008564814814 0.34581097916666664 0.6009162662037036 0.3476057777777778 0.5997791087962964 0.3584835949074074 0.5950366412037037 0.3584290763888889 0.5939964027777778 0.3583745601851852 0.592956162037037 0.35647072916666667 0.5920128425925926 0.348746375 0.5861590810185185
3 0.3668578981481481 0.5779082222222223 0.36506309953703703 0.5790453796296297 0.3558710462962963 0.580570212962963 0.35407625 0.5817073703703703 0.3505411712962963 0.585021923611111 0.3602783912037037 0.5938994837962963 0.3621277060185185 0.5938025648148149 0.3749638703703704 0.5910436574074074 0.3767586666666667 0.5899065 0.37849894675925927 0.5877291041666667 0.37844443055555554 0.586688863425926 0.3763225347222222 0.581584587962963 0.3744187037037037 0.5806412662037037 0.3668578981481481 0.5779082222222223
3 0.4026030486111111 0.6584394976851852 0.4268076782407408 0.660300275462963 0.42675316203703706 0.6592600370370371 0.4265350972222222 0.6550990810185184 0.42463126620370373 0.6541557592592592 0.41891977314814816 0.6513257986111112 0.4170704606481482 0.6514227152777777 0.40787840740740744 0.6529475486111112 0.4060836087962963 0.6540847060185185 0.4026030486111111 0.6584394976851852
3 0.43050630787037036 0.6601064398148148 0.42871150925925927 0.6612435972222223 0.42691671296296296 0.6623807546296296 0.434913650462963 0.6734357106481481 0.4367629652777778 0.6733387916666667 0.44785884953703703 0.6727572824074074 0.4478043310185185 0.6717170416666667 0.4510668263888889 0.6632012916666666 0.45101231018518523 0.6621610532407408 0.44905396296296296 0.6601774930555556 0.447204650462963 0.660274412037037 0.43050630787037036 0.6601064398148148
3 0.46384847453703704 0.6594021458333332 0.46199916203703706 0.6594990648148148 0.45460190509259263 0.6598867384259259 0.4528071087962963 0.6610238958333333 0.4492175138888889 0.6632982106481481 0.4492720300925926 0.6643384513888889 0.4478043310185185 0.6717170416666667 0.45536513888888885 0.6744500856481481 0.4572144513888889 0.6743531666666667 0.46825581944444444 0.6727314166666667 0.47005061574074075 0.6715942592592592 0.47353117824074076 0.6672394675925927 0.4716273472222222 0.6662961458333334 0.4695599675925926 0.6622321087962963 0.4676561365740741 0.6612887870370371 0.46384847453703704 0.6594021458333332
3 0.48185096527777777 0.6490708101851852 0.4800561666666667 0.6502079675925926 0.474508224537037 0.6504987222222222 0.47271342824074075 0.6516358796296297 0.4673835532407407 0.6560875925925926 0.46743806944444444 0.6571278310185186 0.4676561365740741 0.6612887870370371 0.4715728310185185 0.6652559074074075 0.47347666203703703 0.6661992268518518 0.47722980555555555 0.6670456296296295 0.47902460185185186 0.6659084722222223 0.48990241898148146 0.6611660046296296 0.4898479027777778 0.6601257662037037 0.4913701180555556 0.653787414351852 0.48946628703703704 0.6528440925925926 0.48185096527777777 0.6490708101851852
3 0.4183243425925926 0.6753482152777778 0.4165295439814815 0.6764853726851853 0.4040749976851852 0.6865259537037036 0.40412951388888885 0.6875661921296297 0.4024982662037037 0.6918240671296296 0.41734729398148146 0.6920889606481482 0.4191420925925926 0.6909518032407407 0.4373626481481481 0.6847814212962964 0.43915744444444443 0.6836442638888889 0.4407886921296296 0.6793863888888888 0.43888486111111114 0.6784430694444444 0.4368719976851852 0.6754192708333333 0.43496816666666666 0.674475949074074 0.4183243425925926 0.6753482152777778
3 0.42691671296296296 0.6623807546296296 0.4250128819444445 0.6614374328703704 0.4230545347222222 0.6594538726851852 0.4212052199074074 0.6595507916666667 0.4100548194444445 0.6590920648148149 0.40815099074074074 0.6581487430555556 0.4062471597222222 0.657205423611111 0.4044523611111111 0.6583425810185185 0.40080825000000003 0.6595766550925926 0.4102183703703704 0.6622127800925925 0.41027288657407407 0.6632530208333334 0.4161479282407407 0.6692036990740741 0.41620244444444443 0.6702439375 0.4146257152777778 0.6755420532407407 0.4164750277777778 0.6754451342592593 0.42931119212962965 0.6726862268518519 0.4292566759259259 0.6716459884259259 0.42691671296296296 0.6623807546296296
1 0.22795663888888887 0.48223413425925926 0.2523893912037037 0.48137090740740746 0.23875593287037036 0.4123022708333333 0.24122376157407407 0.39923854629629624 0.24981110416666666 0.3897135648148148 0.2616785740740741 0.38262442129629626 0.2984363078703704 0.3798635532407407 0.35277930555555553 0.38004053472222227 0.3527574976851852 0.3796244398148148 0.35808984953703704 0.35045121759259257 0.27296604166666666 0.3467762175925926 0.12294093981481481 0.336071587962963 0.124696375 0.369567287037037 0.19114253935185185 0.37776766898148145 0.20199982407407407 0.38324862037037033 0.21061740277777777 0.39906929398148144 0.22795663888888887 0.48223413425925926
0 0.45185629398148147 0.30673394907407403 0.4437080601851852 0.349406375 0.41365189351851855 0.3561970347222222 0.3636759537037037 0.35088862962962963 0.357103599537037 0.3811699328703704 0.4484014398148148 0.3894239189814815 0.5171703611111111 0.39948445370370367 0.5424979606481481 0.37677361805555554 0.5483121828703704 0.3744870254629629 0.4887399166666667 0.3559126736111111 0.4749233032407407 0.34704028703703704 0.47051008333333333 0.3300604861111111 0.4743688587962963 0.30461532870370367 0.4937350393518518 0.28138244212962965 0.47397336342592594 0.2723000740740741 0.46434185185185184 0.28313149305555557 0.45185629398148147 0.30673394907407403
0 0.2695015347222222 0.16744093055555553 0.2450888912037037 0.15453423379629627 0.23469287037037037 0.14016279166666668 0.2528140208333333 0.1214804675925926 0.2527704074074074 0.12064827546296296 0.2385680023148148 0.11502970601851852 0.18429425 0.14801955092592592 0.1993236087962963 0.15526373842592595 0.22291722916666665 0.14192733333333332 0.25158457175925925 0.16525062962962964 0.27812916666666665 0.17637664120370372 0.2848080787037037 0.17289732638888888 0.2695015347222222 0.16744093055555553