2 0.3535041435185185 0.5570885509259259 0.3260070208333334 0.5372427222222222 0.15021579861111112 0.4209480277777778 0.12794575462962962 0.4413755347222222 0.2174962800925926 0.5085776226851851 0.26064457870370367 0.5307153958333333 0.27396748842592594 0.5400490810185185 0.3104170648148148 0.5607313865740741 0.34340658564814813 0.5876364675925926 0.46817853472222226 0.6643717337962962 0.5113575347222222 0.681793513888889 0.5239354444444445 0.6849295393518519 0.7618152986111112 0.8155237569444445 0.7840053032407407 0.8061339212962964 0.7825711111111111 0.8065278240740741 0.59461175 0.6869845625000001 0.5962223449074074 0.6858831481481481 0.5527968425925925 0.664857175925926 0.5257839351851852 0.6560823449074074 0.5070803425925926 0.6476615694444445 0.45109450231481485 0.615774349537037 0.4277629513888889 0.6044820046296296 0.3535041435185185 0.5570885509259259
2 0.5722130949074073 0.3665260138888889 0.5738740879629629 0.36522245833333333 0.5693020324074074 0.3575338240740741 0.444854037037037 0.34915748379629624 0.4117570601851852 0.33875836805555554 0.17246428935185185 0.3309487291666667 0.17217936574074072 0.34204266898148145 0.3974830162037037 0.3523763425925926 0.4628903564814815 0.3633164444444445 0.5722130949074073 0.3665260138888889
2 0.4196076041666667 0.4925165277777778 0.35732499768518516 0.4866497337962963 0.3081451574074074 0.47492459953703703 0.3058015393518519 0.48432434027777777 0.3377349606481481 0.49250094675925926 0.4166175648148148 0.5006815416666667 0.4169769328703704 0.5007711412037037 0.4196076041666667 0.4925165277777778
2 0.10766220833333334 0.8641302893518519 0.2674413032407407 0.8601666134259259 0.2639484166666667 0.8588663171296297 0.24556364351851853 0.8529942106481481 0.10515106481481482 0.8527686342592593 0.10766220833333334 0.8641302893518519
2 0.23536416666666665 0.04345925231481482 0.3586278425925926 0.038979706018518516 0.3596774652777778 0.03859727314814815 0.35401416898148147 0.027630608796296294 0.24842425231481483 0.027820914351851852 0.23536416666666665 0.04345925231481482
3 0.30932509722222223 0.6983036990740741 0.30727625 0.6988664212962964 0.28290927083333334 0.6970852754629631 0.2808604259259259 0.6976479953703704 0.26342881944444446 0.698669587962963 0.26317681712962965 0.6996803125 0.2567782777777778 0.7023792013888889 0.25652627546296297 0.7033899259259259 0.2422500162037037 0.7223751273148148 0.24020116898148147 0.7229378472222222 0.23790032175925924 0.7245112939814815 0.23764831944444445 0.7255220185185186 0.23563230324074075 0.7336078171296297 0.23717714583333332 0.7350665439814814 0.2397956550925926 0.7475285277777778 0.2413404976851852 0.7489872546296297 0.24547102083333333 0.7553848888888889 0.24701586111111112 0.7568436180555556 0.25808175694444446 0.7660439907407407 0.25987860185185185 0.7664919930555556 0.28557125 0.7782656689814815 0.2873680949074074 0.7787136736111111 0.3143207546296296 0.7854337268518519 0.3163695995370371 0.7848710046296297 0.32740266435185184 0.7865483009259259 0.32945151157407404 0.7859855810185186 0.3527776527777778 0.784286548611111 0.3530296550925926 0.783275824074074 0.37632296527777775 0.7740537175925927 0.37657496759259257 0.7730429930555555 0.3859975300925926 0.7582154074074074 0.3836310231481481 0.7447427013888889 0.38208618055555554 0.7432839722222222 0.3635152476851852 0.7182561574074073 0.3617184027777778 0.7178081527777778 0.35528703240740744 0.7129839652777777 0.35349018981481484 0.712535962962963 0.33807459953703706 0.7054717569444444 0.3362777546296296 0.7050237523148148 0.30932509722222223 0.6983036990740741
3 0.1596173865740741 0.6480947060185186 0.15756853935185186 0.6486574259259259 0.13244555555555554 0.6499084537037036 0.13219355324074075 0.6509191782407407 0.11734762731481482 0.6568796759259259 0.117095625 0.657890400462963 0.1099410787037037 0.663621462962963 0.10968907870370372 0.6646321875 0.10181135648148149 0.6809185023148148 0.10335619907407408 0.6823772291666667 0.10651154166666667 0.7003408379629629 0.10805638425925926 0.7017995671296297 0.12117112499999999 0.7104372199074075 0.12296796990740741 0.7108852222222223 0.15020546064814813 0.7241176273148148 0.15200230555555555 0.7245656296296297 0.17176758796296296 0.7294936689814814 0.1738164351851852 0.7289309467592593 0.19408572222222223 0.731837537037037 0.19613456712962962 0.7312748148148148 0.20562279166666667 0.7314933842592592 0.20767163657407406 0.730930662037037 0.22150955324074073 0.7290130625000001 0.22176155555555555 0.728002337962963 0.23916033101851852 0.7194576712962963 0.23941233333333334 0.7184469467592592 0.2501277361111111 0.7060888125 0.2503797384259259 0.7050780879629629 0.2528997592592593 0.6949708425925926 0.24076019444444444 0.6747672152777778 0.23921535185185186 0.673308486111111 0.22326292824074073 0.6607426527777778 0.22146608564814815 0.660294650462963 0.20605049537037037 0.6532304444444444 0.20425365277777777 0.6527824398148148 0.18987890046296296 0.649198412037037 0.18783005324074076 0.6497611342592593 0.1596173865740741 0.6480947060185186
3 0 0.7170749398148147 0.03458276388888889 0.7285698819444444 0.036631608796296296 0.7280071620370371 0.061502592592592595 0.7277668587962963 0.0635514375 0.7272041365740741 0.07559251157407408 0.7248385347222223 0.0758445138888889 0.7238278101851853 0.09834898842592593 0.7101148009259259 0.09860099074074073 0.709104076388889 0.10446269675925926 0.7009035601851852 0.10313702546296295 0.6909110300925926 0.10159218518518519 0.6894523032407407 0.09692482870370371 0.6775530416666667 0.09537998611111112 0.6760943125 0.0848180949074074 0.6648724907407407 0.08302125 0.6644244861111112 0.06476797916666667 0.6534320995370371 0.06297113425925926 0.6529840972222223 0.04500269675925926 0.6485040624999999 0.04295384953703704 0.6490667824074073 0.03576647453703704 0.6472747685185185 0.03371762731481481 0.6478374907407407 0.01858687037037037 0.647285636574074 0.016538025462962964 0.6478483564814815 0 0.6512854722222222 0 0.7170749398148147
3 0 0.6501902152777779 0.018838872685185186 0.646274912037037 0.020635717592592594 0.6467229143518518 0.04550669907407407 0.646482611111111 0.03932733101851852 0.6406476990740742 0.03753048842592593 0.6401996967592593 0.010829831018518518 0.6324689189814814 0.008780986111111111 0.6330316388888889 0 0.632512974537037 0 0.6501902152777779
3 0.05956378935185185 0.6360312129629629 0.05931178703703704 0.6370419374999999 0.056539766203703705 0.6481599097222223 0.05808460648148148 0.649618636574074 0.07375219907407407 0.6556721180555556 0.07529704166666668 0.6571308449074074 0.09484315277777779 0.6705926851851851 0.09663999537037037 0.6710406898148148 0.10023368518518519 0.6719366967592593 0.1022825300925926 0.671373974537037 0.11094908796296296 0.6595785648148149 0.11299793287037037 0.6590158425925926 0.12655101851851852 0.6505858935185186 0.12859986574074073 0.6500231712962963 0.1693576111111111 0.6473025486111111 0.17140645601851853 0.6467398263888889 0.17191046064814816 0.6447183773148149 0.14568097685185186 0.6274430740740741 0.14388413425925928 0.6269950717592593 0.12052516203703705 0.621171025462963 0.11847631712962964 0.6217337453703704 0.08641795833333334 0.6201820347222222 0.08436911111111112 0.6207447569444445 0.06747434027777778 0.627267974537037 0.06722233796296297 0.6282786990740741 0.05956378935185185 0.6360312129629629
3 0.2057328333333333 0.6391950162037037 0.20368398842592594 0.6397577384259259 0.1908869074074074 0.6451555138888888 0.1906349050925926 0.646166238425926 0.19192774537037036 0.6486356921296297 0.1937245902777778 0.6490836944444445 0.21683156018518518 0.6559184652777779 0.21837640046296297 0.6573771944444444 0.23174314583333333 0.6650041203703704 0.23328798611111112 0.666462849537037 0.2484844050925926 0.6820608564814814 0.24823240277777778 0.6830715810185185 0.2564934467592593 0.695866849537037 0.2582902893518519 0.6963148518518518 0.29290150000000004 0.6952823935185185 0.2931535 0.6942716689814815 0.29721836342592595 0.6856231504629631 0.2956078611111111 0.6691182685185185 0.2940630185185185 0.6676595393518518 0.291477337962963 0.6627206342592593 0.2899324976851852 0.6612619050925926 0.26679269675925926 0.6469040578703704 0.26499585416666666 0.6464560555555556 0.22546528703703703 0.6365999791666667 0.22341643981481482 0.6371626990740741 0.2057328333333333 0.6391950162037037
3 0.3476506736111111 0.6670642175925926 0.3456018287037037 0.6676269374999999 0.3363656064814815 0.6663976458333333 0.33431676157407403 0.6669603657407407 0.3207308449074074 0.6678672407407407 0.318682 0.668429962962963 0.3002423865740741 0.6734944537037038 0.2999903842592592 0.6745051782407407 0.2969991898148148 0.6941569513888889 0.2985440324074074 0.6956156782407407 0.33139122685185185 0.7016582916666666 0.3329360694444445 0.7031170208333334 0.34885566203703705 0.7081597777777778 0.3504005046296296 0.7096185046296296 0.36376724768518515 0.7172454328703703 0.3655640925925926 0.7176934351851852 0.370954625 0.7190374467592592 0.3730034699074074 0.718474724537037 0.4047769976851852 0.7135140856481482 0.40502900000000003 0.7125033611111111 0.4083378541666666 0.7068870162037036 0.4036704976851852 0.6949877546296297 0.4021256574074074 0.6935290254629629 0.39799513425925925 0.6871313912037037 0.39619829166666665 0.6866833888888889 0.39156376388888886 0.6823072037037037 0.3897669212962963 0.6818591990740741 0.36766796064814816 0.6709815300925925 0.3658711157407407 0.6705335277777777 0.3476506736111111 0.6670642175925926
3 0.22384597222222222 0.20677389120370368 0.2235939699074074 0.20778461805555556 0.21748026157407405 0.21699585648148148 0.21902510416666665 0.21845458564814815 0.22678214351851853 0.23327130324074072 0.22857898842592592 0.23371930555555556 0.2334655162037037 0.2370847662037037 0.23526236111111112 0.23753277083333335 0.2475882662037037 0.24167951851851852 0.24963711111111112 0.24111679861111113 0.2650198703703704 0.24065792824074073 0.2652718726851852 0.2396472013888889 0.2749792685185185 0.23133196990740743 0.2752312708333333 0.23032124537037038 0.27699528472222223 0.2232461712962963 0.2731167638888889 0.2158378125 0.2715719212962963 0.21437908564814817 0.26179886574074074 0.20764816435185185 0.26000202314814813 0.20720016203703703 0.24178158101851852 0.20373085185185186 0.23973273611111112 0.20429357175925927 0.23229335879629628 0.2035122824074074 0.23024451157407408 0.20407500462962963 0.22384597222222222 0.20677389120370368
3 0.2470842615740741 0.2437009675925926 0.24683225925925925 0.24471169444444443 0.2422305648148148 0.24785858564814817 0.2419785625 0.2488693101851852 0.2402145486111111 0.2559443819444444 0.24175939120370368 0.2574031111111111 0.24384106712962964 0.26436346527777776 0.2453859074074074 0.26582219444444444 0.251565275462963 0.27165710648148145 0.25336212037037037 0.27210511111111113 0.2633871782407407 0.27782530555555557 0.2651840208333333 0.2782733101851852 0.27237139814814815 0.2800653240740741 0.27442024305555557 0.2795026018518519 0.27801393055555557 0.2803986087962963 0.28006277777777777 0.2798358888888889 0.29005500462962963 0.27803300694444444 0.29030700694444445 0.2770222824074074 0.29563187731481483 0.2633201388888889 0.29329819907407406 0.25737050925925925 0.2917533587962963 0.2559117800925926 0.28557399074074075 0.25007686805555557 0.28377714583333336 0.24962886574074072 0.2773457777777778 0.24480467592592592 0.27554893287037036 0.2443566736111111 0.26861355787037033 0.24155393518518517 0.26656471296296297 0.24211665509259261 0.2470842615740741 0.2437009675925926
3 0.3005184050925926 0.266685599537037 0.3002664050925926 0.26769632407407407 0.29390069444444444 0.27791828935185187 0.2954455370370371 0.27937701851851854 0.2946895300925926 0.2824091921296296 0.29623437268518515 0.2838679189814815 0.30061689583333334 0.28925482870370367 0.3024137407407408 0.28970283333333335 0.31707332407407407 0.29979921296296297 0.31887016898148146 0.30024721527777776 0.3258055416666667 0.30304995601851853 0.32785438657407406 0.30248723379629633 0.3370906087962963 0.3037165277777778 0.33913945601851847 0.30315380555555554 0.35297737268518514 0.3012362060185185 0.353229375 0.3002254814814815 0.35732706712962964 0.29910003935185187 0.3575790694444444 0.2980893148148148 0.36009908796296297 0.28798206712962965 0.35622056712962963 0.28057370833333334 0.3544237245370371 0.2801257060185185 0.3433578287037037 0.27092533333333335 0.34156098379629635 0.27047732870370367 0.3166571712962963 0.26319455555555554 0.3146083263888889 0.26375727546296296 0.3110146365740741 0.2628612685185185 0.30896579166666666 0.26342399074074074 0.3005184050925926 0.266685599537037
3 0.3833923981481482 0.2787599606481481 0.38134355324074076 0.2793226805555556 0.36290393981481484 0.2843871712962963 0.3626519375 0.28539789583333336 0.3591239097222222 0.2995480439814815 0.3606687523148148 0.3010067708333333 0.3766211759259259 0.3135726041666667 0.3784180208333333 0.3140206064814815 0.3927927708333333 0.3176046365740741 0.39484161805555557 0.31704191435185186 0.4040778379629629 0.3182712060185185 0.4061266851851852 0.31770848611111113 0.4140700671296296 0.3164683263888889 0.41432206944444444 0.31545760185185184 0.4212246111111111 0.3107372638888889 0.42147661342592596 0.30972653935185185 0.4222326203703704 0.30669436342592593 0.41885810416666663 0.29726455555555553 0.41731326157407406 0.2958058287037037 0.4129307384259259 0.2904189189814815 0.4111338935185185 0.28997091435185185 0.40804421064814816 0.28705345833333334 0.4062473657407408 0.2866054560185185 0.3959703055555555 0.2818959837962963 0.39417346296296296 0.2814479814814815 0.3833923981481482 0.2787599606481481
3 0.3276352152777778 0.3110210347222222 0.32943206018518517 0.31146903935185183 0.334318587962963 0.3148344976851852 0.33611543055555554 0.31528250231481486 0.34844133796296295 0.31942925231481484 0.35049018287037037 0.3188665300925926 0.3633200925925926 0.3209918310185185 0.3653689375 0.3204291087962963 0.37356432175925924 0.31817822453703704 0.37381632407407406 0.3171675 0.37636917361111116 0.3145833287037037 0.3622135949074074 0.3024655 0.36041675 0.3020174953703703 0.35682306249999995 0.30112148842592595 0.3547742175925926 0.3016842106481481 0.3427331435185185 0.30404981249999996 0.34093629861111113 0.3036018078703704 0.321707849537037 0.30417539814814815 0.32325269212962965 0.305634125 0.3276352152777778 0.3110210347222222
3 0.283722125 0.2957780486111111 0.2855189699074074 0.29622605092592597 0.3014385625 0.30126880787037036 0.30348740740740743 0.300706087962963 0.31477247685185183 0.30137265972222227 0.289551 0.2800544560185185 0.2877541574074074 0.2796064537037037 0.2682737060185185 0.2811907662037037 0.2680217037037037 0.28220149074074075 0.2675176990740741 0.28422293981481483 0.26906254166666665 0.28568166898148145 0.27524190972222223 0.2915165810185185 0.2770387523148148 0.29196458564814814 0.283722125 0.2957780486111111
3 0.22454604398148148 0.42595383564814815 0.22429404166666667 0.4269645601851852 0.22612371527777778 0.4349356412037037 0.22766855787037038 0.43639436805555554 0.23230308333333335 0.44077055324074077 0.23409992824074075 0.44121855787037034 0.2441249861111111 0.4469387523148148 0.24592182870370372 0.4473867546296296 0.2643942731481482 0.4498453402777778 0.26644311805555554 0.44928262037037037 0.2766873472222222 0.44646901388888893 0.276939349537037 0.4454582893518519 0.2797442013888889 0.4418633935185185 0.27198716203703704 0.42704667592592593 0.27019031712962965 0.4265986736111111 0.2550267291666667 0.41852374305555556 0.2532298865740741 0.41807573842592594 0.24424566666666667 0.4158357222222222 0.24219682175925925 0.4163984421296296 0.2342534398148148 0.4176386018518518 0.23400143750000002 0.41864932638888885 0.22454604398148148 0.42595383564814815
3 0.3128628495370371 0.9214118240740741 0.3146596944444444 0.9218598287037038 0.3290344444444444 0.9254438564814814 0.33108329166666667 0.9248811342592593 0.3385226689814815 0.9256624236111111 0.3405715138888889 0.9250997037037038 0.34157952314814816 0.9210568032407408 0.3181548912037037 0.9001866064814814 0.31635804629629627 0.8997386018518518 0.30866666666666664 0.8999680370370371 0.30841466666666667 0.9009787615740741 0.30406497222222223 0.9031149305555556 0.3038129699074074 0.9041256550925927 0.304634636574074 0.9161396319444444 0.3061794768518518 0.9175983611111111 0.3128628495370371 0.9214118240740741
3 0.3111316666666667 0.936009974537037 0.31292850925925925 0.9364579768518518 0.3201158865740741 0.9382499907407408 0.32216473148148145 0.9376872708333333 0.33549864583333333 0.9377911203703704 0.3357506481481481 0.9367803958333333 0.34085634722222224 0.9316120555555556 0.33827066666666666 0.926673148148148 0.3364738240740741 0.9262251458333333 0.3128628495370371 0.9214118240740741 0.3113180069444445 0.9199530972222222 0.3025857893518519 0.9167023541666667 0.30053694444444445 0.9172650763888889 0.2967240833333334 0.9249028703703703 0.2982689259259259 0.9263615972222223 0.3111316666666667 0.936009974537037
3 0.27222578472222225 0.8930294166666667 0.27402262962962964 0.8934774212962963 0.280706 0.8972908842592593 0.2825028449074074 0.8977388865740741 0.2932839074074074 0.9004269074074074 0.2953327546296296 0.8998641875 0.300975287037037 0.9001974722222222 0.3030241342592593 0.8996347523148148 0.3073738287037037 0.8974985856481481 0.30762582870370375 0.8964878587962963 0.30863383796296295 0.8924449606481482 0.3032104745370371 0.8835778750000001 0.3016656342592593 0.8821191458333333 0.286217212962963 0.867531863425926 0.2844203703703704 0.867083861111111 0.2705824537037037 0.8690014583333334 0.2703304513888889 0.8700121828703703 0.26475357638888886 0.8847250509259259 0.2662984189814815 0.8861837800925926 0.27222578472222225 0.8930294166666667
3 0.2158147384259259 0.2466401597222222 0.21735958101851852 0.2480988888888889 0.21969325925925925 0.2540485185185185 0.22123810185185186 0.2555072476851852 0.23255599768518517 0.26369689583333333 0.2343528425925926 0.2641448981481482 0.23974337499999998 0.2654889097222222 0.2417922199074074 0.2649261875 0.24229622453703706 0.26290473842592593 0.2386697060185185 0.2544856550925926 0.23892170833333334 0.25347493055555553 0.24528741898148146 0.24325296527777776 0.24374257638888888 0.24179423611111112 0.22577413657407405 0.2373142013888889 0.22372529166666666 0.23787692361111112 0.21707474999999998 0.24158653703703706 0.2168227476851852 0.2425972615740741 0.2158147384259259 0.2466401597222222
1 0.6046620092592592 0.6926036851851852 0.7176344305555555 0.6742859027777778 0.7093799513888889 0.66299525 0.6129023819444444 0.6771592800925925 0.5773204328703704 0.6790232615740741 0.5632579328703704 0.676483287037037 0.5420957268518518 0.6687377777777778 0.5188649745370371 0.6570411435185185 0.4968940509259259 0.6755034722222222 0.5474532453703703 0.6977712986111112 0.580712337962963 0.7159404351851852 0.6308365625 0.7384218773148148 0.6503554375 0.7221394282407407 0.6159930393518519 0.7038025625000001 0.6059077314814815 0.6960275902777778 0.6046620092592592 0.6926036851851852
1 0.1478924861111111 0.5290126157407408 0.18883444675925926 0.4979960462962963 0.21172011574074073 0.5011255509259259 0.23621193981481484 0.5138880949074074 0.2606664976851852 0.5298620138888889 0.2869377777777778 0.5155851967592593 0.20044295138888887 0.4552642476851852 0.15508262962962963 0.41979964120370367 0.1279961550925926 0.4411733888888889 0.12922546296296297 0.44083575694444443 0.1527027152777778 0.45613658564814813 0.16319557175925928 0.4691662407407407 0.16015069444444446 0.48826784953703706 0.16253149074074075 0.4932630277777778 0.13171654398148147 0.5181087407407408 0.12138136111111111 0.5235835601851851 0.1359938287037037 0.5346343935185186 0.1478924861111111 0.5290126157407408
1 0.48874308333333333 0.3530147824074074 0.4283263564814815 0.3457881597222222 0.4283975185185185 0.3562193935185185 0.4286024027777778 0.3561631203703704 0.4557500972222222 0.36056997916666667 0.4466857476851852 0.3869739236111111 0.4534162361111111 0.3898329351851852 0.4633669398148148 0.3667632939814815 0.46755886574074074 0.36372894675925926 0.4766307546296296 0.36255544444444443 0.4905354884259259 0.3641972384259259 0.48874308333333333 0.3530147824074074
1 0.3116128449074074 0.4763259699074074 0.30942699305555554 0.4866238888888889 0.3116336064814815 0.48695934953703707 0.3332428518518519 0.4913809375 0.3258778263888889 0.5193894837962963 0.3338496921296296 0.5188005601851852 0.34213283564814817 0.49552986111111114 0.34450928472222225 0.4936531967592593 0.36462080324074075 0.49566160648148144 0.36440500694444444 0.4873414212962963 0.3116128449074074 0.4763259699074074
1 0.30781986805555556 0 0.30836013888888886 0.007122555555555556 0.30134907175925923 0.022229326388888887 0.2959344050925926 0.027105921296296298 0.26373797685185185 0.029169877314814817 0.2600971712962963 0.02922832175925926 0.2633149837962963 0.0438794837962963 0.36224016435185186 0.038270025462962966 0.36605302314814814 0.030632231481481483 0.34580237037037037 0.026119953703703704 0.3190841435185185 0.02611439814814815 0.32297269444444443 0.0005670949074074074 0.32291896296296296 0 0.30781986805555556 0
0 0.4450186712962963 0.7159252152777777 0.47410687268518514 0.6949431990740741 0.4822990648148148 0.674333712962963 0.49293771296296296 0.6737655578703703 0.5032838055555555 0.6766671944444445 0.5367192986111111 0.6941288240740741 0.5555249398148148 0.6730522569444445 0.4749059236111111 0.631265849537037 0.4240301296296296 0.6010821296296297 0.39938585879629634 0.6180190740740741 0.39746957870370375 0.6195810486111112 0.4485984375 0.654873576388889 0.45852916898148144 0.6801089699074074 0.45199362268518517 0.6925430578703704 0.43457399537037034 0.7080606412037037 0.36477960416666666 0.720074375 0.3777025925925926 0.7317775300925925 0.414393349537037 0.7254663587962964 0.4450186712962963 0.7159252152777777
0 0.4034412685185185 0.3192934027777778 0.40288899074074075 0.3337560648148148 0.3950058587962963 0.3370510046296296 0.37118778240740746 0.33766118055555555 0.37296270833333334 0.3389625648148148 0.3809082175925926 0.34996147222222224 0.4443291805555556 0.3581518472222222 0.44120666435185185 0.3477113125 0.42378384490740745 0.3448702939814815 0.4124725138888889 0.3381852615740741 0.4106790439814815 0.3208832731481482 0.4057201990740741 0.31857333796296294 0.4034412685185185 0.3192934027777778