2 1 0.08737037037037038 0.9970833333333333 0.01462962962962963 0.8688541666666667 0.19648148148148148 0.7283333333333333 0.32833333333333337 0.6671875 0.4103703703703704 0.48270833333333335 0.7331481481481482 0.33937500000000004 0.9994444444444445 0.3364583333333333 0.9994444444444445 0.3485119050925926 1 0.39379671064814814 1 0.46177083333333335 0.8727777777777779 0.6944791666666666 0.4911111111111111 0.7016666666666667 0.4846296296296297 0.7571875 0.41425925925925927 0.8644791666666666 0.2962962962962963 0.8688541666666667 0.2962962962962963 0.9308333333333333 0.23870370370370372 0.9582291666666666 0.1837037037037037 1 0.10689633333333333 1 0.08737037037037038
2 0.7403125 0.5246296296296296 0.7477083333333333 0.6081481481481482 0.7661458333333334 0.6835185185185184 0.8003125 0.7992592592592592 0.8083333333333333 0.8394444444444444 0.81625 0.8653703703703703 0.8501041666666667 0.9585185185185184 0.8644791666666666 0.952037037037037 0.828125 0.86 0.8076041666666667 0.7753703703703704 0.7583333333333334 0.6048148148148148 0.7492708333333333 0.4512962962962963 0.7476041666666666 0.4498148148148148 0.7459375 0.5140740740740741 0.7403125 0.5246296296296296
2 0.6933333333333332 0.08166666666666667 0.699375 0.10888888888888888 0.7115625 0.13722222222222222 0.7274999999999999 0.19018518518518518 0.7274999999999999 0.21703703703703706 0.7491666666666666 0.22722222222222221 0.7283333333333333 0.13925925925925925 0.7046875 0.05759259259259259 0.6936458333333333 0.062037037037037036 0.6933333333333332 0.08166666666666667
3 0.8895833333333334 0.4055555555555555 0.8895833333333334 0.4074074074074074 0.8864583333333333 0.4333333333333333 0.8854166666666666 0.4351851851851852 0.878125 0.4537037037037037 0.8770833333333333 0.4555555555555556 0.871875 0.46481481481481485 0.8708333333333333 0.46481481481481485 0.865625 0.46851851851851856 0.8645833333333334 0.4703703703703703 0.8583333333333334 0.48148148148148145 0.8583333333333334 0.48333333333333334 0.859375 0.49259259259259264 0.8604166666666666 0.4944444444444444 0.865625 0.5092592592592593 0.8666666666666666 0.5111111111111112 0.8729166666666667 0.5222222222222223 0.8739583333333334 0.5222222222222223 0.8875 0.5388888888888889 0.8885416666666667 0.5388888888888889 0.896875 0.5444444444444444 0.8979166666666666 0.5444444444444444 0.91875 0.5407407407407407 0.9197916666666667 0.5388888888888889 0.9302083333333334 0.5314814814814814 0.93125 0.5296296296296297 0.9510416666666667 0.4962962962962963 0.9510416666666667 0.4944444444444444 0.9552083333333333 0.48333333333333334 0.9552083333333333 0.48148148148148145 0.9572916666666667 0.46296296296296297 0.9572916666666667 0.4611111111111111 0.95625 0.4333333333333333 0.9552083333333333 0.4314814814814815 0.9541666666666666 0.42407407407407405 0.953125 0.4222222222222222 0.9489583333333333 0.4111111111111111 0.9479166666666666 0.4111111111111111 0.940625 0.40185185185185185 0.9395833333333333 0.40185185185185185 0.9302083333333334 0.39444444444444443 0.9291666666666666 0.39444444444444443 0.9072916666666666 0.3925925925925926 0.8958333333333334 0.39814814814814814 0.8947916666666667 0.4 0.8895833333333334 0.4055555555555555
3 0.775 0.39629629629629626 0.775 0.39814814814814814 0.7760416666666666 0.42407407407407405 0.7770833333333333 0.42592592592592593 0.78125 0.45185185185185184 0.7822916666666666 0.4537037037037037 0.79375 0.4759259259259259 0.7947916666666667 0.4759259259259259 0.809375 0.49259259259259264 0.8104166666666667 0.49259259259259264 0.8322916666666667 0.4944444444444444 0.8333333333333334 0.49259259259259264 0.8385416666666666 0.49259259259259264 0.8395833333333333 0.49074074074074076 0.8520833333333334 0.48518518518518516 0.853125 0.48333333333333334 0.85625 0.48148148148148145 0.85625 0.47962962962962963 0.865625 0.46481481481481485 0.8666666666666666 0.46481481481481485 0.8729166666666667 0.45925925925925926 0.8739583333333334 0.4574074074074074 0.8854166666666666 0.4277777777777778 0.8854166666666666 0.42592592592592593 0.8854166666666666 0.387037037037037 0.884375 0.3851851851851852 0.8822916666666666 0.37037037037037035 0.88125 0.36851851851851847 0.8791666666666667 0.3611111111111111 0.878125 0.3592592592592592 0.8677083333333334 0.3574074074074074 0.8666666666666666 0.3592592592592592 0.8572916666666667 0.3648148148148148 0.85625 0.362962962962963 0.8479166666666667 0.34629629629629627 0.846875 0.34629629629629627 0.8375 0.33148148148148143 0.8364583333333334 0.33148148148148143 0.8333333333333334 0.33148148148148143 0.7791666666666667 0.3851851851851852 0.778125 0.387037037037037 0.775 0.39629629629629626
3 0.8125 0.22037037037037038 0.8125 0.22407407407407406 0.8104166666666667 0.23148148148148148 0.8166666666666667 0.24259259259259258 0.8145833333333333 0.24629629629629632 0.8104166666666667 0.24629629629629632 0.8815972222222223 0.24913580092592594 0.8822916666666666 0.2851851851851852 0.88125 0.28703703703703703 0.8739583333333334 0.28888888888888886 0.8604166666666666 0.30185185185185187 0.8583333333333334 0.30185185185185187 0.8479166666666667 0.3111111111111111 0.8395833333333333 0.32407407407407407 0.8385416666666666 0.32962962962962966 0.8395833333333333 0.32962962962962966 0.8479166666666667 0.3444444444444445 0.853125 0.3444444444444445 0.8552083333333333 0.34074074074074073 0.8583333333333334 0.3388888888888889 0.8604166666666666 0.3351851851851852 0.8645833333333334 0.33148148148148143 0.8729166666666667 0.33148148148148143 0.8760416666666666 0.3351851851851852 0.8760416666666666 0.3425925925925926 0.8770833333333333 0.3444444444444445 0.8770833333333333 0.34814814814814815 0.8802083333333334 0.34814814814814815 0.88125 0.34629629629629627 0.8864583333333333 0.34629629629629627 0.8875 0.3444444444444445 0.8895833333333334 0.3444444444444445 0.8947916666666667 0.3388888888888889 0.896875 0.3388888888888889 0.903125 0.3333333333333333 0.9114583333333334 0.32037037037037036 0.9114583333333334 0.3148148148148148 0.909375 0.3111111111111111 0.9083333333333333 0.3111111111111111 0.9052083333333334 0.3055555555555556 0.9010416666666666 0.30185185185185187 0.8979166666666666 0.2962962962962963 0.896875 0.2962962962962963 0.8885416666666667 0.2851851851851852 0.8674479166666667 0.16712962962962963 0.871875 0.15925925925925924 0.871875 0.15185185185185185 0.8697916666666666 0.15185185185185185 0.86875 0.15 0.8642361111111112 0.1590123472222222 0.8625 0.15 0.8614583333333333 0.15185185185185185 0.85625 0.15185185185185185 0.853125 0.15555555555555556 0.85 0.15555555555555556 0.8395833333333333 0.16481481481481483 0.8333333333333334 0.17407407407407408 0.8291666666666666 0.17777777777777778 0.825 0.18518518518518517 0.825 0.18703703703703703 0.8208333333333334 0.19444444444444445 0.8208333333333334 0.1962962962962963 0.8145833333333333 0.20925925925925928 0.8145833333333333 0.21296296296296297 0.8135416666666666 0.21481481481481482 0.8135416666666666 0.21851851851851853 0.8125 0.22037037037037038
3 0.9385416666666666 0.2611111111111111 0.9395833333333333 0.26296296296296295 0.940625 0.27037037037037037 0.9342147430555555 0.2692307685185185 0.9173878217592593 0.31623931712962966 0.9177083333333333 0.32592592592592595 0.9135416666666666 0.32407407407407407 0.9052083333333334 0.3333333333333333 0.9052083333333334 0.34074074074074073 0.90625 0.3425925925925926 0.9072916666666666 0.35185185185185186 0.909375 0.35555555555555557 0.9125 0.36851851851851847 0.9229166666666666 0.3833333333333333 0.9270833333333334 0.3851851851851852 0.940625 0.39814814814814814 0.9427083333333334 0.39814814814814814 0.9458333333333334 0.40185185185185185 0.9510416666666667 0.40185185185185185 0.9520833333333334 0.4 0.9552083333333333 0.4 0.9552083333333333 0.39814814814814814 0.946875 0.37962962962962965 0.946875 0.37777777777777777 0.934375 0.35555555555555557 0.934375 0.35370370370370374 0.9583333333333334 0.32037037037037036 0.9614583333333334 0.32592592592592595 0.9614583333333334 0.3277777777777778 0.9645833333333333 0.3333333333333333 0.9645833333333333 0.3351851851851852 0.9739583333333334 0.35370370370370374 0.9739583333333334 0.35555555555555557 0.978125 0.362962962962963 0.978125 0.3648148148148148 0.9833333333333334 0.37407407407407406 0.9833333333333334 0.37592592592592594 0.9875 0.3833333333333333 0.9875 0.3851851851851852 0.9916666666666666 0.3925925925925926 0.9927083333333334 0.3925925925925926 0.9989583333333334 0.40185185185185185 0.9989583333333334 0.24629629629629632 0.996875 0.24259259259259258 0.9958333333333333 0.23703703703703705 0.9854166666666666 0.2277777777777778 0.975 0.22592592592592592 0.9739583333333334 0.22407407407407406 0.96875 0.22407407407407406 0.9677083333333334 0.2222222222222222 0.9510416666666667 0.2222222222222222 0.9447916666666666 0.2277777777777778 0.9395833333333333 0.22962962962962963 0.9354166666666667 0.23518518518518516 0.934375 0.24259259259259258 0.9385416666666666 0.2574074074074074 0.9370192314814815 0.2613960115740741 0.9385416666666666 0.2611111111111111
3 0.9645833333333333 0.17592592592592593 0.9635416666666666 0.17592592592592593 0.9583333333333334 0.1814814814814815 0.9572916666666667 0.18333333333333335 0.95 0.19814814814814813 0.9510416666666667 0.2 0.9510416666666667 0.2037037037037037 0.9520833333333334 0.20555555555555555 0.9604166666666666 0.21851851851851853 0.9614583333333334 0.21851851851851853 0.98125 0.22407407407407406 0.9822916666666667 0.22407407407407406 0.9989583333333334 0.22037037037037038 0.9989583333333334 0.21851851851851853 0.9989583333333334 0.14074074074074072 0.9979166666666667 0.14074074074074072 0.9927083333333334 0.13333333333333333 0.9770833333333334 0.1537037037037037 0.9760416666666666 0.15555555555555556 0.9645833333333333 0.17592592592592593
3 0.8552083333333333 0 0.8489583333333334 0.014814814814814815 0.8479166666666667 0.025925925925925925 0.846875 0.027777777777777776 0.846875 0.03333333333333333 0.8458333333333333 0.03518518518518518 0.8458333333333333 0.053703703703703705 0.8447916666666666 0.05555555555555555 0.8447916666666666 0.06851851851851852 0.8458333333333333 0.07037037037037036 0.846875 0.08703703703703704 0.8552083333333333 0.11666666666666667 0.8666666666666666 0.13703703703703704 0.8770833333333333 0.1462962962962963 0.88125 0.1425925925925926 0.8961805555555555 0.11604938425925926 0.9 0.13518518518518519 0.9052083333333334 0.13518518518518519 0.9072916666666666 0.13148148148148148 0.9166666666666666 0.12407407407407407 0.93125 0.10185185185185185 0.9322916666666666 0.10185185185185185 0.9458333333333334 0.08148148148148149 0.946875 0.08148148148148149 0.9489583333333333 0.07777777777777778 0.9479166666666666 0.07592592592592592 0.9479166666666666 0.07037037037037036 0.94375 0.06296296296296296 0.940625 0.06296296296296296 0.940625 0.05185185185185185 0.9489583333333333 0.037037037037037035 0.9510416666666667 0.037037037037037035 0.9510416666666667 0.044444444444444446 0.9541666666666666 0.05185185185185185 0.95625 0.05185185185185185 0.9625 0.05740740740740741 0.9666666666666667 0.053703703703703705 0.96875 0.05 0.971875 0.04814814814814815 0.9770833333333334 0.040740740740740744 0.9802083333333333 0.03888888888888889 0.99375 0.016666666666666666 0.9947916666666666 0.009259259259259259 0.9916666666666666 0 0.9697916666666666 0 0.965625 0.007407407407407408 0.9654246782407407 0 0.9601762824074074 0 0.9552083333333333 0.001851851851851852 0.9549278842592592 0 0.9497685185185185 0.001851851851851852 0.949679488425926 0 0.9444310902777778 0 0.9443287037037037 0.001851851851851852 0.9391826921296297 0 0.938888888888889 0.001851851851851852 0.9339342939814814 0 0.9334490740740741 0.001851851851851852 0.9286858981481482 0 0.9280092592592593 0.001851851851851852 0.9234375 0 0.9225694444444444 0.001851851851851852 0.9181891018518519 0 0.9171296296296296 0.001851851851851852 0.9129407060185185 0 0.9116898148148148 0.001851851851851852 0.9076923078703705 0 0.90625 0.001851851851851852 0.9052083333333334 0 0.8552083333333333 0
3 0.8083333333333333 0.5666666666666667 0.809375 0.5666666666666667 0.8145833333333333 0.5648148148148148 0.8145833333333333 0.5629629629629629 0.8166666666666667 0.5592592592592592 0.8166666666666667 0.5574074074074075 0.815625 0.5518518518518518 0.8145833333333333 0.5518518518518518 0.80625 0.5518518518518518 0.8041666666666666 0.5592592592592592 0.8052083333333334 0.5611111111111111 0.8083333333333333 0.5666666666666667
3 0.49895833333333334 0.9055555555555556 0.5 0.9074074074074074 0.5 0.9166666666666666 0.5020833333333333 0.924074074074074 0.5020833333333333 0.9296296296296297 0.5031249999999999 0.9314814814814815 0.5031249999999999 0.9370370370370371 0.5041666666666667 0.9407407407407407 0.5052083333333334 0.9407407407407407 0.5208333333333334 0.9685185185185184 0.5281250000000001 0.9740740740740741 0.5302083333333334 0.9777777777777777 0.5364583333333334 0.9833333333333334 0.546875 0.9814814814814815 0.5479166666666666 0.9796296296296296 0.5510416666666667 0.9796296296296296 0.5520833333333334 0.9777777777777777 0.5520833333333334 0.9740740740740741 0.553125 0.9722222222222222 0.553125 0.9629629629629629 0.5541666666666667 0.9611111111111111 0.5541666666666667 0.9574074074074075 0.553125 0.9555555555555556 0.553125 0.9314814814814815 0.5520833333333334 0.9296296296296297 0.5520833333333334 0.9222222222222222 0.5510416666666667 0.9203703703703704 0.5510416666666667 0.9092592592592593 0.5520833333333334 0.9055555555555556 0.5666666666666667 0.9018518518518519 0.5666666666666667 0.9166666666666666 0.5677083333333334 0.9185185185185185 0.5677083333333334 0.9407407407407407 0.56875 0.9425925925925925 0.56875 0.9537037037037037 0.5729166666666666 0.9685185185185184 0.578125 0.9685185185185184 0.5802083333333333 0.9648148148148148 0.5833333333333334 0.9629629629629629 0.5895833333333333 0.95 0.5916666666666667 0.9407407407407407 0.5947916666666666 0.9333333333333333 0.5958333333333333 0.9222222222222222 0.596875 0.9203703703703704 0.5979166666666667 0.9092592592592593 0.5989583333333334 0.9074074074074074 0.5979166666666667 0.9037037037037037 0.5979166666666667 0.8962962962962963 0.596875 0.8944444444444444 0.596875 0.8851851851851852 0.5947916666666666 0.8814814814814815 0.59375 0.8759259259259259 0.5830729166666666 0.8589506157407407 0.5760416666666667 0.8722222222222222 0.5750000000000001 0.8722222222222222 0.5747159097222222 0.8649831643518519 0.5786458333333333 0.8530864212962963 0.5739583333333333 0.8518518518518519 0.5739583333333333 0.8425925925925926 0.5697916666666667 0.8413580231481481 0.5708333333333333 0.8370370370370371 0.5653645833333334 0.8354938287037037 0.5666666666666667 0.8314814814814815 0.5645833333333333 0.8296296296296296 0.5645833333333333 0.825925925925926 0.5625 0.8185185185185185 0.5625 0.8129629629629629 0.5614583333333334 0.8092592592592593 0.5552083333333333 0.7981481481481482 0.5489583333333333 0.7962962962962963 0.5479166666666666 0.7944444444444444 0.5432291666666667 0.8061728379629629 0.5343749999999999 0.7944444444444444 0.5239583333333333 0.8037037037037037 0.5125000000000001 0.825925925925926 0.5125000000000001 0.8296296296296296 0.5187499999999999 0.8314814814814815 0.5229166666666667 0.8351851851851853 0.5260416666666666 0.8351851851851853 0.5270833333333333 0.8370370370370371 0.5291666666666667 0.8370370370370371 0.5333333333333333 0.8407407407407407 0.5364583333333334 0.8407407407407407 0.5375 0.8425925925925926 0.5458333333333334 0.8462962962962963 0.5479166666666666 0.85 0.5520833333333334 0.8537037037037037 0.5552083333333333 0.8592592592592593 0.5527462129629629 0.8656565648148148 0.5362689398148148 0.8661616157407408 0.5354166666666667 0.8777777777777778 0.5291666666666667 0.8722222222222222 0.5252840902777778 0.8664983171296297 0.525 0.8703703703703703 0.5239583333333333 0.8685185185185185 0.5208333333333334 0.8685185185185185 0.5197916666666667 0.8666666666666666 0.5 0.8666666666666666 0.4979166666666667 0.8740740740740741 0.4979166666666667 0.8907407407407407 0.49895833333333334 0.8925925925925926 0.49895833333333334 0.9055555555555556
3 0.4708333333333333 0.9555555555555556 0.4708333333333333 0.9574074074074075 0.4572916666666667 0.9833333333333334 0.4572916666666667 0.9851851851851853 0.45416666666666666 0.9962962962962962 0.4552083333333333 0.9981481481481481 0.5302083333333334 0.9962962962962962 0.53125 0.9944444444444445 0.5322916666666666 0.9833333333333334 0.53125 0.9814814814814815 0.5302083333333334 0.9796296296296296 0.5291666666666667 0.9796296296296296 0.5166666666666666 0.9666666666666667 0.515625 0.9648148148148148 0.5041666666666667 0.9425925925925925 0.5031249999999999 0.9425925925925925 0.4958333333333333 0.9407407407407407 0.4802083333333333 0.9462962962962963 0.4791666666666667 0.9481481481481482 0.4708333333333333 0.9555555555555556
3 0.46979166666666666 0.9185185185185185 0.46979166666666666 0.9203703703703704 0.4708333333333333 0.9518518518518518 0.471875 0.9518518518518518 0.4885416666666667 0.9407407407407407 0.4895833333333333 0.9407407407407407 0.5020833333333333 0.938888888888889 0.5020833333333333 0.9370370370370371 0.5010416666666666 0.924074074074074 0.5 0.9222222222222222 0.4958333333333333 0.9111111111111112 0.4947916666666667 0.9111111111111112 0.4885416666666667 0.9055555555555556 0.4875 0.9055555555555556 0.4822916666666667 0.9055555555555556 0.4739583333333333 0.9092592592592593 0.4729166666666667 0.9111111111111112 0.46979166666666666 0.9185185185185185
3 0.4708333333333333 0.9129629629629629 0.471875 0.9111111111111112 0.48125 0.9055555555555556 0.4822916666666667 0.9055555555555556 0.490625 0.9055555555555556 0.4895833333333333 0.9037037037037037 0.48541666666666666 0.8944444444444444 0.484375 0.8944444444444444 0.4791666666666667 0.8907407407407407 0.478125 0.8907407407407407 0.4729166666666667 0.8907407407407407 0.4708333333333333 0.8925925925925926 0.4708333333333333 0.8944444444444444 0.4708333333333333 0.9129629629629629
3 0.74375 0.9185185185185185 0.74375 0.9203703703703704 0.74375 0.95 0.7447916666666666 0.9518518518518518 0.7479166666666667 0.9537037037037037 0.7489583333333334 0.9555555555555556 0.7552083333333334 0.9666666666666667 0.75625 0.9666666666666667 0.76875 0.9685185185185184 0.7697916666666667 0.9666666666666667 0.7729166666666666 0.9592592592592593 0.7729166666666666 0.9574074074074075 0.775 0.9462962962962963 0.775 0.9444444444444444 0.7739583333333334 0.9333333333333333 0.775 0.9314814814814815 0.7770833333333333 0.924074074074074 0.7770833333333333 0.9222222222222222 0.7770833333333333 0.9148148148148147 0.7760416666666666 0.9129629629629629 0.7666666666666666 0.9018518518518519 0.765625 0.9018518518518519 0.75625 0.9 0.75 0.9037037037037037 0.7489583333333334 0.9055555555555556 0.74375 0.9185185185185185
3 0.728125 0.9685185185185184 0.728125 0.9703703703703703 0.725 0.9796296296296296 0.725 0.9814814814814815 0.7260416666666666 0.9981481481481481 0.7270833333333334 0.9981481481481481 0.7510416666666666 0.9981481481481481 0.7520833333333333 0.9962962962962962 0.7614583333333333 0.9851851851851853 0.7614583333333333 0.9833333333333334 0.7604166666666666 0.9722222222222222 0.759375 0.9703703703703703 0.7583333333333334 0.9685185185185184 0.7572916666666666 0.9685185185185184 0.74375 0.9537037037037037 0.7333333333333334 0.9592592592592593 0.7322916666666667 0.9611111111111111 0.728125 0.9685185185185184
3 0.778125 0.9981481481481481 0.7791666666666667 0.9981481481481481 0.809375 0.9962962962962962 0.8083333333333333 0.9962962962962962 0.8010416666666667 0.9962962962962962 0.8 0.9944444444444445 0.7947916666666667 0.9907407407407407 0.79375 0.9907407407407407 0.7770833333333333 0.9870370370370369 0.775 0.9944444444444445 0.7760416666666666 0.9962962962962962 0.778125 0.9981481481481481
3 0.3083333333333333 0.5703703703703704 0.3083333333333333 0.5722222222222222 0.3083333333333333 0.5796296296296296 0.309375 0.5814814814814815 0.3104166666666667 0.5888888888888889 0.31145833333333334 0.5907407407407407 0.3177083333333333 0.6 0.31875 0.6 0.32916666666666666 0.6018518518518519 0.3302083333333333 0.6 0.3354166666666667 0.5981481481481481 0.3364583333333333 0.5962962962962963 0.34270833333333334 0.587037037037037 0.34270833333333334 0.5851851851851853 0.3458333333333333 0.5777777777777777 0.3458333333333333 0.575925925925926 0.346875 0.5648148148148148 0.3458333333333333 0.5629629629629629 0.34479166666666666 0.5518518518518518 0.34375 0.5499999999999999 0.3385416666666667 0.5425925925925926 0.3375 0.5425925925925926 0.325 0.5407407407407407 0.3104166666666667 0.5611111111111111 0.3104166666666667 0.5629629629629629 0.3083333333333333 0.5703703703703704
3 0.10625 0.7833333333333333 0.10729166666666667 0.7833333333333333 0.11458333333333333 0.7870370370370371 0.115625 0.7851851851851852 0.11875 0.7851851851851852 0.11875 0.7833333333333333 0.121875 0.7796296296296297 0.121875 0.7777777777777778 0.115625 0.7629629629629631 0.11458333333333333 0.7629629629629631 0.10729166666666667 0.7629629629629631 0.10416666666666667 0.7722222222222223 0.10416666666666667 0.774074074074074 0.10625 0.7833333333333333
3 0.11875 0.7981481481481482 0.11979166666666667 0.8 0.12604166666666666 0.8037037037037037 0.12708333333333333 0.8018518518518518 0.13125 0.8 0.13229166666666667 0.7981481481481482 0.134375 0.7944444444444444 0.134375 0.7925925925925925 0.134375 0.7814814814814816 0.13333333333333333 0.7796296296296297 0.12395833333333332 0.7777777777777778 0.11875 0.7851851851851852 0.11875 0.7870370370370371 0.11875 0.7981481481481482
3 0.13125 0.7555555555555555 0.13229166666666667 0.7574074074074074 0.13854166666666667 0.7574074074074074 0.13958333333333334 0.7555555555555555 0.14375000000000002 0.7518518518518519 0.14375000000000002 0.75 0.14583333333333334 0.7444444444444445 0.14583333333333334 0.7425925925925926 0.14583333333333334 0.7370370370370369 0.14479166666666665 0.7351851851851853 0.14166666666666666 0.7296296296296296 0.140625 0.7296296296296296 0.13541666666666666 0.7277777777777777 0.13229166666666667 0.7351851851851853 0.13229166666666667 0.7370370370370369 0.13125 0.7555555555555555
3 0.11979166666666667 0.7185185185185184 0.12083333333333333 0.7203703703703703 0.121875 0.7277777777777777 0.12291666666666667 0.7277777777777777 0.13020833333333334 0.7314814814814815 0.13125 0.7296296296296296 0.134375 0.7277777777777777 0.13541666666666666 0.725925925925926 0.13749999999999998 0.7203703703703703 0.13749999999999998 0.7185185185185184 0.13854166666666667 0.7092592592592593 0.13749999999999998 0.7074074074074075 0.13541666666666666 0.7018518518518518 0.134375 0.7018518518518518 0.12812500000000002 0.7 0.12291666666666667 0.7055555555555556 0.12291666666666667 0.7074074074074075 0.11979166666666667 0.7185185185185184
3 0.10208333333333333 0.7388888888888888 0.10208333333333333 0.7407407407407407 0.10208333333333333 0.75 0.103125 0.7518518518518519 0.10729166666666667 0.7611111111111112 0.10833333333333332 0.7611111111111112 0.11458333333333333 0.7592592592592593 0.11458333333333333 0.7574074074074074 0.11458333333333333 0.7518518518518519 0.115625 0.75 0.11875 0.7388888888888888 0.11875 0.7370370370370369 0.11875 0.7314814814814815 0.11770833333333333 0.7314814814814815 0.11354166666666667 0.7277777777777777 0.10520833333333333 0.7314814814814815 0.10416666666666667 0.7333333333333334 0.10208333333333333 0.7388888888888888
3 0.21979166666666666 0.6907407407407407 0.22083333333333335 0.6925925925925925 0.22083333333333335 0.6962962962962963 0.221875 0.6981481481481482 0.225 0.7037037037037037 0.22604166666666667 0.7037037037037037 0.22916666666666666 0.7037037037037037 0.23020833333333335 0.7018518518518518 0.23229166666666665 0.7018518518518518 0.23333333333333334 0.7 0.23541666666666666 0.6962962962962963 0.23541666666666666 0.6944444444444444 0.23541666666666666 0.6851851851851852 0.234375 0.6833333333333333 0.23333333333333334 0.6796296296296297 0.23229166666666665 0.6796296296296297 0.22708333333333333 0.6796296296296297 0.22291666666666665 0.6833333333333333 0.221875 0.6851851851851852 0.21979166666666666 0.6907407407407407
3 0.209375 0.7037037037037037 0.21041666666666667 0.7037037037037037 0.215625 0.7018518518518518 0.21666666666666665 0.7 0.21979166666666666 0.6962962962962963 0.21979166666666666 0.6944444444444444 0.21979166666666666 0.6907407407407407 0.21875 0.688888888888889 0.21666666666666665 0.6851851851851852 0.215625 0.6851851851851852 0.20520833333333335 0.6851851851851852 0.20416666666666666 0.6944444444444444 0.20520833333333335 0.6962962962962963 0.209375 0.7037037037037037
3 0.20208333333333334 0.6722222222222222 0.203125 0.674074074074074 0.20520833333333335 0.6814814814814815 0.20625 0.6814814814814815 0.21354166666666666 0.6851851851851852 0.21458333333333335 0.6833333333333333 0.21770833333333334 0.6814814814814815 0.21770833333333334 0.6796296296296297 0.21875 0.6703703703703704 0.21770833333333334 0.6685185185185185 0.21666666666666665 0.6648148148148147 0.215625 0.6648148148148147 0.21354166666666666 0.6611111111111112 0.2125 0.6611111111111112 0.20625 0.6611111111111112 0.20208333333333334 0.6648148148148147 0.20208333333333334 0.6666666666666666 0.20208333333333334 0.6722222222222222
3 0.20208333333333334 0.6555555555555556 0.203125 0.6574074074074074 0.21354166666666666 0.6592592592592593 0.21458333333333335 0.6574074074074074 0.21666666666666665 0.6537037037037037 0.21666666666666665 0.6518518518518519 0.21666666666666665 0.6407407407407407 0.215625 0.6388888888888888 0.20833333333333334 0.6296296296296297 0.20729166666666665 0.6296296296296297 0.20520833333333335 0.6296296296296297 0.20104166666666665 0.637037037037037 0.20104166666666665 0.6388888888888888 0.20208333333333334 0.6555555555555556
3 0.20833333333333334 0.6259259259259259 0.209375 0.6277777777777778 0.2125 0.6351851851851852 0.21354166666666666 0.6351851851851852 0.21666666666666665 0.637037037037037 0.21770833333333334 0.6351851851851852 0.221875 0.6333333333333334 0.22291666666666665 0.6314814814814815 0.225 0.6277777777777778 0.225 0.6259259259259259 0.225 0.6185185185185185 0.22395833333333334 0.6166666666666666 0.22083333333333335 0.6055555555555556 0.21979166666666666 0.6037037037037037 0.215625 0.6 0.20833333333333334 0.6111111111111112 0.20833333333333334 0.612962962962963 0.20833333333333334 0.6259259259259259
3 0.265625 0.5722222222222222 0.26666666666666666 0.5740740740740741 0.26979166666666665 0.5814814814814815 0.2708333333333333 0.5814814814814815 0.2791666666666667 0.5833333333333334 0.28020833333333334 0.5814814814814815 0.284375 0.575925925925926 0.284375 0.5740740740740741 0.28541666666666665 0.5648148148148148 0.284375 0.5629629629629629 0.28229166666666666 0.5555555555555556 0.28125 0.5555555555555556 0.2791666666666667 0.5518518518518518 0.278125 0.5518518518518518 0.2760416666666667 0.5518518518518518 0.26666666666666666 0.5666666666666667 0.26666666666666666 0.5685185185185185 0.265625 0.5722222222222222
3 0.24479166666666666 0.5666666666666667 0.24583333333333335 0.5685185185185185 0.24895833333333334 0.575925925925926 0.25 0.575925925925926 0.25625000000000003 0.5796296296296296 0.2572916666666667 0.5777777777777777 0.25937499999999997 0.5777777777777777 0.2604166666666667 0.575925925925926 0.2635416666666667 0.5703703703703704 0.2635416666666667 0.5685185185185185 0.2625 0.5592592592592592 0.26145833333333335 0.5592592592592592 0.253125 0.5574074074074075 0.2520833333333333 0.5555555555555556 0.246875 0.5518518518518518 0.24479166666666666 0.5574074074074075 0.24479166666666666 0.5592592592592592 0.24479166666666666 0.5666666666666667
3 0.24895833333333334 0.5499999999999999 0.25 0.5518518518518518 0.253125 0.5555555555555556 0.25416666666666665 0.5555555555555556 0.2625 0.5537037037037037 0.2635416666666667 0.5518518518518518 0.2635416666666667 0.5314814814814814 0.2625 0.5296296296296297 0.2520833333333333 0.5277777777777778 0.24791666666666665 0.5351851851851852 0.24791666666666665 0.5370370370370371 0.24895833333333334 0.5499999999999999
3 0.016666666666666666 0.4111111111111111 0.017708333333333333 0.4111111111111111 0.01979166666666667 0.4148148148148148 0.020833333333333332 0.4148148148148148 0.025 0.4148148148148148 0.026041666666666668 0.412962962962963 0.029166666666666667 0.4111111111111111 0.030208333333333334 0.40925925925925927 0.030208333333333334 0.39444444444444443 0.029166666666666667 0.3925925925925926 0.026041666666666668 0.3888888888888889 0.025 0.3888888888888889 0.01979166666666667 0.3888888888888889 0.015625 0.40370370370370373 0.015625 0.4055555555555555 0.016666666666666666 0.4111111111111111
3 0 0.4148148148148148 0.0010416666666666667 0.4148148148148148 0.0125 0.4111111111111111 0.013541666666666665 0.40925925925925927 0.016666666666666666 0.39814814814814814 0.016666666666666666 0.39629629629629626 0.016666666666666666 0.3907407407407408 0.015625 0.3888888888888889 0.013541666666666665 0.38148148148148153 0.0125 0.38148148148148153 0.007291666666666667 0.37962962962962965 0 0.38148148148148153 0 0.3833333333333333 0 0.4148148148148148
3 0.013541666666666665 0.45185185185185184 0.013541666666666665 0.4537037037037037 0.015625 0.46296296296296297 0.016666666666666666 0.46481481481481485 0.01875 0.4666666666666667 0.01979166666666667 0.4666666666666667 0.028125 0.46481481481481485 0.028125 0.46296296296296297 0.03125 0.4537037037037037 0.03125 0.45185185185185184 0.02395833333333333 0.44074074074074077 0.016666666666666666 0.4444444444444444 0.015625 0.4462962962962963 0.013541666666666665 0.45185185185185184
3 0.028125 0.4277777777777778 0.02708333333333333 0.42962962962962964 0.025 0.4388888888888889 0.025 0.44074074074074077 0.03125 0.45 0.03229166666666666 0.45 0.03958333333333334 0.4425925925925926 0.03958333333333334 0.44074074074074077 0.040625 0.4351851851851852 0.03958333333333334 0.4333333333333333 0.036458333333333336 0.4222222222222222 0.03229166666666666 0.4277777777777778 0.03125 0.4277777777777778 0.028125 0.4277777777777778
3 0.010416666666666666 0.4333333333333333 0.011458333333333334 0.4351851851851852 0.016666666666666666 0.4425925925925926 0.017708333333333333 0.4425925925925926 0.02291666666666667 0.44074074074074077 0.02395833333333333 0.4388888888888889 0.02708333333333333 0.42592592592592593 0.026041666666666668 0.42592592592592593 0.02395833333333333 0.42037037037037034 0.02291666666666667 0.42037037037037034 0.016666666666666666 0.4166666666666667 0.010416666666666666 0.4222222222222222 0.010416666666666666 0.42407407407407405 0.010416666666666666 0.4333333333333333
3 0.14166666666666666 0.2037037037037037 0.14166666666666666 0.20555555555555555 0.140625 0.21296296296296297 0.14166666666666666 0.21481481481481482 0.14270833333333333 0.22037037037037038 0.14375000000000002 0.22037037037037038 0.146875 0.22037037037037038 0.14791666666666667 0.21851851851851853 0.15729166666666666 0.20925925925925928 0.15729166666666666 0.2074074074074074 0.153125 0.19814814814814813 0.15208333333333335 0.19814814814814813 0.14895833333333333 0.1962962962962963 0.14270833333333333 0.2 0.14270833333333333 0.20185185185185187 0.14166666666666666 0.2037037037037037
3 0.14791666666666667 0.1925925925925926 0.14895833333333333 0.19444444444444445 0.15833333333333335 0.2037037037037037 0.159375 0.20185185185185187 0.16041666666666665 0.20185185185185187 0.16041666666666665 0.2 0.16145833333333334 0.1962962962962963 0.16041666666666665 0.19444444444444445 0.159375 0.18518518518518517 0.15833333333333335 0.18333333333333335 0.153125 0.1814814814814815 0.14791666666666667 0.18518518518518517 0.14791666666666667 0.18703703703703703 0.14791666666666667 0.1925925925925926
3 0.121875 0.02962962962962963 0.12291666666666667 0.02962962962962963 0.12812500000000002 0.02962962962962963 0.12916666666666665 0.027777777777777776 0.15 0.018518518518518517 0.15104166666666666 0.016666666666666666 0.15625 0.003703703703703704 0.15625 0.001851851851851852 0.10729166666666667 0 0.11041666666666668 0.012962962962962963 0.11145833333333333 0.014814814814814815 0.121875 0.02962962962962963
3 0.15625 0 0.15520833333333334 0.009259259259259259 0.15416666666666665 0.011111111111111112 0.15104166666666666 0.016666666666666666 0.15 0.016666666666666666 0.14583333333333334 0.024074074074074074 0.14479166666666665 0.024074074074074074 0.134375 0.025925925925925925 0.13333333333333333 0.027777777777777776 0.13333333333333333 0.03518518518518518 0.134375 0.037037037037037035 0.146875 0.03888888888888889 0.14791666666666667 0.037037037037037035 0.16145833333333334 0.03333333333333333 0.1625 0.03518518518518518 0.16458333333333333 0.040740740740740744 0.165625 0.040740740740740744 0.16770833333333335 0.040740740740740744 0.16770833333333335 0.03888888888888889 0.17083333333333334 0.027777777777777776 0.17083333333333334 0.025925925925925925 0.17083333333333334 0.007407407407407408 0.16979166666666665 0.005555555555555556 0.16875 0 0.16770833333333335 0 0.15625 0
3 0.24895833333333334 0.5 0.24895833333333334 0.5018518518518519 0.25 0.5148148148148148 0.25104166666666666 0.5166666666666666 0.25625000000000003 0.5259259259259259 0.2572916666666667 0.5259259259259259 0.2625 0.5259259259259259 0.2635416666666667 0.5240740740740741 0.26666666666666666 0.5018518518518519 0.265625 0.5 0.2635416666666667 0.4944444444444444 0.2625 0.4944444444444444 0.25625000000000003 0.49074074074074076 0.25 0.4962962962962963 0.25 0.4981481481481481 0.24895833333333334 0.5
3 0.27499999999999997 0.5092592592592593 0.2760416666666667 0.5074074074074074 0.28125 0.5018518518518519 0.28125 0.5 0.2791666666666667 0.4888888888888889 0.2791666666666667 0.48703703703703705 0.2791666666666667 0.4759259259259259 0.278125 0.4759259259259259 0.27187500000000003 0.4740740740740741 0.26979166666666665 0.5018518518518519 0.2708333333333333 0.5037037037037037 0.27499999999999997 0.5092592592592593
3 0.7458333333333333 0.18888888888888888 0.746875 0.19074074074074077 0.7489583333333334 0.19814814814814813 0.75 0.19814814814814813 0.753125 0.19814814814814813 0.7541666666666667 0.1962962962962963 0.7645833333333334 0.17777777777777778 0.7645833333333334 0.17592592592592593 0.7614583333333333 0.1685185185185185 0.7604166666666666 0.1685185185185185 0.753125 0.16666666666666666 0.7458333333333333 0.1796296296296296 0.7458333333333333 0.1814814814814815 0.7458333333333333 0.18888888888888888
1 0.7043750000000001 0.47888888888888886 0.7428125 0.43222222222222223 0.7783333333333333 0.38370370370370366 0.8086458333333333 0.3561111111111111 0.7890625 0.28055555555555556 0.7311458333333334 0.3348148148148148 0.7301041666666666 0.33296296296296296 0.7148958333333333 0.3409259259259259 0.7057291666666666 0.32462962962962966 0.6887500000000001 0.28129629629629627 0.6284375 0.1535185185185185 0.6075 0.18000000000000002 0.6651041666666666 0.30111111111111116 0.6799999999999999 0.3920370370370371 0.6213541666666667 0.49148148148148146 0.6219791666666666 0.49092592592592593 0.6548958333333333 0.5499999999999999 0.7043750000000001 0.47888888888888886
1 0.8879166666666666 0.2835185185185185 0.9352083333333333 0.35259259259259257 0.9809375 0.445 0.9966666666666667 0.40648148148148144 0.9505208333333334 0.30574074074074076 0.9373958333333333 0.26185185185185184 0.9336458333333333 0.23462962962962963 0.9370833333333333 0.215 0.9585416666666666 0.17814814814814814 0.981875 0.14962962962962964 0.9441666666666667 0.09148148148148148 0.8929166666666667 0.15425925925925926 0.8766666666666667 0.1761111111111111 0.8697916666666666 0.1890740740740741 0.8176041666666666 0.24629629629629632 0.8297916666666667 0.3290740740740741 0.8297916666666667 0.3312962962962963 0.8785416666666666 0.2861111111111111 0.8879166666666666 0.2835185185185185
1 0.7041666666666666 0.05648148148148148 0.6930208333333333 0.06537037037037037 0.6996875 0.1037037037037037 0.6984375 0.10759259259259259 0.691875 0.11555555555555556 0.6628124999999999 0.13092592592592592 0.6513541666666667 0.14185185185185187 0.6652083333333333 0.14574074074074075 0.686875 0.13018518518518518 0.6983333333333334 0.12555555555555556 0.7038541666666667 0.1262962962962963 0.718125 0.16 0.71875 0.16 0.7298958333333333 0.1461111111111111 0.7041666666666666 0.05648148148148148
0 0.4614583333333333 0.8955555555555555 0.48541666666666666 0.8681481481481482 0.49322916666666666 0.864074074074074 0.5244791666666666 0.8677777777777778 0.5435416666666667 0.8805555555555555 0.5545833333333333 0.8987037037037037 0.5621875000000001 0.8733333333333333 0.5552083333333333 0.8590740740740741 0.5325 0.8398148148148148 0.48874999999999996 0.8285185185185185 0.5181250000000001 0.7807407407407406 0.49020833333333336 0.717962962962963 0.4033333333333334 0.8796296296296297 0.43427083333333333 0.9340740740740741 0.4614583333333333 0.8955555555555555
0 0.12729166666666666 0.7125925925925926 0.12854166666666667 0.7087037037037037 0.12510416666666668 0.6933333333333332 0.12270833333333332 0.685 0.11822916666666668 0.6787037037037037 0.11864583333333334 0.6746296296296296 0.12729166666666666 0.6637037037037038 0.12479166666666666 0.657962962962963 0.11322916666666666 0.6724074074074075 0.10197916666666666 0.6812962962962963 0.10531249999999999 0.6883333333333334 0.11343750000000001 0.6831481481481482 0.12041666666666667 0.6879629629629629 0.12729166666666666 0.7125925925925926
0 0.8279166666666667 0.8590740740740741 0.8163541666666667 0.8098148148148148 0.813125 0.8105555555555556 0.8043750000000001 0.8177777777777777 0.8101041666666666 0.8409259259259259 0.8114583333333334 0.8538888888888889 0.7976041666666667 0.857037037037037 0.7908333333333333 0.87 0.7777083333333334 0.9185185185185185 0.7767708333333333 0.9348148148148148 0.7813541666666667 0.9398148148148148 0.7921875 0.8879629629629631 0.7986458333333333 0.8735185185185186 0.806875 0.864074074074074 0.8163541666666667 0.8674074074074075 0.8296875 0.8968518518518519 0.8365625 0.8803703703703704 0.8279166666666667 0.8590740740740741