2 0.7833351180555556 0.6761799444444444 0.966753486111111 0.7255853287037036 0.974371337962963 0.7011638541666666 0.9716384050925926 0.6935593726851851 0.9754807546296297 0.6787700324074074 0.8415189722222223 0.628444199074074 0.5632014212962962 0.49397942361111113 0.3055820740740741 0.39337780555555557 0.020111534722222223 0.3336699166666667 0.018050113425925926 0.34668521296296295 0.023808520833333333 0.41213379629629626 0.4116717222222222 0.5013026180555555 0.6871725462962963 0.6121189398148148 0.7833351180555556 0.6761799444444444
2 0 0.8061714375 0.025159810185185184 0.7776789837962963 0.10795008796296297 0.7119037685185184 0.10862916666666667 0.7111676041666667 0.08429711805555556 0.7002476226851853 0 0.7711438148148148 0 0.8061714375
3 0.8599905671296296 0.9261448148148148 0.8598276157407407 0.9271736574074074 0.8595382847222223 0.9408382962962962 0.8612043842592593 0.9421568333333333 0.8673799259259259 0.9505175 0.869046025462963 0.9518360347222222 0.8963554351851852 0.9688172361111111 0.8980215347222222 0.9701357708333334 0.9248420856481482 0.9902034953703703 0.9266711388888889 0.9904931898148148 0.9397439166666667 0.9197927847222223 0.8946328425925926 0.8968281226851852 0.8928037893518519 0.8965384305555555 0.8856505324074073 0.8943508148148148 0.8854875787037038 0.8953796574074074 0.8795115648148149 0.8975971018518519 0.8793486111111112 0.8986259444444444 0.8707287800925926 0.9056979074074074 0.8705658287037037 0.9067267476851852 0.8599905671296296 0.9261448148148148
3 0.3481785138888889 0.7364526782407408 0.34618650925925926 0.7371918263888888 0.3362264837962963 0.7408875694444444 0.33606353240740744 0.741916412037037 0.3269548425925926 0.752074900462963 0.3286209421296296 0.7533934351851852 0.33130133333333334 0.760145875 0.33296743287037034 0.7614644097222223 0.34495603703703703 0.768636474537037 0.34678509027777776 0.7689261689814815 0.36857076620370366 0.7734313310185186 0.3705627708333333 0.7726921828703703 0.3846697592592592 0.7664893009259259 0.384832712962963 0.7654604583333333 0.3896314861111111 0.7588379513888889 0.3847961388888889 0.7538535023148148 0.38495909027777775 0.752824662037037 0.3807755532407407 0.7437248449074074 0.37894650231481486 0.743435150462963 0.36862399768518517 0.7375816226851852 0.3667949444444445 0.7372919282407407 0.35764968287037036 0.7358434629629629 0.3556576759259259 0.7365826111111111 0.3481785138888889 0.7364526782407408
3 0.837912636574074 0.24872591435185185 0.8397416898148149 0.24901560879629628 0.8449029421296296 0.2519423726851852 0.8467319930555556 0.25223206712962964 0.8540482037037037 0.2533908402777778 0.8560402083333334 0.2526516921296296 0.8694953865740741 0.25056417824074073 0.8696583402777778 0.24953533564814817 0.8756343541666667 0.2473178888888889 0.8757973078703705 0.2462890486111111 0.8802701759259259 0.24172422453703704 0.8719396759259259 0.23513154629629632 0.8701106226851851 0.23484185416666664 0.8371876782407407 0.2296273726851852 0.8351956736111111 0.23036652083333334 0.8253985995370371 0.2330334212962963 0.8252356481481482 0.23406226388888887 0.822917738425926 0.2368590949074074 0.824583837962963 0.23817763194444444 0.837912636574074 0.24872591435185185
3 0.8495753356481481 0.25795566435185185 0.8512414351851852 0.25927419907407406 0.8580687893518518 0.2635194976851852 0.8598978402777777 0.2638091921296296 0.868880150462963 0.2662865023148148 0.8707092037037036 0.26657619444444447 0.8931466898148147 0.26696599074074073 0.8951386967592593 0.2662268425925926 0.9040478564814814 0.24549023842592593 0.8820992268518518 0.2420139189814815 0.8801072222222223 0.24275306712962963 0.8734793958333333 0.2490858796296296 0.8714873912037037 0.2498250300925926 0.8635193726851852 0.25278162268518517 0.8616903194444445 0.2524919305555556 0.8502271458333334 0.2538402962962963 0.8500641944444445 0.25486913657407406 0.8495753356481481 0.25795566435185185
3 0.07590897685185186 0.8810573287037037 0.07773803009259259 0.8813470231481482 0.0945254074074074 0.8818965787037037 0.09651741203703702 0.8811574305555555 0.10432247916666666 0.8792296782407407 0.10448543287037036 0.8782008356481482 0.10513724305555555 0.8740854675925925 0.09680674305555555 0.8674927916666667 0.0949776898148148 0.8672030972222222 0.08217432407407407 0.8651752430555555 0.08018231712962963 0.8659143912037037 0.07022229398148148 0.8696101342592593 0.07005934027777777 0.8706389768518519 0.0692445763888889 0.8757831875000001 0.07091067824074074 0.8771017222222222 0.07590897685185186 0.8810573287037037
3 0.05464873148148148 0.8850725949074074 0.054811685185185186 0.8840437523148148 0.060787699074074074 0.8818263078703703 0.060950652777777774 0.8807974652777778 0.06424627777777778 0.8718275810185185 0.05160586342592593 0.8687708842592593 0.049613858796296297 0.8695100324074074 0.037987733796296295 0.8718872407407408 0.037824780092592596 0.8729160833333333 0.035018011574074075 0.8787994421296297 0.03668411111111111 0.8801179768518518 0.041519458333333335 0.8851024259259259 0.04334851157407407 0.8853921180555555 0.05464873148148148 0.8850725949074074
3 0.015134537037037037 0.8977978819444444 0.01696358796296296 0.8980875763888889 0.028100856481481484 0.8987968958333333 0.02826380787037037 0.8977680532407407 0.032247819444444444 0.8962897546296297 0.03241077083333333 0.895260914351852 0.039364502314814816 0.8868704166666667 0.038024307870370366 0.8834941967592592 0.03635820601851852 0.8821756597222221 0.031196953703703702 0.8792488958333334 0.02936790277777778 0.8789592037037037 0.01241757175925926 0.8794384884259259 0.01042556712962963 0.8801776365740741 0.006804037037037037 0.8912052060185185 0.008470136574074074 0.8925237407407407 0.015134537037037037 0.8977978819444444
3 0 0.9110005208333334 0.007366041666666667 0.9113325902777777 0.009358048611111112 0.9105934421296297 0.013830914351851851 0.9060286180555556 0.011150525462962965 0.8992761805555555 0.009484425925925926 0.8979576435185186 0.005989273148148148 0.8963494143518518 0.004160219907407408 0.8960597222222222 0 0.8957391921296297 0 0.9110005208333334
1 0.299850162037037 0.38339996064814813 0.30622624305555557 0.37628901851851854 0.3136376157407407 0.29161425925925927 0.26523457175925924 0.27878017824074075 0.259583087962963 0.35234344444444443 0.25480825 0.3718364884259259 0.23132254398148147 0.3816162523148148 0.05899121759259259 0.3486265347222222 0.06069356481481481 0.35089999768518515 0.05325992361111111 0.41795855555555556 0.21755605787037038 0.44841004166666665 0.28217447916666666 0.47014029166666665 0.31470268055555556 0.4766632986111111 0.4070864513888889 0.5018419629629629 0.42418347453703703 0.44243091203703705 0.3132298402777778 0.39954595370370366 0.299850162037037 0.38339996064814813