2 1 0.5545312777777778 0.9137811874999999 0.5321413240740741 0.8372183958333332 0.5205354236111112 0.6605093078703703 0.5064855902777777 0.4320903310185185 0.4602624722222223 0.21818631481481482 0.4051940694444444 0.21300428703703705 0.4053750300925926 0.1266782638888889 0.36888637037037036 0 0.2905896828703704 0 0.34054484490740744 0.14457609259259258 0.43038253935185183 0.18689652777777777 0.4377642407407407 0.4870561712962963 0.5060804375 0.5889752013888889 0.5380638310185185 0.6934799560185185 0.5432740092592593 0.8331927476851851 0.5591369328703704 1 0.5933095601851852 1 0.5545312777777778
2 0.30380111574074076 0.32580362731481477 0.20897168981481481 0.39071516898148145 0.19761717129629627 0.39455127314814814 0.2135700787037037 0.400352224537037 0.2128661435185185 0.40141910648148144 0.256657900462963 0.3766465393518519 0.3182083402777778 0.335098150462963 0.41466442129629627 0.28493048842592594 0.5945802083333334 0.22100840972222222 0.6704360833333333 0.1858396550925926 0.6738506689814815 0.1828019699074074 0.6560942962962962 0.17841898842592593 0.6317010949074074 0.18031312037037037 0.573136599537037 0.2118553726851852 0.4954442106481482 0.24218944444444443 0.4693711481481482 0.24904105324074075 0.4001699467592592 0.2731374861111111 0.3546946944444444 0.30276343055555555 0.30380111574074076 0.32580362731481477
2 0 0.5032547615740741 0.026143990740740742 0.48798835185185185 0.14778082175925927 0.43725404861111117 0.14667038657407408 0.4372928263888889 0.13163160185185185 0.42583152314814815 0.06631725000000001 0.45510796296296296 0.06345061342592594 0.4579180509259259 0 0.4859468564814815 0 0.5032547615740741
2 0.10418689814814816 1 0.23538721064814816 0.9296007199074074 0.3189222662037037 0.9020852939814815 0.31596110879629635 0.9021887013888888 0.26457675694444444 0.911174962962963 0.25896278472222223 0.9095990949074073 0.23590144444444444 0.9124890162037036 0.08306393055555555 1 0.10418689814814816 1
3 0.550557824074074 0.6212260717592593 0.5487070995370371 0.6212907013888889 0.5225424907407408 0.6149082777777778 0.5206917685185185 0.6149729050925926 0.4872696805555556 0.6130131273148147 0.4854553101851852 0.6141187870370369 0.45221498842592595 0.6173641689814815 0.4504006180555556 0.6184698287037037 0.43022442592592597 0.6243859050925926 0.4284100555555556 0.6254915648148148 0.40115815046296294 0.6410354467592593 0.40119450462962963 0.6420764768518519 0.3939370231481481 0.6464991203703704 0.3939733773148148 0.6475401527777778 0.3905627592592592 0.6559976666666666 0.38874838888888885 0.6571033287037037 0.3780439375 0.6689424537037036 0.37808028935185184 0.6699834861111111 0.37506956249999995 0.6898923541666667 0.3769566388888889 0.6908687569444445 0.38287234722222224 0.7010851921296296 0.3847594236111111 0.7020615949074075 0.4265659560185185 0.7318707268518518 0.4284166805555556 0.7318060995370371 0.4509161944444444 0.7393588101851852 0.45276691898148147 0.7392941828703704 0.47138321527777777 0.7417709907407407 0.4732339398148148 0.7417063634259259 0.5120991388888889 0.7403491597222221 0.5139135092592593 0.7392434999999999 0.5323480393518518 0.7365151481481482 0.5341624097222222 0.7354094884259259 0.5470084143518519 0.7318339907407407 0.5488227847222222 0.7307283287037037 0.5634468055555556 0.7250061388888889 0.565261175925926 0.7239004791666667 0.5779617685185185 0.7161608518518519 0.5779254143518519 0.7151198217592593 0.5941093310185186 0.7010047453703704 0.5940729768518518 0.6999637129629629 0.6011123356481481 0.6892948773148149 0.6010759814814816 0.6882538449074075 0.6044502453703703 0.6787552986111111 0.6044138935185186 0.6777142662037037 0.6040503564814814 0.6673039444444444 0.5979892337962963 0.6529233819444444 0.5961021574074075 0.6519469791666667 0.5864486481481482 0.6408187685185185 0.5845615694444445 0.6398423657407407 0.5769405532407407 0.6338546875 0.5750534768518518 0.6328782847222222 0.5638037199074074 0.6291019282407407 0.5619166412037037 0.628125525462963 0.550557824074074 0.6212260717592593
3 0.3683110972222223 0.5494176481481481 0.3664967268518518 0.5505233078703703 0.3590938310185185 0.5507818217592593 0.35727946064814814 0.5518874837962963 0.3425827314814815 0.5555276087962964 0.3407683611111111 0.5566332708333334 0.3279587106481482 0.5612497986111111 0.32799506481481483 0.5622908310185185 0.30996042361111115 0.576470537037037 0.3099967777777778 0.5775115671296296 0.34174990972222224 0.5847411365740741 0.34363698842592594 0.5857175416666667 0.37571730324074076 0.6023163981481482 0.3757536574074074 0.6033574305555556 0.3853344583333333 0.6124035763888889 0.3853708125 0.6134446087962963 0.395569625 0.6401882986111112 0.39742034953703703 0.6401236712962963 0.4101936481481481 0.6344661087962963 0.4120080185185185 0.6333604490740741 0.42467225462962965 0.6245797916666667 0.42652297916666665 0.624515162037037 0.43748190740740744 0.6199632615740741 0.43933262962962966 0.6198986319444444 0.4539930046296296 0.6152174745370371 0.45584372916666666 0.6151528472222223 0.48723332638888883 0.6119720949074073 0.4871969722222222 0.6109310625 0.4882842685185185 0.5890047592592592 0.4766346226851852 0.5737770486111111 0.47474754398148145 0.5728006458333333 0.45769114120370374 0.5619309513888889 0.45584041666666664 0.5619955810185185 0.4389657824074074 0.5563310462962963 0.4371150578703704 0.5563956736111111 0.3942212291666667 0.5485128449074074 0.3923705046296296 0.548577474537037 0.3683110972222223 0.5494176481481481
3 0.3212465347222222 0.5812879236111111 0.3193958101851852 0.5813525532407408 0.3045173125 0.5797875185185185 0.3026665902777778 0.5798521481481481 0.2767564560185185 0.580756949074074 0.27494208796296293 0.5818626087962963 0.2546204791666667 0.5836145578703703 0.2528061087962963 0.5847202175925926 0.2123083078703704 0.5923882430555556 0.2104939375 0.5934939027777778 0.19768428703703705 0.5981104328703704 0.19586991666666667 0.5992160925925926 0.17768986111111112 0.6092316689814815 0.1777262152777778 0.6102727013888889 0.17409747453703706 0.6124840231481481 0.1741338287037037 0.6135250555555556 0.16005511111111112 0.6348627268518519 0.1600914652777778 0.6359037592592592 0.15668084722222222 0.6443612731481482 0.1567172013888889 0.6454023055555557 0.15700803009259257 0.6537305625000001 0.15889510648148147 0.6547069652777778 0.15900416898148148 0.6578300625 0.1608912453703704 0.6588064652777779 0.16666153935185182 0.6648587731481482 0.1666978912037037 0.6658998032407408 0.16495622916666666 0.6690875300925926 0.16684330555555554 0.6700639328703704 0.1726499537037037 0.6771572708333333 0.17453703009259258 0.6781336736111112 0.1915570810185185 0.6879623379629629 0.19340780555555556 0.6878977083333333 0.23093123148148148 0.7011795833333333 0.2327819537037037 0.7011149560185186 0.2569867777777778 0.704438912037037 0.25883750231481484 0.7043742824074074 0.2884854351851852 0.7043812546296296 0.29029980555555557 0.7032755949074074 0.3087706898148148 0.701588275462963 0.31058506018518517 0.7004826157407408 0.34179288888888887 0.6920967013888889 0.34360725694444444 0.6909910416666667 0.3690084398148148 0.6755117893518519 0.36897208564814815 0.6744707569444445 0.38678860416666666 0.654044861111111 0.38675225 0.6530038287037037 0.3917227638888889 0.6361534282407407 0.37774979629629635 0.6074569305555556 0.3758627175925926 0.6064805277777778 0.36443119212962966 0.5974990092592593 0.36254411574074075 0.5965226064814815 0.3474474953703704 0.5887113796296296 0.3455967731481482 0.5887760092592592 0.334310662037037 0.5839586203703704 0.33245993749999997 0.5840232476851852 0.3212465347222222 0.5812879236111111
3 0.19013266435185183 0.5410475532407407 0.18831829398148148 0.5421532129629629 0.1606665 0.5462457407407407 0.15885212962962963 0.5473514004629629 0.14052665972222222 0.5532028472222222 0.13871228935185187 0.5543085092592592 0.11886328009259259 0.5695938749999999 0.11889963425925927 0.5706349074074074 0.15090724074074074 0.585151701388889 0.1509435949074074 0.5861927314814815 0.1642258449074074 0.5951096203703704 0.16426219907407408 0.5961506527777778 0.17391570601851852 0.607278863425926 0.17576643055555558 0.6072142337962964 0.18128224768518517 0.6059793148148148 0.18309661805555558 0.6048736550925925 0.20675613657407407 0.5925821273148147 0.2086068611111111 0.5925175 0.22511796064814812 0.5877717129629629 0.22696868287037036 0.5877070833333333 0.2600999421296296 0.5813386064814815 0.26195066666666666 0.5812739791666667 0.29152589351851854 0.579198886574074 0.2933402638888889 0.5780932268518518 0.2950455717592593 0.5738644699074074 0.28346863194444444 0.5607188240740741 0.28158155555555553 0.5597424212962964 0.266375875 0.5488080972222222 0.264525150462963 0.5488727245370371 0.24391271527777778 0.5422964166666667 0.24206199074074075 0.5423610462962963 0.22529641666666667 0.5398196064814814 0.22344569212962961 0.539884236111111 0.19013266435185183 0.5410475532407407
3 0.08544119212962963 0.5676340949074073 0.0835904675925926 0.5676987222222222 0.048390363425925925 0.5678856365740741 0.046575993055555556 0.5689912962962963 0.03365728009259259 0.5704847291666666 0.03184290972222222 0.5715903912037037 0.013517439814814814 0.5774418379629629 0.011666717592592591 0.5775064675925926 0.007965268518518519 0.577635724537037 0.006150898148148148 0.578741386574074 0.007935539351851852 0.6829092245370371 0.00982261574074074 0.6838856296296297 0.022850391203703704 0.6855152916666667 0.024701113425925927 0.6854506643518519 0.039506905092592595 0.6849336342592592 0.041321273148148145 0.6838279722222222 0.0818917824074074 0.6782420138888888 0.08370615277777776 0.6771363518518518 0.10754743981481481 0.6700499861111111 0.10936181018518518 0.6689443263888889 0.1530521064814815 0.6465725949074075 0.15301575231481482 0.6455315625 0.15635366435185183 0.6349919837962963 0.15816803472222224 0.6338863240740741 0.17050508796296296 0.6157363773148148 0.1704687337962963 0.6146953449074074 0.17213768981481484 0.6094255555555556 0.16433490509259258 0.5982327175925926 0.16244782870370372 0.5972563125 0.14720579398148148 0.5852809583333334 0.1453187175925926 0.5843045532407407 0.1264842962962963 0.5755815532407408 0.12463357175925927 0.5756461805555555 0.11338381481481481 0.571869824074074 0.1115330925925926 0.5719344537037037 0.08544119212962963 0.5676340949074073
3 0.002918736111111111 0.5392467939814815 0.002955090277777778 0.5402878263888888 0.00607819212962963 0.5766593217592593 0.007928914351851852 0.5765946921296297 0.04650328472222222 0.5669092337962963 0.04835400925925926 0.5668446041666667 0.09465845601851852 0.5662699189814815 0.08696473148148148 0.5582001759259259 0.08507765509259259 0.5572237731481482 0.07564226851851853 0.5523417569444444 0.07379154398148148 0.5524063842592593 0.047517875 0.5429008657407407 0.04566715046296296 0.5429654953703703 0.021425974537037037 0.5386005069444445 0.01957525 0.5386651365740741 0.002918736111111111 0.5392467939814815
3 0.1391650925925926 0.8325872268518518 0.13735072453703703 0.833692886574074 0.12642814814814815 0.8392858194444445 0.12646450231481482 0.8403268518518519 0.11202224999999999 0.8512542037037036 0.11205860185185185 0.8522952337962962 0.1086479837962963 0.8607527500000001 0.1105350625 0.8617291527777778 0.12214835648148148 0.8759158310185186 0.12403543287037036 0.8768922337962963 0.13347081944444444 0.88177425 0.1353215439814815 0.8817096226851852 0.14653494675925927 0.8844449467592592 0.1483856712962963 0.8843803171296296 0.1650058310185185 0.8827576273148148 0.1668202013888889 0.8816519652777778 0.19240315046296297 0.8713778750000001 0.1923667962962963 0.8703368425925926 0.19940615509259257 0.8596680069444445 0.19936980324074072 0.8586269745370371 0.20071157407407408 0.8439878958333333 0.19301785185185186 0.8359181550925926 0.19113077314814816 0.8349417523148148 0.18358246296296296 0.831036136574074 0.18173174074074072 0.8311007662037037 0.17425613888888888 0.8292772175925925 0.17240541435185186 0.8293418449074074 0.14834600462962963 0.8301820185185185 0.14653163425925925 0.8312876805555556 0.1391650925925926 0.8325872268518518
3 0.14479328472222222 0.8876326712962963 0.1448296388888889 0.8886737037037037 0.15270512962962962 0.9019486064814815 0.15459220833333334 0.9029250092592592 0.1602534398148148 0.9058542199074074 0.16210416435185185 0.9057895902777778 0.17705536805555558 0.9094366898148147 0.17890609259259257 0.9093720601851851 0.19737697685185185 0.9076847407407407 0.19919134490740742 0.9065790810185185 0.21022298148148147 0.9041092453703704 0.21203735185185188 0.9030035833333334 0.22847574305555554 0.8961757337962963 0.2284393888888889 0.895134701388889 0.2283303287037037 0.8920116041666667 0.22060025 0.8829008310185186 0.21874952777777779 0.8829654583333334 0.19984240046296298 0.8721603935185185 0.19799167592592593 0.8722250208333333 0.1869600416666667 0.8746948587962963 0.18514567129629628 0.8758005185185185 0.1687072777777778 0.8826283703703703 0.16685655555555556 0.8826929976851852 0.14479328472222222 0.8876326712962963
3 0.22785773148148147 0.8784781875 0.22789408564814814 0.8795192199074073 0.22814856018518517 0.8868064444444445 0.23003563888888887 0.8877828472222222 0.24556850000000002 0.9080864606481481 0.24745557870370372 0.9090628634259259 0.2586689814814815 0.9117981875 0.2605197060185185 0.9117335578703704 0.2753254953703704 0.9112165300925925 0.27713986574074073 0.9101108680555555 0.2936509652777778 0.9053650810185184 0.29546533564814814 0.9042594212962962 0.3080205115740741 0.8923556666666668 0.3079841574074074 0.8913146342592593 0.3074388518518518 0.8756991527777778 0.30362834490740737 0.8727053148148148 0.30177762037037037 0.8727699421296296 0.2740894722222222 0.8758214375000001 0.27220239351851855 0.8748450347222223 0.24788850925925926 0.8683979814814814 0.24603778703703705 0.868462611111111 0.2386348912037037 0.868721125 0.23682052083333335 0.8698267870370371 0.22785773148148147 0.8784781875
3 0.34615863657407403 0.8701778217592592 0.3443079143518518 0.870242451388889 0.3294294166666667 0.8686774166666666 0.3275786921296296 0.8687420439814815 0.3183614259259259 0.8701062199074074 0.3165470578703704 0.8712118819444444 0.30943499074074077 0.8797986527777778 0.3094713449074074 0.8808396851851852 0.3098712337962963 0.8922910370370369 0.31175831249999997 0.8932674421296296 0.31567788194444446 0.8993843773148148 0.3175649583333333 0.9003607800925926 0.3345486550925926 0.9091484097222222 0.3363993796296296 0.9090837824074074 0.36230951157407404 0.9081789814814815 0.3641238819444444 0.9070733194444445 0.3751555162037037 0.9046034837962963 0.37696988657407404 0.9034978217592593 0.38241299768518516 0.9001808402777778 0.3823766435185185 0.8991398078703704 0.38771069444444445 0.8926997291666666 0.38767434027777775 0.8916586967592592 0.39097589814814815 0.8800780856481482 0.3890888194444444 0.8791016828703704 0.3870563287037037 0.873961150462963 0.3888706967592593 0.8728554907407408 0.39253579166666663 0.8716852013888889 0.3924994375 0.8706441689814816 0.39424110185185185 0.8674564444444444 0.3772574050925926 0.8586688125 0.3754066805555556 0.8587334421296297 0.371632525462963 0.8567806342592592 0.3697818032407407 0.8568452638888888 0.36422963194444447 0.8570391504629629 0.36241526157407405 0.8581448101851851 0.35526684027777783 0.865690550925926 0.3534524722222222 0.8667962106481482 0.34615863657407403 0.8701778217592592
3 0.3520710324074074 0.8272369907407408 0.35395811111111114 0.8282133935185185 0.37497043750000003 0.8462410555555556 0.37682115972222224 0.8461764282407408 0.3935867361111111 0.8487178657407407 0.3954374583333333 0.8486532361111111 0.40839252546296295 0.8482008356481481 0.41020689583333336 0.8470951759259259 0.4138356365740741 0.8448838541666667 0.4156863587962963 0.8448192245370371 0.426754349537037 0.8433904212962964 0.4285687175925926 0.8422847592592592 0.43219745833333334 0.8400734375 0.4321611041666667 0.8390324050925926 0.4429382638888889 0.8292753449074074 0.44290191203703705 0.8282343124999999 0.44446180555555553 0.8198414282407407 0.43088872685185187 0.8025962824074073 0.4290380046296296 0.8026609097222221 0.4140504467592592 0.7979727800925926 0.41219972222222223 0.7980374074074074 0.3862532361111111 0.7979011782407407 0.3844388657407407 0.7990068379629629 0.36800047453703705 0.8058346898148149 0.36803682638888885 0.8068757222222223 0.3520710324074074 0.8272369907407408
3 0.1268610810185185 0.7986209398148149 0.1268974351851852 0.7996619699074075 0.1255920162037037 0.8153420810185185 0.1274790925925926 0.8163184837962963 0.13310397222222223 0.8182066620370371 0.13491834259259258 0.8171010023148149 0.15683619675925925 0.807997201388889 0.1586869212962963 0.8079325717592594 0.18082289814814814 0.805074962962963 0.1826372685185185 0.8039693032407407 0.18426987037037038 0.7976584814814814 0.1784995787037037 0.7916061759259259 0.1766125 0.7906297708333333 0.1672134675925926 0.786788787037037 0.16536274305555557 0.7868534143518519 0.1542220462962963 0.7862001550925926 0.15240767824074075 0.7873058171296295 0.14504113657407405 0.788605363425926 0.1432267662037037 0.7897110231481482 0.1268610810185185 0.7986209398148149
3 0.1368054189814815 0.8180774050925926 0.13684177314814813 0.8191184375 0.12813345833333334 0.8350570624999999 0.1299841828703704 0.8349924351851852 0.14830965046296296 0.8291409861111111 0.15016037499999998 0.8290763587962963 0.17421978472222222 0.8282361851851852 0.17610686111111112 0.8292125879629629 0.19290878935185185 0.8327950578703704 0.19472315972222223 0.8316893981481482 0.20205334722222223 0.8293488194444444 0.2038677175925926 0.8282431574074074 0.20746010416666666 0.8249908032407407 0.20742375000000002 0.8239497708333333 0.207169275462963 0.8166625462962963 0.20332241203703705 0.812627675925926 0.20143533564814817 0.8116512731481481 0.19014922453703703 0.8068338842592593 0.18829850231481482 0.8068985138888889 0.16053764583333333 0.8078679444444444 0.15872327546296297 0.8089736041666667 0.14406290046296297 0.813654761574074 0.1422485300925926 0.8147604236111111 0.1368054189814815 0.8180774050925926
3 0.2091290601851852 0.819721013888889 0.20916541435185185 0.8207620462962963 0.20938353472222224 0.8270082407407408 0.2112342592592593 0.8269436111111111 0.22955972916666667 0.8210921643518518 0.23137409953703703 0.8199865023148148 0.23304305324074073 0.814716712962963 0.2235713125 0.8087936643518518 0.22172059027777777 0.8088582916666667 0.21609571064814814 0.8069701157407407 0.21424498842592593 0.8070347430555556 0.2068420925925926 0.8072932592592593 0.20502772222222224 0.8083989189814815 0.20321335185185185 0.8095045787037037 0.20324970601851852 0.8105456111111111 0.2091290601851852 0.819721013888889
3 0.25742964583333333 0.8232458287037038 0.2555789212962963 0.8233104583333334 0.23688991666666667 0.8187515833333334 0.23507554629629632 0.8198572453703704 0.21304862962962964 0.8258379490740742 0.2112342592592593 0.8269436111111111 0.19671929861111112 0.8357888981481482 0.19675565277777776 0.8368299305555555 0.20252594444444444 0.8428822361111111 0.2025622986111111 0.8439232685185186 0.20299854166666667 0.8564156527777778 0.20118417129629632 0.8575213148148149 0.1996969861111111 0.8679962638888888 0.20158406250000002 0.8689726666666666 0.21101944907407408 0.8738546851851852 0.2128701736111111 0.8737900555555556 0.2183132824074074 0.8704730740740741 0.2202003611111111 0.8714494768518519 0.22582523842592594 0.8733376550925925 0.2276396087962963 0.8722319953703703 0.2330827199074074 0.868915011574074 0.23304636574074072 0.8678739791666666 0.2383440625 0.8603928680555556 0.24019478472222222 0.8603282407407408 0.25314985185185185 0.8598758402777777 0.2549642222222222 0.8587701782407408 0.2604436851851852 0.8564942291666667 0.26233076388888893 0.8574706319444445 0.26603221064814814 0.857341375 0.2678465810185185 0.856235712962963 0.2657413819444444 0.8490131180555556 0.2675557523148148 0.8479074560185185 0.27303521527777774 0.8456315069444444 0.2674830439814815 0.8458253912037037 0.2655959675925926 0.8448489884259259 0.2505357013888889 0.8380787939814816 0.2523500717592593 0.8369731319444443 0.2522046574074074 0.8328090046296296 0.2540190277777778 0.8317033425925926 0.2593894305555556 0.8263042962962963 0.2593530763888889 0.8252632638888889 0.25742964583333333 0.8232458287037038
3 0.327539025462963 0.8145437453703704 0.3256883032407408 0.814608375 0.3053666944444444 0.8163603217592593 0.30347961805555557 0.8153839189814815 0.29418964583333335 0.8146660300925925 0.294226 0.8157070625 0.2944441203703704 0.8219532546296295 0.29633119907407407 0.8229296597222222 0.30402492129629627 0.830999400462963 0.30406127546296297 0.8320404328703703 0.304170337962963 0.8351635300925926 0.3023559675925926 0.8362691898148148 0.28961902314814814 0.8429677847222222 0.289655375 0.8440088148148148 0.2878773587962963 0.8461555092592592 0.28976443749999997 0.847131912037037 0.29179692824074077 0.8522724444444444 0.29364765277777777 0.8522078148148148 0.3143327962962963 0.8608661875 0.31618352083333334 0.8608015601851852 0.33469075694444445 0.8601552731481482 0.3365051273148148 0.8590496111111112 0.3436171944444445 0.8504628402777777 0.34543156481481485 0.8493571805555555 0.36005558564814816 0.8436349884259259 0.3600192314814815 0.8425939583333333 0.35983746296296293 0.8373887962962963 0.35214374074074073 0.8293190555555555 0.35210738657407403 0.8282780231481481 0.3518892638888889 0.8220318310185185 0.35003854166666665 0.8220964583333333 0.3390796134259259 0.8266483587962964 0.3372288888888889 0.826712988425926 0.3316767175925926 0.826906875 0.3297896412037037 0.8259304699074074 0.327539025462963 0.8145437453703704
3 0.28359425462962967 0.8296282523148149 0.285408625 0.8285225925925926 0.2946258888888889 0.8271584166666666 0.29644025925925926 0.8260527546296296 0.2964039050925926 0.8250117222222222 0.2945168287037037 0.8240353194444444 0.28863747453703703 0.8148599166666666 0.28675039583333334 0.8138835138888888 0.2756097013888889 0.8132302523148148 0.27379533101851855 0.8143359143518518 0.26305452314814814 0.8251340069444445 0.26309087731481484 0.8261750393518519 0.2542735023148148 0.8389905694444444 0.2561605810185185 0.8399669722222222 0.27484958564814815 0.8445258449074075 0.27670031018518515 0.8444612175925926 0.28225248148148147 0.8442673310185185 0.2840668518518519 0.8431616689814815 0.30228325925925925 0.8341871249999999 0.3022469050925926 0.8331460925925925 0.30217419907407406 0.8310640300925926 0.29843639814814815 0.8301522546296296 0.29847274999999995 0.831193287037037 0.2949167175925926 0.8354866736111112 0.29306599537037037 0.835551300925926 0.28940090046296296 0.8367215902777778 0.2875501759259259 0.8367862199074074 0.28377602314814815 0.834833412037037 0.28373966898148145 0.8337923796296296 0.28359425462962967 0.8296282523148149
3 0.33726524305555555 0.8277540208333334 0.3390796134259259 0.8266483587962964 0.35196197222222225 0.8241138935185185 0.3537763425925926 0.8230082337962963 0.35918309953703703 0.8186502199074075 0.3591467453703704 0.8176091875 0.36614975 0.8058993194444445 0.34945688194444446 0.8054399444444444 0.3476425115740741 0.8065456064814815 0.3329094305555556 0.809144699074074 0.33109506018518514 0.8102503611111112 0.3275753796296296 0.8155847777777778 0.32761173379629627 0.8166258101851852 0.3279389166666667 0.825995099537037 0.32982599305555554 0.8269715023148149 0.33726524305555555 0.8277540208333334
3 0.7277579398148148 0.07095666666666667 0.7277942939814814 0.07199769907407408 0.7280124166666667 0.0782438912037037 0.7298994930555556 0.0792202962962963 0.7396984166666667 0.09451263425925926 0.7415854930555555 0.09548903703703704 0.752798898148148 0.09822436111111112 0.7546496203703704 0.0981597337962963 0.7657176111111111 0.09673092824074075 0.7675319791666667 0.09562526851851852 0.7748258148148148 0.0922436574074074 0.7747894606481481 0.09120262500000001 0.7855666203703704 0.0814455625 0.7855302662037038 0.0804045300925926 0.790827962962963 0.0729234212962963 0.7774002986111112 0.05984240277777778 0.7755132222222222 0.058866 0.7661505416666666 0.05606604861111111 0.7642998171296297 0.056130675925925924 0.745865287037037 0.058859027777777774 0.7440509166666667 0.059964687499999995 0.7331283425925925 0.06555762037037037 0.7331646967592592 0.06659865277777778 0.7277579398148148 0.07095666666666667
3 0.7705096666666668 0.12783263425925925 0.772324037037037 0.12672697453703705 0.7851700416666667 0.12315147685185186 0.786984412037037 0.12204581481481482 0.7923548148148148 0.11664676851851852 0.792318460648148 0.11560573611111112 0.7938783564814814 0.10721285185185186 0.7657903171296296 0.09881299305555556 0.7639395925925926 0.09887762037037036 0.7509845277777778 0.09933002314814815 0.7510208819444444 0.10037105555555555 0.7535623240740741 0.12008603472222222 0.755449400462963 0.12106243981481482 0.7592962638888889 0.1250973101851852 0.7611833402777778 0.12607371296296296 0.7705096666666668 0.12783263425925925
3 0.6998549814814815 0.12091923611111112 0.7017057060185186 0.12085460648148148 0.7146244166666667 0.11936117361111112 0.716438787037037 0.11825551388888889 0.723768974537037 0.11591493518518518 0.7237326226851851 0.11487390277777777 0.7252925162037037 0.1064810162037037 0.7117921458333334 0.09131793518518519 0.7099414212962963 0.09138256481481483 0.6859547199074074 0.09430480092592593 0.6841403495370371 0.09541046296296296 0.6769919305555555 0.10295620138888889 0.6770282847222222 0.1039972337962963 0.6811296226851852 0.11531933101851852 0.6830166990740741 0.11629573379629629 0.6998549814814815 0.12091923611111112
3 0.6648333333333334 0.07315404398148148 0.6667204097222222 0.07413044675925926 0.6912160625 0.08578265972222222 0.6912524166666666 0.08682369212962963 0.6914705370370371 0.09306988425925926 0.6933212615740741 0.09300525462962962 0.7080543449074074 0.09040616203703704 0.7098687152777777 0.08930049999999999 0.7116467314814815 0.08715380787037036 0.7097596527777777 0.0861774050925926 0.7077635162037038 0.08207790509259259 0.7058764375000001 0.0811015 0.6963319907407408 0.07309638657407408 0.696295636574074 0.07205535648148148 0.6941177291666667 0.06275069444444445 0.695932099537037 0.06164503472222222 0.7089598726851852 0.06327469675925926 0.710846951388889 0.06425110185185184 0.7202459837962963 0.06809208564814814 0.7220603541666667 0.06698642592592592 0.7219512939814815 0.0638633287037037 0.7161446458333333 0.056769990740740746 0.7142575694444445 0.055793585648148146 0.704858537037037 0.051952601851851854 0.7030078125 0.052017231481481484 0.6845369282407406 0.05370454861111112 0.6827225578703704 0.05481021064814815 0.6682439513888888 0.06469653009259259 0.6682803055555555 0.06573756018518519 0.6648333333333334 0.07315404398148148
3 0.6103989166666667 0.053166601851851854 0.6104352708333333 0.054207634259259264 0.6132311898148147 0.08120984027777778 0.6151182662037037 0.08218624305555557 0.6245173009259259 0.08602722685185185 0.6263680231481481 0.08596259953703704 0.6411738148148148 0.08544556944444445 0.6429881828703704 0.08433990972222222 0.6539834652777777 0.08082903935185186 0.6557978356481482 0.07972337962962962 0.6628371944444444 0.06905454398148148 0.6628008402777779 0.06801351157407408 0.6624009513888889 0.05656215740740741 0.6545981643518518 0.045369319444444445 0.652711087962963 0.044392916666666664 0.648973287037037 0.04348114120370371 0.6471225625 0.04354577083333333 0.6267646018518519 0.044256685185185184 0.6249502314814814 0.04536234722222222 0.6212851388888888 0.046532636574074075 0.6194707685185186 0.0476382962962963 0.6103989166666667 0.053166601851851854
3 0.3251065671296296 0.21426296296296296 0.32514291898148145 0.21530399537037037 0.3311313356481481 0.2276024953703704 0.333018412037037 0.22857889814814814 0.3405667222222222 0.23248451157407407 0.3424174444444445 0.23241988194444443 0.3498930486111111 0.23424343287037036 0.3517437708333333 0.23417880324074075 0.3739524560185185 0.23340325925925925 0.37576682638888886 0.23229759722222224 0.39028178703703703 0.22345231249999997 0.3902454328703704 0.2224112800925926 0.3937651134259259 0.2170768611111111 0.39372875925925926 0.2160358287037037 0.39347428472222223 0.20874860416666666 0.3857078518518518 0.19859679861111112 0.38382077546296295 0.19762039583333332 0.3725346643518519 0.19280300694444444 0.3706839398148148 0.19286763425925924 0.350289625 0.19253751851851852 0.34847525462962964 0.19364318055555554 0.3339239421296296 0.20144743518518518 0.33396029398148147 0.20248846527777775 0.3251065671296296 0.21426296296296296
3 0.2934658055555555 0.2633137569444444 0.29535288425925926 0.26429015972222225 0.3141509490740741 0.27197212962962963 0.3160016736111111 0.2719075023148148 0.33639598842592594 0.2722376180555556 0.3382103587962963 0.2711319560185185 0.35098365740740745 0.2654743958333333 0.35094730324074075 0.26443336342592594 0.35631770601851853 0.25903431712962965 0.35628135185185184 0.2579932847222222 0.35595416898148147 0.24862399537037036 0.3407121365740741 0.2366486388888889 0.338861412037037 0.2367132685185185 0.3276843634259259 0.23501897685185186 0.32586999305555553 0.23612463657407406 0.31320575462962963 0.24490529398148148 0.31135503240740736 0.2449699236111111 0.2929932083333333 0.24978033796296298 0.2930295625 0.2508213703703704 0.2934658055555555 0.2633137569444444
3 0.2638509143518518 0.2111905486111111 0.2638872685185185 0.21223158101851852 0.2567752013888889 0.22081835416666667 0.25681155555555557 0.22185938425925927 0.2571750925925926 0.2322697060185185 0.2590621689814815 0.23324610879629631 0.26486881481481483 0.2403394490740741 0.2667558935185185 0.24131585185185184 0.28177980555555554 0.2470450138888889 0.2836305300925926 0.24698038657407406 0.30583921296296296 0.24620484259259257 0.30765358333333337 0.24509918055555555 0.3222412523148148 0.23833595833333335 0.3222048981481482 0.23729492592592594 0.3275753009259259 0.23189587962962963 0.32753894907407405 0.23085484722222221 0.3272117662037037 0.22148555787037036 0.31189702314814816 0.2074281388888889 0.3100463009259259 0.20749276851851853 0.2932080185185185 0.20286926620370369 0.29135729398148147 0.2029338935185185 0.2821400300925926 0.20429806944444445 0.28032565972222223 0.2054037314814815 0.26929402314814815 0.20787356712962965 0.2674796550925926 0.20897922685185186 0.2638509143518518 0.2111905486111111
3 0.22636715277777777 0.2521069722222222 0.22640350694444444 0.2531480046296296 0.22669433564814814 0.26147626157407405 0.22858141435185184 0.2624526643518519 0.2306139050925926 0.26759319675925924 0.2325009837962963 0.2685695995370371 0.24193637037037038 0.27345161805555557 0.2437870949074074 0.2733869884259259 0.2531497731481482 0.27618694212962963 0.2550004976851852 0.2761223125 0.27165701157407407 0.27554065509259257 0.2734713819444444 0.2744349930555555 0.28080156944444445 0.27209441435185183 0.2826159398148148 0.2709887546296296 0.2898370648148148 0.26552507870370373 0.28980071296296295 0.2644840462962963 0.2915060208333333 0.2602552893518518 0.28744103703703705 0.24997422453703705 0.28555396064814814 0.24899782175925925 0.25928029166666666 0.23949230324074072 0.25742956712962967 0.23955693055555558 0.2410275300925926 0.24742581481481482 0.23917680555555557 0.24749044212962962 0.2281451689814815 0.24996028009259258 0.22818152314814813 0.2510013125 0.22636715277777777 0.2521069722222222
3 0.1848150972222222 0.2295850648148148 0.1867021736111111 0.23056146759259258 0.1944322523148148 0.23967224305555557 0.1963193287037037 0.24064864583333334 0.2038676388888889 0.24455425925925928 0.20571836342592592 0.24448963194444445 0.21511739583333334 0.24833061574074072 0.21696812037037036 0.24826598611111111 0.22810881712962963 0.24891924768518517 0.22992318750000001 0.24781358564814815 0.2464706388888889 0.24410883101851852 0.24828500925925925 0.24300317129629628 0.25372812037037035 0.2396861875 0.2536917662037037 0.2386451574074074 0.2549244768518519 0.22088298148148147 0.2378317199074074 0.20897225462962965 0.23598099768518518 0.20903688425925926 0.22106614583333334 0.20643081712962963 0.2192154212962963 0.20649544444444443 0.20255890740740742 0.20707710416666666 0.200744537037037 0.2081827638888889 0.18456062268518517 0.2222978402777778 0.18459697453703702 0.22333887268518518 0.1848150972222222 0.2295850648148148
3 0.1719690925925926 0.2331605625 0.17200544444444446 0.2342015949074074 0.164857025462963 0.24174733333333334 0.16489337962962963 0.24278836574074075 0.16529326851851853 0.2542397199074074 0.16718034722222222 0.2552161226851852 0.1748377175925926 0.2622448333333333 0.17668844212962964 0.2621802037037037 0.1879745509259259 0.2669975925925926 0.18982527546296296 0.2669329629629629 0.20651814351851852 0.26739233796296297 0.20833251388888888 0.2662866759259259 0.21751342592592593 0.2638814699074074 0.21747707175925926 0.26284043749999997 0.22110581250000003 0.26062911574074077 0.22106945833333333 0.25958808333333333 0.22096039583333335 0.2564649861111111 0.21892790509259258 0.2513244560185185 0.21704082638888889 0.25034805092592594 0.1925815277777778 0.23973687037037036 0.19254517592592593 0.23869584027777777 0.18300072685185184 0.23069072685185185 0.18115000231481482 0.23075535416666668 0.1755978310185185 0.23094924074074075 0.17378346296296296 0.23205490046296295 0.1719690925925926 0.2331605625
3 0.15393113888888887 0.194183 0.15396749305555557 0.1952240324074074 0.14692813425925927 0.20589286805555554 0.1469644884259259 0.20693390046296295 0.1471826111111111 0.2131800925925926 0.1490696875 0.21415649537037038 0.1605739212962963 0.22522007638888888 0.1624246435185185 0.2251554490740741 0.16993659953703702 0.2280200300925926 0.17178732407407407 0.22795540277777776 0.1791902175925926 0.22769688657407408 0.18100458796296298 0.22659122685185185 0.18281895833333334 0.2254855648148148 0.18278260416666667 0.2244445324074074 0.18804394675925926 0.2159223912037037 0.18985831712962964 0.21481672916666666 0.20426421759259258 0.20284834722222223 0.20422786342592594 0.20180731481481484 0.2058241111111111 0.19445546064814817 0.20386432638888888 0.19139699305555558 0.20201360416666667 0.19146162268518518 0.1982394490740741 0.1895088148148148 0.19638872453703704 0.18957344444444446 0.181473875 0.18696737731481483 0.17962315046296295 0.18703200694444444 0.16118862037037035 0.18976035648148148 0.15937425 0.19086601851851853 0.15393113888888887 0.194183
3 0 0.1775082337962963 0.012476354166666667 0.17619207407407408 0.01244 0.17515104166666667 0.02140278935185185 0.16649964120370372 0.011967402777777778 0.16161762500000001 0.010116680555555556 0.16168225462962962 0 0.16203553472222224 0 0.1775082337962963
3 0.03486680787037037 0.18062169212962964 0.03668117824074074 0.17951603009259262 0.04375688888888889 0.16988822685185184 0.03435785648148148 0.16604724074074076 0.03250713194444445 0.16611187037037037 0.023253513888888886 0.16643501388888887 0.02143914351851852 0.1675406736111111 0.01425437037037037 0.17404538194444447 0.016141449074074072 0.1750217847222222 0.02376246527777778 0.18100946296296297 0.025613189814814814 0.18094483564814817 0.03486680787037037 0.18062169212962964
3 0.04041897916666667 0.18042780555555554 0.04230605555555556 0.18140420833333334 0.04793093518518519 0.18329238657407407 0.04978165740740741 0.18322775694444446 0.07013962037037037 0.18251684259259257 0.07195399074074074 0.18141118055555555 0.07561908333333334 0.1802408912037037 0.07558272916666667 0.1791998587962963 0.07728803935185186 0.17497110185185183 0.0733684699074074 0.16885416666666664 0.07151774537037037 0.1689187962962963 0.06774359027777778 0.16696598842592592 0.06589286805555555 0.16703061805555558 0.05663924768518518 0.16735376157407408 0.054824879629629626 0.1684594212962963 0.043793243055555556 0.17092925925925928 0.043829597222222225 0.17197029166666666 0.04041897916666667 0.18042780555555554
3 0 0.4403300648148148 0.003166587962962963 0.44021948611111106 0.008791467592592592 0.44210766435185184 0.032850875 0.44126749074074073 0.040181062499999996 0.438926912037037 0.0457332337962963 0.43873302546296294 0.04566052777777778 0.4366509606481482 0.04747489814814815 0.43554530092592597 0.04551511342592592 0.4324868333333334 0.05465967129629629 0.42904059259259264 0.060211842592592595 0.4288467083333333 0.061989858796296295 0.4267000138888889 0.05819146759259259 0.4240531851851852 0.061880796296296295 0.4235769189814815 0.06369516666666666 0.4224712569444445 0.06155361342592593 0.4142076296296296 0.05963018287037037 0.41219019444444444 0.0464206412037037 0.40535537037037034 0.03157849768518518 0.40483136805555553 0.024248310185185185 0.4071719467592593 0.024284664351851854 0.40821297916666666 0.03372005092592593 0.4130949953703704 0.03030943287037037 0.42155250925925924 0.013362090277777778 0.41380591203703704 0.005922840277777778 0.4130233935185185 0.002294101851851852 0.4152347152777778 0.0023668078703703707 0.41731678009259254 0 0.41945956018518515 0 0.4403300648148148
3 0.09783115972222223 0.816311511574074 0.09968188194444444 0.8162468842592593 0.10345603703703704 0.8181996898148148 0.10530676157407408 0.8181350601851852 0.11085893287037037 0.817941175925926 0.11267330324074074 0.816835513888889 0.12363223148148147 0.8122836134259259 0.12359587731481482 0.8112425810185185 0.12323234027777777 0.8008322615740741 0.12130890972222222 0.7988148240740741 0.11945818518518518 0.7988794537037037 0.11009550694444445 0.7960794999999999 0.10824478240740741 0.7961441296296295 0.09532606944444444 0.7976375625000001 0.09536242361111112 0.7986785949074074 0.09402065046296296 0.8133176736111111 0.09590772916666666 0.8142940763888888 0.09783115972222223 0.816311511574074
3 0.08121099999999999 0.817934201388889 0.08302536805555556 0.8168285416666667 0.0885411875 0.8155936226851852 0.09035555787037036 0.8144879629629629 0.09391159027777778 0.8101945763888888 0.09387523611111111 0.8091535439814814 0.09365711342592593 0.8029073518518518 0.08795952777777778 0.7989371087962963 0.08610880555555556 0.7990017384259259 0.08237100462962964 0.7980899629629629 0.0805202800925926 0.7981545925925926 0.06575084259259259 0.7997126527777778 0.06393647222222222 0.8008183148148148 0.06448177777777778 0.8164337962962963 0.06636885648148148 0.817410199074074 0.08121099999999999 0.817934201388889
3 0.11002611111111112 0.8471547037037036 0.11187683564814815 0.847090074074074 0.11920702314814814 0.8447494953703704 0.11917066898148149 0.843708462962963 0.12635544212962962 0.8372037546296297 0.12631908796296296 0.8361627245370371 0.13139866203703704 0.8224354189814815 0.1238867060185185 0.8195708379629629 0.12203598148148148 0.8196354675925925 0.11278236342592593 0.8199586111111111 0.11096799305555555 0.8210642708333333 0.10008177314814815 0.827698236111111 0.10011812731481481 0.8287392685185184 0.10040895601851851 0.837067525462963 0.1022960324074074 0.8380439282407408 0.11002611111111112 0.8471547037037036
3 0.038465895833333326 0.8673727685185185 0.0402802662037037 0.8662671064814815 0.04187651388888889 0.8589152546296297 0.03059040509259259 0.8540978657407408 0.028739680555555557 0.8541624930555556 0.01582096759259259 0.8556559282407408 0.01400659722222222 0.856761587962963 0.01632991898148148 0.8702303773148148 0.01818064351851852 0.8701657476851852 0.031026648148148147 0.86659025 0.03287737268518519 0.8665256226851852 0.038465895833333326 0.8673727685185185
3 0.06086297453703704 0.9781169166666667 0.06271369675925927 0.9780522893518518 0.06822951620370371 0.9768173703703703 0.07004388425925925 0.9757117083333333 0.07548699537037037 0.9723947268518519 0.07545064120370369 0.9713536944444444 0.0751598125 0.9630254375 0.07120388888888889 0.9558674699074075 0.06935316666666666 0.9559320995370371 0.05462008333333333 0.9585311921296296 0.052805712962962964 0.9596368541666668 0.04739895601851852 0.9639948680555556 0.04743531018518518 0.965035900462963 0.047726138888888894 0.9733641574074073 0.049613217592592594 0.9743405601851852 0.06086297453703704 0.9781169166666667
3 0.09751391203703703 0.9664140231481482 0.09932828240740742 0.9653083611111112 0.10096088425925925 0.958997539351852 0.08404989583333335 0.9522919722222222 0.0821991712962963 0.9523566018518518 0.07483262962962964 0.9536561481481483 0.07486898379629629 0.9546971805555556 0.07530522685185186 0.9671895671296297 0.07719230555555556 0.9681659699074074 0.09018372453703705 0.9687546018518518 0.09199809490740742 0.9676489398148148 0.09751391203703703 0.9664140231481482
3 0.12342404398148148 0.9655092199074075 0.12527476851851851 0.9654445925925926 0.1308632939814815 0.966291738425926 0.13267766435185185 0.9651860763888889 0.13993514351851852 0.9607634328703704 0.13989879166666666 0.959722400462963 0.1396806689814815 0.9534762083333334 0.1302452824074074 0.9485941921296296 0.12839455787037035 0.9486588194444444 0.11543949074074075 0.9491112222222222 0.11362512268518518 0.9502168819444444 0.1081456574074074 0.9524928333333333 0.10818201157407407 0.9535338634259259 0.10829107175925926 0.9566569606481481 0.11017815046296296 0.9576333634259259 0.12342404398148148 0.9655092199074075
3 0.14271111111111112 0.08513314351851851 0.14452548148148148 0.08402748148148148 0.1499322384259259 0.07966946759259258 0.14989588425925926 0.07862843518518518 0.14960505555555556 0.07030017824074074 0.14394382407407408 0.0673709699074074 0.14209309953703705 0.06743559722222223 0.13650457638888888 0.06658845138888889 0.13469020601851853 0.06769411111111111 0.12750543287037036 0.07419881944444445 0.12754178472222222 0.07523985185185185 0.13146135416666668 0.08135678703703704 0.13334843287037038 0.08233318981481481 0.14271111111111112 0.08513314351851851
3 0.1572260740740741 0.07628785648148148 0.15907679629629629 0.07622322916666667 0.17014478472222225 0.07479442361111112 0.1719591550925926 0.07368876388888888 0.17910757638888888 0.06614302314814814 0.17152291203703704 0.06119637731481481 0.1696721875 0.061261006944444446 0.16041856944444444 0.061584150462962964 0.15860419907407408 0.06268981018518519 0.1514557800925926 0.07023555092592593 0.15149213425925925 0.07127658333333334 0.15156484027777778 0.07335864583333333 0.15345191898148147 0.07433505092592592 0.1572260740740741 0.07628785648148148
3 0.1775840347222222 0.07557694212962963 0.1794711111111111 0.07655334490740741 0.18328162037037038 0.07954718287037037 0.1851323449074074 0.07948255555555556 0.1981237638888889 0.08007118518518519 0.19993813425925924 0.07896552546296297 0.2053812453703704 0.07564854398148148 0.20534489120370372 0.07460751157407408 0.20519947685185186 0.07044338194444444 0.2013889675925926 0.06744954398148148 0.19953824305555554 0.0675141712962963 0.19391336574074072 0.06562599305555555 0.19206264120370373 0.06569062268518519 0.1865104699074074 0.06588450925925926 0.18469609953703703 0.06699016898148148 0.17925299074074075 0.07030715277777777 0.17928934259259258 0.07134818518518518 0.1775840347222222 0.07557694212962963
3 0.20748644444444445 0.08287113888888888 0.20937352083333333 0.08384754166666666 0.23158220601851853 0.0830719976851852 0.2333965763888889 0.08196633796296296 0.2350655324074074 0.07669654861111111 0.23306939351851852 0.0725970486111111 0.23118231481481483 0.07162064583333333 0.22740816203703704 0.06966783796296297 0.2255574375 0.06973246759259259 0.21441674074074074 0.06907920601851852 0.21260237037037036 0.07018486805555556 0.20726832175925924 0.07662494675925925 0.20730467592592594 0.07766597916666668 0.20748644444444445 0.08287113888888888
3 0.23034949305555555 0.10083417361111112 0.23223657175925927 0.1018105763888889 0.24344997453703704 0.10454590046296296 0.2453006990740741 0.10448127083333333 0.25633233333333333 0.10201143518518518 0.25629598148148147 0.10097040277777777 0.2598156597222222 0.09563598611111111 0.2577831666666667 0.09049545370370371 0.25589609027777777 0.08951904861111111 0.2465334097222222 0.08671909722222221 0.2446826875 0.08678372453703703 0.23361469907407406 0.0882125300925926 0.2318003287037037 0.08931818981481482 0.22820794212962964 0.09257054398148148 0.22824429398148147 0.0936115763888889 0.23034949305555555 0.10083417361111112
3 0.26812739583333334 0.12140327314814814 0.2699781203703704 0.12133864351851853 0.2790863240740741 0.11685137268518518 0.27904996990740744 0.11581034027777778 0.2808279861111111 0.11366364814814815 0.276981125 0.10962877546296296 0.2750940462962963 0.10865237268518518 0.2694691689814815 0.10676419444444445 0.26761844444444444 0.10682882407407408 0.2566595162037037 0.11138072453703704 0.2566958703703704 0.11242175694444444 0.2587647152777778 0.11860331944444445 0.26065179398148147 0.11957972453703704 0.26812739583333334 0.12140327314814814
3 0.29251398842592596 0.1299323888888889 0.29247763425925927 0.12889135648148148 0.29396482175925925 0.1184164074074074 0.2809370462962963 0.11678674305555556 0.2791226782407407 0.11789240509259259 0.27001447222222225 0.12237967592592593 0.2700508263888889 0.12342070833333334 0.2720469652777778 0.12752020833333333 0.2739340416666667 0.1284966111111111 0.28329672222222224 0.1312965648148148 0.28514744675925924 0.1312319351851852 0.29251398842592596 0.1299323888888889
3 0.2666765625 0.13291925462962964 0.26664020833333335 0.13187822222222223 0.2682001041666667 0.12348533796296296 0.26072449999999997 0.12166178703703705 0.2589101296296296 0.12276744907407408 0.24976557175925926 0.1262136875 0.24980192592592593 0.12725471990740742 0.25187077314814815 0.13343628472222221 0.25372149537037036 0.13337165509259258 0.26119709722222223 0.1351952060185185 0.2630114675925926 0.13408954398148148 0.2666765625 0.13291925462962964
3 0.2588374236111111 0.12068538425925926 0.2588010694444445 0.11964435185185185 0.2587647152777778 0.11860331944444445 0.2549905601851852 0.11665051388888889 0.2549542083333333 0.11560948148148148 0.25295806944444443 0.11150998148148147 0.25110734490740744 0.11157461111111111 0.24370445138888888 0.11183312499999999 0.24374080324074074 0.11287415740740742 0.2478421412037037 0.1241962523148148 0.24969286574074073 0.124131625 0.2588374236111111 0.12068538425925926
3 0.2864892175925926 0.11659285648148147 0.2883399421296296 0.11652822916666666 0.29574283796296297 0.11626971296296296 0.29570648379629627 0.11522868287037037 0.29911710185185186 0.10677116666666667 0.2953065949074074 0.10377732870370371 0.29345587037037035 0.10384195833333333 0.28971806944444445 0.10293018287037038 0.2879036990740741 0.10403584259259259 0.28057351157407406 0.1063764236111111 0.28060986574074076 0.1074174537037037 0.2788682013888889 0.11060518055555556 0.2807552800925926 0.11158158333333333 0.2864892175925926 0.11659285648148147
3 0.3384218564814815 0.17106361574074075 0.34027258101851854 0.17099898842592592 0.3458247523148148 0.17080510185185183 0.3476391226851852 0.16969944212962962 0.3548966018518519 0.1652767986111111 0.35486024768518515 0.1642357662037037 0.35642014351851853 0.15584287962962962 0.33965456944444444 0.15330144212962965 0.3378401990740741 0.15440710185185186 0.33413875 0.15453636111111113 0.3341751041666666 0.15557739351851851 0.3289137615740741 0.16409953472222222 0.3308008402777778 0.1650759398148148 0.3383127962962963 0.16794052083333333 0.33834915046296293 0.16898155324074077 0.3384218564814815 0.17106361574074075
3 0.2840337314814815 0.3115890069444444 0.28584810185185183 0.3104833449074074 0.2913275648148148 0.3082073958333333 0.2912912106481481 0.3071663634259259 0.2911457962962963 0.30300223379629626 0.2816740555555556 0.2970791851851852 0.2798233333333333 0.29714381481481483 0.27427116203703705 0.29733769907407404 0.2724567916666667 0.29844336111111114 0.26523566435185186 0.30390703703703703 0.2652720185185185 0.30494806712962963 0.26545378703703704 0.3101532291666667 0.26730450925925925 0.310088599537037 0.2840337314814815 0.3115890069444444
3 0.27354740046296294 0.3296743240740741 0.2753617708333333 0.32856866203703705 0.2808048819444445 0.32525168055555553 0.2807685277777778 0.32421064814814815 0.2824011296296296 0.3178998263888889 0.2748164652777778 0.31295318055555554 0.27296574305555554 0.31301781018518515 0.26186140046296297 0.31340558333333335 0.2600470300925926 0.31451124305555556 0.256636412037037 0.32296875694444444 0.25852348842592593 0.3239451597222222 0.2604832731481481 0.32700362962962964 0.26233399768518517 0.32693900000000004 0.27354740046296294 0.3296743240740741
3 0.15487964583333333 0.27440710185185185 0.15676672453703702 0.2753835046296296 0.1624643101851852 0.27935374768518517 0.1643150324074074 0.27928911805555556 0.1846366412037037 0.2775371712962963 0.18645101157407407 0.27643150925925924 0.18612382870370373 0.2670622199074074 0.1691764861111111 0.2593156226851852 0.16914013194444447 0.25827459027777777 0.1653296226851852 0.2552807523148148 0.16347890046296296 0.2553453796296296 0.16162817592592593 0.2554100092592593 0.15981380555555555 0.2565156689814815 0.1601773425925926 0.26692599074074075 0.1583629722222222 0.26803165046296296 0.15487964583333333 0.27440710185185185
3 0.14370259722222223 0.2727128101851852 0.14551696759259258 0.2716071481481481 0.15473423148148147 0.2702429722222222 0.15654860185185185 0.2691373125 0.15825391203703704 0.26490855555555554 0.1506692476851852 0.2599619097222222 0.14881852314814814 0.26002653703703704 0.1395649050925926 0.2603496805555556 0.13775053472222223 0.26145534259259257 0.1304567013888889 0.2648369537037037 0.13234377777777778 0.2658133564814815 0.1324528402777778 0.2689364537037037 0.13433991666666667 0.2699128564814815 0.14370259722222223 0.2727128101851852
3 0.0938784699074074 0.278621912037037 0.09572919444444444 0.27855728472222224 0.10483739814814814 0.27407001157407407 0.10480104398148148 0.2730289791666667 0.10447386111111111 0.26365969212962964 0.09884898379629631 0.2617715138888889 0.09699825925925926 0.2618361412037037 0.09144608796296297 0.2620300277777778 0.0896317175925926 0.2631356875 0.08426131481481482 0.2685347361111111 0.08429766898148149 0.2695757662037037 0.0844794375 0.27478092824074074 0.08636651388888889 0.2757573310185185 0.0938784699074074 0.278621912037037
3 0.11967954166666667 0.2745940138888889 0.12149391203703705 0.27348835416666667 0.1233082824074074 0.2723826921296296 0.1101350925925926 0.26658890046296296 0.10828437037037038 0.2666535300925926 0.10461927546296296 0.26782381944444444 0.10465562962962964 0.2688648518518518 0.10480104398148148 0.2730289791666667 0.10668812037037036 0.2740053842592593 0.10857519907407408 0.274981787037037 0.11042592361111112 0.2749171574074074 0.11967954166666667 0.2745940138888889
3 0.10723342592592593 0.28962086574074075 0.10908415046296296 0.28955623611111114 0.11830141435185186 0.2881920601851852 0.1182650625 0.2871510277777778 0.11245841435185185 0.2800576898148148 0.11427278472222221 0.2789520300925926 0.12341734259259259 0.2755057893518518 0.11420007638888888 0.2768699652777778 0.112313 0.2758935625 0.10483739814814814 0.27407001157407407 0.10302302777777778 0.2751756736111111 0.09761627083333334 0.2795336875 0.097652625 0.2805747199074074 0.0997214699074074 0.2867562847222222 0.10160854861111111 0.28773268750000003 0.10723342592592593 0.28962086574074075
3 0.33785675925925923 0.42019343518518515 0.3397074814814815 0.42012880555555554 0.350811824074074 0.4197410347222222 0.3526261944444445 0.4186353726851852 0.35629128935185184 0.4174650833333334 0.3562549351851852 0.41642405092592594 0.3579238912037037 0.4111542615740741 0.3559641064814815 0.4080957939814815 0.3541133819444444 0.4081604236111111 0.3503392268518518 0.4062076157407407 0.3484885046296296 0.4062722453703704 0.3355697916666667 0.4077656782407408 0.3337554212962963 0.408871337962963 0.33219552546296294 0.41726422453703704 0.3340826041666667 0.41824062731481476 0.33785675925925923 0.42019343518518515
3 0.7876256087962963 0.5118442268518518 0.7894763310185184 0.5117795972222222 0.7987663055555556 0.5124974861111111 0.8005806736111111 0.5113918263888889 0.8079108634259259 0.5090512453703704 0.8078745092592592 0.5080102152777778 0.8095434652777778 0.5027404259259259 0.8038822314814815 0.4998112152777778 0.8020315092592593 0.49987584259259255 0.7927051828703704 0.4981169236111111 0.7908908124999999 0.4992225833333333 0.7853386412037038 0.4994164699074074 0.7853749953703704 0.5004575023148148 0.7818916689814814 0.5068329513888888 0.7837787453703704 0.5078093541666666 0.7876256087962963 0.5118442268518518
3 0.02812498148148148 0.8896222152777779 0.029939349537037037 0.8885165532407407 0.03726953935185185 0.886175974537037 0.03908390740740741 0.8850703148148148 0.04449066435185185 0.8807122986111111 0.0444543125 0.8796712685185185 0.04793763657407407 0.8732958171296297 0.036615173611111114 0.8674373958333333 0.034764449074074076 0.867502025462963 0.02184573611111111 0.8689954583333334 0.02003136574074074 0.8701011203703705 0.014588256944444444 0.8734181018518519 0.014624608796296297 0.8744591342592593 0.015097206018518518 0.8879925509259259 0.016984284722222222 0.8889689537037037 0.02812498148148148 0.8896222152777779
1 0.8423419259259259 0.5133730856481482 0.826121324074074 0.5211314027777778 0.7470114768518519 0.5161809467592593 0.7472530671296297 0.5496303935185185 0.806171849537037 0.5547647847222222 0.9155906064814815 0.5680375439814815 0.9691898796296295 0.5800284282407407 0.9660994976851852 0.5445938611111111 0.9688210532407407 0.5429353703703703 0.9236736365740741 0.5341931666666666 0.9040662083333333 0.5245590856481481 0.8981032407407407 0.5129893101851851 0.9064189351851851 0.485807537037037 0.9401024328703704 0.43157813194444444 0.9078522476851851 0.42603360416666664 0.8820974490740741 0.47383655324074075 0.8423419259259259 0.5133730856481482
1 0.5771873726851852 0.22703574999999998 0.6402953958333334 0.19825327777777776 0.6685166180555555 0.18924204861111113 0.6628547245370371 0.17568138657407406 0.6623213194444445 0.1763253935185185 0.6251151643518519 0.18804767824074076 0.6134800578703704 0.17323638194444443 0.6054227962962963 0.15475631712962964 0.5952838055555555 0.1562569097222222 0.6041980185185186 0.18335815277777778 0.5989079259259259 0.19636319675925926 0.5582333171296296 0.22019306944444444 0.5771873726851852 0.22703574999999998
0 0.6462524652777778 0.5810910949074074 0.6520607592592592 0.5563941759259259 0.6696347013888889 0.5449405439814815 0.7556249467592593 0.550588800925926 0.7676959583333334 0.5142078680555555 0.6213314675925926 0.49888991666666666 0.5188942337962963 0.4785983958333333 0.4861053611111111 0.5053840300925926 0.4857642986111111 0.5062297800925926 0.5955869120370371 0.5363737222222222 0.6234654259259259 0.5599985023148148 0.6190683055555555 0.5773500277777778 0.5980619328703703 0.5966365555555555 0.5449147685185185 0.6188173773148149 0.5688770162037037 0.6311135972222223 0.6265924930555555 0.6017898263888889 0.6462524652777778 0.5810910949074074
0 0.4346248032407407 0.25160941435185186 0.42626349537037034 0.24564758796296296 0.40615174537037035 0.23749034259259258 0.3796497106481482 0.23205777546296297 0.36956161342592597 0.2350158125 0.4172931041666667 0.24877505555555554 0.4266343032407407 0.25626611574074076 0.42503805555555557 0.26361796990740743 0.3929924444444445 0.279850400462963 0.39116353240740737 0.28053964814814814 0.40901806018518516 0.2877334166666667 0.44174976157407403 0.2752293125 0.4927236481481482 0.2597951157407407 0.4853851967592593 0.24598030787037037 0.4511329282407407 0.25739097916666664 0.44316027546296294 0.2572524699074074 0.4368314606481482 0.2564311736111111 0.4346248032407407 0.25160941435185186
0 0.8291587708333333 0.11463193518518518 0.8121387199074074 0.10480327314814815 0.8047903564814816 0.10662333564814815 0.8268622222222222 0.12315477546296297 0.8286154537037037 0.1309108125 0.8262571041666666 0.13766389814814814 0.7919357638888889 0.1470966087962963 0.7932530810185185 0.14767598842592594 0.8045355578703705 0.15238927314814815 0.8257610462962963 0.15529611805555557 0.8512861597222222 0.14867210416666665 0.8768043356481482 0.1471556087962963 0.8712042430555555 0.13536469907407409 0.8357357824074074 0.13847942824074075 0.8372917106481481 0.12466671296296296 0.8291587708333333 0.11463193518518518
0 0.02734761111111111 0.41102446296296297 0.00766780787037037 0.4046240462962963 0.00477605324074074 0.4120211388888889 0.025773175925925925 0.4190009351851852 0.04920234953703703 0.4372568888888889 0.05624303240740741 0.44785096064814817 0.04971526851851852 0.45725116898148144 0.021022773148148148 0.4739918865740741 0.04246274768518519 0.4830408217592592 0.08508623379629629 0.46195710648148147 0.11869240277777778 0.4479632430555555 0.11286361111111111 0.4349295601851852 0.08360829629629629 0.44616573379629626 0.07191965509259259 0.4457400671296296 0.05277259259259259 0.4280641898148148 0.02734761111111111 0.41102446296296297