2 0.5310804166666666 1 0.6159374999999999 0.5601851851851852 0.65125 0.3937037037037037 0.6642708333333333 0.2374074074074074 0.6664583333333334 0.22592592592592592 0.7377083333333333 0.0044444444444444444 0.6944791666666666 0 0.6952083333333333 0.0005555555555555556 0.6354166666666666 0.1824074074074074 0.613125 0.35518518518518516 0.485625 0.9968518518518518 0.5223065486111111 1 0.5310804166666666 1
3 0.7208333333333333 0.2925925925925926 0.7197916666666666 0.29444444444444445 0.7114583333333334 0.30925925925925923 0.7114583333333334 0.3111111111111111 0.7020833333333334 0.337037037037037 0.7020833333333334 0.3388888888888889 0.6958333333333334 0.36851851851851847 0.6958333333333334 0.37037037037037035 0.6958333333333334 0.39814814814814814 0.696875 0.4 0.6979166666666666 0.4148148148148148 0.6989583333333333 0.4166666666666667 0.7020833333333334 0.42962962962962964 0.703125 0.4314814814814815 0.7072916666666667 0.4388888888888889 0.7072916666666667 0.44074074074074077 0.7125 0.4555555555555556 0.7135416666666666 0.4574074074074074 0.7260416666666666 0.4722222222222222 0.7270833333333334 0.4722222222222222 0.7364583333333333 0.47962962962962963 0.7375 0.47962962962962963 0.746875 0.48333333333333334 0.7479166666666667 0.48333333333333334 0.7739583333333334 0.47962962962962963 0.775 0.4777777777777778 0.7927083333333333 0.46481481481481485 0.79375 0.46296296296296297 0.8135416666666666 0.4277777777777778 0.8135416666666666 0.42592592592592593 0.8166666666666667 0.4166666666666667 0.8166666666666667 0.4148148148148148 0.821875 0.387037037037037 0.821875 0.3851851851851852 0.821875 0.35555555555555557 0.8208333333333334 0.35370370370370374 0.8177083333333334 0.3351851851851852 0.8166666666666667 0.3333333333333333 0.8135416666666666 0.3222222222222222 0.8125 0.32037037037037036 0.7989583333333333 0.29444444444444445 0.7979166666666666 0.29444444444444445 0.7916666666666666 0.2851851851851852 0.790625 0.2851851851851852 0.7770833333333333 0.2740740740740741 0.7760416666666666 0.2740740740740741 0.7541666666666667 0.2722222222222222 0.7354166666666666 0.2796296296296296 0.734375 0.28148148148148144 0.7208333333333333 0.2925925925925926
3 0.634375 0.5148148148148148 0.6364583333333333 0.5148148148148148 0.65 0.5277777777777778 0.6770833333333334 0.5277777777777778 0.6802083333333334 0.5240740740740741 0.6864583333333334 0.5222222222222223 0.6885416666666666 0.5203703703703704 0.6947916666666666 0.5092592592592593 0.6958333333333334 0.5092592592592593 0.7020833333333334 0.4981481481481481 0.703125 0.49259259259259264 0.7104166666666666 0.4740740740740741 0.7104166666666666 0.4574074074074074 0.70625 0.4425925925925926 0.6947916666666666 0.42037037037037034 0.6947916666666666 0.412962962962963 0.6958333333333334 0.4111111111111111 0.6958333333333334 0.4074074074074074 0.6947916666666666 0.4055555555555555 0.6947916666666666 0.39444444444444443 0.69375 0.3925925925925926 0.69375 0.37962962962962965 0.6916666666666667 0.37592592592592594 0.68125 0.3666666666666667 0.678125 0.37407407407407406 0.6744791666666666 0.3666666666666667 0.6677083333333333 0.3666666666666667 0.6666666666666666 0.36851851851851847 0.6666666666666666 0.37037037037037035 0.6625 0.37962962962962965 0.6614583333333334 0.387037037037037 0.65625 0.40370370370370373 0.65625 0.4111111111111111 0.646875 0.42962962962962964 0.6447916666666667 0.4388888888888889 0.6427083333333333 0.4425925925925926 0.6385416666666667 0.4555555555555556 0.6385416666666667 0.45925925925925926 0.628125 0.4944444444444444 0.628125 0.5055555555555555 0.634375 0.5148148148148148
3 0.728125 0.4962962962962963 0.7270833333333334 0.4981481481481481 0.7177083333333334 0.5148148148148148 0.7177083333333334 0.5166666666666666 0.7072916666666667 0.5518518518518518 0.7072916666666667 0.5537037037037037 0.7052083333333333 0.5629629629629629 0.7052083333333333 0.5648148148148148 0.7052083333333333 0.587037037037037 0.70625 0.5888888888888889 0.7083333333333334 0.6111111111111112 0.709375 0.612962962962963 0.7104166666666666 0.6203703703703703 0.7114583333333334 0.6222222222222222 0.7166666666666667 0.637037037037037 0.7177083333333334 0.6388888888888888 0.7270833333333334 0.6537037037037037 0.728125 0.6537037037037037 0.7322916666666667 0.6537037037037037 0.7322916666666667 0.6518518518518519 0.7364583333333333 0.6333333333333334 0.7364583333333333 0.6314814814814815 0.7395833333333334 0.6074074074074074 0.740625 0.6055555555555556 0.7541666666666667 0.5592592592592592 0.7552083333333334 0.5574074074074075 0.7645833333333334 0.5351851851851852 0.7645833333333334 0.5333333333333333 0.76875 0.5203703703703704 0.7697916666666667 0.5185185185185185 0.7822916666666666 0.4944444444444444 0.7822916666666666 0.49259259259259264 0.7770833333333333 0.48333333333333334 0.7760416666666666 0.48333333333333334 0.7635416666666667 0.48333333333333334 0.7427083333333334 0.48518518518518516 0.7416666666666666 0.48703703703703705 0.728125 0.4962962962962963
3 0.6208333333333333 0.5666666666666667 0.6208333333333333 0.5685185185185185 0.6135416666666667 0.5944444444444444 0.6135416666666667 0.5962962962962963 0.6125 0.6203703703703703 0.6135416666666667 0.6222222222222222 0.6197916666666666 0.65 0.6208333333333333 0.6518518518518519 0.6333333333333334 0.6777777777777778 0.634375 0.6777777777777778 0.6458333333333334 0.688888888888889 0.646875 0.688888888888889 0.675 0.688888888888889 0.6760416666666667 0.6870370370370371 0.684375 0.6814814814814815 0.6854166666666667 0.6796296296296297 0.6885416666666666 0.674074074074074 0.6885416666666666 0.6722222222222222 0.7010416666666667 0.6425925925925926 0.7010416666666667 0.6407407407407407 0.7041666666666666 0.6259259259259259 0.7041666666666666 0.6240740740740741 0.7020833333333334 0.5851851851851853 0.7010416666666667 0.5833333333333334 0.6989583333333333 0.5722222222222222 0.6979166666666666 0.5703703703703704 0.6916666666666667 0.5555555555555556 0.690625 0.5537037037037037 0.6760416666666667 0.5333333333333333 0.675 0.5333333333333333 0.6666666666666666 0.5296296296296297 0.665625 0.5296296296296297 0.6510416666666666 0.5296296296296297 0.6302083333333334 0.5481481481481482 0.6291666666666667 0.5499999999999999 0.6208333333333333 0.5666666666666667
3 0.6510416666666666 0.7018518518518518 0.6510416666666666 0.7037037037037037 0.6395833333333334 0.7296296296296296 0.6395833333333334 0.7314814814814815 0.6364583333333333 0.7537037037037038 0.6375 0.7555555555555555 0.6416666666666666 0.7870370370370371 0.6427083333333333 0.7888888888888889 0.64375 0.7944444444444444 0.6447916666666667 0.7962962962962963 0.6520833333333333 0.8092592592592593 0.653125 0.8092592592592593 0.6614583333333334 0.8166666666666667 0.6625 0.8166666666666667 0.66875 0.8185185185185185 0.6697916666666667 0.8203703703703703 0.68125 0.8333333333333334 0.6822916666666666 0.8333333333333334 0.6927083333333334 0.8351851851851853 0.69375 0.8333333333333334 0.6979166666666666 0.825925925925926 0.6979166666666666 0.8240740740740741 0.7041666666666666 0.8037037037037037 0.7052083333333333 0.8018518518518518 0.715625 0.7851851851851852 0.715625 0.7833333333333333 0.7145833333333333 0.7666666666666666 0.715625 0.7648148148148147 0.7177083333333334 0.7518518518518519 0.7166666666666667 0.75 0.7145833333333333 0.725925925925926 0.7135416666666666 0.7240740740740741 0.70625 0.7092592592592593 0.7052083333333333 0.7092592592592593 0.6979166666666666 0.7018518518518518 0.696875 0.7018518518518518 0.6791666666666666 0.6907407407407407 0.678125 0.6907407407407407 0.671875 0.6907407407407407 0.6572916666666666 0.6925925925925925 0.65625 0.6944444444444444 0.6510416666666666 0.7018518518518518
3 0.628125 0.8611111111111112 0.628125 0.862962962962963 0.6239583333333334 0.8907407407407407 0.6239583333333334 0.8925925925925926 0.6270833333333333 0.9259259259259259 0.628125 0.9277777777777778 0.6322916666666666 0.9425925925925925 0.6333333333333334 0.9444444444444444 0.6395833333333334 0.9574074074074075 0.640625 0.9592592592592593 0.6552083333333334 0.9814814814814815 0.65625 0.9814814814814815 0.6677083333333333 0.9888888888888888 0.66875 0.9888888888888888 0.6864583333333334 0.9870370370370369 0.6875 0.9851851851851853 0.69375 0.9814814814814815 0.6947916666666666 0.9796296296296296 0.703125 0.9703703703703703 0.7041666666666666 0.9685185185185184 0.7114583333333334 0.9555555555555556 0.7114583333333334 0.9537037037037037 0.7145833333333333 0.9444444444444444 0.7145833333333333 0.9425925925925925 0.7145833333333333 0.938888888888889 0.7135416666666666 0.9370370370370371 0.7010416666666667 0.9055555555555556 0.7010416666666667 0.9037037037037037 0.696875 0.8814814814814815 0.6958333333333334 0.8796296296296297 0.6947916666666666 0.8777777777777778 0.6947916666666666 0.8759259259259259 0.69375 0.8666666666666666 0.6927083333333334 0.8648148148148148 0.6864583333333334 0.8444444444444444 0.6854166666666667 0.8425925925925926 0.6697916666666667 0.8222222222222222 0.66875 0.8222222222222222 0.6625 0.8185185185185185 0.6614583333333334 0.8185185185185185 0.653125 0.8185185185185185 0.6427083333333333 0.8296296296296296 0.6416666666666666 0.8314814814814815 0.628125 0.8611111111111112
3 0.6979166666666666 0.8722222222222222 0.6979166666666666 0.8777777777777778 0.6989583333333333 0.8796296296296297 0.6989583333333333 0.8851851851851852 0.7 0.887037037037037 0.7010416666666667 0.9 0.7052083333333333 0.9148148148148147 0.7197916666666666 0.9444444444444444 0.734375 0.9574074074074075 0.7375 0.9574074074074075 0.7385416666666667 0.9592592592592593 0.7416666666666666 0.9592592592592593 0.7427083333333334 0.9611111111111111 0.7458333333333333 0.9611111111111111 0.746875 0.9629629629629629 0.7604166666666666 0.9629629629629629 0.7614583333333333 0.9611111111111111 0.771875 0.9611111111111111 0.7802083333333334 0.9537037037037037 0.7947916666666667 0.9277777777777778 0.7958333333333334 0.9222222222222222 0.7989583333333333 0.9148148148148147 0.8 0.9037037037037037 0.8010416666666667 0.9018518518518519 0.8020833333333334 0.8907407407407407 0.803125 0.8888888888888888 0.803125 0.8814814814814815 0.8020833333333334 0.8796296296296297 0.8020833333333334 0.8703703703703703 0.8010416666666667 0.8685185185185185 0.8010416666666667 0.862962962962963 0.7979166666666666 0.8518518518518519 0.790625 0.8388888888888888 0.7864583333333334 0.8388888888888888 0.7854166666666667 0.8407407407407407 0.7833333333333333 0.8407407407407407 0.7729166666666666 0.8555555555555556 0.7729166666666666 0.8592592592592593 0.7708333333333334 0.8648148148148148 0.7708333333333334 0.8685185185185185 0.76875 0.8722222222222222 0.765625 0.8722222222222222 0.7635416666666667 0.8666666666666666 0.7635416666666667 0.862962962962963 0.7604166666666666 0.8574074074074074 0.7583333333333334 0.8555555555555556 0.75625 0.8574074074074074 0.7552083333333334 0.8555555555555556 0.75625 0.8518518518518519 0.7604166666666666 0.8481481481481481 0.7583333333333334 0.8425925925925926 0.7572916666666666 0.8351851851851853 0.75625 0.8333333333333334 0.753125 0.8333333333333334 0.7520833333333333 0.8370370370370371 0.75 0.836574074074074 0.7473958333333334 0.8280092592592593 0.7510416666666666 0.8240740740740741 0.7510416666666666 0.8166666666666667 0.74375 0.8018518518518518 0.7416666666666666 0.7870370370370371 0.7369791666666666 0.79375 0.734375 0.7851851851851852 0.7270833333333334 0.7851851851851852 0.7260416666666666 0.7870370370370371 0.7229166666666667 0.7870370370370371 0.721875 0.7888888888888889 0.71875 0.7888888888888889 0.7166666666666667 0.7907407407407407 0.7145833333333333 0.7944444444444444 0.7072916666666667 0.8018518518518518 0.7041666666666666 0.8074074074074075 0.696875 0.8333333333333334 0.696875 0.85 0.6958333333333334 0.8518518518518519 0.6958333333333334 0.8648148148148148 0.6979166666666666 0.8722222222222222
3 0.084375 0.2611111111111111 0.08541666666666667 0.26296296296296295 0.08645833333333333 0.26666666666666666 0.08645833333333333 0.26851851851851855 0.0875 0.3 0.08645833333333333 0.30185185185185187 0.08333333333333333 0.3148148148148148 0.08229166666666667 0.3166666666666667 0.078125 0.3222222222222222 0.07916666666666668 0.32407407407407407 0.08645833333333333 0.32592592592592595 0.0875 0.32407407407407407 0.09895833333333333 0.32037037037037036 0.1 0.3185185185185185 0.11145833333333333 0.3 0.11145833333333333 0.29814814814814816 0.11666666666666667 0.2796296296296296 0.11666666666666667 0.2777777777777778 0.11666666666666667 0.2537037037037037 0.115625 0.2518518518518518 0.115625 0.24814814814814815 0.11458333333333333 0.24629629629629632 0.11145833333333333 0.24074074074074073 0.11041666666666668 0.24074074074074073 0.09895833333333333 0.23148148148148148 0.09791666666666667 0.23148148148148148 0.08125 0.22962962962962963 0.08020833333333333 0.23333333333333334 0.08125 0.23518518518518516 0.084375 0.2611111111111111
3 0.020833333333333332 0.12962962962962962 0.020833333333333332 0.1277777777777778 0.021875 0.12037037037037036 0.020833333333333332 0.11851851851851852 0.010416666666666666 0.09814814814814815 0.009375 0.09814814814814815 0 0.0962962962962963 0.0010416666666666667 0.1796296296296296 0.0010416666666666667 0.17777777777777778 0.020833333333333332 0.12962962962962962
3 0.075 0.2 0.07604166666666667 0.20185185185185187 0.08125 0.22037037037037038 0.08229166666666667 0.22037037037037038 0.090625 0.22592592592592592 0.09166666666666667 0.22592592592592592 0.09895833333333333 0.22592592592592592 0.1 0.2277777777777778 0.10833333333333332 0.23518518518518516 0.109375 0.23518518518518516 0.115625 0.23703703703703705 0.11666666666666667 0.23518518518518516 0.12291666666666667 0.23333333333333334 0.12395833333333332 0.23148148148148148 0.13333333333333333 0.22407407407407406 0.134375 0.2222222222222222 0.14375000000000002 0.20925925925925928 0.14375000000000002 0.2074074074074074 0.14479166666666665 0.2037037037037037 0.14375000000000002 0.2037037037037037 0.14270833333333333 0.20185185185185187 0.14166666666666666 0.20185185185185187 0.13645833333333335 0.2037037037037037 0.13541666666666666 0.20185185185185187 0.121875 0.1925925925925926 0.12083333333333333 0.19074074074074077 0.09791666666666667 0.1537037037037037 0.096875 0.1537037037037037 0.08645833333333333 0.15185185185185185 0.07395833333333333 0.16296296296296298 0.07395833333333333 0.16481481481481483 0.075 0.2
3 0 0 0 0.011111111111111112 0.0010416666666666667 0.011111111111111112 0.0020833333333333333 0.012962962962962963 0.003125 0.012962962962962963 0.02395833333333333 0.020370370370370372 0.025 0.020370370370370372 0.028125 0.018518518518518517 0.028125 0.016666666666666666 0.01875 0 0.017708333333333333 0 0 0
3 0.978125 0.7851851851851852 0.978125 0.7870370370370371 0.9739583333333334 0.8166666666666667 0.9739583333333334 0.8185185185185185 0.9739583333333334 0.8370370370370371 0.975 0.8388888888888888 0.9791666666666666 0.8722222222222222 0.9802083333333333 0.8740740740740741 0.9854166666666666 0.887037037037037 0.9864583333333333 0.887037037037037 0.9989583333333334 0.8981481481481481 0.9989583333333334 0.8962962962962963 0.9989583333333334 0.7555555555555555 0.9979166666666667 0.7555555555555555 0.996875 0.7555555555555555 0.9822916666666667 0.7722222222222223 0.98125 0.774074074074074 0.978125 0.7851851851851852
3 0.4270833333333333 0.9555555555555556 0.4260416666666667 0.9574074074074075 0.42083333333333334 0.9740740740740741 0.421875 0.975925925925926 0.42291666666666666 0.9833333333333334 0.4239583333333333 0.9851851851851853 0.4302083333333333 0.9962962962962962 0.43125 0.9962962962962962 0.4416666666666667 0.9944444444444445 0.4427083333333333 0.9925925925925926 0.4489583333333333 0.9814814814814815 0.4489583333333333 0.9796296296296296 0.45 0.975925925925926 0.45 0.9740740740740741 0.4489583333333333 0.9574074074074075 0.4479166666666667 0.9555555555555556 0.4447916666666667 0.95 0.44375 0.95 0.43854166666666666 0.9481481481481482 0.4322916666666667 0.95 0.43125 0.9518518518518518 0.4270833333333333 0.9555555555555556
3 0.39375 0.95 0.39375 0.9518518518518518 0.39375 0.9611111111111111 0.3947916666666667 0.9629629629629629 0.3958333333333333 0.9685185185185184 0.396875 0.9703703703703703 0.403125 0.9796296296296296 0.4041666666666667 0.9796296296296296 0.4083333333333333 0.9814814814814815 0.409375 0.9796296296296296 0.415625 0.9777777777777777 0.4166666666666667 0.975925925925926 0.42083333333333334 0.9703703703703703 0.42083333333333334 0.9685185185185184 0.4239583333333333 0.9592592592592593 0.4239583333333333 0.9574074074074075 0.42291666666666666 0.9481481481481482 0.421875 0.9462962962962963 0.4135416666666667 0.9314814814814815 0.4125 0.9314814814814815 0.403125 0.9314814814814815 0.3958333333333333 0.9407407407407407 0.3958333333333333 0.9425925925925925 0.39375 0.95
3 0.390625 0.9203703703703704 0.39166666666666666 0.9222222222222222 0.3947916666666667 0.9277777777777778 0.3958333333333333 0.9277777777777778 0.4083333333333333 0.9296296296296297 0.409375 0.9277777777777778 0.4135416666666667 0.9259259259259259 0.4135416666666667 0.924074074074074 0.415625 0.9166666666666666 0.415625 0.9148148148148147 0.415625 0.9 0.4145833333333333 0.8981481481481481 0.4125 0.8925925925925926 0.4114583333333333 0.8925925925925926 0.4041666666666667 0.9055555555555556 0.403125 0.9037037037037037 0.3927083333333333 0.8925925925925926 0.39166666666666666 0.8925925925925926 0.3885416666666667 0.8925925925925926 0.3875 0.9092592592592593 0.3885416666666667 0.9111111111111112 0.390625 0.9203703703703704
3 0.596875 0.9703703703703703 0.596875 0.9722222222222222 0.5958333333333333 0.9814814814814815 0.596875 0.9833333333333334 0.5979166666666667 0.9962962962962962 0.5989583333333334 0.9962962962962962 0.6291666666666667 0.9962962962962962 0.6291666666666667 0.9944444444444445 0.6291666666666667 0.9703703703703703 0.628125 0.9685185185185184 0.61875 0.9537037037037037 0.6177083333333334 0.9537037037037037 0.6114583333333333 0.95 0.6041666666666666 0.9555555555555556 0.603125 0.9574074074074075 0.596875 0.9703703703703703
3 0.6114583333333333 0.9185185185185185 0.6114583333333333 0.9203703703703704 0.6135416666666667 0.9462962962962963 0.6145833333333334 0.9481481481481482 0.6270833333333333 0.9648148148148148 0.628125 0.9648148148148148 0.6333333333333334 0.9666666666666667 0.634375 0.9648148148148148 0.6375 0.9592592592592593 0.6375 0.9574074074074075 0.6375 0.9537037037037037 0.6364583333333333 0.9518518518518518 0.6302083333333334 0.938888888888889 0.6302083333333334 0.9370370370370371 0.6260416666666666 0.924074074074074 0.6260416666666666 0.9222222222222222 0.6229166666666667 0.9018518518518519 0.621875 0.9 0.61875 0.8981481481481481 0.6135416666666667 0.9074074074074074 0.6135416666666667 0.9092592592592593 0.6114583333333333 0.9185185185185185
3 0.609375 0.85 0.609375 0.8518518518518519 0.609375 0.8722222222222222 0.6104166666666666 0.8740740740740741 0.6114583333333333 0.8796296296296297 0.6125 0.8814814814814815 0.61875 0.8925925925925926 0.6197916666666666 0.8925925925925926 0.621875 0.8944444444444444 0.6229166666666667 0.8925925925925926 0.6270833333333333 0.8611111111111112 0.628125 0.8592592592592593 0.6354166666666666 0.8425925925925926 0.634375 0.8407407407407407 0.6302083333333334 0.8333333333333334 0.6291666666666667 0.8333333333333334 0.6208333333333333 0.8314814814814815 0.615625 0.8351851851851853 0.6145833333333334 0.8370370370370371 0.609375 0.85
3 0.5885416666666666 0.9277777777777778 0.5895833333333333 0.9296296296296297 0.5927083333333334 0.9370370370370371 0.59375 0.9370370370370371 0.5989583333333334 0.9370370370370371 0.6 0.9351851851851852 0.603125 0.9314814814814815 0.603125 0.9296296296296297 0.6020833333333334 0.924074074074074 0.6010416666666666 0.924074074074074 0.5927083333333334 0.9185185185185185 0.5885416666666666 0.9222222222222222 0.5885416666666666 0.924074074074074 0.5885416666666666 0.9277777777777778
3 0.578125 0.9148148148148147 0.5791666666666666 0.9166666666666666 0.5833333333333334 0.9222222222222222 0.584375 0.9222222222222222 0.5875 0.9222222222222222 0.5885416666666666 0.9203703703703704 0.5906250000000001 0.9185185185185185 0.5906250000000001 0.9166666666666666 0.5906250000000001 0.9111111111111112 0.5895833333333333 0.9092592592592593 0.584375 0.8944444444444444 0.5833333333333334 0.8944444444444444 0.5822916666666667 0.8944444444444444 0.578125 0.9018518518518519 0.578125 0.9037037037037037 0.578125 0.9148148148148147
3 0.5812499999999999 0.8851851851851852 0.5822916666666667 0.887037037037037 0.5864583333333333 0.8944444444444444 0.5875 0.8944444444444444 0.5906250000000001 0.8944444444444444 0.5916666666666667 0.8925925925925926 0.5927083333333334 0.8907407407407407 0.5916666666666667 0.8888888888888888 0.5906250000000001 0.8722222222222222 0.5895833333333333 0.8703703703703703 0.5864583333333333 0.8685185185185185 0.5822916666666667 0.8722222222222222 0.5822916666666667 0.8740740740740741 0.5812499999999999 0.8851851851851852
3 0.5875 0.8296296296296296 0.5885416666666666 0.8314814814814815 0.5906250000000001 0.8370370370370371 0.5916666666666667 0.8370370370370371 0.5947916666666666 0.8388888888888888 0.5958333333333333 0.8370370370370371 0.5989583333333334 0.8277777777777778 0.5979166666666667 0.825925925925926 0.5927083333333334 0.8129629629629629 0.5916666666666667 0.8129629629629629 0.5895833333333333 0.8129629629629629 0.5864583333333333 0.8166666666666667 0.5864583333333333 0.8185185185185185 0.5875 0.8296296296296296
3 0.9427083333333334 0.8222222222222222 0.94375 0.8240740740740741 0.946875 0.8296296296296296 0.9479166666666666 0.8296296296296296 0.95 0.8296296296296296 0.9510416666666667 0.8277777777777778 0.9541666666666666 0.8222222222222222 0.9541666666666666 0.8203703703703703 0.953125 0.811111111111111 0.9520833333333334 0.8092592592592593 0.9489583333333333 0.8055555555555556 0.9479166666666666 0.8055555555555556 0.9447916666666666 0.8055555555555556 0.9416666666666667 0.8148148148148148 0.9416666666666667 0.8166666666666667 0.9427083333333334 0.8222222222222222
3 0.5458333333333334 0.5796296296296296 0.5458333333333334 0.5814814814814815 0.5489583333333333 0.6018518518518519 0.5499999999999999 0.6037037037037037 0.5635416666666666 0.6055555555555556 0.5645833333333333 0.6037037037037037 0.5708333333333333 0.5796296296296296 0.5708333333333333 0.5777777777777777 0.5697916666666667 0.5703703703703704 0.56875 0.5703703703703704 0.5645833333333333 0.5666666666666667 0.5635416666666666 0.5666666666666667 0.5510416666666667 0.5666666666666667 0.5479166666666666 0.5703703703703704 0.5479166666666666 0.5722222222222222 0.5458333333333334 0.5796296296296296
3 0.5281250000000001 0.5796296296296296 0.5291666666666667 0.5814814814814815 0.5333333333333333 0.5962962962962963 0.5343749999999999 0.5981481481481481 0.5385416666666667 0.6055555555555556 0.5395833333333333 0.6055555555555556 0.5437500000000001 0.6055555555555556 0.5447916666666667 0.6037037037037037 0.546875 0.6018518518518519 0.546875 0.6 0.5447916666666667 0.587037037037037 0.5447916666666667 0.5851851851851853 0.5458333333333334 0.5722222222222222 0.5447916666666667 0.5703703703703704 0.5416666666666666 0.5648148148148148 0.540625 0.5648148148148148 0.5354166666666667 0.5648148148148148 0.5291666666666667 0.5722222222222222 0.5291666666666667 0.5740740740740741 0.5281250000000001 0.5796296296296296
1 0.666875 0.2518518518518518 0.6728124999999999 0.22962962962962963 0.6770833333333334 0.19444444444444445 0.6895833333333333 0.13111111111111112 0.6986458333333333 0.105 0.6651041666666666 0.09055555555555556 0.6453125 0.16314814814814815 0.6376041666666666 0.1711111111111111 0.6152083333333332 0.17074074074074075 0.538125 0.12333333333333334 0.5321875 0.14777777777777779 0.6134375 0.20833333333333334 0.6229166666666667 0.22592592592592592 0.6259374999999999 0.24888888888888888 0.6211458333333333 0.31148148148148147 0.6207291666666666 0.3175925925925926 0.6565624999999999 0.3311111111111111 0.666875 0.2518518518518518
0 0.6725 0.40925925925925927 0.6944791666666666 0.42314814814814816 0.7078125 0.4462962962962963 0.7 0.4242592592592593 0.6962499999999999 0.3985185185185185 0.6915625 0.3933333333333333 0.6589583333333334 0.3774074074074074 0.6545833333333333 0.3562962962962963 0.6609375 0.2988888888888889 0.6210416666666667 0.28296296296296297 0.6075 0.3985185185185185 0.595625 0.46629629629629626 0.6262500000000001 0.49018518518518517 0.6262500000000001 0.49 0.6516666666666666 0.41333333333333333 0.6725 0.40925925925925927