2 0.745111162037037 0.5786438287037037 0.598267400462963 0.5601262523148148 0.010058634259259258 0.43691975694444446 0.007484138888888888 0.48435572222222223 0.0027640578703703703 0.48548755555555556 0.5045837847222222 0.5963878773148148 0.6154927060185186 0.6058141226851852 0.8879441874999999 0.6359344143518518 0.9630675277777777 0.6500633379629629 0.9782243634259259 0.6271063703703703 0.978340625 0.6254437638888889 0.9529616180555556 0.6140623564814816 0.745111162037037 0.5786438287037037
2 1 0.03549113657407407 0.9693728009259259 0.03160079398148148 0.9431581712962962 0.03216937268518519 0.8105507152777778 0.06226328472222223 0.7006512824074074 0.07556699537037037 0.5952083796296296 0.08354359953703704 0.5874713449074074 0.0826893125 0.5938185509259258 0.09545483333333334 0.6223620625 0.09609331712962962 0.7241175509259259 0.0877544398148148 0.8916864212962963 0.062089268518518516 1 0.043033310185185185 1 0.03549113657407407
2 0 0.7369604259259259 0.03611646990740741 0.7359241527777778 0.11190438194444444 0.7246208171296297 0.17384954166666666 0.7227916041666667 0.16495965740740742 0.7092217546296297 0.15023906018518518 0.7073570208333334 0.11514266203703703 0.7075133680555555 0 0.7190977106481482 0 0.7369604259259259
3 0.4970712175925926 0.6480730648148147 0.4951512152777778 0.6489830138888889 0.4704091527777778 0.6576949837962963 0.47033649074074074 0.6587341134259259 0.45852581481481486 0.6683503333333334 0.45845315277777776 0.669389462962963 0.4542498310185185 0.6764050092592593 0.45417716666666663 0.6774441388888889 0.45352319907407407 0.686796300925926 0.4552978773148148 0.6879646087962963 0.45500722685185185 0.6921211273148148 0.45678190277777775 0.6932894351851852 0.4600406064814815 0.6997825671296296 0.4618152847222222 0.7009508750000001 0.4723906898148148 0.7089998518518519 0.4742380300925926 0.7091290300925926 0.5103855532407408 0.7231430254629629 0.5122328958333333 0.7232722037037037 0.5398703449074074 0.7262490115740741 0.5417903472222222 0.7253390625 0.549252375 0.7248166481481482 0.5511723773148148 0.7239066967592592 0.5645397430555555 0.7185761712962964 0.5646124050925926 0.7175370439814814 0.5649757199074075 0.7123413958333334 0.5471981759259259 0.6745509097222223 0.5454234976851852 0.6733826018518518 0.5320980300925926 0.651566587962963 0.5303233541666666 0.6503982800925926 0.5267739976851852 0.6480616643518519 0.5249266574074074 0.6479324861111111 0.5213046388888889 0.6466349976851852 0.5193846342592593 0.6475449490740741 0.4970712175925926 0.6480730648148147
3 0.41687816666666666 0.6268022638888888 0.414958162037037 0.6277122152777778 0.4015907986111111 0.6330427407407407 0.4015181365740741 0.6340818680555556 0.3877147939814815 0.6456471689814814 0.3876421319444444 0.646686298611111 0.3848501712962963 0.660065798611111 0.3866248495370371 0.6612341064814815 0.39328758333333336 0.6721421134259259 0.3950622615740741 0.6733104212962963 0.40741234259259257 0.6825277060185185 0.4092596828703704 0.6826568842592593 0.43276647222222225 0.6916101111111111 0.4346138148148148 0.6917392916666666 0.4512398819444445 0.6929018981481482 0.4531598842592593 0.691991949074074 0.4524751527777778 0.6752367013888888 0.4543951550925926 0.6743267523148149 0.456678474537037 0.6682211550925926 0.4585984791666667 0.6673112037037037 0.4705544791666667 0.655616724537037 0.47062714351851853 0.6545775972222222 0.4707724675925926 0.6524993379629629 0.46610240277777776 0.6396422523148148 0.464327724537037 0.6384739444444444 0.4557449861111111 0.628475886574074 0.4539703101851852 0.6273075787037037 0.4504209537037037 0.624970962962963 0.44857361342592594 0.6248417847222222 0.43940957175925927 0.623156761574074 0.43748956712962966 0.6240667129629629 0.41687816666666666 0.6268022638888888
3 0.6464570717592593 0.6355465138888888 0.648304412037037 0.6356756921296296 0.6664145046296297 0.642163125 0.6682618449074075 0.6422923032407408 0.6884372685185185 0.6457915277777778 0.6902846087962963 0.6459207060185185 0.7199873888888889 0.6459093055555556 0.7219073935185185 0.6449993541666666 0.7331367638888889 0.6436961689814815 0.7350567685185185 0.6427862175925926 0.7411074305555556 0.635899849537037 0.7430274351851851 0.6349898981481481 0.7525547916666667 0.6314792754629629 0.7526274537037038 0.6304401458333333 0.7546201203703704 0.6284910671296297 0.6572923611111112 0.6133315648148148 0.6554450208333333 0.6132023842592593 0.6351242708333333 0.6117814189814815 0.6350516087962963 0.6128205486111111 0.6343976412037037 0.622172712962963 0.6361723194444444 0.6233410208333333 0.6376563449074074 0.6286658449074074 0.6394310231481481 0.6298341527777778 0.6464570717592593 0.6355465138888888
3 0.7942247013888889 0.566519449074074 0.792304699074074 0.567429400462963 0.7791553240740741 0.569642537037037 0.7772353194444444 0.570552488425926 0.7714026458333334 0.5743214675925926 0.7713299814814816 0.5753605972222222 0.7748066759259259 0.5787363425925927 0.7766540162037038 0.5788655208333333 0.7911420902777778 0.5840554675925925 0.7929894305555556 0.5841846458333333 0.8790151574074074 0.601686462962963 0.8808624976851852 0.6018156435185185 0.8955685625 0.6038882013888889 0.8956412245370371 0.6028490717592592 0.8960045393518519 0.597653425925926 0.8910438217592592 0.5889528564814815 0.8892691435185185 0.5877845486111111 0.8752170462962964 0.5763598263888889 0.8733697060185185 0.5762306481481482 0.8480155763888889 0.5671482430555556 0.8461682337962962 0.5670190648148148 0.8240001458333333 0.5654689189814815 0.8220801412037037 0.5663788703703704 0.7942247013888889 0.566519449074074
3 0.7709863032407407 0.6599175995370371 0.7691389606481481 0.6597884212962962 0.7562075763888889 0.6588841712962963 0.7542875717592593 0.6597941203703704 0.7353055231481482 0.6657762384259259 0.7352328587962963 0.6668153680555555 0.7329495416666667 0.6729209652777778 0.731029537037037 0.6738309166666667 0.7230588703703703 0.6816272361111111 0.7229862060185185 0.682666363425926 0.7224049027777778 0.6909793981481482 0.7241795810185185 0.6921477060185185 0.7264936666666666 0.7121495185185185 0.7282683425925925 0.7133178263888889 0.7366330925925927 0.7264332708333333 0.7384804328703704 0.7265624490740741 0.7616965694444444 0.7396721921296296 0.7635439120370371 0.7398013703703704 0.7950213680555556 0.7409582800925926 0.7969413726851853 0.7400483287037036 0.8006360532407407 0.7403066851851852 0.8025560578703704 0.7393967361111111 0.8141487430555556 0.7328979027777778 0.8142214074074074 0.7318587731481481 0.8200540810185186 0.7280897916666667 0.8201267430555556 0.7270506643518518 0.8243300671296296 0.7200351157407406 0.8058566574074073 0.7187433287037037 0.8040819814814815 0.7175750208333334 0.7986852847222222 0.7151092268518519 0.7987579467592592 0.7140700972222221 0.7749297384259259 0.6831659791666667 0.7750024027777778 0.6821268495370371 0.7743176689814815 0.6653716041666667 0.7725429907407407 0.6642032962962964 0.7709863032407407 0.6599175995370371
3 0.6242470833333333 0.6611429074074074 0.6223270810185185 0.6620528587962964 0.6129450509259259 0.663485224537037 0.6110250462962964 0.6643951736111111 0.5935996851851852 0.6746629884259259 0.5935270231481482 0.6757021157407408 0.5947203958333334 0.6851834583333334 0.5964950740740741 0.6863517662037038 0.6105779375 0.7238838958333333 0.6123526157407407 0.7250522037037037 0.6256473148148147 0.7207608101851852 0.6274946574074074 0.7208899884259259 0.6424913726851851 0.7188060300925926 0.644338712962963 0.7189352083333334 0.651728076388889 0.7194519236111111 0.6535027546296297 0.7206202314814815 0.6623761435185186 0.7264617708333333 0.6623034814814814 0.7275008981481482 0.6632788657407408 0.7400996296296297 0.6650535439814815 0.7412679375000001 0.6667555578703704 0.7434753726851852 0.6686028981481482 0.7436045532407407 0.6796869444444444 0.744379625 0.6816069467592593 0.7434696736111112 0.6909889768518518 0.7420373078703704 0.6929089814814815 0.7411273587962962 0.7063490092592593 0.7347577037037036 0.7064216712962964 0.7337185740740741 0.7122543449074074 0.7299495925925926 0.7123270092592593 0.7289104652777778 0.7248643148148148 0.7089029513888889 0.7220415879629629 0.6961750439814814 0.7202669097222222 0.6950067361111111 0.7153788541666666 0.6852670370370371 0.7136041759259258 0.6840987291666666 0.6889040138888889 0.6656641597222221 0.6870566712962963 0.6655349814814815 0.6595645486111111 0.6604799143518518 0.6576445439814814 0.6613898657407407 0.6242470833333333 0.6611429074074074
3 0.5796313819444444 0.6089451898148148 0.5795587199074075 0.6099843194444444 0.5747740925925926 0.625312900462963 0.5765487708333333 0.6264812083333333 0.5790081828703704 0.6444047615740741 0.5807828587962963 0.6455730694444445 0.5839689004629629 0.6531053310185185 0.5858162407407408 0.6532345092592593 0.5912856018518519 0.6546611759259259 0.5932056041666667 0.653751224537037 0.6043623125 0.6534871666666667 0.6062823171296295 0.6525772175925927 0.6234896875000001 0.6454267916666666 0.6235623518518518 0.644387662037037 0.6295403518518519 0.6385404212962963 0.6296130138888889 0.6375012939814815 0.6340343263888889 0.6273683587962963 0.6294369212962962 0.6134721435185185 0.6276622453703703 0.6123038356481482 0.622265548611111 0.6098380393518519 0.6204182060185185 0.6097088611111111 0.6076321481481481 0.6067263518518519 0.6057848055555555 0.6065971736111111 0.5928534212962964 0.605692923611111 0.5909334166666667 0.6066028726851852 0.5796313819444444 0.6089451898148148
3 0.5896058472222222 0.5459458425925926 0.589678511574074 0.544906712962963 0.5844271412037036 0.540362662037037 0.5863471435185185 0.5394527106481481 0.5918165046296296 0.5408793749999999 0.5920344930555556 0.5377619884259259 0.5940271597222222 0.5358129074074074 0.5868557847222222 0.5321788055555555 0.5832337662037037 0.5308813194444445 0.5758444027777778 0.5303646041666666 0.5700843912037037 0.5330944560185186 0.5697937407407407 0.5372509722222222 0.5751904351851852 0.5397167685185186 0.5729071180555556 0.5458223634259259 0.5788124560185185 0.5410142546296296 0.5806597962962963 0.5411434328703704 0.5876858449074074 0.5468557939814814 0.5896058472222222 0.5459458425925926
3 0.5396300925925926 0.8358742962962963 0.5395574305555555 0.8369134236111111 0.5389761273148148 0.8452264583333333 0.5407508032407408 0.8463947662037037 0.5421621666666666 0.8527587199074075 0.5439368449074075 0.8539270277777778 0.5455661967592592 0.8571735949074074 0.547340875 0.8583419027777778 0.55451225 0.8619760046296295 0.5563595902777778 0.8621051828703704 0.5674436342592593 0.8628802546296297 0.5693636388888889 0.8619703032407408 0.582440349537037 0.8607962962962963 0.5843603541666667 0.8598863449074075 0.5960257037037038 0.8523483842592592 0.5960983657407408 0.8513092546296297 0.5964616805555556 0.8461136087962963 0.5876609560185185 0.8392329398148148 0.585813613425926 0.8391037615740741 0.5786422407407407 0.8354696597222222 0.5767948981481482 0.8353404814814815 0.5658561805555555 0.832487150462963 0.5640088402777778 0.8323579722222222 0.5584668171296296 0.8319704351851852 0.5565468125 0.832880386574074 0.5396300925925926 0.8358742962962963
3 0.3764101342592593 0.833858736111111 0.3781848101851852 0.8350270439814814 0.3847748819444444 0.8469741805555556 0.38654956018518516 0.848142488425926 0.39009891435185184 0.8504791041666666 0.3919462546296297 0.8506082824074075 0.40096496990740743 0.8543715624999999 0.4028123125 0.8545007430555556 0.41197635185185183 0.8561857638888889 0.4138963564814815 0.8552758148148148 0.42320572453703703 0.8548825787037038 0.42512572685185185 0.8539726273148148 0.4289657361111111 0.8521527268518518 0.42726371990740736 0.8499452893518518 0.42541637962962964 0.8498161111111111 0.4055316087962963 0.8421603703703704 0.40560427083333334 0.8411212407407407 0.4066215532407408 0.8265734328703703 0.40477421296296295 0.8264442523148148 0.3826061226851852 0.8248941087962963 0.38253346064814814 0.8259332384259259 0.3764101342592593 0.833858736111111
3 0 0.8263834027777778 0.00009200925925925925 0.8263397962962963 0.013677363425925926 0.8178918819444445 0.013750025462962964 0.8168527546296296 0.019800689814814816 0.8099663842592593 0.019873351851851854 0.8089272569444445 0.02074530787037037 0.7964577060185185 0.017486604166666666 0.7899645717592593 0.015711925925925924 0.7887962638888889 0.006838537037037038 0.7829547245370371 0.0049911967592592595 0.7828255462962963 0 0.7807428472222222 0 0.8263834027777778
3 0 0.7751441134259259 0.007637831018518519 0.7715243032407407 0.0077104930555555555 0.770485175925926 0.0088004375 0.7548982361111111 0.005759724537037037 0.7452877152777778 0.003985046296296296 0.7441194074074075 0.0005810162037037038 0.7397045347222223 0 0.7393220393518518 0 0.7751441134259259
3 0.011332511574074075 0.7717826620370369 0.023900583333333333 0.7778825578703703 0.033137287037037035 0.7785284513888889 0.044439321759259263 0.7761861365740741 0.05851934722222222 0.7695131643518519 0.06276740277777779 0.7795561805555555 0.06454208101851852 0.780724488425926 0.07200410648148148 0.7802020740740742 0.0646874074074074 0.7786462291666667 0.06476006944444444 0.7776071018518519 0.07642541898148147 0.770069138888889 0.08544413425925927 0.7738324189814816 0.09142213425925927 0.7679851805555555 0.09171278703703703 0.7638286643518518 0.09363279166666666 0.762918712962963 0.09399610648148149 0.7577230671296297 0.09051941203703703 0.7543473217592592 0.08896272453703703 0.7500616273148147 0.07639465277777778 0.7439617291666666 0.0630999513888889 0.748253125 0.05060454398148148 0.741114099537037 0.04321518055555556 0.7405973842592593 0.04144050231481482 0.7394290763888889 0.03405113888888889 0.7389123634259259 0.030283796296296295 0.7396931342592593 0.014851101851851853 0.7480118680555555 0.014705775462962964 0.7500901273148147 0.0088004375 0.7548982361111111 0.011332511574074075 0.7717826620370369
3 0.12729013657407406 0.7329017453703704 0.12906481481481483 0.7340700532407408 0.1452549050925926 0.7414674351851852 0.14710224537037037 0.7415966134259259 0.16380097685185185 0.7417200925925926 0.16572097916666667 0.7408101435185186 0.17133566666666666 0.7401585486111111 0.1732556689814815 0.739248599537037 0.1790883449074074 0.7354796180555555 0.17916100694444445 0.734440488425926 0.18137166203703703 0.7293740208333334 0.1744182777777778 0.7226225300925926 0.1725709375 0.7224933518518518 0.15402486574074073 0.7222406944444444 0.1521048611111111 0.7231506458333333 0.13341346296296297 0.7249762476851851 0.13149346064814815 0.7258861967592593 0.12758078935185185 0.728745226851852 0.1275081273148148 0.7297843564814814 0.12729013657407406 0.7329017453703704
3 0.46314223148148154 0.07138484722222221 0.46306956944444444 0.07242397685185185 0.4627062523148148 0.07761962268518519 0.46448093055555556 0.07878793055555555 0.4638269652777777 0.0881400925925926 0.4656016412037037 0.08930840046296297 0.46864235648148145 0.0989189212962963 0.47041703472222224 0.10008722916666667 0.48121042824074073 0.10501881712962964 0.48305776851851856 0.10514799768518518 0.49598915509259256 0.10605224768518519 0.49790915740740743 0.1051422962962963 0.5035238425925926 0.1044907037037037 0.5054438472222222 0.10358075231481481 0.5151165300925926 0.09799187037037037 0.5151891921296297 0.09695274074074074 0.516206474537037 0.08240493287037037 0.5131657592592593 0.07279441203703703 0.5113184189814814 0.07266523379629629 0.5020817152777778 0.07201934027777777 0.500307037037037 0.07085103240740741 0.4913609837962963 0.06604862268518519 0.48951364351851856 0.06591944444444445 0.4711128981481481 0.06358852777777778 0.4710402361111111 0.0646276574074074 0.46314223148148154 0.07138484722222221
3 0.5099181875000001 0.013047333333333333 0.5081435092592593 0.011879025462962963 0.4991974560185185 0.007076613425925926 0.4973501157407408 0.006947435185185185 0.49180809259259256 0.0065599004629629636 0.48988809027777774 0.007469849537037037 0.4785133935185185 0.01085129398148148 0.47666605324074074 0.010722115740740742 0.4636620023148148 0.010856995370370371 0.461742 0.011766946759259258 0.45782932870370374 0.014625976851851852 0.45775666666666665 0.015665104166666666 0.45739335185185187 0.020860752314814813 0.4591680277777778 0.022029060185185183 0.4624267314814815 0.028522192129629628 0.46420140972222224 0.029690499999999998 0.4768421435185185 0.0347512662037037 0.47861682175925924 0.035919574074074076 0.49444359722222225 0.04851260416666667 0.4962909375 0.04864178240740741 0.5072296574074074 0.05149511342592592 0.5090769976851852 0.05162429166666667 0.5183863634259259 0.05123105555555556 0.5203063680555555 0.05032110648148148 0.5260663796296297 0.04759125462962963 0.5261390416666667 0.046552125 0.5381677060185185 0.0338185162037037 0.5382403703703703 0.032779386574074074 0.5408143402777777 0.022517273148148147 0.5427343449074075 0.021607324074074077 0.5600870416666667 0.01237863888888889 0.5583123634259259 0.011210331018518519 0.5563923587962963 0.012120282407407408 0.5359262847222221 0.012777574074074073 0.5340062800925925 0.013687525462962964 0.5302389351851852 0.014468296296296297 0.5284642592592592 0.013299988425925925 0.5249875648148148 0.00992424537037037 0.5230675625 0.010834194444444445 0.5099181875000001 0.013047333333333333
3 0.11174857175925926 0.3522654097222222 0.10950646759259258 0.35008285648148146 0.108307 0.33856487962962967 0.08247138888888889 0.3315894375 0.06749105092592593 0.3350320138888889 0.061118909722222226 0.3462502592592593 0.068249875 0.3525860416666667 0.09547124074074073 0.35673459722222217 0.08505611342592594 0.3461280694444444 0.09852571527777777 0.3472996828703704 0.11174857175925926 0.3522654097222222
3 0.010783912037037036 0.3532770185185185 0.02918960648148148 0.3579264259259259 0.044485111111111114 0.3560826458333334 0.05355051388888889 0.346170037037037 0.04954878935185185 0.3349051157407408 0.037573937499999994 0.3293479212962963 0.010941212962962963 0.33377172685185186 0.010783912037037036 0.3532770185185185
3 0.022708699074074072 0.3765405185185185 0.031338930555555554 0.36727621527777776 0.011747495370370372 0.35648746990740743 0.0075094189814814815 0.3772737222222222 0.008272530092592592 0.37777609490740743 0.022708699074074072 0.3765405185185185
1 0.5897478356481481 0.5598437685185185 0.5918685439814815 0.6038488958333333 0.7585048402777778 0.6207222939814815 0.8868315949074074 0.6385715601851851 0.8930362268518519 0.6055907013888889 0.8890550810185185 0.6067742083333334 0.778271912037037 0.5849306550925926 0.7616148148148149 0.5762475625 0.7447212708333333 0.555017412037037 0.6942641921296295 0.46158260185185185 0.6715553194444445 0.46511127314814815 0.6953849652777777 0.5411253796296296 0.6919192013888888 0.5721049166666666 0.5897478356481481 0.5598437685185185
1 0.5692338333333333 0.7204707314814814 0.573062386574074 0.7214693958333334 0.6022690925925926 0.7205879398148148 0.5802046319444445 0.6564968449074073 0.5710193171296296 0.6179497106481482 0.58382325 0.6047482083333333 0.5944548194444444 0.6040297453703704 0.6718396782407408 0.6123648125000001 0.6746299375 0.5724622500000001 0.6788030833333333 0.57118775 0.6431494050925927 0.5686946018518518 0.5726184282407407 0.5579150162037037 0.38508256944444447 0.5186959745370371 0.3648504537037037 0.5611380393518518 0.49720168750000004 0.59576725 0.5048398055555556 0.6192739861111112 0.5322880671296296 0.6435394560185186 0.5692338333333333 0.7204707314814814
1 0.6555499143518518 0.09402835416666668 0.7025939351851852 0.08760683564814815 0.6959747986111111 0.07607535185185187 0.5868590138888888 0.08348186111111111 0.5943000902777777 0.09653271527777779 0.6274080138888889 0.09561079629629629 0.6381547314814815 0.09855512037037037 0.6718797638888888 0.12597445138888888 0.680338125 0.12447749768518518 0.6529013171296296 0.09739346064814815 0.6555499143518518 0.09402835416666668
1 0.1124957037037037 0.6683792291666667 0.1153980949074074 0.6985510208333333 0.11333165277777778 0.706864625 0.09934887962962964 0.7103769583333333 0.07708213657407408 0.7128923356481481 0.08709077083333333 0.7290465208333333 0.11984794675925926 0.7251762847222223 0.17751515972222223 0.723465613425926 0.16577852314814814 0.7081303842592592 0.13697453935185186 0.7059073703703703 0.12927802777777778 0.7018188634259259 0.1276374814814815 0.6828039375 0.12088336342592593 0.6758575393518519 0.12531082870370372 0.670946087962963 0.1124957037037037 0.6683792291666667
0 0 0.7362441388888888 0.03995228703703704 0.7368189050925926 0.05405636111111111 0.7421908425925926 0.06577650231481481 0.7497977615740742 0.06882756018518518 0.7619151087962963 0.05880301851851852 0.7698810717592592 0.006707743055555555 0.7848251574074074 0.01644359722222222 0.788951849537037 0.05385964583333333 0.7821703425925925 0.07143033333333333 0.7698242685185185 0.0769703912037037 0.7622756689814815 0.07819309259259259 0.7527544351851851 0.06464237037037036 0.7341597222222221 0.10938657638888889 0.7261154907407408 0.09362212268518519 0.7099765046296297 0.01539325925925926 0.7190207337962963 0 0.7196603171296296 0 0.7362441388888888