2 0.5059375 0.06796296296296296 0.4940625 0.26925925925925925 0.47041666666666665 0.5485185185185185 0.47041666666666665 0.5512962962962963 0.4817708333333333 0.5616666666666666 0.4822916666666667 0.5651851851851851 0.4861458333333333 0.4583333333333333 0.49604166666666666 0.5285185185185185 0.51375 0.4225925925925926 0.5364583333333334 0.1687037037037037 0.5675 0.0005555555555555556 0.5630208333333333 0.0005555555555555556 0.5310416666666666 0 0.5059375 0.06796296296296296
2 0.19708333333333333 0.23777777777777778 0.1990625 0.2859259259259259 0.17739583333333334 0.42166666666666663 0.17697916666666666 0.43648148148148147 0.17885416666666668 0.45055555555555554 0.16999999999999998 0.4540740740740741 0.16166666666666668 0.48907407407407405 0.16999999999999998 0.5074074074074074 0.18729166666666666 0.4451851851851852 0.20645833333333333 0.3472222222222222 0.2084375 0.27722222222222226 0.21635416666666668 0.20444444444444443 0.211875 0.2037037037037037 0.2015625 0.20444444444444443 0.19708333333333333 0.23777777777777778
2 0.43635416666666665 0.9957407407407408 0.4708333333333333 0.9964814814814815 0.48895833333333333 0.7944444444444444 0.48812500000000003 0.7857407407407407 0.45895833333333336 0.774074074074074 0.43635416666666665 0.9957407407407408
3 0.5083333333333333 0.48518518518518516 0.5083333333333333 0.5240740740740741 0.509375 0.5259259259259259 0.509375 0.5370370370370371 0.5145833333333334 0.5425925925925926 0.5145833333333334 0.5444444444444444 0.5135416666666667 0.5462962962962963 0.5135416666666667 0.5499999999999999 0.509375 0.5481481481481482 0.5114583333333333 0.5537037037037037 0.5114583333333333 0.5555555555555556 0.509375 0.5592592592592592 0.5208333333333334 0.5462962962962963 0.521875 0.5481481481481482 0.521875 0.5574074074074075 0.525 0.5574074074074075 0.5270833333333333 0.5592592592592592 0.5364583333333334 0.5777777777777777 0.5395833333333333 0.5777777777777777 0.5427083333333333 0.5722222222222222 0.5489583333333333 0.5499999999999999 0.5489583333333333 0.5444444444444444 0.5427083333333333 0.5444444444444444 0.540625 0.5407407407407407 0.540625 0.5388888888888889 0.5572916666666666 0.512962962962963 0.5572916666666666 0.4703703703703703 0.5583333333333333 0.46851851851851856 0.5593750000000001 0.4444444444444444 0.56875 0.4555555555555556 0.56875 0.46851851851851856 0.5708333333333333 0.4759259259259259 0.5708333333333333 0.48333333333333334 0.571875 0.48518518518518516 0.571875 0.4888888888888889 0.5739583333333333 0.4944444444444444 0.5760416666666667 0.4944444444444444 0.5854166666666667 0.47962962962962963 0.5864583333333333 0.47962962962962963 0.5958333333333333 0.5092592592592593 0.5958333333333333 0.5018518518518519 0.596875 0.5 0.6020833333333334 0.5092592592592593 0.603125 0.5074074074074074 0.6083333333333334 0.5074074074074074 0.6083333333333334 0.5037037037037037 0.6072916666666667 0.5018518518518519 0.6052083333333333 0.48703703703703705 0.6041666666666666 0.48518518518518516 0.6020833333333334 0.48518518518518516 0.599609375 0.47939814814814813 0.5904947916666666 0.46782407407407406 0.5927083333333334 0.46296296296296297 0.5927083333333334 0.4611111111111111 0.5906250000000001 0.4574074074074074 0.5895833333333333 0.45185185185185184 0.5854166666666667 0.44814814814814813 0.5802083333333333 0.44074074074074077 0.5768229166666666 0.45046296296296295 0.572265625 0.4446759259259259 0.5739583333333333 0.44074074074074077 0.5729166666666666 0.4388888888888889 0.5618055555555556 0.43703703703703706 0.5593750000000001 0.4333333333333333 0.55625 0.4361111111111111 0.5395833333333333 0.4333333333333333 0.5343749999999999 0.4388888888888889 0.5322916666666666 0.4388888888888889 0.5291666666666667 0.4425925925925926 0.5270833333333333 0.4425925925925926 0.5208333333333334 0.44814814814814813 0.5114583333333333 0.46481481481481485 0.5114583333333333 0.46851851851851856 0.5104166666666666 0.4703703703703703 0.5104166666666666 0.4759259259259259 0.509375 0.4777777777777778 0.509375 0.48333333333333334 0.5083333333333333 0.48518518518518516
3 0.434375 0.5740740740740741 0.4333333333333333 0.5740740740740741 0.4260416666666667 0.5796296296296296 0.425 0.5814814814814815 0.415625 0.6055555555555556 0.415625 0.6074074074074074 0.409375 0.6444444444444444 0.409375 0.6462962962962963 0.409375 0.6777777777777778 0.4104166666666667 0.6796296296296297 0.4145833333333333 0.7037037037037037 0.415625 0.7055555555555556 0.421875 0.725925925925926 0.42291666666666666 0.7277777777777777 0.4260416666666667 0.7333333333333334 0.4270833333333333 0.7333333333333334 0.46770833333333334 0.7796296296296297 0.46875 0.7796296296296297 0.475 0.7833333333333333 0.4760416666666667 0.7833333333333333 0.4864583333333333 0.7833333333333333 0.4875 0.7814814814814816 0.5 0.7777777777777778 0.5010416666666666 0.7759259259259259 0.5208333333333334 0.7629629629629631 0.521875 0.7611111111111112 0.5343749999999999 0.7425925925925926 0.5343749999999999 0.7407407407407407 0.5385416666666667 0.7333333333333334 0.5385416666666667 0.7314814814814815 0.5447916666666667 0.7111111111111111 0.5447916666666667 0.7092592592592593 0.5322916666666666 0.6574074074074074 0.5322916666666666 0.6555555555555556 0.53125 0.6185185185185185 0.5302083333333334 0.6166666666666666 0.5208333333333334 0.6055555555555556 0.5197916666666667 0.6055555555555556 0.5020833333333333 0.5962962962962963 0.5010416666666666 0.5944444444444444 0.4875 0.5740740740740741 0.4875 0.5722222222222222 0.484375 0.5629629629629629 0.48333333333333334 0.5629629629629629 0.4770833333333333 0.5555555555555556 0.4760416666666667 0.5555555555555556 0.4708333333333333 0.5518518518518518 0.46979166666666666 0.5518518518518518 0.453125 0.5518518518518518 0.440625 0.5611111111111111 0.4395833333333333 0.5629629629629629 0.434375 0.5740740740740741
3 0.5583333333333333 0.5407407407407407 0.5572916666666666 0.5425925925925926 0.5458333333333334 0.5666666666666667 0.5458333333333334 0.5685185185185185 0.5354166666666667 0.6018518518518519 0.5354166666666667 0.6037037037037037 0.5322916666666666 0.6185185185185185 0.5322916666666666 0.6203703703703703 0.5322916666666666 0.6425925925925926 0.5333333333333333 0.6444444444444444 0.5364583333333334 0.6685185185185185 0.5375 0.6703703703703704 0.546875 0.7092592592592593 0.5479166666666666 0.7111111111111111 0.5604166666666667 0.7407407407407407 0.5614583333333334 0.7425925925925926 0.5802083333333333 0.7685185185185185 0.5812499999999999 0.7685185185185185 0.5989583333333334 0.7759259259259259 0.6 0.7759259259259259 0.6229166666666667 0.7759259259259259 0.6239583333333334 0.774074074074074 0.6541666666666667 0.7685185185185185 0.6552083333333334 0.7666666666666666 0.659375 0.7629629629629631 0.659375 0.7611111111111112 0.6625 0.75 0.6625 0.7481481481481481 0.6625 0.7425925925925926 0.6635416666666666 0.7407407407407407 0.6708333333333334 0.7166666666666667 0.6708333333333334 0.7148148148148148 0.675 0.6833333333333333 0.675 0.6814814814814815 0.6729166666666666 0.6518518518518519 0.671875 0.65 0.6645833333333334 0.6055555555555556 0.6635416666666666 0.6037037037037037 0.6489583333333334 0.5777777777777777 0.6489583333333334 0.575925925925926 0.64375 0.5648148148148148 0.64375 0.5629629629629629 0.640625 0.5481481481481482 0.6395833333333334 0.5462962962962963 0.6291666666666667 0.5277777777777778 0.628125 0.5277777777777778 0.6197916666666666 0.5185185185185185 0.61875 0.5185185185185185 0.6104166666666666 0.512962962962963 0.609375 0.512962962962963 0.5906250000000001 0.512962962962963 0.578125 0.5203703703703704 0.5770833333333334 0.5222222222222223 0.5583333333333333 0.5407407407407407
3 0.7010416666666667 0.6333333333333334 0.7 0.6351851851851852 0.6927083333333334 0.6388888888888888 0.6916666666666667 0.6407407407407407 0.6822916666666666 0.6537037037037037 0.6822916666666666 0.6555555555555556 0.6791666666666666 0.6629629629629629 0.6791666666666666 0.6648148148148147 0.675 0.7055555555555556 0.6739583333333333 0.7074074074074075 0.6677083333333333 0.7425925925925926 0.6677083333333333 0.7444444444444445 0.66875 0.7796296296296297 0.6697916666666667 0.7814814814814816 0.6708333333333334 0.7888888888888889 0.671875 0.7907407407407407 0.6833333333333333 0.8240740740740741 0.684375 0.825925925925926 0.703125 0.8537037037037037 0.7041666666666666 0.8537037037037037 0.7145833333333333 0.8666666666666666 0.715625 0.8666666666666666 0.728125 0.8777777777777778 0.7291666666666666 0.8777777777777778 0.7375 0.8814814814814815 0.7385416666666667 0.8814814814814815 0.7552083333333334 0.8833333333333334 0.75625 0.8851851851851852 0.775 0.8962962962962963 0.7760416666666666 0.8962962962962963 0.7885416666666666 0.8944444444444444 0.7895833333333334 0.8925925925925926 0.7927083333333333 0.8833333333333334 0.7927083333333333 0.8814814814814815 0.7979166666666666 0.8537037037037037 0.7989583333333333 0.8518518518518519 0.815625 0.8092592592592593 0.815625 0.8074074074074075 0.8177083333333334 0.7592592592592593 0.8166666666666667 0.7574074074074074 0.815625 0.7407407407407407 0.8145833333333333 0.7388888888888888 0.809375 0.7055555555555556 0.8083333333333333 0.7037037037037037 0.7895833333333334 0.6666666666666666 0.7885416666666666 0.6666666666666666 0.7677083333333333 0.6407407407407407 0.7666666666666666 0.6407407407407407 0.7510416666666666 0.6259259259259259 0.75 0.6259259259259259 0.7354166666666666 0.6240740740740741 0.7260416666666666 0.6314814814814815 0.725 0.6314814814814815 0.7010416666666667 0.6333333333333334
3 0.8364583333333334 0.8055555555555556 0.8354166666666666 0.8055555555555556 0.825 0.8074074074074075 0.8239583333333333 0.8092592592592593 0.81875 0.8129629629629629 0.8177083333333334 0.8148148148148148 0.7979166666666666 0.862962962962963 0.7979166666666666 0.8648148148148148 0.7927083333333333 0.9 0.7927083333333333 0.9018518518518519 0.7927083333333333 0.9203703703703704 0.79375 0.9222222222222222 0.79375 0.9296296296296297 0.7947916666666667 0.9314814814814815 0.803125 0.9796296296296296 0.8041666666666666 0.9814814814814815 0.8114583333333334 0.9962962962962962 0.8125 0.9962962962962962 0.9 0.9981481481481481 0.9010416666666666 0.9962962962962962 0.94375 0.9944444444444445 0.94375 0.9925925925925926 0.946875 0.9796296296296296 0.946875 0.9777777777777777 0.953125 0.9148148148148147 0.953125 0.9129629629629629 0.9520833333333334 0.8833333333333334 0.9510416666666667 0.8814814814814815 0.9458333333333334 0.8592592592592593 0.9447916666666666 0.8574074074074074 0.9291666666666666 0.8277777777777778 0.928125 0.8277777777777778 0.9197916666666667 0.8166666666666667 0.91875 0.8166666666666667 0.9010416666666666 0.8055555555555556 0.9 0.8055555555555556 0.8833333333333334 0.7981481481481482 0.8822916666666666 0.7981481481481482 0.871875 0.7962962962962963 0.8479166666666667 0.7981481481481482 0.846875 0.8 0.8364583333333334 0.8055555555555556
3 0.85625 0.32592592592592595 0.85625 0.3277777777777778 0.85625 0.337037037037037 0.8572916666666667 0.3388888888888889 0.8604166666666666 0.34814814814814815 0.8614583333333333 0.34814814814814815 0.8708333333333333 0.35 0.871875 0.34814814814814815 0.8791666666666667 0.34629629629629627 0.8802083333333334 0.3444444444444445 0.884375 0.3388888888888889 0.884375 0.337037037037037 0.8864583333333333 0.32592592592592595 0.8854166666666666 0.32407407407407407 0.884375 0.3166666666666667 0.8833333333333334 0.3166666666666667 0.8770833333333333 0.30925925925925923 0.8760416666666666 0.30925925925925923 0.8645833333333334 0.30925925925925923 0.8604166666666666 0.31296296296296294 0.8604166666666666 0.3148148148148148 0.85625 0.32592592592592595
3 0.8645833333333334 0.2759259259259259 0.8645833333333334 0.2777777777777778 0.8635416666666667 0.28888888888888886 0.8645833333333334 0.29074074074074074 0.8645833333333334 0.2962962962962963 0.865625 0.29814814814814816 0.8677083333333334 0.3037037037037037 0.86875 0.3037037037037037 0.88125 0.30925925925925923 0.8822916666666666 0.3074074074074074 0.884375 0.3055555555555556 0.884375 0.3037037037037037 0.8854166666666666 0.29814814814814816 0.8854166666666666 0.2962962962962963 0.8854166666666666 0.2611111111111111 0.884375 0.25925925925925924 0.8833333333333334 0.2555555555555556 0.8822916666666666 0.2555555555555556 0.878125 0.2555555555555556 0.8677083333333334 0.26666666666666666 0.8677083333333334 0.26851851851851855 0.8645833333333334 0.2759259259259259
3 0.21458333333333335 0.3111111111111111 0.21458333333333335 0.31296296296296294 0.21458333333333335 0.32407407407407407 0.215625 0.32592592592592595 0.21666666666666665 0.33148148148148143 0.21770833333333334 0.3333333333333333 0.22395833333333334 0.3444444444444445 0.225 0.3444444444444445 0.23020833333333335 0.34629629629629627 0.23125 0.3444444444444445 0.23854166666666665 0.33148148148148143 0.23958333333333334 0.33148148148148143 0.246875 0.32962962962962966 0.24791666666666665 0.3277777777777778 0.24895833333333334 0.32407407407407407 0.24791666666666665 0.3222222222222222 0.24479166666666666 0.3074074074074074 0.24375 0.3055555555555556 0.2375 0.2925925925925926 0.23645833333333335 0.2925925925925926 0.23125 0.28703703703703703 0.23020833333333335 0.28703703703703703 0.22291666666666665 0.28703703703703703 0.21666666666666665 0.29814814814814816 0.21666666666666665 0.3 0.21458333333333335 0.3111111111111111
3 0.23229166666666665 0.34629629629629627 0.23229166666666665 0.34814814814814815 0.23125 0.3648148148148148 0.23229166666666665 0.3666666666666667 0.23333333333333334 0.37222222222222223 0.234375 0.37407407407407406 0.23958333333333334 0.3833333333333333 0.240625 0.3833333333333333 0.24791666666666665 0.3907407407407408 0.24895833333333334 0.3907407407407408 0.2552083333333333 0.3907407407407408 0.25625000000000003 0.3888888888888889 0.2625 0.3833333333333333 0.2635416666666667 0.3833333333333333 0.2677083333333333 0.3833333333333333 0.26875 0.38148148148148153 0.26979166666666665 0.3648148148148148 0.26875 0.362962962962963 0.2520833333333333 0.3333333333333333 0.25104166666666666 0.3333333333333333 0.24375 0.32962962962962966 0.23854166666666665 0.3333333333333333 0.2375 0.3351851851851852 0.23229166666666665 0.34629629629629627
3 0.253125 0.4 0.253125 0.40185185185185185 0.253125 0.41851851851851857 0.25416666666666665 0.42037037037037034 0.2572916666666667 0.4277777777777778 0.2583333333333333 0.4277777777777778 0.2635416666666667 0.4333333333333333 0.26458333333333334 0.4333333333333333 0.27499999999999997 0.4333333333333333 0.2760416666666667 0.4314814814814815 0.28020833333333334 0.42592592592592593 0.28020833333333334 0.42407407407407405 0.28229166666666666 0.41851851851851857 0.28229166666666666 0.4166666666666667 0.28125 0.4074074074074074 0.28020833333333334 0.4055555555555555 0.26979166666666665 0.387037037037037 0.26875 0.387037037037037 0.26145833333333335 0.3851851851851852 0.2552083333333333 0.3925925925925926 0.2552083333333333 0.39444444444444443 0.253125 0.4
3 0.28229166666666666 0.4222222222222222 0.28125 0.42407407407407405 0.278125 0.4333333333333333 0.278125 0.4351851851851852 0.28125 0.4425925925925926 0.28229166666666666 0.4425925925925926 0.2864583333333333 0.4462962962962963 0.28750000000000003 0.4462962962962963 0.3010416666666667 0.44074074074074077 0.3020833333333333 0.4388888888888889 0.3052083333333333 0.4314814814814815 0.3052083333333333 0.42962962962962964 0.3052083333333333 0.42037037037037034 0.3041666666666667 0.41851851851851857 0.303125 0.4148148148148148 0.3020833333333333 0.4148148148148148 0.2947916666666667 0.4074074074074074 0.29375 0.4074074074074074 0.29062499999999997 0.4074074074074074 0.2833333333333333 0.4111111111111111 0.2833333333333333 0.412962962962963 0.28229166666666666 0.4222222222222222
3 0.10416666666666667 0.8796296296296297 0.10416666666666667 0.8814814814814815 0.1 0.8944444444444444 0.1 0.8962962962962963 0.1 0.9148148148148147 0.10104166666666667 0.9166666666666666 0.11041666666666668 0.9277777777777778 0.11145833333333333 0.9277777777777778 0.11875 0.9185185185185185 0.11979166666666667 0.9185185185185185 0.13020833333333334 0.9185185185185185 0.13125 0.9166666666666666 0.13333333333333333 0.9166666666666666 0.13333333333333333 0.9148148148148147 0.134375 0.9129629629629629 0.134375 0.9111111111111112 0.13333333333333333 0.8981481481481481 0.13229166666666667 0.8962962962962963 0.12916666666666665 0.8814814814814815 0.12916666666666665 0.8796296296296297 0.12916666666666665 0.8648148148148148 0.12812500000000002 0.862962962962963 0.12083333333333333 0.8611111111111112 0.11145833333333333 0.8666666666666666 0.11041666666666668 0.8685185185185185 0.10416666666666667 0.8796296296296297
3 0.10833333333333332 0.8370370370370371 0.10833333333333332 0.8388888888888888 0.10833333333333332 0.8518518518518519 0.109375 0.8537037037037037 0.11145833333333333 0.862962962962963 0.1125 0.862962962962963 0.13125 0.8611111111111112 0.13229166666666667 0.8592592592592593 0.13854166666666667 0.8425925925925926 0.13749999999999998 0.8407407407407407 0.13020833333333334 0.8148148148148148 0.12916666666666665 0.8148148148148148 0.12083333333333333 0.8129629629629629 0.11354166666666667 0.8203703703703703 0.11354166666666667 0.8222222222222222 0.10833333333333332 0.8370370370370371
3 0.16770833333333335 0.9203703703703704 0.16666666666666666 0.9203703703703704 0.15416666666666665 0.9351851851851852 0.15416666666666665 0.9370370370370371 0.15208333333333335 0.9592592592592593 0.153125 0.9611111111111111 0.15416666666666665 0.9666666666666667 0.15520833333333334 0.9666666666666667 0.1625 0.9703703703703703 0.16354166666666667 0.9703703703703703 0.17291666666666666 0.9685185185185184 0.17395833333333335 0.9666666666666667 0.18020833333333333 0.9629629629629629 0.18125 0.9611111111111111 0.1875 0.9481481481481482 0.1875 0.9462962962962963 0.18958333333333335 0.938888888888889 0.18854166666666666 0.9370370370370371 0.1875 0.9203703703703704 0.18645833333333334 0.9185185185185185 0.18333333333333335 0.9111111111111112 0.18229166666666666 0.9111111111111112 0.17604166666666665 0.9074074074074074 0.17291666666666666 0.9092592592592593 0.171875 0.9111111111111112 0.16770833333333335 0.9203703703703704
3 0.14479166666666665 0.9037037037037037 0.14895833333333333 0.9111111111111112 0.14791666666666667 0.9185185185185185 0.15 0.9222222222222222 0.15833333333333335 0.9222222222222222 0.159375 0.9203703703703704 0.16458333333333333 0.9185185185185185 0.17395833333333335 0.9055555555555556 0.178125 0.9055555555555556 0.17916666666666667 0.9037037037037037 0.18125 0.9037037037037037 0.18125 0.9 0.184375 0.8907407407407407 0.18333333333333335 0.8703703703703703 0.17604166666666665 0.8574074074074074 0.175 0.8592592592592593 0.16875 0.8574074074074074 0.165625 0.8648148148148148 0.1625 0.8648148148148148 0.16145833333333334 0.8666666666666666 0.15625 0.8666666666666666 0.15520833333333334 0.8685185185185185 0.15 0.8685185185185185 0.14791666666666667 0.8740740740740741 0.146875 0.8740740740740741 0.14583333333333334 0.8703703703703703 0.14895833333333333 0.8833333333333334 0.146875 0.887037037037037 0.14479166666666665 0.8944444444444444 0.14479166666666665 0.9037037037037037
3 0.16666666666666666 0.7981481481481482 0.165625 0.7981481481481482 0.16354166666666667 0.7981481481481482 0.1625 0.7962962962962963 0.16041666666666665 0.7925925925925925 0.159375 0.7925925925925925 0.153125 0.7907407407407407 0.153125 0.7925925925925925 0.15416666666666665 0.8203703703703703 0.15520833333333334 0.8222222222222222 0.1625 0.8481481481481481 0.16354166666666667 0.8481481481481481 0.165625 0.8518518518518519 0.16666666666666666 0.8518518518518519 0.17291666666666666 0.8518518518518519 0.17395833333333335 0.85 0.18333333333333335 0.8333333333333334 0.18333333333333335 0.8314814814814815 0.18541666666666665 0.8185185185185185 0.184375 0.8166666666666667 0.184375 0.8129629629629629 0.18333333333333335 0.811111111111111 0.17916666666666667 0.8018518518518518 0.17916666666666667 0.8 0.18125 0.7981481481481482 0.18125 0.7962962962962963 0.18229166666666666 0.7907407407407407 0.18125 0.7907407407407407 0.17708333333333334 0.7944444444444444 0.17708333333333334 0.7962962962962963 0.175 0.8 0.17395833333333335 0.8 0.17291666666666666 0.8 0.171875 0.7981481481481482 0.17083333333333334 0.7888888888888889 0.16979166666666665 0.7870370370370371 0.16875 0.7870370370370371 0.16875 0.7944444444444444 0.16770833333333335 0.7962962962962963 0.16666666666666666 0.7981481481481482
3 0.10104166666666667 0.7629629629629631 0.1 0.7648148148148147 0.09895833333333333 0.7703703703703704 0.09895833333333333 0.7722222222222223 0.10104166666666667 0.7907407407407407 0.10208333333333333 0.7925925925925925 0.11145833333333333 0.8055555555555556 0.1125 0.8055555555555556 0.11666666666666667 0.8092592592592593 0.11770833333333333 0.8092592592592593 0.13645833333333335 0.8018518518518518 0.13749999999999998 0.8 0.14166666666666666 0.7944444444444444 0.14166666666666666 0.7925925925925925 0.14479166666666665 0.7833333333333333 0.14479166666666665 0.7814814814814816 0.14166666666666666 0.7703703703703704 0.140625 0.7703703703703704 0.13541666666666666 0.7685185185185185 0.134375 0.7666666666666666 0.12812500000000002 0.7555555555555555 0.12812500000000002 0.7537037037037038 0.13020833333333334 0.7388888888888888 0.12916666666666665 0.7388888888888888 0.121875 0.7370370370370369 0.11041666666666668 0.7574074074074074 0.109375 0.7574074074074074 0.10104166666666667 0.7629629629629631
3 0.23020833333333335 0.7944444444444444 0.23125 0.7962962962962963 0.23333333333333334 0.7981481481481482 0.234375 0.7981481481481482 0.23854166666666665 0.7944444444444444 0.23854166666666665 0.7925925925925925 0.23958333333333334 0.7888888888888889 0.23854166666666665 0.7870370370370371 0.23541666666666666 0.7833333333333333 0.23125 0.7870370370370371 0.23125 0.7888888888888889 0.23020833333333335 0.7944444444444444
3 0.234375 0.7796296296296297 0.23541666666666666 0.7814814814814816 0.23854166666666665 0.7851851851851852 0.23958333333333334 0.7851851851851852 0.24270833333333333 0.7851851851851852 0.24375 0.7833333333333333 0.24583333333333335 0.7796296296296297 0.24583333333333335 0.7777777777777778 0.24583333333333335 0.7722222222222223 0.24479166666666666 0.7703703703703704 0.240625 0.7666666666666666 0.23541666666666666 0.774074074074074 0.23541666666666666 0.7759259259259259 0.234375 0.7796296296296297
3 0.3979166666666667 0.9055555555555556 0.3989583333333333 0.9074074074074074 0.4020833333333333 0.9129629629629629 0.403125 0.9129629629629629 0.4083333333333333 0.9148148148148147 0.409375 0.9129629629629629 0.4125 0.9074074074074074 0.4125 0.9055555555555556 0.4135416666666667 0.887037037037037 0.4125 0.8851851851851852 0.40625 0.8833333333333334 0.3989583333333333 0.8907407407407407 0.3989583333333333 0.8925925925925926 0.3979166666666667 0.9055555555555556
3 0.3854166666666667 0.9 0.3864583333333333 0.9 0.39166666666666666 0.9055555555555556 0.3927083333333333 0.9055555555555556 0.3958333333333333 0.9055555555555556 0.396875 0.9037037037037037 0.3989583333333333 0.8907407407407407 0.3989583333333333 0.8888888888888888 0.3979166666666667 0.8851851851851852 0.396875 0.8833333333333334 0.3875 0.8796296296296297 0.384375 0.887037037037037 0.384375 0.8888888888888888 0.3854166666666667 0.9
3 0.12291666666666667 0.046296296296296294 0.12395833333333332 0.04814814814814815 0.12604166666666666 0.05555555555555555 0.12708333333333333 0.05555555555555555 0.13020833333333334 0.05925925925925926 0.13125 0.05925925925925926 0.14166666666666666 0.05925925925925926 0.14270833333333333 0.05740740740740741 0.14583333333333334 0.04814814814814815 0.14583333333333334 0.046296296296296294 0.14479166666666665 0.03518518518518518 0.14375000000000002 0.03333333333333333 0.13854166666666667 0.024074074074074074 0.13749999999999998 0.024074074074074074 0.13229166666666667 0.024074074074074074 0.12395833333333332 0.03518518518518518 0.12395833333333332 0.037037037037037035 0.12291666666666667 0.046296296296296294
3 0.1125 0.07407407407407407 0.1125 0.07592592592592592 0.1125 0.07962962962962962 0.11354166666666667 0.08148148148148149 0.12395833333333332 0.0962962962962963 0.125 0.0962962962962963 0.12708333333333333 0.0962962962962963 0.12812500000000002 0.09444444444444444 0.13125 0.09259259259259259 0.13125 0.09074074074074075 0.13333333333333333 0.08703703703703704 0.13333333333333333 0.08518518518518518 0.13333333333333333 0.07407407407407407 0.13229166666666667 0.07222222222222222 0.12916666666666665 0.06111111111111111 0.12812500000000002 0.06111111111111111 0.12291666666666667 0.05740740740740741 0.115625 0.06481481481481481 0.115625 0.06666666666666667 0.1125 0.07407407407407407
3 0.10729166666666667 0.09444444444444444 0.10833333333333332 0.0962962962962963 0.109375 0.09814814814814815 0.11041666666666668 0.09814814814814815 0.11770833333333333 0.10555555555555556 0.11875 0.10555555555555556 0.12395833333333332 0.10555555555555556 0.12395833333333332 0.1037037037037037 0.12395833333333332 0.0962962962962963 0.12291666666666667 0.09444444444444444 0.11875 0.08703703703703704 0.11770833333333333 0.08703703703703704 0.115625 0.08333333333333333 0.11458333333333333 0.08333333333333333 0.11041666666666668 0.08148148148148149 0.10729166666666667 0.08703703703703704 0.10729166666666667 0.08888888888888889 0.10729166666666667 0.09444444444444444
3 0.09895833333333333 0.07777777777777778 0.1 0.07962962962962962 0.10208333333333333 0.07962962962962962 0.10208333333333333 0.07777777777777778 0.10833333333333332 0.05740740740740741 0.10833333333333332 0.05555555555555555 0.10833333333333332 0.05 0.10729166666666667 0.04814814814814815 0.10104166666666667 0.04259259259259259 0.1 0.04259259259259259 0.09583333333333333 0.04259259259259259 0.09166666666666667 0.05185185185185185 0.09270833333333332 0.053703703703703705 0.09895833333333333 0.07777777777777778
3 0.3625 0 0.3614583333333333 0.003703703703703704 0.36041666666666666 0.003703703703703704 0.3541666666666667 0.009259259259259259 0.3541666666666667 0.011111111111111112 0.353125 0.022222222222222223 0.3541666666666667 0.024074074074074074 0.3572916666666667 0.03333333333333333 0.35833333333333334 0.03333333333333333 0.36041666666666666 0.037037037037037035 0.3614583333333333 0.037037037037037035 0.365625 0.03888888888888889 0.3666666666666667 0.037037037037037035 0.3697916666666667 0.037037037037037035 0.3708333333333333 0.03518518518518518 0.3729166666666667 0.02962962962962963 0.3729166666666667 0.027777777777777776 0.3729166666666667 0.012962962962962963 0.371875 0.011111111111111112 0.365625 0 0.3645833333333333 0 0.3625 0
3 0.3416666666666667 0 0.3385416666666667 0.014814814814814815 0.3385416666666667 0.016666666666666666 0.3395833333333333 0.02962962962962963 0.340625 0.02962962962962963 0.346875 0.037037037037037035 0.3479166666666667 0.037037037037037035 0.3541666666666667 0.03518518518518518 0.3541666666666667 0.03333333333333333 0.3520833333333333 0.020370370370370372 0.3520833333333333 0.018518518518518517 0.3520833333333333 0.003703703703703704 0.3510416666666667 0.003703703703703704 0.35 0 0.3489583333333333 0 0.3416666666666667 0
3 0.425 0.2111111111111111 0.425 0.21296296296296297 0.4260416666666667 0.2222222222222222 0.4270833333333333 0.2222222222222222 0.4354166666666667 0.22037037037037038 0.4354166666666667 0.21851851851851853 0.4375 0.21296296296296297 0.4375 0.2111111111111111 0.4354166666666667 0.2037037037037037 0.434375 0.2037037037037037 0.43125 0.20185185185185187 0.4270833333333333 0.20555555555555555 0.4260416666666667 0.2074074074074074 0.425 0.2111111111111111
3 0.68125 0.938888888888889 0.68125 0.9407407407407407 0.6802083333333334 0.9592592592592593 0.68125 0.9611111111111111 0.690625 0.9814814814814815 0.6916666666666667 0.9814814814814815 0.7010416666666667 0.9833333333333334 0.7020833333333334 0.9814814814814815 0.7114583333333334 0.9740740740740741 0.7114583333333334 0.9722222222222222 0.7135416666666666 0.9685185185185184 0.7135416666666666 0.9666666666666667 0.7135416666666666 0.9537037037037037 0.7125 0.9518518518518518 0.7104166666666666 0.9481481481481482 0.709375 0.9481481481481482 0.7041666666666666 0.9407407407407407 0.703125 0.9407407407407407 0.6875 0.9314814814814815 0.6822916666666666 0.9351851851851852 0.6822916666666666 0.9370370370370371 0.68125 0.938888888888889
1 0.5054166666666666 0.06759259259259259 0.49645833333333333 0.06444444444444444 0.4265625 0.0038888888888888888 0.3929166666666667 0.0038888888888888888 0.4484375 0.056111111111111105 0.47281249999999997 0.08351851851851852 0.4896875 0.10777777777777778 0.5007291666666667 0.1325925925925926 0.49937499999999996 0.18166666666666667 0.4904166666666667 0.29314814814814816 0.5222916666666667 0.3033333333333333 0.5315624999999999 0.19444444444444445 0.5419791666666667 0.1237037037037037 0.5670833333333333 0.0012962962962962965 0.5315624999999999 0.002037037037037037 0.5154166666666666 0.054814814814814816 0.5054166666666666 0.06759259259259259
1 0.19979166666666667 0.24351851851851852 0.19541666666666668 0.2662962962962963 0.16739583333333333 0.25055555555555553 0.16229166666666667 0.24944444444444447 0.16083333333333336 0.2555555555555556 0.18520833333333334 0.26944444444444443 0.19375 0.28074074074074074 0.1940625 0.3194444444444444 0.2075 0.32037037037037036 0.2075 0.30592592592592593 0.21333333333333332 0.22296296296296295 0.20114583333333333 0.21833333333333332 0.19979166666666667 0.24351851851851852
1 0.1865625 0.47759259259259257 0.20302083333333332 0.47944444444444445 0.2303125 0.4981481481481481 0.231875 0.48703703703703705 0.19770833333333332 0.4637037037037037 0.19020833333333334 0.45055555555555554 0.18781250000000002 0.4498148148148148 0.19302083333333334 0.4118518518518518 0.18072916666666666 0.4035185185185185 0.17395833333333335 0.4403703703703704 0.17937499999999998 0.4511111111111111 0.18177083333333335 0.4514814814814815 0.1809375 0.45722222222222225 0.17083333333333334 0.4535185185185185 0.1601041666666667 0.49222222222222217 0.17156249999999998 0.5051851851851852 0.176875 0.49129629629629634 0.1865625 0.47759259259259257