2 0 0.3352552986111111 0.09496321064814815 0.3432652476851852 0.3280125115740741 0.3436356203703704 0.4667840625 0.3286860763888889 0.6548645740740741 0.34703415277777777 0.8285047430555555 0.37840003935185185 0.9908383171296296 0.43735679629629626 0.9918225300925926 0.4376063472222222 0.991588949074074 0.4085542268518519 0.9890805532407407 0.39432840740740743 0.9034595555555556 0.3651834837962963 0.8542697708333333 0.3378939444444444 0.7995926875 0.33600566666666665 0.5798243587962963 0.3043115324074074 0.42903390046296297 0.2958888935185185 0.2726837916666667 0.3124571828703704 0.09854974074074073 0.30815065046296297 0 0.29722172453703705 0 0.3352552986111111
2 1 0.6316473402777777 0.9792276550925926 0.655182224537037 0.9078909722222223 0.7145127407407408 0.8401006342592593 0.7672946180555555 0.7282699675925925 0.8390539953703703 0.7289798796296296 0.8398807800925927 0.7437762662037037 0.8459452152777778 0.8174282592592592 0.7997454675925927 0.9187098657407406 0.7225477962962963 0.9812656851851851 0.6710062268518519 1 0.6489117407407408 1 0.6316473402777777
2 0.43752031481481485 0.004890152777777778 0.3829700810185185 0.016518530092592593 0.6133441365740742 0.10409497685185184 0.6232254143518519 0.10467965972222222 0.6755948587962963 0.10094574305555556 0.6934705 0.10847691898148148 0.7078932129629629 0.12095365740740742 0.7229968726851852 0.1159634537037037 0.7246139490740741 0.10700488425925926 0.46077220601851854 0.01411769212962963 0.4549692777777778 0.00466931712962963 0.43752031481481485 0.004890152777777778
2 0.6648960532407407 0.6556050925925926 0.5787289791666667 0.7460037060185185 0.5831376157407407 0.748611099537037 0.5964462916666667 0.7494376296296296 0.6292140300925927 0.7209184675925926 0.6833007222222222 0.6629372129629629 0.705144238425926 0.6364500601851851 0.7278015046296297 0.6017806273148147 0.6988360995370371 0.6102727638888888 0.6950848263888888 0.6199249722222222 0.6648960532407407 0.6556050925925926
2 0.9188173680555556 0.41282372453703703 0.8914514074074075 0.4378518402777778 0.8444631342592592 0.4657052569444445 0.7814672407407407 0.519016800925926 0.7083856041666666 0.6004443611111111 0.7132221782407407 0.5969472037037037 0.7396314004629629 0.5910212615740741 0.7571809953703704 0.5711087916666666 0.7584890810185185 0.5614642893518519 0.7664017037037036 0.5487513055555555 0.7869794953703704 0.5406803935185185 0.819316087962963 0.5075832152777777 0.9375506041666667 0.4198863611111111 0.9188173680555556 0.41282372453703703
2 0.4426868240740741 0.7519043217592594 0.4491753912037037 0.7535103263888888 0.5547243634259259 0.7015805092592593 0.6699249583333333 0.6190726550925926 0.7007983402777778 0.6022052962962964 0.7073922337962962 0.593744236111111 0.6703965138888889 0.6078832777777777 0.4423250578703704 0.7498526388888889 0.4426868240740741 0.7519043217592594
3 0.4702881643518519 0.23551630324074074 0.47211188425925926 0.2351947337962963 0.5012913726851852 0.23004960185185186 0.5029342060185185 0.22870218981481483 0.5343140648148148 0.2147071875 0.5359568981481482 0.21335977546296298 0.5509232939814814 0.20225890740740743 0.5507424097222222 0.20123306481481482 0.5567710972222222 0.19276589351851853 0.5584139305555555 0.1914184814814815 0.5668089884259259 0.18570726157407408 0.5666281041666666 0.1846814189814815 0.5608398310185185 0.15185449537037035 0.5588352291666667 0.15115022453703705 0.5369803796296296 0.13384910416666665 0.5349757777777777 0.13314483333333335 0.5171152476851852 0.12783223842592592 0.5152915277777778 0.12815380787037037 0.49979736574074074 0.12559716666666668 0.49797364814814815 0.12591873842592594 0.4866695740740741 0.12579647916666667 0.48484585416666665 0.12611804861111112 0.45767096759259257 0.1319674513888889 0.45602813425925925 0.13331486342592594 0.4314004976851852 0.1429460601851852 0.42975766435185186 0.14429347222222222 0.41643410416666665 0.15404692824074073 0.41661498611111114 0.1550727685185185 0.4069388634259259 0.16418308333333334 0.40711974768518516 0.1652089236111111 0.40109106018518514 0.17367609722222224 0.40127194212962963 0.17470193981481483 0.3976096226851852 0.1859250648148148 0.3977905069444444 0.1869509074074074 0.4006846435185185 0.20336436805555558 0.40559826388888887 0.20990211805555556 0.4076028657407407 0.21060638888888888 0.41853029166666667 0.2192569490740741 0.4205348935185185 0.2199612199074074 0.4352906388888889 0.22899447916666665 0.4372952407407407 0.22969875 0.45132745138888886 0.23462864583333334 0.45315116898148144 0.23430707407407408 0.4702881643518519 0.23551630324074074
3 0.6016874513888889 0.27686896527777777 0.6033302870370371 0.27552155092592595 0.6182966805555556 0.2644206851851852 0.6181157962962963 0.2633948425925926 0.6268875046296296 0.24915532175925925 0.6267066203703704 0.24812948148148148 0.6254553194444445 0.2303686064814815 0.6234507175925926 0.22966433564814817 0.6136234745370371 0.21658883796296297 0.6116188726851852 0.21588456712962964 0.6052433009259259 0.21172007175925925 0.6034195833333333 0.2120416435185185 0.5913919745370371 0.20781601851851852 0.5895682569444445 0.20813759027777778 0.570245775462963 0.20519824768518521 0.5684220555555556 0.20551981944444442 0.5481802754629629 0.20803125462962962 0.5465374398148148 0.20937866666666666 0.5277427268518519 0.22009683564814816 0.5259190069444445 0.2204184050925926 0.503295974537037 0.23075387268518519 0.5034768564814814 0.2317797152777778 0.4886764629629629 0.2544864074074074 0.48885734722222224 0.25551225 0.48938511574074073 0.26916975925925923 0.4988505902777778 0.28019357175925924 0.5008551921296296 0.2808978425925926 0.5230866921296297 0.28967066203703706 0.5249104097222222 0.28934909259259256 0.5480612106481482 0.2926711342592593 0.5498849282407408 0.2923495625 0.5754169814814815 0.2878475740740741 0.5770598171296296 0.28650016203703704 0.6016874513888889 0.27686896527777777
3 0.7448418773148148 0.2569156574074074 0.746484712962963 0.2555682453703704 0.7636514745370371 0.23561750462962963 0.7634705925925926 0.23459166203703705 0.7693332777777777 0.21451866435185185 0.7691523958333334 0.21349282175925927 0.7644345416666667 0.19740093055555555 0.7624299398148148 0.1966966597222222 0.757697201388889 0.19118475231481483 0.755692599537037 0.19048048148148147 0.749497912037037 0.1873418287037037 0.7476741944444444 0.18766340046296295 0.726347111111111 0.18401978703703706 0.7245233935185185 0.18434135879629632 0.6929775347222221 0.18673053472222223 0.6913347013888889 0.18807794675925926 0.6734592870370371 0.19334533796296297 0.6718164537037038 0.19469275 0.6546645740740741 0.20406350462962963 0.6530217384259259 0.20541091666666667 0.6417027800925926 0.2158686435185185 0.6418836643518518 0.2168944837962963 0.6314691226851852 0.23248141898148147 0.6316500069444444 0.23350725925925925 0.6325395416666667 0.2492164513888889 0.6441905 0.2619703773148148 0.6461951018518519 0.26267464814814817 0.6666028842592593 0.27176903703703703 0.6684266041666667 0.2714474675925926 0.6932202384259258 0.2734220972222222 0.6950439583333333 0.273100525462963 0.7223997291666667 0.2682769652777778 0.7240425625 0.26692955324074075 0.7448418773148148 0.2569156574074074
3 0.6371658101851851 0.2008025925925926 0.6389895277777777 0.20048102314814817 0.6554029907407407 0.19758688657407408 0.6570458240740741 0.19623947453703702 0.6696309675925926 0.1929626365740741 0.6712738009259259 0.19161522453703703 0.6884256805555556 0.18224446990740742 0.6900685162037037 0.1808970578703704 0.7059542106481481 0.16434541203703704 0.7057733263888889 0.16331957175925926 0.7136406157407408 0.14395084259259258 0.7134597314814815 0.1429250023148148 0.7098420625 0.1224081736111111 0.7078374606481481 0.12170390277777778 0.6923581805555555 0.10856727546296296 0.6903535787037037 0.10786300462962962 0.6628318078703704 0.10108074074074073 0.6610080902777778 0.1014023101851852 0.629281349537037 0.10276564583333334 0.6274576319444444 0.1030872175925926 0.599001675925926 0.11233571527777778 0.5973588425925925 0.11368312731481482 0.5887829027777778 0.11836850462962963 0.5871400671296296 0.11971591666666666 0.5723545555555556 0.13184262500000002 0.5725354398148148 0.1328684675925926 0.5637637337962963 0.14710798842592593 0.5639446180555555 0.1481338287037037 0.5657534513888889 0.15839224305555555 0.5741038611111111 0.1844209791666667 0.5761084606481481 0.18512525 0.5832075671296296 0.1933931111111111 0.5852121689814814 0.1940973796296296 0.6048964166666666 0.1990884050925926 0.6067201365740741 0.19876683333333334 0.6278663356481481 0.20138460416666668 0.6296900532407407 0.2010630347222222 0.6371658101851851 0.2008025925925926
3 0.8668352222222223 0.2449245625 0.8684780555555556 0.24357715046296297 0.8876345370370371 0.23491066666666668 0.8892773726851851 0.23356325462962962 0.903882 0.2204107037037037 0.9037011157407407 0.21938486342592592 0.9128345902777778 0.20719702314814814 0.9126537060185185 0.20617118287037037 0.9117641712962963 0.19046199074074074 0.9097595694444445 0.18975771990740742 0.9066696666666666 0.18289840046296296 0.9046650648148149 0.18219412962962964 0.9001132106481481 0.17770806481481483 0.8981086087962963 0.17700379398148147 0.8662158680555556 0.16676130324074073 0.864392150462963 0.167082875 0.8549117916666666 0.1666390462962963 0.853088074074074 0.16696061574074075 0.8313843425925925 0.17184530555555555 0.8297415069444445 0.17319271759259258 0.8016473194444445 0.18449289814814815 0.8000044837962963 0.18584031018518518 0.7883237592592592 0.19424635416666666 0.7885046435185186 0.19527219444444446 0.7724380648148148 0.21079799768518517 0.7726189467592592 0.21182384027777776 0.7704036967592592 0.23125369675925925 0.7842401412037037 0.24573773611111113 0.7862447430555556 0.24644200694444443 0.8064716435185185 0.2545105555555556 0.8082953611111111 0.2541889837962963 0.8252514745370371 0.2543723726851852 0.8270751921296297 0.2540508009259259 0.854430962962963 0.24922724074074074 0.8560737962962962 0.2478798287037037 0.8668352222222223 0.2449245625
3 0.8011195509259259 0.17083538888888888 0.8029432685185185 0.17051381712962962 0.8189949652777778 0.16556799768518518 0.8206377986111112 0.16422058564814815 0.8416179976851852 0.15523253009259258 0.8432608333333333 0.15388511805555555 0.8600509467592593 0.14246268055555555 0.8598700625 0.14143684027777778 0.8741278055555556 0.11565262037037037 0.8739469212962964 0.11462678009259258 0.8712336689814815 0.09923915972222222 0.8692290671296297 0.0985348888888889 0.8661391643518519 0.09167556944444444 0.8641345625 0.09097129861111111 0.8517451875 0.08469399074074074 0.8515643032407408 0.08366815046296296 0.8513834189814815 0.08264230787037036 0.8493788171296296 0.08193803703703705 0.831518287037037 0.07662544212962963 0.8296945694444444 0.07694701388888889 0.8034389814814815 0.07734563657407406 0.8016152638888889 0.07766720833333333 0.7815543657407408 0.0812044861111111 0.7799115300925926 0.08255189814814815 0.7620361180555556 0.08781928703703705 0.7603932824074073 0.08916669907407408 0.7297369606481482 0.10726506944444444 0.7280941249999999 0.10861248148148148 0.7156749837962962 0.12349514351851852 0.7158558657407407 0.12452098611111112 0.7185542361111111 0.15048859027777778 0.7276579444444444 0.15946072222222224 0.7296625462962963 0.16016499305555557 0.7424136898148148 0.1684939837962963 0.7444182916666667 0.16919825462962965 0.7584505023148148 0.17412814814814814 0.7602742199074074 0.1738065787037037 0.7735828958333334 0.1746331087962963 0.7754066157407408 0.17431153703703703 0.8011195509259259 0.17083538888888888
3 0.8201042152777777 0 0.8173944907407408 0.00718979861111111 0.8175753726851852 0.008215638888888889 0.8195650925925926 0.01949989351851852 0.8248404791666667 0.028089326388888888 0.8268450810185185 0.02879359722222222 0.8334015370370371 0.03398393287037037 0.8354061388888888 0.0346882037037037 0.8434245439814815 0.03750528703703703 0.8452482638888889 0.03718371527777778 0.860742425925926 0.03974035648148148 0.8625661435185186 0.03941878703703704 0.8917456319444445 0.03427365509259259 0.8933884675925926 0.032926243055555554 0.9202015879629629 0.025025157407407406 0.9218444212962963 0.02367774537037037 0.9176693958333333 0 0.8201042152777777 0
3 0.8907370347222222 0.1032043425925926 0.8923798680555556 0.10185693055555556 0.9075271458333334 0.09178190277777779 0.9093508657407408 0.09146033333333332 0.9215742407407407 0.0861318125 0.9233979583333333 0.08581024305555555 0.9288691134259259 0.0848455300925926 0.9305119467592592 0.08349811805555556 0.925642974537037 0.045220416666666666 0.9236383726851852 0.04451614583333333 0.9192822870370371 0.030475935185185186 0.9174585694444445 0.030797506944444445 0.8990405046296296 0.03298737268518519 0.8973976689814814 0.03433478472222223 0.8702227824074074 0.0401841875 0.8685799467592593 0.041531599537037035 0.8614659583333334 0.04384372222222222 0.8598231249999999 0.04519113425925926 0.8450376134259259 0.057317844907407406 0.8452184976851852 0.058343685185185186 0.8349848402777779 0.07495646064814815 0.8530262546296297 0.08129489583333332 0.8532071365740741 0.08232073842592592 0.8717912013888888 0.09173669907407407 0.8719720856481481 0.09276253935185184 0.8752428726851852 0.10064770138888889 0.877247474537037 0.1013519699074074 0.8814375601851852 0.10378635416666666 0.8832612777777777 0.10346478240740742 0.8907370347222222 0.1032043425925926
3 0.9147029560185186 0.1751355 0.9165266736111112 0.17481392824074074 0.9365875717592593 0.17127665046296295 0.9382304074074074 0.16992923842592592 0.9471681134259259 0.1672955439814815 0.9469872314814815 0.1662697013888889 0.9326974328703704 0.08522823148148148 0.9308737152777778 0.08554980092592593 0.9235788425925926 0.08683608333333333 0.9219360069444446 0.08818349537037037 0.9025986435185186 0.0958241388888889 0.9009558078703704 0.09717155092592593 0.8795989606481482 0.11468790972222223 0.8797798425925926 0.11571375 0.8733893888888888 0.12212924074074075 0.8735702708333334 0.12315508101851852 0.8635174976851852 0.14079369907407407 0.8636983819444445 0.14181953935185185 0.8651454490740741 0.15002627083333334 0.871506138888889 0.16477075 0.8735107407407408 0.16547502083333332 0.8758771087962963 0.16823097453703703 0.8778817106481481 0.16893524537037036 0.8919139212962962 0.1738651412037037 0.8937376388888888 0.17354356944444443 0.9054034814814814 0.1757175115740741 0.907227199074074 0.1753959398148148 0.9147029560185186 0.1751355
3 0.9477107638888889 0.17037306712962963 0.945706162037037 0.1696687962962963 0.9057652500000001 0.17776919444444442 0.9059461319444444 0.17879503472222225 0.906307900462963 0.1808467175925926 0.9130452384259259 0.18706289583333333 0.9132261226851852 0.1880887384259259 0.9175673263888889 0.21270893055555556 0.9195719282407407 0.2134132013888889 0.9275903333333333 0.21623028472222222 0.9294140532407407 0.21590871296296296 0.9531223865740741 0.2117282939814815 0.9547652222222222 0.21038088194444443 0.9477107638888889 0.17037306712962963
3 1 0.7690058518518519 0.9986500810185185 0.768531587962963 0.9937364606481481 0.7619938379629629 0.9917318587962962 0.7612895671296296 0.9797042476851852 0.7570639444444445 0.9778805300925926 0.7573855138888889 0.9623863680555554 0.7548288726851852 0.9605626504629629 0.7551504444444445 0.9443300717592592 0.7590704212962963 0.942687236111111 0.7604178333333332 0.9341112962962964 0.7651032106481481 0.9342921805555555 0.7661290532407408 0.9266206574074074 0.7759436365740741 0.9268015416666666 0.7769694791666667 0.9282486111111111 0.7851762106481481 0.9353477152777778 0.7934440717592592 0.9373523171296296 0.7941483402777778 0.9473753263888889 0.7976696944444444 0.9491990439814815 0.797348125 0.9568556828703704 0.7981135231481481 0.958679400462963 0.7977919537037037 0.9767356967592592 0.7935504050925927 0.9783785324074075 0.7922029930555555 0.9940684606481481 0.7852054907407408 0.9957112962962964 0.7838580787037037 1 0.7803405902777778 1 0.7690058518518519
3 1 0.7435904421296295 0.9959517106481482 0.7425639814814815 0.9941279930555557 0.7428855509259259 0.9777145300925926 0.7457796875 0.9760716944444445 0.747127099537037 0.9654911550925925 0.7511082083333334 0.9638483194444445 0.7524556203703704 0.9623863680555554 0.7548288726851852 0.9933746921296297 0.7599421550925926 0.9950175277777779 0.7585947430555555 1 0.7545082430555555 1 0.7435904421296295
3 0.8497817962962962 0.7027580462962963 0.8481389606481481 0.7041054583333334 0.8428486898148149 0.7060960115740741 0.8430295740740741 0.7071218518518518 0.8399247893518519 0.7108425185185185 0.8401056712962963 0.7118683587962963 0.8413718564814815 0.71904925 0.8493902638888889 0.7218663333333333 0.8512139814814815 0.7215447615740741 0.862156289351852 0.719615337962963 0.863799125 0.7182679259259259 0.871832412037037 0.7105050231481482 0.8716515300925927 0.7094791828703704 0.8667379097222222 0.7029414328703704 0.8647333078703704 0.702237162037037 0.8497817962962962 0.7027580462962963
3 0.9013416134259259 0.6005858865740741 0.9011607314814816 0.5995600439814814 0.8997136620370371 0.5913533125 0.8977090601851851 0.5906490416666667 0.8926145578703704 0.5830854513888889 0.8906099560185184 0.5823811805555555 0.8845961504629629 0.5802683703703704 0.8827724328703703 0.5805899398148148 0.8771203958333333 0.5805288101851852 0.875296675925926 0.5808503819444445 0.8369985972222223 0.5876033657407407 0.8353557638888889 0.5889507777777778 0.8278651250000001 0.5997912037037038 0.8280460069444444 0.6008170462962963 0.8300357268518518 0.6121013009259259 0.8345875810185185 0.6165873680555556 0.8365921828703704 0.6172916388888888 0.8564573148148148 0.6233085046296296 0.8582810324074074 0.6229869328703704 0.8657567870370371 0.6227264907407408 0.8673996226851851 0.6213790787037037 0.8891033564814814 0.616494388888889 0.8907461898148148 0.6151469768518518 0.9013416134259259 0.6005858865740741
3 0.966799699074074 0.5985634837962963 0.9666188148148147 0.5975376435185185 0.9695427175925926 0.5927911342592593 0.9693618333333334 0.5917652939814815 0.9684574166666666 0.586636087962963 0.9664528148148148 0.5859318171296296 0.9422018287037036 0.5870347106481482 0.9401972268518519 0.5863304398148148 0.9236177638888889 0.57761875 0.9217940462962964 0.5779403217592592 0.9161420092592593 0.5778791921296297 0.9144991736111111 0.5792266041666667 0.9029993310185185 0.5886584884259259 0.9031802152777778 0.5896843310185185 0.9055317013888888 0.6030202685185185 0.9202874467592592 0.6120535300925926 0.9221111643518518 0.6117319583333334 0.9317724050925926 0.6132016296296295 0.9335961226851852 0.6128800578703704 0.9408909953703704 0.6115937754629629 0.9425338310185185 0.6102463634259259 0.9602283611111111 0.6039531319444444 0.9618711944444444 0.6026057199074074 0.966799699074074 0.5985634837962963
3 1 0.5661845208333334 0.9856241782407408 0.5666853472222222 0.9838004606481482 0.5670069166666667 0.9619158425925926 0.5708657662037037 0.9602730092592593 0.5722131782407407 0.952978136574074 0.5734994606481482 0.951335300925926 0.5748468726851852 0.9500542337962963 0.5782459675925926 0.9680956481481481 0.5845844050925926 0.9682765324074074 0.5856102453703703 0.97026625 0.5968945 0.9722708518518518 0.5975987708333333 0.9879458981481481 0.6011812546296297 0.9897696157407407 0.6008596828703704 1 0.5990557916666667 1 0.5661845208333334
3 1 0.5297393541666666 0.9909590972222223 0.532954837962963 0.9893162638888889 0.53430225 0.9862114768518518 0.5380229166666667 0.9863923611111112 0.5390487569444444 0.9869350115740742 0.5421262824074075 0.9958578356481481 0.5500725717592593 0.994215 0.5514199837962963 0.9929339328703704 0.5548190787037037 0.9949385347222223 0.5555233495370371 0.9971240208333334 0.557253462962963 0.998947738425926 0.5569318912037037 1 0.5568952314814815 1 0.5297393541666666
3 0.9827449236111112 0.539691900462963 0.9807403240740741 0.5389876296296296 0.9705364305555556 0.5344404328703704 0.968712712962963 0.5347620046296296 0.9570468703703704 0.5325880625 0.9552231527777778 0.5329096342592593 0.9406334097222222 0.535482199074074 0.9389905740740742 0.5368296111111112 0.9335194189814815 0.537794324074074 0.9318765856481482 0.5391417361111112 0.9285909166666667 0.5418365601851852 0.9287717986111111 0.542862400462963 0.9229091134259259 0.562935400462963 0.9385841574074075 0.5665178819444444 0.9404078773148149 0.5661963125 0.9788868402777778 0.5604691689814815 0.9805296736111111 0.5591217569444444 0.9903866805555555 0.5510372847222222 0.9902057986111111 0.5500114421296296 0.9896631458333333 0.5469339189814815 0.9876585462962963 0.5462296481481481 0.9827449236111112 0.539691900462963
3 0.9238432962962962 0.5469046365740741 0.9218386944444444 0.5462003657407407 0.8908503703703703 0.5410870833333333 0.8890266527777777 0.5414086550925926 0.8726131898148148 0.5443027916666666 0.8709703541666666 0.5456502037037038 0.857465912037037 0.5543778171296296 0.8576467962962964 0.5554036574074074 0.8550697777777778 0.5727818333333333 0.8576170300925926 0.5765636273148148 0.8596216319444444 0.5772678981481482 0.8672782708333334 0.5780332986111111 0.869101988425926 0.5777117291666667 0.9112283865740741 0.5713414444444445 0.9128712222222222 0.5699940324074074 0.9210853958333333 0.5632569699074074 0.9209045115740742 0.5622311296296296 0.9238432962962962 0.5469046365740741
3 0.7919780625 0.5775601875 0.7938017800925926 0.5772386180555555 0.8195147175925925 0.5737624699074074 0.821157550925926 0.5724150578703704 0.8317380925925926 0.5684339490740741 0.8315572083333334 0.5674081087962963 0.8374050138888889 0.5579150949074074 0.8372241296296296 0.5568892523148148 0.8359579444444444 0.549708363425926 0.8339533425925927 0.5490040925925926 0.826854238425926 0.5407362314814814 0.8248496365740741 0.5400319606481481 0.8148266273148148 0.5365106087962963 0.8130029097222222 0.5368321782407407 0.8035225532407407 0.5363883495370371 0.8016988356481481 0.5367099189814815 0.7834616550925927 0.5399256273148149 0.7818188194444444 0.5412730393518518 0.768314375 0.5500006527777778 0.7684952592592593 0.5510264953703703 0.765390474537037 0.5547471597222222 0.7655713564814816 0.5557730023148149 0.7675610763888889 0.5670572569444444 0.776860550925926 0.5664752453703704 0.7785033842592592 0.5651278333333333 0.7814272870370371 0.5603813263888889 0.7832510046296297 0.5600597546296296 0.7963787986111112 0.5598604421296296 0.798383400462963 0.560564712962963 0.7998304675925927 0.5687714444444444 0.7981876342592592 0.5701188564814815 0.7919780625 0.5775601875
3 0.7484641273148148 0.5334038032407408 0.7468212916666667 0.5347512152777778 0.7398881875 0.5380891805555555 0.7382453518518518 0.5394365925925926 0.7336786157407408 0.5455305115740741 0.7398733032407407 0.5486691643518519 0.7416970231481481 0.5483475949074074 0.7511773796296296 0.5487914236111111 0.7528202129629629 0.5474440115740741 0.7570251828703704 0.5392984097222222 0.7568443009259259 0.5382725694444445 0.7559398819444445 0.5331433611111112 0.7541161643518519 0.5334649328703703 0.7484641273148148 0.5334038032407408
3 0.7358789837962963 0.5366806388888888 0.7338743819444444 0.5359763680555555 0.7280414606481481 0.5348893981481481 0.7262177430555555 0.5352109675925926 0.7057950763888889 0.5366965625 0.7041522430555555 0.538043974537037 0.6990428564814815 0.5410603703703704 0.699223738425926 0.5420862106481481 0.7001281574074073 0.5472154189814815 0.7046800092592592 0.5517014837962962 0.7065037291666667 0.5513799143518519 0.7178078032407407 0.5515021712962963 0.7194506388888889 0.5501547592592593 0.7230980740740741 0.5495116180555555 0.7247409097222223 0.5481642060185186 0.7331359652777778 0.5424529884259259 0.7329550810185185 0.5414271458333333 0.7358789837962963 0.5366806388888888
3 0.9269675416666666 0.7885753055555556 0.9267866597222223 0.7875494629629629 0.924977824074074 0.7772910486111111 0.9266206574074074 0.7759436365740741 0.9324684629629629 0.7664506226851852 0.9322875787037037 0.7654247824074074 0.9319258125 0.763373099537037 0.9301020949074074 0.7636946689814814 0.9080365925925926 0.7665276759259259 0.9063937592592592 0.767875087962963 0.8992797708333333 0.7701872129629629 0.8976369351851852 0.771534625 0.8927084328703704 0.775576861111111 0.8928893148148148 0.7766027037037037 0.8924977824074074 0.7957109907407407 0.9028825578703703 0.801284025462963 0.9047062754629629 0.8009624560185186 0.9143675162037037 0.802432125 0.9161912337962964 0.8021105555555555 0.9234861064814814 0.8008242731481482 0.9251289421296297 0.7994768611111112 0.9337048819444443 0.7947914837962963 0.9335239976851852 0.7937656412037037 0.9269675416666666 0.7885753055555556
3 0.8720132962962963 0.7115308657407406 0.8703704629629629 0.7128782777777778 0.863799125 0.7182679259259259 0.8639800069444445 0.7192937662037038 0.864341775462963 0.7213454490740742 0.8667081435185184 0.7241014027777778 0.8687127453703704 0.7248056736111111 0.8745456666666667 0.7258926435185186 0.8761885 0.7245452314814814 0.8842217893518518 0.7167823310185185 0.8840409050925926 0.7157564884259259 0.885321974537037 0.7123573935185186 0.8833173726851852 0.7116531226851852 0.8720132962962963 0.7115308657407406
3 0.9055786388888889 0.6992659722222222 0.9057595231481481 0.7002918148148148 0.9064830555555555 0.7043951805555556 0.9124968611111112 0.7065079930555556 0.9143205787037038 0.7061864212962964 0.9161442962962963 0.7058648518518518 0.9177871319444444 0.7045174398148148 0.9287443240740741 0.6920080300925926 0.9267397222222222 0.6913037592592592 0.9152547615740741 0.6901556597222223 0.9136119282407408 0.6915030717592593 0.9055786388888889 0.6992659722222222
3 0.6323162986111112 0.40791622222222224 0.630673462962963 0.4092636342592592 0.6286539791666667 0.419139349537037 0.6386769861111111 0.42266070370370373 0.6405007060185185 0.42233913194444445 0.6530858472222222 0.41906229629629627 0.6547286828703703 0.4177148842592593 0.6576525856481481 0.41296837731481484 0.6574717013888889 0.4119425347222222 0.654381798611111 0.40508321527777774 0.6523771967592593 0.4043789444444444 0.6323162986111112 0.40791622222222224
3 0.6795520833333334 0.3985295439814815 0.6775474814814815 0.3978252731481482 0.6718954444444444 0.3977641435185185 0.6700717268518518 0.39808571527777775 0.6578483518518519 0.40341423379629626 0.6580292337962962 0.40444007407407406 0.6569290509259259 0.40886501157407407 0.6598380694444445 0.4146984884259259 0.6618426712962964 0.41540275925925924 0.6676755925925926 0.41648972916666666 0.6694993101851852 0.41616815972222226 0.6784370162037037 0.41353446527777776 0.6800798518518518 0.41218705324074073 0.6848274722222222 0.407118974537037 0.6846465879629631 0.40609313425925925 0.6795520833333334 0.3985295439814815
3 0.6901326249999999 0.3945484375 0.6884897916666667 0.39589584953703705 0.6850232384259259 0.3975648310185185 0.6852041226851852 0.3985906736111111 0.6864703055555557 0.4057715625 0.6946695972222222 0.4096144861111111 0.6964933148148148 0.4092929166666667 0.7068929722222222 0.40428596759259255 0.7067120879629629 0.4032601273148148 0.7058076712962963 0.3981309189814815 0.7038030694444445 0.39742664814814815 0.6994320995370371 0.3939664236111111 0.6976083819444445 0.39428799537037035 0.6901326249999999 0.3945484375
3 0.6946695972222222 0.4096144861111111 0.6948504791666666 0.4106403287037037 0.6939311805555556 0.4160911064814815 0.6999449837962963 0.4182039189814815 0.7015878194444445 0.4168565069444444 0.7087018078703703 0.41454438194444443 0.7103446412037037 0.4131969699074074 0.7110830578703704 0.40672034953703706 0.7090784583333333 0.4060160810185185 0.7034264189814815 0.4059549513888889 0.7017835856481481 0.4073023634259259 0.6946695972222222 0.4096144861111111
3 0.6802607361111112 0.41321289351851853 0.678617900462963 0.4145603055555555 0.6715039120370371 0.41687243055555556 0.6698610787037036 0.4182198425925926 0.6687608935185184 0.4226447777777778 0.6769601828703704 0.42648770370370365 0.678783900462963 0.42616613194444447 0.682431337962963 0.42552299074074074 0.6840741712962962 0.4241755787037037 0.6902837430555556 0.41673424768518513 0.6901028587962963 0.41570840509259255 0.6897410925925925 0.4136567222222222 0.6877364907407407 0.41295245370370376 0.6802607361111112 0.41321289351851853
3 0.6565524004629629 0.4173933125 0.6549095671296296 0.41874072453703703 0.6425053055555556 0.4230434027777778 0.6408624722222223 0.4243908148148148 0.6412242384259259 0.4264424976851852 0.6492426458333334 0.42925958101851847 0.6510663634259259 0.42893800925925923 0.6583612361111112 0.4276517268518518 0.6600040694444445 0.42630431481481484 0.6649325740740741 0.4222620787037037 0.6647516898148148 0.4212362384259259 0.6645708078703704 0.4202103958333333 0.6625662060185186 0.41950612499999995 0.6565524004629629 0.4173933125
3 0.6250065439814816 0.41978249074074075 0.6231828240740741 0.42010406250000004 0.6177116712962963 0.42106877314814817 0.6160688356481481 0.42241618518518514 0.6111403333333334 0.4264584212962963 0.6113212152777777 0.4274842638888889 0.6118638657407408 0.430561787037037 0.6178776712962963 0.432674599537037 0.6197013888888889 0.4323530300925926 0.6288199791666668 0.4307451759259259 0.6304628148148148 0.4293977638888889 0.6373959189814814 0.4260597986111111 0.6372150370370371 0.4250339560185185 0.6368532685185185 0.4229822731481481 0.6348486666666666 0.42227800231481477 0.6250065439814816 0.41978249074074075
3 0.6205462754629629 0.47980217592592594 0.6187225578703703 0.48012374537037034 0.6039519305555556 0.4816704699074074 0.6023090949074074 0.48301788194444445 0.6008471435185185 0.4853911365740741 0.6053989976851852 0.48987720138888885 0.607403599537037 0.4905814722222222 0.6152411226851852 0.492372712962963 0.6170648402777777 0.4920511435185185 0.6241788287037038 0.4897390185185185 0.6239979444444445 0.48871317824074073 0.6245554791666668 0.4812107175925926 0.6225508773148148 0.4805064467592593 0.6205462754629629 0.47980217592592594
3 0.6053989976851852 0.48987720138888885 0.6035752800925926 0.49019877314814814 0.5962804074074074 0.49148505555555555 0.5946375717592592 0.4928324675925926 0.5898899537037037 0.4979005439814814 0.5900708356481482 0.4989263865740741 0.5907943703703703 0.5030297523148148 0.5986318935185184 0.5048209930555556 0.6004556111111111 0.5044994236111111 0.6095742013888888 0.5028915694444445 0.611217037037037 0.5015441574074074 0.6161455393518518 0.4975019212962963 0.6159646550925926 0.4964760787037037 0.6154220046296296 0.49339855555555556 0.6134174050925927 0.4926942847222222 0.6053989976851852 0.48987720138888885
3 0.5698290532407407 0.5014378217592592 0.5681862199074074 0.5027852337962964 0.563438599537037 0.5078533125 0.5698141712962963 0.5120178078703703 0.5716378888888889 0.5116962361111111 0.5811182453703704 0.5121400648148148 0.5827610810185185 0.5107926527777779 0.5895133032407407 0.5064288472222223 0.5893324189814815 0.5054030046296296 0.5884280023148148 0.5002737986111111 0.586423400462963 0.49956952777777774 0.5698290532407407 0.5014378217592592
3 0.5543348912037037 0.4988811805555556 0.5526920578703703 0.5002285925925926 0.5537773587962963 0.5063836412037037 0.5577865625 0.5077921828703703 0.5596102800925926 0.5074706134259259 0.5632577152777778 0.5068274699074075 0.564900550925926 0.5054800578703704 0.5698290532407407 0.5014378217592592 0.5696481712962963 0.5004119814814815 0.5691055208333333 0.49733445601851856 0.567281800925926 0.4976560277777778 0.5543348912037037 0.4988811805555556
3 0.7870323865740741 0.46419675 0.7850277847222222 0.46349247916666664 0.7791948634259259 0.4624055092592592 0.7773711458333333 0.4627270810185185 0.766428837962963 0.4646565046296296 0.7647860023148149 0.4660039166666667 0.7600383819444445 0.4710719930555555 0.7602192662037036 0.47209783564814817 0.7613045671296297 0.47825288425925927 0.772789525462963 0.4794009837962963 0.7746132453703704 0.4790794120370371 0.7855555532407408 0.47714998842592593 0.787198386574074 0.4758025763888889 0.7919460069444445 0.4707345 0.791765125 0.4697086574074074 0.7914033564814815 0.4676569745370371 0.7893987546296296 0.46695270370370373 0.7870323865740741 0.46419675
3 0.8134688564814815 0.4648239675925926 0.8114642546296296 0.46411969675925924 0.7932270740740741 0.4673354050925926 0.7934079583333333 0.4683612453703703 0.787198386574074 0.4758025763888889 0.7873792708333334 0.4768284189814815 0.787741037037037 0.47888010185185187 0.7939357268518519 0.4820187546296296 0.7957594444444445 0.4816971828703704 0.8015923657407407 0.4827841550925926 0.8034160833333333 0.4824625833333333 0.8125346736111111 0.48085473148148145 0.8141775092592594 0.47950731944444447 0.8174631782407408 0.47681249305555556 0.8172822939814814 0.4757866527777778 0.8134688564814815 0.4648239675925926
3 0.7721552893518518 0.4118177083333333 0.7705124560185185 0.4131651226851852 0.7670459027777778 0.4148341041666667 0.7672267870370371 0.41585994675925925 0.7684929699074075 0.4230408356481481 0.7799779305555555 0.4241889351851852 0.7816207638888889 0.42284152314814816 0.7883729861111112 0.4184777175925926 0.7881921018518518 0.41745187500000003 0.7894731689814815 0.4140527800925926 0.7874685671296296 0.41334850925925926 0.7830975972222222 0.4098882847222222 0.7812738796296296 0.41020985648148145 0.7721552893518518 0.4118177083333333
3 0.7033050671296296 0.3626091689814815 0.7034859513888889 0.3636350115740741 0.7023857662037037 0.3680599467592593 0.7120470069444444 0.36952961805555556 0.7138707268518518 0.36920804861111106 0.7264558680555555 0.3659312106481481 0.7262749861111111 0.36490537037037035 0.7237277337962963 0.3611235740740741 0.7217231319444445 0.36041930555555557 0.7100572893518519 0.35824536342592594 0.7084144537037038 0.3595927754629629 0.7033050671296296 0.3626091689814815
3 0.9364833935185186 0.2453365439814815 0.9346596736111111 0.24565811574074076 0.9237173657407408 0.24758753935185188 0.9220745324074074 0.2489349513888889 0.9156840763888888 0.25535044212962965 0.9158649606481482 0.2563762824074074 0.916407611111111 0.2594538055555556 0.924606900462963 0.26329673148148147 0.9264306180555556 0.26297515972222224 0.9355492083333333 0.2613673078703704 0.9371920439814815 0.2600198935185185 0.9457679837962963 0.25533451620370373 0.945587099537037 0.25430867592592593 0.9485110023148148 0.24956216898148148 0.946506400462963 0.24885789814814815 0.9364833935185186 0.2453365439814815
3 0.9486918865740741 0.2505880092592592 0.9488727685185184 0.2516138518518518 0.9424823148148148 0.2580293402777778 0.942663199074074 0.2590551828703704 0.943205849537037 0.2621327060185185 0.9535906226851851 0.26770574305555556 0.9554143425925926 0.2673841712962963 0.9639902800925926 0.2626987939814815 0.9638093981481481 0.2616729537037037 0.9618196782407408 0.2503886967592593 0.9598150763888889 0.2496844259259259 0.9576295925925926 0.2479543148148148 0.955805875 0.24827588657407407 0.9486918865740741 0.2505880092592592
3 0.9483003518518518 0.26969629629629627 0.9484812361111111 0.2707221388888889 0.9493856527777778 0.2758513449074074 0.9555803425925925 0.2789899976851852 0.9574040601851851 0.27866842824074073 0.9665226504629629 0.2770605740740741 0.9663417662037038 0.2760347337962963 0.9639902800925926 0.2626987939814815 0.9621665625 0.2630203657407407 0.9532288564814815 0.26565406018518517 0.9515860208333334 0.2670014722222222 0.9483003518518518 0.26969629629629627
3 0.9399201805555556 0.26482753009259263 0.9380964606481482 0.26514910185185186 0.9324444236111111 0.26508797222222225 0.930801587962963 0.2664353842592593 0.9204019305555555 0.27144233333333334 0.9205828148148149 0.2724681736111111 0.9196635138888889 0.2779189513888889 0.9278628032407407 0.28176187731481483 0.9296865231481481 0.28144030555555555 0.9353385601851852 0.28150143518518517 0.9369813935185185 0.28015402314814813 0.9457382175925927 0.2764944861111111 0.9455573333333334 0.2754686458333333 0.9483003518518518 0.26969629629629627 0.9462957523148148 0.26899202546296297 0.9399201805555556 0.26482753009259263
3 0.38116410648148147 0.08199351157407407 0.3793403888888889 0.08231508333333333 0.36711701157407406 0.08764360185185185 0.3672978958333333 0.08866944212962963 0.3671021296296296 0.09822358564814815 0.3712922152777778 0.1006579699074074 0.37311593518518515 0.10033639814814814 0.37894885648148147 0.10142337037037036 0.38077257407407405 0.10110179861111111 0.3862437268518519 0.10013708564814815 0.3878865625 0.0987896736111111 0.3911871134259259 0.08551486574074074 0.3891825115740741 0.0848105949074074 0.38116410648148147 0.08199351157407407
3 0.4110671296296296 0.08095174537037036 0.409243412037037 0.08127331712962962 0.3983011041666667 0.08320274074074074 0.3966582685185185 0.08455015277777778 0.3915488819444444 0.08756654861111111 0.3917297638888889 0.08859238888888889 0.38952939583333335 0.09744226157407407 0.39572408564814815 0.10058091666666666 0.3975478032407408 0.1002593449074074 0.403380724537037 0.1013463148148148 0.40520444212962964 0.10102474537037037 0.4157849837962963 0.09704363888888888 0.4156040995370371 0.09601779629629631 0.41543809953703703 0.08441196990740742 0.4134334976851852 0.08370769907407408 0.4110671296296296 0.08095174537037036
3 0.38842921296296296 0.10186719907407407 0.3867863773148148 0.10321461111111112 0.3860479606481481 0.10969122916666667 0.3942472523148148 0.11353415509259258 0.39607096990740737 0.11321258333333334 0.4015421226851852 0.11224787037037036 0.40318495833333334 0.11090045833333333 0.40556621064814813 0.10307642824074074 0.4035616087962963 0.1023721574074074 0.39572408564814815 0.10058091666666666 0.39390036805555556 0.10090248611111112 0.38842921296296296 0.10186719907407407
3 0.38677149537037037 0.1137945949074074 0.38476689351851856 0.11309032407407409 0.3800341574074074 0.10757841666666666 0.3780295555555555 0.10687414814814815 0.37183486574074076 0.10373549305555556 0.3700111481481482 0.10405706481481482 0.36618282870370367 0.10367436342592594 0.36453999537037035 0.10502177546296297 0.3574260069444445 0.10733390046296297 0.3557831712962963 0.1086813125 0.34556439814814816 0.11471410185185185 0.3457452800925926 0.11573994444444445 0.34573039814814815 0.12631992824074073 0.3508249027777777 0.1338835185185185 0.35282950462962964 0.13458778935185187 0.35701959027777774 0.1370221712962963 0.3588433078703704 0.13670060185185184 0.37726137268518517 0.1345107361111111 0.37890420601851854 0.13316332407407408 0.38821856250000003 0.1220013263888889 0.3880376805555556 0.1209754861111111 0.38677149537037037 0.1137945949074074
3 0.3581048912037037 0.1431772199074074 0.3561002893518519 0.14247294907407407 0.3464539328703704 0.13042329398148148 0.3444493310185185 0.12971902314814815 0.3424447291666667 0.12901475231481482 0.3406210115740741 0.12933632407407408 0.3167317916666667 0.13249090046296297 0.31508895833333334 0.1338383125 0.3116224050925926 0.1355072962962963 0.3118032893518518 0.13653313657407407 0.31213528935185186 0.15974478935185185 0.3227009490740741 0.16634366666666664 0.3245246666666667 0.16602209722222222 0.3358287407407407 0.1661443564814815 0.33765246064814813 0.1658227847222222 0.3447664490740741 0.16351065972222223 0.3464092824074074 0.1621632476851852 0.3548043402777778 0.1564520300925926 0.35462345601851847 0.1554261875 0.3581048912037037 0.1431772199074074
3 0.41742781944444446 0.09569622685185185 0.4234416226851852 0.09780903935185184 0.4252653402777778 0.0974874675925926 0.4360267662037037 0.09453220138888889 0.437669599537037 0.09318478935185184 0.43750359953703705 0.08157896296296296 0.43567988194444446 0.08190053472222222 0.4174427013888889 0.08511624074074074 0.4176235856481481 0.08614208333333334 0.41742781944444446 0.09569622685185185
3 0.43732271527777783 0.08055312268518519 0.43750359953703705 0.08157896296296296 0.4407743865740741 0.089464125 0.4391315509259259 0.09081153703703704 0.4360267662037037 0.09453220138888889 0.44532624074074073 0.0939501898148148 0.4469690740740741 0.09260277777777777 0.4502547430555556 0.08990795370370369 0.4500738587962963 0.08888211111111112 0.4522742268518518 0.08003223842592593 0.4539170625 0.07868482638888888 0.45555989583333334 0.07733741435185185 0.45373617824074075 0.0776589861111111 0.43732271527777783 0.08055312268518519
3 0.10916451157407409 0.4483329305555555 0.11700203472222223 0.4501241736111111 0.11882575231481482 0.4498026018518519 0.12612062500000001 0.4485163194444444 0.12776346064814814 0.4471689074074074 0.13196843055555554 0.4390233055555555 0.1299638287037037 0.4383190347222222 0.11172664814814814 0.4415347407407407 0.11190753009259259 0.4425605833333333 0.10916451157407409 0.4483329305555555
3 0.14128278703703703 0.42786130787037036 0.13963995138888888 0.42920871990740744 0.13617339814814816 0.4308777037037037 0.1363542824074074 0.4319035439814815 0.13306861342592594 0.4345983680555556 0.13324949768518518 0.43562421064814816 0.1339730324074074 0.4397275763888889 0.1379822337962963 0.4411361180555556 0.1398059513888889 0.4408145462962963 0.1450962222222222 0.4388239930555556 0.14673905787037037 0.4374765810185185 0.15166756018518518 0.4334343449074074 0.15148667824074075 0.4324085023148148 0.15076314351851852 0.42830513657407404 0.14875854166666666 0.4276008657407408 0.14128278703703703 0.42786130787037036
3 0.0841751111111111 0.4559124444444444 0.08435599305555555 0.4569382870370371 0.08343669212962963 0.4623890648148148 0.10003103935185186 0.46052076851851853 0.101673875 0.45917335648148144 0.10860697916666666 0.4558353912037037 0.10660237731481483 0.4551311203703704 0.1000459212962963 0.4499407847222222 0.0982222037037037 0.4502623564814815 0.09275105092592593 0.4512270671296296 0.09110821527777778 0.4525744791666667 0.0841751111111111 0.4559124444444444
3 0.23254768287037036 0.6148541666666667 0.23090484722222224 0.6162015787037036 0.23016643055555555 0.6226781990740741 0.23417563425925927 0.6240867407407408 0.23599935185185184 0.6237651689814814 0.24694165972222223 0.6218357453703703 0.2485844953703704 0.6204883333333333 0.2471374259259259 0.6122816018518519 0.24513282407407408 0.6115773310185185 0.239480787037037 0.611516201388889 0.23783795138888889 0.612863613425926 0.23254768287037036 0.6148541666666667
3 0.24695654166666667 0.6112557592592592 0.2535129976851852 0.6164460972222222 0.25533671527777774 0.6161245254629629 0.262631587962963 0.6148382430555556 0.2624507060185185 0.6138124027777778 0.2611845208333333 0.6066315115740741 0.25936080324074073 0.6069530833333333 0.2518850462962963 0.6072135231481481 0.25024221296296295 0.6085609351851852 0.24695654166666667 0.6112557592592592
3 0.3841761574074074 0.7922610347222223 0.38217155555555554 0.7915567638888888 0.3630299560185185 0.789643263888889 0.361206238425926 0.7899648333333333 0.35062569675925925 0.7939459421296297 0.3508065810185185 0.7949717824074075 0.3398493888888889 0.8074811921296297 0.34003027314814815 0.8085070324074074 0.3409346921296296 0.8136362407407408 0.3467676111111111 0.8147232106481481 0.3485913310185185 0.8144016412037037 0.3558862013888889 0.8131153564814815 0.35752903703703703 0.8117679444444446 0.3699332962962963 0.8074652685185185 0.37157613194444444 0.8061178564814815 0.3847188078703703 0.7953385578703703 0.3845379236111111 0.7943127175925926 0.3841761574074074 0.7922610347222223
3 0.3314692175925926 0.802612425925926 0.3312883333333333 0.8015865856481482 0.33202675 0.7951099652777778 0.3300221481481482 0.7944056944444445 0.3081375324074074 0.7982645439814815 0.3064946967592593 0.7996119560185185 0.2876999837962963 0.8103301226851852 0.28788086574074073 0.8113559652777779 0.2884235162037037 0.8144334884259259 0.29880829166666667 0.8200065254629629 0.30063200925925926 0.8196849537037038 0.30610316435185186 0.8187202430555556 0.30810776620370367 0.8194245138888889 0.3139406875 0.8205114837962962 0.3155835208333333 0.8191640717592592 0.3192309583333333 0.8185209305555555 0.3208737916666667 0.8171735185185185 0.3314692175925926 0.802612425925926
3 0.8708982291666666 0.726535787037037 0.8688936273148149 0.7258315162037037 0.8606943379629629 0.7219885902777777 0.8588706203703703 0.722310162037037 0.8384479537037037 0.7237957569444445 0.8368051203703705 0.7251431689814815 0.8318766157407408 0.7291854050925927 0.8320575 0.7302112453703704 0.8329619166666666 0.7353404537037037 0.8393374884259259 0.739504949074074 0.8411612083333333 0.7391833773148149 0.8469941296296296 0.7402703472222222 0.8488178472222222 0.7399487777777778 0.8597601550925925 0.7380193541666666 0.8614029907407408 0.7366719421296296 0.8697980462962962 0.7309607222222222 0.8696171620370371 0.7299348819444444 0.8708982291666666 0.726535787037037
1 0.30253540972222226 0.3868410601851852 0.2971979722222222 0.44828469675925925 0.3255877569444444 0.44719243518518514 0.3298366875 0.3689111828703704 0.3350890648148148 0.3549748935185185 0.34349156249999996 0.34397368055555555 0.35983713657407407 0.337495212962963 0.4388856412037037 0.3304321134259259 0.4387590208333333 0.32971402546296297 0.43779541666666666 0.3018539282407407 0.4203870949074074 0.2991059375 0.3556329675925926 0.30618711805555554 0.2149425648148148 0.31132074305555557 0.21495069212962964 0.34442644675925926 0.28893663425925925 0.34597748842592596 0.29554288888888886 0.35464957175925926 0.30253540972222226 0.3868410601851852
0 0.4219645601851852 0.26646106481481485 0.42449566898148144 0.2946794074074074 0.41688734259259264 0.2984537546296296 0.3962597523148148 0.3030429189814815 0.36504246064814816 0.30516261342592593 0.36291639120370367 0.33896195601851853 0.4549103171296296 0.3317317013888889 0.5165371041666666 0.3314425972222222 0.527861787037037 0.3039543101851852 0.5316764837962963 0.3010604305555556 0.48591604398148147 0.2985518703703704 0.45390114814814814 0.2844172962962963 0.4463726157407407 0.2833119861111111 0.4443239375 0.2620954074074074 0.4480586111111111 0.2512826180555556 0.4592735046296296 0.2370353912037037 0.4390812916666667 0.23023000925925924 0.4219645601851852 0.26646106481481485
0 0.9244113611111111 0.7911414999999999 0.9254225902777777 0.7851456458333333 0.894578974537037 0.7808530347222222 0.8788707291666666 0.7749493865740741 0.8702734953703704 0.7688496111111112 0.8717775763888889 0.7624495324074074 0.8876422060185185 0.747911300925926 0.8872412847222222 0.7477704467592593 0.8695058842592592 0.7442339398148148 0.8213195439814815 0.7812893634259259 0.8326342662037037 0.7868041990740741 0.8416879444444445 0.7794960162037037 0.858381662037037 0.7717926527777778 0.8782061527777778 0.7807783449074074 0.9000758865740741 0.7874994814814814 0.9244113611111111 0.7911414999999999