2 0.6721931319444444 0.2781641064814815 0.7025022083333333 0.2608169166666667 0.6081124537037037 0.25303867592592594 0.30694199768518515 0.21314238194444446 0.048511185185185185 0.16619944907407408 0.042508881944444445 0.1969937800925926 0.47698699074074075 0.27477288657407406 0.6236966273148148 0.28841208333333335 0.8898999166666667 0.3336330324074074 0.9353389236111112 0.3024405601851852 0.7557968009259258 0.2806481851851852 0.7177401967592593 0.2865381689814815 0.6721931319444444 0.2781641064814815
2 0.03569700231481482 0.46137058333333336 0.04034611342592593 0.4758173958333333 0.09498788888888889 0.4906942453703704 0.19630808796296295 0.49851550925925925 0.3931567199074074 0.5010067569444444 0.34422292129629634 0.4832372175925926 0.34441846296296297 0.48200260879629625 0.12278716898148148 0.4785391944444444 0.03569700231481482 0.46137058333333336
2 0.7265441365740741 0.4961207175925926 0.4942916967592592 0.49224066203703704 0.49217331481481486 0.5056156064814815 0.7835892824074073 0.519499037037037 0.8607699722222222 0.5353090717592592 0.9925844722222222 0.5423705069444444 0.9968727708333334 0.5425223796296296 0.9975352268518519 0.5312370694444445 0.8763418680555555 0.5245922777777777 0.8033643402777778 0.5082878425925925 0.7265441365740741 0.4961207175925926
2 0.6744550092592592 0.5566338657407408 0.6934717708333333 0.555300662037037 0.7287644699074074 0.5594034189814815 0.8303166898148149 0.5744014189814814 0.8304740254629629 0.5673707222222222 0.7746506782407407 0.5604275439814815 0.7250904050925926 0.5521772013888889 0.7106624074074075 0.5488057407407407 0.6991473912037037 0.548469 0.6721893148148148 0.549630712962963 0.6744550092592592 0.5566338657407408
3 0.4651581990740741 0.5187385787037037 0.4671502037037037 0.5179994282407407 0.48125719212962964 0.5117965462962962 0.48142014351851853 0.5107677060185185 0.48788501620370367 0.5054637337962963 0.4880479699074074 0.5044348912037037 0.48866320601851854 0.4887125671296296 0.4869971064814815 0.4873940324074074 0.4809845162037037 0.4780045231481481 0.47915546296296296 0.4777148287037037 0.4585470277777778 0.47761472685185186 0.45671797685185184 0.4773250324074074 0.4294451412037037 0.47195078935185186 0.4274531365740741 0.4726899375 0.4095250902777778 0.479342275462963 0.40769603935185184 0.4790525810185185 0.39273771296296295 0.4787927175925926 0.39074570833333333 0.47953186574074075 0.3887537037037037 0.4802710162037037 0.38859075000000004 0.4812998564814815 0.3854580787037037 0.489240900462963 0.394476962962963 0.5033251643518519 0.3961430625 0.5046437013888889 0.40630261342592594 0.5115260717592592 0.40813166666666667 0.5118157638888889 0.4204461759259259 0.5169301458333334 0.42227522916666665 0.517219837962963 0.4480449166666667 0.5202467037037037 0.4500369212962963 0.5195075555555556 0.4651581990740741 0.5187385787037037
3 0.46801819675925926 0.4770055092592593 0.4700102013888889 0.47626636111111115 0.48131042129629625 0.475946837962963 0.483302425925926 0.4752076898148148 0.5015563773148148 0.4664976689814815 0.5017193287037037 0.4654688263888889 0.5083471550925927 0.4591360115740741 0.5085101087962963 0.4581071712962963 0.5104655393518519 0.44576106712962965 0.5087994398148148 0.4444425300925926 0.5059560972222222 0.4387189328703704 0.5041270439814814 0.43842924074074074 0.4788462152777778 0.4323158472222222 0.4771801134259259 0.4309973125 0.45986730555555555 0.4219273263888889 0.45787530092592593 0.42266647453703704 0.4422651643518518 0.4265219791666667 0.442102212962963 0.42755082175925924 0.4276693194444444 0.4358113865740741 0.4256773148148148 0.4365505347222222 0.4197012986111111 0.43876798148148144 0.4178722453703704 0.438478287037037 0.4122221365740741 0.4386380486111111 0.41205918287037036 0.43966689120370367 0.4099042268518519 0.44143488194444447 0.41026670601851856 0.45098415277777776 0.41193280555555556 0.4523026898148148 0.41477614814814817 0.458026287037037 0.4164422476851852 0.4593448217592592 0.42643884722222225 0.4672560347222222 0.4282679004629629 0.46754572685185186 0.44956471990740743 0.4751374166666667 0.4513937708333333 0.47542711111111113 0.46801819675925926 0.4770055092592593
3 0.5061190486111111 0.4376900925925926 0.5081110532407407 0.43695094212962965 0.5154272638888889 0.4381097175925926 0.5174192685185185 0.43737056944444447 0.5325405462962963 0.4366015902777778 0.5345325509259259 0.4358624421296296 0.5444925763888888 0.43216669907407407 0.5446555300925926 0.43113785648148145 0.5511204027777777 0.4258338842592593 0.5512833541666666 0.4248050439814815 0.5535646898148149 0.4104012546296296 0.5518985902777778 0.4090827199074074 0.5465378125 0.39557784027777776 0.544871712962963 0.39425930555555555 0.5135782939814815 0.37875640277777783 0.5117492407407407 0.37846671064814813 0.4914667106481481 0.37630892361111107 0.4894747060185185 0.3770480717592593 0.4778485810185185 0.3794252800925926 0.4776856273148148 0.3804541226851852 0.4713837083333334 0.3847292523148148 0.4712207546296296 0.3857580925925926 0.4641040717592593 0.3951774328703704 0.46394112037037033 0.396206275462963 0.4628004513888889 0.4034081689814815 0.4629999791666667 0.4139862824074074 0.46466607870370374 0.4153048194444445 0.46734646759259263 0.42205725694444446 0.46901256712962963 0.4233757939814815 0.47734306712962965 0.4299684699074074 0.4791721203703703 0.4302581643518518 0.4861624236111111 0.43347462268518516 0.48799147685185185 0.43376431481481476 0.5061190486111111 0.4376900925925926
3 0.5155702986111111 0.3780172546296296 0.5172363981481481 0.37933578935185186 0.5415395115740741 0.3916222337962963 0.5433685648148148 0.3919119282407407 0.5486927685185186 0.393809849537037 0.550684775462963 0.3930707013888889 0.5629627106481482 0.38657812731481483 0.5631256620370371 0.3855492847222222 0.5700793935185184 0.37715878703703704 0.5702423449074074 0.3761299444444444 0.5708941550925926 0.3720145763888889 0.5692280555555556 0.3706960416666667 0.5671994768518518 0.3598282337962963 0.5655333773148148 0.3585096990740741 0.5556997291666667 0.3495696435185185 0.5538706782407408 0.34927994907407406 0.5400530208333334 0.3418181921296296 0.5382239675925926 0.3415284976851852 0.5127801851851852 0.33644394907407404 0.5107881805555555 0.33718309722222223 0.49948796064814815 0.3375026203703704 0.4974959560185185 0.3382417685185185 0.4835519212962963 0.34341580787037035 0.48338896759259264 0.344444650462963 0.4802562939814815 0.3523856944444444 0.4904158472222222 0.35926806481481477 0.49025289351851853 0.36029690740740744 0.4935850949074074 0.36293397685185186 0.4934221412037037 0.3639628194444445 0.4961025300925926 0.37071525925925924 0.49776863194444443 0.3720337939814815 0.5011008310185185 0.3746708657407407 0.5029298842592593 0.37496055787037036 0.5155702986111111 0.3780172546296296
3 0.49482209259259263 0.544529900462963 0.49498504398148147 0.5435010578703704 0.5062486898148149 0.5315745787037037 0.5064116435185185 0.5305457384259259 0.5080411689814814 0.5202573171296296 0.5063750694444444 0.5189387824074074 0.5051978263888889 0.5145337199074075 0.5035317268518519 0.5132151851851852 0.49520122685185186 0.5066225069444444 0.4933721736111111 0.5063328148148147 0.48971406944444446 0.5057534259259259 0.48955111805555557 0.5067822685185185 0.4789392824074074 0.5145933796296296 0.47694727546296295 0.5153325277777777 0.4669872523148148 0.5190282708333334 0.4651581990740741 0.5187385787037037 0.4535320740740741 0.5211157847222222 0.45170302083333336 0.5208260925925926 0.4291025810185185 0.5214651388888889 0.4271105763888889 0.522204287037037 0.4171505509259259 0.5259000300925926 0.41698759722222223 0.5269288726851852 0.4164987407407408 0.5300153981481481 0.4210081828703704 0.5370575300925926 0.4226742824074074 0.5383760648148148 0.43299678703703703 0.5442295949074074 0.43482584027777776 0.5445192870370371 0.45279045833333337 0.5494739074074074 0.4546195115740741 0.549763599537037 0.47307298842592593 0.5516316921296296 0.4750649930555556 0.5508925439814815 0.49482209259259263 0.544529900462963
3 0.3832665462962963 0.4794019351851852 0.38160044675925925 0.47808340046296294 0.37343290046296296 0.4704618796296296 0.37359585185185185 0.46943303703703704 0.37392175694444446 0.46737535416666665 0.3759137615740741 0.4666362060185185 0.3818897777777778 0.4644187592592593 0.3837188287037037 0.4647084537037037 0.39302704398148147 0.4651280787037037 0.3931899976851852 0.4640992361111111 0.3981517222222222 0.45644788657407404 0.39648562268518517 0.4551293518518519 0.37234546064814816 0.44181406481481483 0.3705164097222222 0.4415243726851852 0.35738713657407406 0.4415542013888889 0.35539513194444444 0.44229334953703703 0.34145109490740744 0.4474673912037037 0.3412881435185185 0.4484962314814815 0.3349862222222222 0.4527713611111111 0.33482327083333335 0.45380020370370366 0.33054992824074075 0.46894314120370373 0.33839157175925927 0.4786223449074074 0.34005767129629627 0.47994087962962967 0.35354942361111114 0.48946032175925924 0.3553784745370371 0.48975001388888884 0.36419783333333333 0.4932561666666667 0.3660268842592593 0.4935458587962963 0.3843174097222222 0.4964427939814815 0.3863094143518519 0.4957036458333334 0.3832665462962963 0.4794019351851852
3 1 0.15250456018518518 0.9978151273148148 0.15065779398148146 0.9979780810185185 0.1496289513888889 0.9913136805555555 0.14435481018518517 0.9824943240740741 0.1408486597222222 0.979162125 0.13821158796296296 0.9721718194444444 0.13499512962962962 0.9666846620370371 0.13412605092592592 0.9650185625 0.1328075138888889 0.9595314050925926 0.1319384351851852 0.9578653055555556 0.13061989814814814 0.9064888819444445 0.12353732407407408 0.8930337060185186 0.12562483796296298 0.889375599537037 0.1250454513888889 0.8797414791666667 0.12668350925925928 0.8760833749999999 0.1261041226851852 0.8646202013888888 0.12745248842592594 0.8427081458333333 0.1355831226851852 0.8403902361111112 0.13837995601851852 0.8344142222222223 0.14059740046296296 0.8259573425925927 0.14664052083333334 0.8158343657407408 0.15136510648148147 0.8133535023148148 0.1551907800925926 0.804896625 0.161233900462963 0.8040818611111111 0.16637811111111112 0.80291925 0.1666158310185185 0.8056922546296297 0.17199431481481484 0.800941875 0.17199776157407407 0.7991201365740741 0.17402946064814817 0.8026152893518519 0.17563768981481484 0.7963133680555556 0.17991281944444443 0.7969871226851851 0.182761625 0.7950097476851852 0.18814355555555554 0.7966758472222223 0.18946209027777777 0.7956981319444445 0.19563514351851852 0.7973642337962963 0.19695367824074075 0.7968753749999999 0.2000402037037037 0.8000446226851852 0.20370611805555555 0.7997187175925925 0.20576380092592592 0.8013848171296296 0.20708233564814815 0.8037393009259259 0.21589246064814813 0.805242449074074 0.21823983796296298 0.8070715023148148 0.2185295300925926 0.818575412037037 0.21692395601851852 0.8217962013888889 0.22815636574074075 0.831211662037037 0.23184481712962962 0.8234065949074074 0.23377256944444444 0.822917738425926 0.2368590949074074 0.8347433888888889 0.2450600023148148 0.850390099537037 0.25281145370370367 0.8558772569444444 0.2536805324074074 0.8598612662037036 0.2522022361111111 0.8600242199074074 0.25117339351851853 0.8640082291666666 0.24969509722222222 0.8643341342592592 0.24763741435185185 0.8663261388888889 0.24689826388888889 0.8666520439814815 0.24484058101851852 0.8697507199074074 0.24369079398148147 0.8689699537037037 0.2420437476851852 0.8709619606481481 0.24130459953703706 0.8791173171296296 0.24505713425925926 0.9072171041666667 0.24915615277777778 0.9092091087962964 0.24841700462962965 0.9178219513888889 0.24967567824074074 0.9050987199074074 0.26253109953703707 0.9066018680555556 0.26487847685185184 0.9157471296296296 0.26632694444444444 0.92538125 0.26468888425925924 0.9346894652777777 0.2651085092592593 0.9405025277777779 0.2639199074074074 0.9441606342592592 0.2644992939814815 0.9461526388888889 0.26376014583333335 0.9498107430555556 0.2643395324074074 0.9574528587962964 0.26344062037037036 0.9654208796296296 0.2604840277777778 0.9657467847222222 0.2584263425925926 0.9574162847222222 0.2518336666666667 0.9485969259259259 0.24832751388888888 0.940103474537037 0.24276367824074074 0.9331131689814816 0.23954722222222222 0.9294550648148148 0.23896783333333335 0.9277889652777778 0.23764929861111111 0.9305451805555556 0.23682025925925926 0.943268412037037 0.22396484027777777 0.9471835833333334 0.22173738425925926 0.9570172314814814 0.2306774375 0.9640075347222222 0.23389389583333334 0.9690058356481481 0.2378495023148148 0.970834886574074 0.23813919675925924 0.9878217916666666 0.24926686574074072 0.9974559120370371 0.24762880787037037 0.9997738217592592 0.24483197453703706 1 0.2447480486111111 1 0.15250456018518518
3 1 0.3057558148148148 0.9933673194444445 0.3082169212962963 0.9880046620370371 0.30730164583333336 0.9845095115740741 0.30569341666666666 0.9760160578703704 0.3001295810185185 0.968699849537037 0.2989708078703704 0.9670337476851851 0.29765227083333334 0.9633756435185185 0.29707288425925926 0.9358134791666667 0.30536328009259256 0.935650525462963 0.30639212268518523 0.9235355416666666 0.3118558564814815 0.9084508402777778 0.3242317893518518 0.9079619814814814 0.3273183171296296 0.9059699768518519 0.32805746527777774 0.9054811180555555 0.33114399074074075 0.903489113425926 0.3318831388888889 0.9030002569444444 0.33496966666666667 0.9010082500000001 0.3357088148148148 0.9005193935185185 0.3387953402777778 0.898527388888889 0.33953448842592593 0.8978755787037037 0.3436498564814815 0.8995416782407408 0.3449683912037037 0.8987269143518518 0.3501126018518519 0.9003930162037037 0.3514311388888889 0.8995782523148148 0.3565753472222222 0.9012443518518518 0.3578938842592593 0.9009184467592593 0.3599515671296296 0.908597136574074 0.37065961342592596 0.9082712314814815 0.3727172962962963 0.9127806736111111 0.37975943055555555 0.9344399722222222 0.39690039120370374 0.9432593287037037 0.40040654166666667 0.9517527824074073 0.4059703773148148 0.9587430856481481 0.4091868356481481 1 0.4157212893518519 1 0.3167946388888889 0.993002962962963 0.3112572523148148 0.9931659143518519 0.31022840972222226 1 0.309286087962963 1 0.3057558148148148
3 0.7774209999999999 0.03876125925925926 0.775591949074074 0.03847156481481481 0.7170622685185185 0.029201374999999998 0.7168993171296297 0.030230215277777778 0.716573412037037 0.03228790046296296 0.7277472523148149 0.04460417361111112 0.7295763055555555 0.04489386805555556 0.7511990300925926 0.050427872685185185 0.7531910347222223 0.049688724537037036 0.7568491388888888 0.05026811111111112 0.7588411458333333 0.04952896296296297 0.7688011689814814 0.04583321990740741 0.7689641226851852 0.04480437962962963 0.7774209999999999 0.03876125925925926
3 0.2323333125 0.15386622453703702 0.23050425925925924 0.1535765300925926 0.21404278703703702 0.15096928935185186 0.21387983564814816 0.15199813194444445 0.20944354166666665 0.1681699097222222 0.21444184027777777 0.1721255162037037 0.2162708935185185 0.17241521064814816 0.23273236574074072 0.17502245138888892 0.23472437037037036 0.17428330324074073 0.23870838194444446 0.17280500462962964 0.23887133333333332 0.17177616435185183 0.2401749537037037 0.16354542824074073 0.23850885416666667 0.16222689120370368 0.2323333125 0.15386622453703702
3 0.37310046759259263 0.25947899305555555 0.3712714166666667 0.25918930092592596 0.3637922523148148 0.25905936805555557 0.3618002476851852 0.2597985162037037 0.3609854861111111 0.26494272685185183 0.3639917800925926 0.2696374814814815 0.3658208333333334 0.2699271759259259 0.3801273472222222 0.2743024074074074 0.38211935185185186 0.27356325925925923 0.38809536805555556 0.2713458125 0.38825831944444444 0.27031696990740745 0.38923603472222223 0.2641439189814815 0.3874069837962963 0.263854224537037 0.37310046759259263 0.25947899305555555
3 0.4010616875 0.27234482407407407 0.3992326342592593 0.2720551319444444 0.3919164259259259 0.2708963587962963 0.3899244189814815 0.27163550694444444 0.3879324143518519 0.2723746550925926 0.387769462962963 0.2734034976851852 0.38528859953703704 0.2772291712962963 0.3934561458333333 0.2848506898148148 0.39528519907407406 0.28514038425925925 0.40625951388888887 0.2868785439814815 0.4082515185185185 0.2861393958333333 0.41223553009259256 0.28466109953703705 0.4123984814814815 0.28363225694444444 0.4113841921296296 0.27819835416666666 0.4097180925925926 0.27687981944444445 0.4010616875 0.27234482407407407
3 0.4333994444444444 0.0918480162037037 0.4315703912037037 0.09155832175925926 0.4262461875 0.08966040046296297 0.42425418287037037 0.09039954861111112 0.4131169143518519 0.08969022916666666 0.41112490972222226 0.09042937962962963 0.40514889351851857 0.09264682407407408 0.40498594212962963 0.09367566666666667 0.4026680324074074 0.09647249999999999 0.4251786666666667 0.12007620601851851 0.4270077199074074 0.12036589814814816 0.4359900300925926 0.12284320833333334 0.4379820347222222 0.12210406018518517 0.4419660439814815 0.12062576388888889 0.4421289976851852 0.11959692129629629 0.44558757638888885 0.10959819444444445 0.44392147453703706 0.10827965972222221 0.4333994444444444 0.0918480162037037
3 0.5707909583333334 0.5502342800925926 0.5691248587962963 0.5489157453703704 0.5606314074074074 0.5433519097222222 0.5588023541666667 0.5430622152777778 0.547665087962963 0.5423528958333333 0.5475021342592593 0.543381738425926 0.5446953657407407 0.5492650972222223 0.5427033611111112 0.5500042453703704 0.5310772361111111 0.5523814537037036 0.5309142847222222 0.5534102962962963 0.530262474537037 0.5575256643518519 0.542088125 0.5657265694444444 0.5439171782407407 0.5660162638888889 0.5585495972222222 0.5683338101851851 0.5605416041666667 0.567594662037037 0.5663546666666667 0.5664060578703703 0.5665176180555556 0.5653772175925925 0.5729824907407407 0.5600732453703704 0.5731454444444444 0.5590444027777778 0.5707909583333334 0.5502342800925926
3 0.602536662037037 0.5510437013888889 0.6008705624999999 0.5497251643518518 0.5882301481481481 0.5466684699074074 0.5862381412037037 0.5474076180555555 0.5762781157407407 0.5511033611111111 0.5761151643518518 0.5521322013888889 0.5757892592592593 0.5541898865740741 0.5771294537037037 0.5575661064814815 0.5787955532407407 0.5588846412037037 0.5822907060185185 0.5604928703703704 0.5841197592592592 0.5607825625 0.5970860787037038 0.5617815763888889 0.5990780833333333 0.5610424282407407 0.6030620925925926 0.5595641296296296 0.6032250462962963 0.558535287037037 0.602536662037037 0.5510437013888889
3 0.7623826597222222 0.38230500462962963 0.7607165601851852 0.3809864675925926 0.7555553078703704 0.3780597037037037 0.7537262546296296 0.377770011574074 0.7445809930555556 0.3763215439814815 0.742588988425926 0.3770606921296296 0.7362870671296297 0.3813358217592593 0.7406335578703703 0.3894067962962963 0.7424626111111111 0.3896964884259259 0.7441287106481481 0.39101502546296296 0.7459577615740741 0.39130471759259255 0.7532739722222223 0.39246349305555556 0.7552659768518518 0.3917243425925926 0.7610790393518518 0.39053574074074077 0.7612419930555555 0.38950689814814815 0.7623826597222222 0.38230500462962963
3 0.8513710763888889 0.3531586851851852 0.849542025462963 0.3528689930555555 0.8367386574074074 0.35084113888888885 0.8347466527777777 0.3515802870370371 0.8289335902777778 0.3527688912037037 0.828770636574074 0.3537977337962963 0.8262897754629629 0.3576234074074074 0.8306362638888888 0.3656943819444444 0.8324653171296297 0.36598407638888886 0.8469347847222223 0.36933046527777774 0.8489267893518518 0.3685913171296296 0.8568948101851852 0.3656347222222222 0.857057761574074 0.3646058796296296 0.857872525462963 0.3594616712962963 0.8562064236111111 0.3581431342592593 0.8513710763888889 0.3531586851851852
3 0.8799475324074074 0.35030219444444444 0.8781184791666666 0.3500125 0.8691361712962964 0.34753519212962963 0.8671441643518518 0.34827434027777776 0.8590131921296297 0.35225977546296294 0.8588502407407407 0.3532886180555556 0.8580354768518519 0.35843282870370374 0.8610417708333334 0.36312758333333334 0.8628708240740741 0.36341727777777777 0.8736821874999999 0.3661842800925926 0.8756741921296296 0.36544513194444445 0.8856342175925925 0.36174938888888886 0.8857971689814815 0.3607205462962963 0.8881150787037037 0.35792371296296294 0.8864489791666667 0.35660517824074073 0.8799475324074074 0.35030219444444444
3 0.7755119328703705 0.38227517361111113 0.7736828796296296 0.3819854814814815 0.7662037175925925 0.38185554861111115 0.7660407662037038 0.3828843912037037 0.7629080925925926 0.3908254328703704 0.7679063912037037 0.3947810393518519 0.7697354444444444 0.3950707337962963 0.7770516550925926 0.3962295069444444 0.7790436597222222 0.3954903587962963 0.7870116805555555 0.3925337638888889 0.7871746319444445 0.39150492129629627 0.7876634907407407 0.3884183958333334 0.7859973912037037 0.3870998611111111 0.7755119328703705 0.38227517361111113
3 0.6503483865740741 0.05976632870370371 0.648682287037037 0.058447793981481484 0.6377079722222222 0.05670963194444444 0.6357159675925926 0.05744878240740741 0.6337239606481482 0.05818793055555555 0.6335610092592593 0.05921677314814815 0.6307542407407408 0.06510012962962963 0.6339234884259258 0.06876604398148148 0.6357525416666667 0.06905573611111111 0.6392476944444445 0.07066396527777778 0.6410767453703704 0.07095365972222221 0.6467268564814815 0.07079389814814815 0.6487188611111111 0.07005475 0.652865824074074 0.06754761111111111 0.6511997245370371 0.06622907407407407 0.6503483865740741 0.05976632870370371
3 0.6387918055555555 0.5588952546296296 0.6371257060185186 0.5575767175925926 0.6254630069444445 0.5483469699074074 0.6234710023148148 0.5490861180555556 0.6045286666666667 0.5503045509259259 0.6043657152777777 0.5513333935185185 0.6035509513888889 0.5564776041666667 0.606720199074074 0.5601435162037037 0.60854925 0.5604332106481481 0.6137105023148147 0.563359974537037 0.6155395555555556 0.5636496689814815 0.6245218657407408 0.5661269768518519 0.6265138703703704 0.5653878287037037 0.634155986111111 0.5644889189814815 0.6343189375 0.5634600763888888 0.6387918055555555 0.5588952546296296
3 0.5683633263888889 0.5182102453703704 0.5663713217592593 0.5189493935185185 0.5612466435185185 0.5276295856481481 0.5675851388888888 0.5349614120370371 0.5695771435185185 0.534222261574074 0.5732352476851852 0.5348016504629629 0.5752272523148149 0.5340625 0.5870163310185186 0.5306564513888888 0.5871792824074075 0.5296276087962963 0.5899860509259259 0.52374425 0.5883199513888889 0.5224257152777777 0.5683633263888889 0.5182102453703704
3 0.6155562106481481 0.5161930046296296 0.6137271597222222 0.5159033101851852 0.6064109490740741 0.514744537037037 0.6044189444444444 0.5154836851851852 0.5966138773148147 0.5174114375 0.5964509236111112 0.5184402800925926 0.59331825 0.5263813217592592 0.6033148495370371 0.5342925347222223 0.6053068564814815 0.533553386574074 0.626404148148148 0.5305669629629629 0.6247380486111112 0.5292484259259259 0.6233978541666666 0.5258722060185185 0.6215688009259259 0.5255825138888889 0.6182366018518519 0.5229454421296297 0.6183995532407408 0.5219165995370371 0.6155562106481481 0.5161930046296296
3 0.6589646134259259 0.5262321736111111 0.6572985138888889 0.5249136365740741 0.6474648657407407 0.5159735810185185 0.6456358148148148 0.5156838888888889 0.6375048402777778 0.5196693240740741 0.6356757893518519 0.5193796319444445 0.6301886319444444 0.5185105509259259 0.6285225324074074 0.5171920162037037 0.6251903310185185 0.5145549444444444 0.6233612800925926 0.5142652523148148 0.6213692731481482 0.5150044004629629 0.6268930069444444 0.5274804351851852 0.6285591064814815 0.5287989722222223 0.6350605532407407 0.5351019560185185 0.6368896041666666 0.5353916481481482 0.6460348680555555 0.5368401157407408 0.6480268726851852 0.5361009675925926 0.6558319398148148 0.5341732152777778 0.6559948935185185 0.5331443726851851 0.6589646134259259 0.5262321736111111
3 0.6573350879629629 0.5365205925925925 0.6555060347222222 0.5362308981481482 0.6498559259259259 0.536390662037037 0.6478639212962962 0.5371298101851851 0.6364007476851852 0.538478175925926 0.6362377939814815 0.5395070162037037 0.6331051226851853 0.5474480601851851 0.6346082685185186 0.5497954375 0.6364373217592593 0.5500851296296296 0.659889099537037 0.5559088287037037 0.6618811041666667 0.5551696805555556 0.665702162037037 0.5547202268518518 0.6658651134259259 0.5536913842592592 0.6686718819444444 0.5478080254629629 0.6670057824074074 0.5464894907407407 0.6573350879629629 0.5365205925925925
3 0.9801163171296297 0.5465127222222222 0.9799533657407408 0.5475415625000001 0.9773095486111111 0.5523960810185186 0.9804787962962963 0.5560619930555556 0.9803158449074074 0.5570908356481481 0.9811671805555555 0.5635535810185185 0.9828332800925926 0.5648721157407407 0.9918155902777778 0.567349425925926 0.9938075949074074 0.5666102777777778 0.9969036944444445 0.5470622777777778 0.9952375949074074 0.5457437430555556 0.9801163171296297 0.5465127222222222
3 0.993318738425926 0.5696968032407407 0.9914896851851852 0.5694071087962963 0.9825073750000001 0.5669298009259259 0.9805153703703704 0.5676689490740741 0.9766943124999999 0.5681184027777778 0.9765313611111112 0.5691472453703704 0.9699035347222222 0.5754800601851852 0.9679115300925927 0.5762192083333333 0.9601064629629629 0.5781469606481482 0.9599435092592593 0.5791758032407407 0.9592916990740741 0.5832911712962963 0.9641270462962963 0.5882756180555555 0.965956099537037 0.5885653125 0.9711173518518519 0.5914920763888889 0.9729464050925926 0.5917817708333333 0.9802626134259259 0.5929405439814814 0.9822546203703704 0.5922013958333333 0.9898967337962963 0.5913024861111111 0.9900596875 0.5902736435185185 0.993318738425926 0.5696968032407407
3 0.9569737893518518 0.5860880023148148 0.9571367430555555 0.585059162037037 0.957625599537037 0.5819726342592593 0.9559595000000001 0.5806540995370371 0.9546193055555555 0.5772778796296296 0.9527902523148148 0.5769881875 0.9271835185185184 0.5729324791666667 0.9251915138888889 0.5736716273148148 0.9175493981481482 0.5745705370370371 0.9173864444444445 0.5755993796296296 0.9167346342592593 0.5797147476851852 0.9197409305555555 0.5844095023148148 0.9214070300925926 0.585728037037037 0.9249021828703704 0.5873362662037037 0.9267312337962963 0.5876259606481481 0.9412007013888889 0.590972349537037 0.9431927060185186 0.5902332013888889 0.9528268263888889 0.5885951412037037 0.9529897800925925 0.5875663009259259 0.9569737893518518 0.5860880023148148
3 0.8982811574074074 0.5778466550925926 0.8981182060185184 0.5788754976851852 0.8928305740740741 0.5885845300925926 0.9056339421296296 0.5906123842592593 0.9076259467592592 0.5898732361111111 0.9134390092592594 0.5886846319444444 0.9136019629629629 0.5876557893518518 0.9179118773148148 0.5841198078703703 0.9162457777777777 0.5828012731481481 0.9130765300925925 0.5791353611111111 0.9112474768518518 0.5788456666666667 0.8982811574074074 0.5778466550925926
3 0.899222298611111 0.5600666458333333 0.8975561990740741 0.5587481111111111 0.8927208518518519 0.553763662037037 0.8928838032407407 0.5527348217592593 0.8932097106481481 0.5506771365740741 0.8915436087962963 0.5493586018518518 0.8828872060185184 0.5448236087962963 0.8810581527777778 0.5445339143518518 0.8627676273148148 0.5416369791666666 0.8607756226851853 0.5423761296296297 0.8506526458333333 0.5471007129629629 0.8504896921296295 0.5481295555555555 0.8476829236111111 0.5540129143518518 0.8555245671296297 0.5636921180555555 0.8573536180555555 0.5639818101851852 0.861011724537037 0.5645611990740741 0.8630037291666667 0.5638220486111111 0.880279962962963 0.5612850810185185 0.8821090162037037 0.5615747731481482 0.8932462847222221 0.5622840925925926 0.8952382893518518 0.5615449444444445 0.899222298611111 0.5600666458333333
3 0.8985899166666668 0.5539971620370371 0.9035376319444445 0.5619418842592593 0.9131990509259259 0.5647482314814815 0.9295922175925926 0.5662478171296296 0.934446662037037 0.5561959629629629 0.9249125810185185 0.5484423773148148 0.9133212430555555 0.5455096527777777 0.9009473680555556 0.5473993009259259 0.900522363425926 0.5480702430555555 0.8985899166666668 0.5539971620370371
3 0.9387520231481481 0.5517417152777777 0.9386534143518518 0.5605324328703704 0.9527638518518518 0.5723013541666666 0.967613363425926 0.5733666111111111 0.9765834768518518 0.5619522337962963 0.9731703032407408 0.552605300925926 0.9517610462962963 0.5457235138888888 0.9393187962962963 0.5501756805555555 0.9387520231481481 0.5517417152777777
3 0.7691365231481482 0.9433944837962963 0.7671445185185185 0.9441336319444444 0.7573474467592592 0.9468005324074075 0.7571844930555556 0.947829375 0.7565326828703703 0.9519447430555557 0.7597019305555556 0.9556106550925926 0.7615309837962962 0.9559003495370371 0.7761634027777778 0.9582178958333333 0.7781554074074074 0.9574787476851851 0.7809621759259259 0.9515953888888888 0.779296076388889 0.9502768541666667 0.7744607291666666 0.9452924050925925 0.772631675925926 0.945002712962963 0.7691365231481482 0.9433944837962963
3 0.7488539930555556 0.9412366967592593 0.7470249421296296 0.9409470046296297 0.7342215740740741 0.9389191504629629 0.7340586203703703 0.9399479907407406 0.7307629953703704 0.9489178773148148 0.7337692893518519 0.9536126319444445 0.7355983425925926 0.953902324074074 0.7484017106481481 0.9559301782407408 0.7503937152777778 0.9551910300925925 0.7542147731481482 0.9547415763888888 0.7543777245370371 0.9537127337962963 0.7536893402777778 0.9462211458333334 0.7520232407407407 0.9449026111111111 0.7488539930555556 0.9412366967592593
3 0.7429511273148148 0.9666680555555556 0.741122074074074 0.9663783611111112 0.7231574560185186 0.9614237430555556 0.7211654490740741 0.9621628912037037 0.7166925810185185 0.9667277152777778 0.7195359236111111 0.9724513101851853 0.7213649768518517 0.9727410046296296 0.7265262291666666 0.9756677685185186 0.7283552824074073 0.975957462962963 0.7394925486111111 0.9766667800925926 0.7414845532407407 0.9759276319444444 0.7439654166666666 0.9721019583333332 0.7422993171296297 0.9707834236111111 0.7429511273148148 0.9666680555555556
3 0.7632336574074075 0.9688258402777777 0.7614046041666667 0.9685361458333334 0.7540883935185185 0.9673773726851851 0.7520963888888889 0.9681165208333333 0.7497784791666667 0.9709133541666667 0.750466863425926 0.9784049421296296 0.7521329629629631 0.9797234768518519 0.7574571689814815 0.981621400462963 0.7594491736111111 0.9808822523148147 0.7652622361111111 0.9796936481481482 0.7654251898148148 0.9786648055555555 0.7700610092592592 0.9730711412037037 0.7683949097222222 0.9717526041666666 0.7632336574074075 0.9688258402777777
3 0.6962836736111112 0.9772057268518518 0.6961207222222222 0.9782345671296296 0.6911589953703704 0.9858859166666667 0.6943282430555555 0.9895518310185186 0.6961572962962963 0.9898415231481481 0.7034735046296297 0.9910002962962963 0.7036364583333333 0.9899714560185185 0.7102642824074074 0.9836386412037037 0.7104272361111111 0.9826097986111111 0.7074209421296296 0.9779150439814814 0.7055918888888889 0.9776253518518518 0.6962836736111112 0.9772057268518518
3 0.7235855069444445 1 0.7246073726851853 0.9996208287037037 0.7305833865740742 0.9974033842592592 0.7307463402777777 0.9963745416666667 0.7267257546296295 0.9862458819444444 0.7248967037037036 0.9859561898148148 0.7137594351851851 0.9852468703703704 0.7135964837962964 0.9862757129629629 0.7072945625 0.9905508425925925 0.7071316111111111 0.9915796851851851 0.7066427523148149 0.9946662106481482 0.7116410532407408 0.9986218171296296 0.7134701041666667 0.9989115092592592 0.7203425648148148 1 0.7235855069444445 1
3 0.7348567291666667 0.9822604467592593 0.732864724537037 0.9829995949074074 0.728880712962963 0.9844778912037037 0.7287177615740741 0.9855067337962963 0.7283918564814814 0.9875644189814815 0.7327383449074074 0.9956353935185185 0.7345673981481482 0.9959250856481482 0.7420465601851852 0.9960550185185185 0.742209511574074 0.995026175925926 0.7453421851851851 0.9870851342592593 0.7436760856481482 0.9857665972222223 0.7421729375 0.9834192199074074 0.740343886574074 0.9831295277777777 0.7348567291666667 0.9822604467592593
3 0.8032946064814815 1 0.803708912037037 0.9973841666666666 0.8020428125 0.9960656296296295 0.7952154606481481 0.9918203310185185 0.7933864074074074 0.991530636574074 0.78789925 0.9906615555555556 0.7859072453703704 0.9914007060185185 0.7819232361111111 0.9928790023148147 0.7817602824074074 0.9939078449074074 0.7792794189814815 0.9977335185185184 0.7816172662037038 1 0.8032946064814815 1
3 0.8905956018518518 0.9341561296296297 0.8886035972222223 0.9348952777777777 0.8857968287037037 0.9407786365740741 0.8926241805555556 0.9450239375 0.8944532337962963 0.9453136296296297 0.9035984953703704 0.9467620972222222 0.9055905000000001 0.9460229490740741 0.9087231736111112 0.9380819074074074 0.9068941226851851 0.937792212962963 0.9017328703703704 0.9348654490740741 0.8999038171296296 0.9345757546296296 0.8905956018518518 0.9341561296296297
3 0.9110776574074074 0.9468920300925926 0.9179050115740741 0.9511373287037037 0.9197340625 0.9514270231481482 0.9308713310185185 0.9521363402777778 0.9328633356481482 0.9513971921296296 0.9326638078703704 0.9408190787037037 0.9308347569444444 0.940529386574074 0.9163652893518518 0.9371829953703703 0.9143732847222222 0.9379221435185185 0.9110776574074074 0.9468920300925926
3 0.899814011574074 0.9588185092592592 0.8981479120370369 0.9574999722222223 0.8878254074074073 0.9516464444444445 0.8859963564814815 0.95135675 0.8770140462962963 0.9488794421296296 0.8750220416666666 0.9496185902777777 0.8718893680555555 0.9575596319444444 0.8767247152777777 0.9625440810185185 0.8785537685185185 0.9628337754629629 0.887373125 0.9663399259259259 0.8893651296296297 0.9656007777777779 0.8930232337962963 0.9661801643518518 0.8950152407407408 0.9654410162037037 0.89899925 0.9639627175925926 0.8991622013888888 0.9629338773148148 0.899814011574074 0.9588185092592592
1 0.18583860185185183 0.4829359097222222 0.1081384537037037 0.4763245300925926 0.11275497222222221 0.49097711111111114 0.1818931574074074 0.5019275231481481 0.17393774074074073 0.5616263472222222 0.17473454166666666 0.5613306875 0.1872808425925926 0.5661653842592593 0.19056683564814814 0.5383157175925926 0.19693893287037037 0.5193920532407407 0.20596781018518517 0.5050023194444444 0.21476522453703703 0.5015442962962963 0.259995037037037 0.49889973842592594 0.2533629027777778 0.4827678009259259 0.18583860185185183 0.4829359097222222
0 0.5945415439814815 0.2605920462962963 0.590832888888889 0.26506697916666666 0.5929771990740741 0.27046893055555554 0.5917407523148148 0.2841944907407407 0.8239053773148148 0.31822366203703706 0.8228332222222222 0.3155226875 0.8249276689814815 0.28927720601851853 0.7875135694444445 0.28282406944444444 0.8663417476851852 0.2834971319444444 0.8509211805555557 0.26839893981481483 0.7200358356481481 0.26612513425925927 0.686004488425926 0.25725475 0.5953543148148148 0.24954147453703704 0.5945415439814815 0.2605920462962963
1 0.6883225532407408 0.5551389907407407 0.7067560787037037 0.5559492708333333 0.7317489166666666 0.5603296087962962 0.7358396782407408 0.5558097314814815 0.7376614166666667 0.5537780324074074 0.7194849583333333 0.5501609097222222 0.7157543587962962 0.5476716689814816 0.7122771666666666 0.5412148888888889 0.7137796620370371 0.5222582083333334 0.7084265231481481 0.52172675 0.7052835300925926 0.5474897638888889 0.6868210717592592 0.5480459467592593 0.6883225532407408 0.5551389907407407