2 0.2544444444444445 0.7333333333333334 0.2531481481481481 0.7326041666666667 0.1975925925925926 0.7369791666666666 0.29685185185185187 0.7934375 0.31925925925925924 0.8082291666666666 0.3409259259259259 0.8128124999999999 0.46925925925925926 0.8629166666666666 0.4748148148148148 0.8395833333333333 0.3922222222222222 0.803125 0.2544444444444445 0.7333333333333334
2 0 0.08235906944444445 0.003703703703703704 0.10239583333333334 0.011296296296296296 0.10239583333333334 0.11722222222222223 0.14489583333333333 0.11851851851851852 0.14708333333333334 0.1512962962962963 0.15416666666666665 0.16518518518518518 0.15416666666666665 0.1953703703703704 0.1590625 0.20425925925925925 0.1590625 0.21296296296296297 0.16333333333333333 0.3807407407407407 0.21864583333333332 0.4803703703703704 0.24416666666666667 0.5533333333333333 0.24708333333333332 0.6114814814814815 0.25552083333333336 0.6227777777777779 0.25552083333333336 0.8737037037037036 0.319375 0.8761111111111112 0.2959375 0.652962962962963 0.23145833333333332 0.5685185185185185 0.2221875 0.4803703703703704 0.20729166666666665 0 0.06907927546296297 0 0.08235906944444445
2 0 0.24352011574074073 0.002037037037037037 0.24885416666666665 0.020185185185185188 0.22979166666666664 0.12833333333333333 0.15833333333333335 0.12833333333333333 0.15656250000000002 0.11166666666666668 0.15322916666666664 0 0.23242753703703706 0 0.24352011574074073
3 0.4074074074074074 0.3104166666666667 0.4055555555555555 0.31145833333333334 0.3851851851851852 0.3145833333333333 0.3833333333333333 0.315625 0.37592592592592594 0.3177083333333333 0.37407407407407406 0.31875 0.3592592592592592 0.32708333333333334 0.3592592592592592 0.328125 0.35370370370370374 0.3322916666666667 0.35370370370370374 0.3333333333333333 0.34814814814814815 0.3458333333333333 0.34814814814814815 0.346875 0.34814814814814815 0.35833333333333334 0.35 0.359375 0.3648148148148148 0.37604166666666666 0.3666666666666667 0.3770833333333333 0.37407407407407406 0.3822916666666667 0.37592592592592594 0.3822916666666667 0.3925925925925926 0.3875 0.39444444444444443 0.3875 0.42407407407407405 0.3875 0.42592592592592593 0.3864583333333333 0.43703703703703706 0.384375 0.43703703703703706 0.3833333333333333 0.43703703703703706 0.37604166666666666 0.4351851851851852 0.375 0.4277777777777778 0.3697916666666667 0.42592592592592593 0.3697916666666667 0.4111111111111111 0.3645833333333333 0.40925925925925927 0.3635416666666667 0.3907407407407408 0.3541666666666667 0.3907407407407408 0.353125 0.3907407407407408 0.3479166666666667 0.3925925925925926 0.346875 0.39629629629629626 0.3416666666666667 0.39814814814814814 0.340625 0.40370370370370373 0.3395833333333333 0.4055555555555555 0.340625 0.4222222222222222 0.346875 0.42407407407407405 0.3479166666666667 0.46296296296296297 0.3708333333333333 0.46481481481481485 0.3697916666666667 0.4740740740740741 0.365625 0.4740740740740741 0.3645833333333333 0.4777777777777778 0.3614583333333333 0.4777777777777778 0.36041666666666666 0.48148148148148145 0.3541666666666667 0.48148148148148145 0.353125 0.48148148148148145 0.346875 0.4740740740740741 0.328125 0.4722222222222222 0.32708333333333334 0.4703703703703703 0.3239583333333333 0.46851851851851856 0.3229166666666667 0.4574074074074074 0.3166666666666667 0.4555555555555556 0.3166666666666667 0.42962962962962964 0.3104166666666667 0.4277777777777778 0.3104166666666667 0.4074074074074074 0.3104166666666667
3 0.3222222222222222 0.29583333333333334 0.32037037037037036 0.296875 0.3111111111111111 0.303125 0.3111111111111111 0.3041666666666667 0.34074074074074073 0.31875 0.34074074074074073 0.3197916666666667 0.35185185185185186 0.32708333333333334 0.35370370370370374 0.32708333333333334 0.38148148148148153 0.3145833333333333 0.3833333333333333 0.3145833333333333 0.3888888888888889 0.3125 0.3907407407407408 0.3125 0.4148148148148148 0.309375 0.4148148148148148 0.3083333333333333 0.4148148148148148 0.30625 0.3925925925925926 0.29375 0.3907407407407408 0.29375 0.37962962962962965 0.2895833333333333 0.37777777777777777 0.2895833333333333 0.37037037037037035 0.2885416666666667 0.36851851851851847 0.2885416666666667 0.3333333333333333 0.2916666666666667 0.33148148148148143 0.29270833333333335 0.3222222222222222 0.29583333333333334
3 0.24259259259259258 0.309375 0.24074074074074073 0.3104166666666667 0.2277777777777778 0.31354166666666666 0.22592592592592592 0.3145833333333333 0.21851851851851853 0.31875 0.21851851851851853 0.3197916666666667 0.20925925925925928 0.32916666666666666 0.20925925925925928 0.3302083333333333 0.20555555555555555 0.3364583333333333 0.20555555555555555 0.3375 0.20555555555555555 0.34479166666666666 0.2074074074074074 0.3458333333333333 0.2111111111111111 0.35833333333333334 0.21296296296296297 0.359375 0.2277777777777778 0.3677083333333333 0.22962962962962963 0.3677083333333333 0.2537037037037037 0.37604166666666666 0.2555555555555556 0.37604166666666666 0.26851851851851855 0.3791666666666667 0.27037037037037037 0.3791666666666667 0.2925925925925926 0.3791666666666667 0.29444444444444445 0.378125 0.3037037037037037 0.3770833333333333 0.3055555555555556 0.37604166666666666 0.30925925925925923 0.3729166666666667 0.30925925925925923 0.371875 0.3074074074074074 0.3697916666666667 0.3055555555555556 0.36875 0.2740740740740741 0.3541666666666667 0.2722222222222222 0.3541666666666667 0.2555555555555556 0.3489583333333333 0.2537037037037037 0.3479166666666667 0.24444444444444444 0.340625 0.24629629629629632 0.3395833333333333 0.26296296296296295 0.3385416666666667 0.26481481481481484 0.3395833333333333 0.2759259259259259 0.3416666666666667 0.2777777777777778 0.34270833333333334 0.2962962962962963 0.35 0.29814814814814816 0.3510416666666667 0.32037037037037036 0.3635416666666667 0.3222222222222222 0.3635416666666667 0.33148148148148143 0.3666666666666667 0.3333333333333333 0.365625 0.3388888888888889 0.3635416666666667 0.3388888888888889 0.3625 0.3444444444444445 0.3572916666666667 0.3444444444444445 0.35625 0.35 0.33125 0.3425925925925926 0.321875 0.34074074074074073 0.3208333333333333 0.32407407407407407 0.31145833333333334 0.3222222222222222 0.31145833333333334 0.3055555555555556 0.3052083333333333 0.3037037037037037 0.3052083333333333 0.2759259259259259 0.3041666666666667 0.2740740740740741 0.3052083333333333 0.24259259259259258 0.309375
3 0.17592592592592593 0.3166666666666667 0.17592592592592593 0.3177083333333333 0.17407407407407408 0.325 0.17592592592592593 0.3260416666666667 0.19444444444444445 0.3354166666666667 0.1962962962962963 0.3354166666666667 0.20185185185185187 0.3364583333333333 0.2037037037037037 0.3354166666666667 0.21481481481481482 0.3197916666666667 0.21666666666666665 0.31875 0.2222222222222222 0.3145833333333333 0.22407407407407406 0.3145833333333333 0.2537037037037037 0.3052083333333333 0.2555555555555556 0.3052083333333333 0.26851851851851855 0.303125 0.27037037037037037 0.3020833333333333 0.27037037037037037 0.3010416666666667 0.26481481481481484 0.296875 0.26296296296296295 0.296875 0.24444444444444444 0.29375 0.24259259259259258 0.29375 0.2 0.29791666666666666 0.19814814814814813 0.2989583333333333 0.18333333333333335 0.3052083333333333 0.18333333333333335 0.30625 0.17592592592592593 0.3166666666666667
3 0.12962962962962962 0.325 0.1277777777777778 0.3260416666666667 0.11851851851851852 0.32708333333333334 0.11666666666666667 0.328125 0.09814814814814815 0.3333333333333333 0.0962962962962963 0.334375 0.08518518518518518 0.3416666666666667 0.08703703703703704 0.34270833333333334 0.12962962962962962 0.3625 0.13148148148148148 0.3635416666666667 0.1425925925925926 0.371875 0.14444444444444443 0.3729166666666667 0.15555555555555556 0.378125 0.1574074074074074 0.378125 0.16296296296296298 0.3770833333333333 0.16296296296296298 0.37604166666666666 0.16296296296296298 0.3625 0.16481481481481483 0.3614583333333333 0.16481481481481483 0.3552083333333333 0.16666666666666666 0.3541666666666667 0.1685185185185185 0.3520833333333333 0.17037037037037037 0.3520833333333333 0.1796296296296296 0.3520833333333333 0.1814814814814815 0.353125 0.18888888888888888 0.3572916666666667 0.19074074074074077 0.3572916666666667 0.19814814814814813 0.359375 0.2 0.359375 0.20555555555555555 0.35833333333333334 0.20555555555555555 0.3572916666666667 0.20555555555555555 0.3552083333333333 0.2 0.3416666666666667 0.19814814814814813 0.340625 0.18703703703703703 0.3333333333333333 0.18518518518518517 0.3333333333333333 0.1685185185185185 0.32708333333333334 0.16666666666666666 0.32708333333333334 0.15185185185185185 0.325 0.15 0.325 0.12962962962962962 0.325
3 0.07037037037037036 0.315625 0.06851851851851852 0.3166666666666667 0.06296296296296296 0.3208333333333333 0.06296296296296296 0.321875 0.05740740740740741 0.32916666666666666 0.05740740740740741 0.3302083333333333 0.05740740740740741 0.3375 0.05925925925925926 0.3375 0.07962962962962962 0.3416666666666667 0.08148148148148149 0.340625 0.10740740740740741 0.32916666666666666 0.10925925925925926 0.32916666666666666 0.12407407407407407 0.325 0.1259259259259259 0.325 0.16666666666666666 0.325 0.1685185185185185 0.3239583333333333 0.1685185185185185 0.321875 0.1574074074074074 0.3145833333333333 0.15555555555555556 0.3145833333333333 0.14074074074074072 0.309375 0.1388888888888889 0.309375 0.12407407407407407 0.3072916666666667 0.12222222222222222 0.3072916666666667 0.0962962962962963 0.3083333333333333 0.09444444444444444 0.309375 0.07037037037037036 0.315625
3 0.03148148148148148 0.6979166666666666 0.03333333333333333 0.6989583333333333 0.044444444444444446 0.7 0.046296296296296294 0.6989583333333333 0.05555555555555555 0.6979166666666666 0.05740740740740741 0.696875 0.07222222222222222 0.6927083333333334 0.07222222222222222 0.6916666666666667 0.07222222222222222 0.6895833333333333 0.06851851851851852 0.6895833333333333 0.06666666666666667 0.6885416666666666 0.05740740740740741 0.684375 0.05555555555555555 0.684375 0.04814814814814815 0.684375 0.046296296296296294 0.6854166666666667 0.02962962962962963 0.6916666666666667 0.02962962962962963 0.6927083333333334 0.03148148148148148 0.6979166666666666
3 0.020370370370370372 0.70625 0.022222222222222223 0.7052083333333333 0.02962962962962963 0.7041666666666666 0.03148148148148148 0.703125 0.03518518518518518 0.7 0.02962962962962963 0.6916666666666667 0.027777777777777776 0.690625 0.025925925925925925 0.690625 0.024074074074074074 0.6916666666666667 0.012962962962962963 0.6979166666666666 0.012962962962962963 0.6989583333333333 0.011111111111111112 0.7052083333333333 0.012962962962962963 0.7052083333333333 0.020370370370370372 0.70625
3 0.005555555555555556 0.5645833333333333 0.007407407407407408 0.5656249999999999 0.025925925925925925 0.5760416666666667 0.025925925925925925 0.5770833333333334 0.03518518518518518 0.584375 0.037037037037037035 0.584375 0.040740740740740744 0.5854166666666667 0.04259259259259259 0.584375 0.046296296296296294 0.5822916666666667 0.046296296296296294 0.5812499999999999 0.04814814814814815 0.5750000000000001 0.04259259259259259 0.56875 0.040740740740740744 0.5677083333333334 0.02962962962962963 0.5625 0.027777777777777776 0.5625 0.020370370370370372 0.5604166666666667 0.018518518518518517 0.5604166666666667 0.005555555555555556 0.5614583333333334 0.005555555555555556 0.5625 0.005555555555555556 0.5645833333333333
3 0.05925925925925926 0.13854166666666667 0.06111111111111111 0.13854166666666667 0.08148148148148149 0.13958333333333334 0.08333333333333333 0.13854166666666667 0.08518518518518518 0.134375 0.06851851851851852 0.12604166666666666 0.06666666666666667 0.12604166666666666 0.05 0.12083333333333333 0.05 0.121875 0.04814814814814815 0.12604166666666666 0.05 0.12708333333333333 0.05185185185185185 0.13229166666666667 0.053703703703703705 0.13333333333333333 0.05925925925925926 0.13854166666666667
3 0.005555555555555556 0.11979166666666667 0.005555555555555556 0.12083333333333333 0.009259259259259259 0.13020833333333334 0.011111111111111112 0.13125 0.02962962962962963 0.14166666666666666 0.03148148148148148 0.14166666666666666 0.04259259259259259 0.140625 0.044444444444444446 0.13958333333333334 0.05185185185185185 0.13541666666666666 0.05185185185185185 0.134375 0.05185185185185185 0.13229166666666667 0.046296296296296294 0.12708333333333333 0.046296296296296294 0.12604166666666666 0.046296296296296294 0.12291666666666667 0.044444444444444446 0.121875 0.03888888888888889 0.11979166666666667 0.037037037037037035 0.11979166666666667 0.016666666666666666 0.11458333333333333 0.014814814814814815 0.115625 0.005555555555555556 0.11979166666666667
3 0.05555555555555555 0.17291666666666666 0.05740740740740741 0.17395833333333335 0.05925925925925926 0.178125 0.06111111111111111 0.178125 0.06851851851851852 0.178125 0.07037037037037036 0.17708333333333334 0.07962962962962962 0.175 0.08148148148148149 0.17395833333333335 0.08518518518518518 0.171875 0.08518518518518518 0.17083333333333334 0.08518518518518518 0.16770833333333335 0.08148148148148149 0.16354166666666667 0.07962962962962962 0.1625 0.07407407407407407 0.16041666666666665 0.07222222222222222 0.16041666666666665 0.06296296296296296 0.16145833333333334 0.06296296296296296 0.1625 0.05555555555555555 0.165625 0.05555555555555555 0.16666666666666666 0.05555555555555555 0.17291666666666666
3 0.05505555555555555 0.16494791666666664 0.04666666666666667 0.1655208333333333 0.03409259259259259 0.17397916666666668 0.03653703703703704 0.18002083333333335 0.058833333333333335 0.1809375 0.05505555555555555 0.16494791666666664
3 0.1365 0.17738541666666666 0.12287037037037037 0.17914583333333334 0.12116666666666667 0.19097916666666667 0.13564814814814816 0.1914583333333333 0.14333333333333334 0.18506250000000002 0.1365 0.17738541666666666
3 0.11661111111111111 0.17946875 0.10724074074074075 0.17914583333333334 0.09787037037037037 0.18905208333333334 0.10496296296296297 0.19320833333333332 0.11746296296296296 0.18730208333333334 0.11661111111111111 0.17946875
3 0.13622222222222222 0.19257291666666668 0.1242962962962963 0.19113541666666667 0.11974074074074074 0.1936875 0.12116666666666667 0.19912500000000002 0.1333888888888889 0.19912500000000002 0.13679629629629628 0.195125 0.13622222222222222 0.19257291666666668
3 0.30925925925925923 0.24270833333333333 0.30925925925925923 0.24166666666666667 0.31296296296296294 0.23958333333333334 0.31296296296296294 0.23854166666666665 0.31296296296296294 0.23541666666666666 0.30925925925925923 0.23333333333333334 0.3074074074074074 0.23333333333333334 0.29814814814814816 0.23333333333333334 0.2962962962962963 0.234375 0.2925925925925926 0.23645833333333335 0.2925925925925926 0.2375 0.29444444444444445 0.24166666666666667 0.2962962962962963 0.24270833333333333 0.30925925925925923 0.24270833333333333
3 0.28888888888888886 0.246875 0.29074074074074074 0.24583333333333335 0.29444444444444445 0.24375 0.29444444444444445 0.24270833333333333 0.29444444444444445 0.23958333333333334 0.29074074074074074 0.23645833333333335 0.28888888888888886 0.23645833333333335 0.28148148148148144 0.23541666666666666 0.2796296296296296 0.23645833333333335 0.2740740740740741 0.240625 0.2740740740740741 0.24166666666666667 0.2759259259259259 0.24479166666666666 0.2777777777777778 0.24583333333333335 0.28888888888888886 0.246875
3 0.2925925925925926 0.234375 0.29444444444444445 0.23333333333333334 0.29814814814814816 0.23229166666666665 0.29814814814814816 0.23125 0.29814814814814816 0.225 0.28888888888888886 0.221875 0.28703703703703703 0.221875 0.28148148148148144 0.22291666666666665 0.2796296296296296 0.22395833333333334 0.2777777777777778 0.228125 0.2796296296296296 0.22916666666666666 0.28148148148148144 0.23229166666666665 0.2833333333333333 0.23333333333333334 0.2925925925925926 0.234375
3 0.30185185185185187 0.215625 0.3037037037037037 0.215625 0.30925925925925923 0.21666666666666665 0.3111111111111111 0.215625 0.32037037037037036 0.2125 0.32037037037037036 0.21145833333333333 0.3222222222222222 0.20833333333333334 0.3148148148148148 0.20416666666666666 0.31296296296296294 0.20416666666666666 0.3055555555555556 0.20416666666666666 0.3037037037037037 0.20520833333333335 0.2962962962962963 0.20833333333333334 0.2962962962962963 0.209375 0.2962962962962963 0.21145833333333333 0.29814814814814816 0.2125 0.30185185185185187 0.215625
3 0.2925925925925926 0.20833333333333334 0.28148148148148144 0.20520833333333335 0.2796296296296296 0.20625 0.2759259259259259 0.209375 0.2777777777777778 0.21041666666666667 0.2796296296296296 0.2125 0.28148148148148144 0.2125 0.29074074074074074 0.21458333333333335 0.2925925925925926 0.21354166666666666 0.2925925925925926 0.20833333333333334
3 0.2740740740740741 0.22083333333333335 0.2759259259259259 0.21979166666666666 0.2759259259259259 0.215625 0.26296296296296295 0.2125 0.2611111111111111 0.2125 0.2555555555555556 0.2125 0.2537037037037037 0.21354166666666666 0.2537037037037037 0.22395833333333334 0.2555555555555556 0.225 0.26296296296296295 0.225 0.26481481481481484 0.22395833333333334 0.2740740740740741 0.22083333333333335
3 0.2518518518518518 0.22291666666666665 0.24814814814814815 0.21875 0.24629629629629632 0.21875 0.2388888888888889 0.21979166666666666 0.2388888888888889 0.22083333333333335 0.24259259259259258 0.23020833333333335 0.24444444444444444 0.23020833333333335 0.2518518518518518 0.22708333333333333 0.2518518518518518 0.22604166666666667 0.2518518518518518 0.22291666666666665
3 0.3592592592592592 0.13020833333333334 0.3611111111111111 0.12916666666666665 0.362962962962963 0.125 0.3611111111111111 0.12291666666666667 0.3592592592592592 0.12291666666666667 0.35185185185185186 0.121875 0.35 0.12291666666666667 0.34629629629629627 0.125 0.34629629629629627 0.12604166666666666 0.34629629629629627 0.12812500000000002 0.34814814814814815 0.12916666666666665 0.3592592592592592 0.13020833333333334
3 0.3648148148148148 0.121875 0.362962962962963 0.12708333333333333 0.3648148148148148 0.12812500000000002 0.37592592592592594 0.12708333333333333 0.37777777777777777 0.12604166666666666 0.37777777777777777 0.121875 0.3666666666666667 0.12083333333333333 0.3648148148148148 0.121875
3 0.4444444444444444 0.065625 0.44074074074074077 0.06145833333333334 0.4388888888888889 0.0625 0.42962962962962964 0.06458333333333333 0.42962962962962964 0.065625 0.42962962962962964 0.06770833333333333 0.4314814814814815 0.06874999999999999 0.44074074074074077 0.06979166666666667 0.4425925925925926 0.06874999999999999 0.4444444444444444 0.065625
3 0.4611111111111111 0.0625 0.4611111111111111 0.06145833333333334 0.46296296296296297 0.057291666666666664 0.45925925925925926 0.05416666666666666 0.4574074074074074 0.05416666666666666 0.45 0.05520833333333334 0.45 0.05625 0.4444444444444444 0.06145833333333334 0.4462962962962963 0.0625 0.45 0.06666666666666667 0.45185185185185184 0.065625 0.4611111111111111 0.0625
3 0.4722222222222222 0.06458333333333333 0.4740740740740741 0.06354166666666666 0.4777777777777778 0.0625 0.4777777777777778 0.06145833333333334 0.47962962962962963 0.05520833333333334 0.4777777777777778 0.053125 0.4759259259259259 0.053125 0.46851851851851856 0.053125 0.4666666666666667 0.05416666666666666 0.46481481481481485 0.05520833333333334 0.46481481481481485 0.05625 0.46481481481481485 0.06354166666666666 0.4666666666666667 0.06354166666666666 0.4722222222222222 0.06458333333333333
3 0.4777777777777778 0.05 0.4759259259259259 0.051041666666666666 0.46851851851851856 0.053125 0.46851851851851856 0.05416666666666666 0.4703703703703703 0.05677083333333333 0.4703703703703703 0.05520833333333334 0.4722222222222222 0.05416666666666666 0.4759259259259259 0.052083333333333336 0.4777777777777778 0.053125 0.4888888888888889 0.053125 0.49074074074074076 0.052083333333333336 0.49259259259259264 0.04583333333333334 0.49074074074074076 0.04375 0.4888888888888889 0.04375 0.48148148148148145 0.04479166666666667 0.47962962962962963 0.04583333333333334 0.4777777777777778 0.05
3 0.46481481481481485 0.06354166666666666 0.4666666666666667 0.06458333333333333 0.46851851851851856 0.06458333333333333 0.4759259259259259 0.06354166666666666 0.4759259259259259 0.0625 0.4777777777777778 0.06041666666666667 0.4759259259259259 0.059375 0.4716524212962963 0.05857371759259259 0.4722222222222222 0.059375 0.4703703703703703 0.06041666666666667 0.46481481481481485 0.06354166666666666
3 0.34629629629629627 0.121875 0.3388888888888889 0.11979166666666667 0.337037037037037 0.12083333333333333 0.33148148148148143 0.12395833333333332 0.33148148148148143 0.125 0.33148148148148143 0.12708333333333333 0.3333333333333333 0.12812500000000002 0.3425925925925926 0.12812500000000002 0.3444444444444445 0.12708333333333333 0.34629629629629627 0.121875
3 0.9148148148148147 0.08125 0.9166666666666666 0.08125 0.9296296296296297 0.08125 0.9296296296296297 0.08020833333333333 0.9333333333333333 0.07708333333333332 0.9333333333333333 0.07604166666666667 0.9333333333333333 0.07187500000000001 0.9259259259259259 0.06354166666666666 0.924074074074074 0.06354166666666666 0.9148148148148147 0.06145833333333334 0.9129629629629629 0.0625 0.8962962962962963 0.06874999999999999 0.8962962962962963 0.06979166666666667 0.8944444444444444 0.07604166666666667 0.8962962962962963 0.07708333333333332 0.9148148148148147 0.08125
3 0.8740740740740741 0.09479166666666668 0.8759259259259259 0.09479166666666668 0.8814814814814815 0.096875 0.8814814814814815 0.09791666666666667 0.8814814814814815 0.10625 0.8796296296296297 0.10729166666666667 0.8759259259259259 0.11354166666666667 0.8759259259259259 0.11458333333333333 0.8796296296296297 0.11666666666666667 0.8814814814814815 0.11666666666666667 0.8888888888888888 0.115625 0.8907407407407407 0.11458333333333333 0.9 0.109375 0.9 0.10833333333333332 0.9018518518518519 0.09895833333333333 0.8925925925925926 0.096875 0.8907407407407407 0.09583333333333333 0.8796296296296297 0.0875 0.8777777777777778 0.0875 0.8666666666666666 0.0875 0.8666666666666666 0.08854166666666667 0.8666666666666666 0.090625 0.8685185185185185 0.09166666666666667 0.8740740740740741 0.09479166666666668
1 0.4659259259259259 0.24052083333333332 0.49703703703703705 0.24270833333333333 0.5085185185185185 0.24552083333333333 0.5549999999999999 0.2505208333333333 0.585 0.25625000000000003 0.6411111111111111 0.2609375 0.6799999999999999 0.268125 0.7003703703703704 0.24375 0.6451851851851852 0.23218750000000002 0.6303703703703704 0.2280208333333333 0.6203703703703703 0.2215625 0.645 0.15302083333333336 0.6257407407407407 0.14604166666666668 0.6257407407407407 0.14635416666666667 0.6090740740740741 0.18729166666666666 0.5990740740740741 0.20281249999999998 0.5874074074074074 0.21354166666666666 0.5698148148148148 0.21875 0.5427777777777778 0.21770833333333334 0.4696296296296296 0.20572916666666666 0.45444444444444443 0.23625000000000002 0.4659259259259259 0.24052083333333332
0 0.4931481481481481 0.2942708333333333 0.5012962962962964 0.28604166666666664 0.5068518518518519 0.26447916666666665 0.5072222222222222 0.25 0.5211111111111111 0.24739583333333334 0.5488888888888889 0.24791666666666665 0.5835185185185185 0.25614583333333335 0.575925925925926 0.21614583333333334 0.5316666666666667 0.21614583333333334 0.41574074074074074 0.19291666666666668 0.3983333333333334 0.2178125 0.39537037037037037 0.22041666666666668 0.46425925925925926 0.24052083333333332 0.48018518518518516 0.25354166666666667 0.4822222222222222 0.2754166666666667 0.46629629629629626 0.304375 0.45314814814814813 0.3142708333333333 0.47055555555555556 0.32333333333333336 0.4848148148148148 0.31 0.4931481481481481 0.2942708333333333