2 0.4364270833333333 0.9933333333333333 0.45426041666666667 0.9124444444444444 0.46962499999999996 0.7780185185185184 0.5206562499999999 0.5823703703703704 0.52803125 0.5462962962962963 0.53725 0.4610370370370371 0.5858229166666666 0.13533333333333333 0.5975104166666667 0.09488888888888888 0.6319375 0.002 0.6331666666666668 0.002 0.5809062500000001 0 0.5175833333333334 0.35940740740740745 0.5095833333333333 0.4654259259259259 0.4659375 0.6577777777777778 0.4284375 0.8392222222222222 0.4013854166666667 0.9987962962962963 0.43028124999999995 0.9998888888888889 0.4315104166666667 0.9998888888888889 0.4364270833333333 0.9933333333333333
2 0 0.2737962962962963 0.040875 0.09822222222222222 0.05040625 0.0017037037037037036 0.021822916666666668 0 0.009447916666666667 0.10161111111111111 0 0.13461111111111113 0 0.2737962962962963
3 0.6489583333333334 0.9055555555555556 0.6489583333333334 0.9074074074074074 0.6458333333333334 0.924074074074074 0.6458333333333334 0.9259259259259259 0.6458333333333334 0.9592592592592593 0.646875 0.9611111111111111 0.6479166666666666 0.9722222222222222 0.6489583333333334 0.9740740740740741 0.6604166666666667 0.9981481481481481 0.6614583333333334 0.9981481481481481 0.7479166666666667 0.9962962962962962 0.7479166666666667 0.9944444444444445 0.7510416666666666 0.9777777777777777 0.7510416666666666 0.975925925925926 0.7510416666666666 0.9555555555555556 0.75 0.9537037037037037 0.7489583333333334 0.938888888888889 0.7479166666666667 0.9370370370370371 0.7416666666666666 0.9129629629629629 0.740625 0.9111111111111112 0.7333333333333334 0.8962962962962963 0.7322916666666667 0.8962962962962963 0.7260416666666666 0.887037037037037 0.725 0.887037037037037 0.7114583333333334 0.8777777777777778 0.7104166666666666 0.8759259259259259 0.6979166666666666 0.862962962962963 0.696875 0.862962962962963 0.6697916666666667 0.8611111111111112 0.65625 0.8796296296296297 0.65625 0.8814814814814815 0.6489583333333334 0.9055555555555556
3 0.6135416666666667 0.8203703703703703 0.6135416666666667 0.8222222222222222 0.60625 0.8518518518518519 0.60625 0.8537037037037037 0.6052083333333333 0.8703703703703703 0.60625 0.8722222222222222 0.6072916666666667 0.887037037037037 0.6083333333333334 0.8888888888888888 0.621875 0.9351851851851852 0.6229166666666667 0.9370370370370371 0.63125 0.9481481481481482 0.6322916666666666 0.9481481481481482 0.6427083333333333 0.9555555555555556 0.64375 0.9537037037037037 0.6447916666666667 0.9203703703703704 0.6458333333333334 0.9185185185185185 0.65 0.8944444444444444 0.6510416666666666 0.8925925925925926 0.6572916666666666 0.8740740740740741 0.6583333333333333 0.8722222222222222 0.6677083333333333 0.8574074074074074 0.6666666666666666 0.8555555555555556 0.6583333333333333 0.8481481481481481 0.6572916666666666 0.8462962962962963 0.646875 0.8277777777777778 0.646875 0.825925925925926 0.6354166666666666 0.7907407407407407 0.634375 0.7907407407407407 0.6302083333333334 0.7907407407407407 0.621875 0.8018518518518518 0.621875 0.8037037037037037 0.6135416666666667 0.8203703703703703
3 0.6583333333333333 0.6925925925925925 0.6572916666666666 0.6944444444444444 0.64375 0.7166666666666667 0.64375 0.7185185185185184 0.6395833333333334 0.7296296296296296 0.6395833333333334 0.7314814814814815 0.6364583333333333 0.7481481481481481 0.6364583333333333 0.75 0.6364583333333333 0.7851851851851852 0.6375 0.7870370370370371 0.6385416666666667 0.7962962962962963 0.6395833333333334 0.7981481481481482 0.6479166666666666 0.825925925925926 0.6489583333333334 0.8277777777777778 0.6614583333333334 0.8481481481481481 0.6625 0.8481481481481481 0.66875 0.8555555555555556 0.6697916666666667 0.8555555555555556 0.6770833333333334 0.8592592592592593 0.678125 0.8592592592592593 0.7020833333333334 0.8592592592592593 0.703125 0.8574074074074074 0.71875 0.8444444444444444 0.7197916666666666 0.8425925925925926 0.7322916666666667 0.8203703703703703 0.7322916666666667 0.8185185185185185 0.7364583333333333 0.8074074074074075 0.7364583333333333 0.8055555555555556 0.7395833333333334 0.7888888888888889 0.7395833333333334 0.7870370370370371 0.7375 0.7592592592592593 0.7364583333333333 0.7574074074074074 0.73125 0.7296296296296296 0.7302083333333333 0.7277777777777777 0.7177083333333334 0.7074074074074075 0.7166666666666667 0.7074074074074075 0.7072916666666667 0.6944444444444444 0.70625 0.6944444444444444 0.696875 0.6851851851851852 0.6958333333333334 0.6851851851851852 0.6770833333333334 0.6814814814814815 0.6666666666666666 0.6851851851851852 0.665625 0.6870370370370371 0.6583333333333333 0.6925925925925925
3 0.5927083333333334 0.6611111111111112 0.5927083333333334 0.6629629629629629 0.584375 0.688888888888889 0.584375 0.6907407407407407 0.5833333333333334 0.7129629629629629 0.584375 0.7148148148148148 0.5895833333333333 0.7462962962962962 0.5906250000000001 0.7481481481481481 0.5947916666666666 0.7629629629629631 0.5958333333333333 0.7648148148148147 0.6 0.7722222222222223 0.6010416666666666 0.7722222222222223 0.6177083333333334 0.7851851851851852 0.61875 0.7851851851851852 0.63125 0.7870370370370371 0.6322916666666666 0.7851851851851852 0.634375 0.7833333333333333 0.634375 0.7814814814814816 0.634375 0.7574074074074074 0.6354166666666666 0.7555555555555555 0.6364583333333333 0.7370370370370369 0.6375 0.7351851851851853 0.6427083333333333 0.7148148148148148 0.64375 0.7129629629629629 0.65625 0.6907407407407407 0.6552083333333334 0.688888888888889 0.6489583333333334 0.6611111111111112 0.6479166666666666 0.6592592592592593 0.640625 0.6444444444444444 0.6395833333333334 0.6444444444444444 0.6302083333333334 0.6351851851851852 0.6291666666666667 0.6351851851851852 0.615625 0.6333333333333334 0.6020833333333334 0.6444444444444444 0.6010416666666666 0.6462962962962963 0.5927083333333334 0.6611111111111112
3 0.65625 0.5296296296296297 0.6552083333333334 0.5314814814814814 0.6447916666666667 0.5499999999999999 0.6447916666666667 0.5518518518518518 0.640625 0.5629629629629629 0.640625 0.5648148148148148 0.6385416666666667 0.575925925925926 0.6385416666666667 0.5777777777777777 0.6416666666666666 0.6259259259259259 0.6427083333333333 0.6277777777777778 0.6489583333333334 0.6481481481481481 0.65 0.65 0.6552083333333334 0.6592592592592593 0.65625 0.6592592592592593 0.6708333333333334 0.6777777777777778 0.671875 0.6777777777777778 0.7 0.6833333333333333 0.7010416666666667 0.6833333333333333 0.7072916666666667 0.6814814814814815 0.7083333333333334 0.6796296296296297 0.7239583333333334 0.6592592592592593 0.725 0.6574074074074074 0.7333333333333334 0.6425925925925926 0.7333333333333334 0.6407407407407407 0.7375 0.6185185185185185 0.7375 0.6166666666666666 0.7375 0.5814814814814815 0.7364583333333333 0.5796296296296296 0.7302083333333333 0.5537037037037037 0.7291666666666666 0.5518518518518518 0.725 0.5407407407407407 0.7239583333333334 0.5388888888888889 0.7197916666666666 0.5333333333333333 0.71875 0.5333333333333333 0.6979166666666666 0.5148148148148148 0.696875 0.5148148148148148 0.6791666666666666 0.512962962962963 0.6708333333333334 0.5166666666666666 0.6697916666666667 0.5185185185185185 0.65625 0.5296296296296297
3 0.5541666666666667 0.7148148148148148 0.5552083333333333 0.7166666666666667 0.5666666666666667 0.7370370370370369 0.5677083333333334 0.7370370370370369 0.5697916666666667 0.7407407407407407 0.5708333333333333 0.7407407407407407 0.5729166666666666 0.7407407407407407 0.5739583333333333 0.7388888888888888 0.578125 0.7240740740740741 0.578125 0.7222222222222222 0.5770833333333334 0.7074074074074075 0.5760416666666667 0.7055555555555556 0.5677083333333334 0.6925925925925925 0.5666666666666667 0.6925925925925925 0.5593750000000001 0.6925925925925925 0.553125 0.7092592592592593 0.553125 0.7111111111111111 0.5541666666666667 0.7148148148148148
3 0.5593750000000001 0.6407407407407407 0.5593750000000001 0.6425925925925926 0.55625 0.6851851851851852 0.5572916666666666 0.6870370370370371 0.5677083333333334 0.6907407407407407 0.56875 0.688888888888889 0.5750000000000001 0.6833333333333333 0.5760416666666667 0.6814814814814815 0.5802083333333333 0.674074074074074 0.5802083333333333 0.6722222222222222 0.5833333333333334 0.6629629629629629 0.5833333333333334 0.6611111111111112 0.5833333333333334 0.6555555555555556 0.5822916666666667 0.6537037037037037 0.5812499999999999 0.6462962962962963 0.5802083333333333 0.6444444444444444 0.5739583333333333 0.6351851851851852 0.5729166666666666 0.6351851851851852 0.5697916666666667 0.6314814814814815 0.56875 0.6314814814814815 0.5635416666666666 0.6314814814814815 0.5604166666666667 0.6351851851851852 0.5604166666666667 0.637037037037037 0.5593750000000001 0.6407407407407407
3 0.5583333333333333 0.5833333333333334 0.5583333333333333 0.5851851851851853 0.5593750000000001 0.5962962962962963 0.5583333333333333 0.5981481481481481 0.5572916666666666 0.6148148148148148 0.5583333333333333 0.6166666666666666 0.5604166666666667 0.6296296296296297 0.5614583333333334 0.6296296296296297 0.56875 0.6277777777777778 0.5697916666666667 0.6259259259259259 0.5750000000000001 0.6185185185185185 0.5750000000000001 0.6166666666666666 0.5802083333333333 0.6037037037037037 0.5802083333333333 0.6018518518518519 0.578125 0.5814814814814815 0.5770833333333334 0.5796296296296296 0.5729166666666666 0.5740740740740741 0.571875 0.5740740740740741 0.5656249999999999 0.5740740740740741 0.5593750000000001 0.5796296296296296 0.5593750000000001 0.5814814814814815 0.5583333333333333 0.5833333333333334
3 0.10208333333333333 0.3666666666666667 0.10104166666666667 0.36851851851851847 0.09375 0.3925925925925926 0.09375 0.39444444444444443 0.09583333333333333 0.4277777777777778 0.096875 0.42962962962962964 0.103125 0.45185185185185184 0.10416666666666667 0.4537037037037037 0.115625 0.4740740740740741 0.11666666666666667 0.4740740740740741 0.13125 0.48333333333333334 0.13229166666666667 0.48333333333333334 0.153125 0.48148148148148145 0.15416666666666665 0.47962962962962963 0.1625 0.4759259259259259 0.16354166666666667 0.4740740740740741 0.16979166666666665 0.46851851851851856 0.17083333333333334 0.4666666666666667 0.18020833333333333 0.44814814814814813 0.18020833333333333 0.4462962962962963 0.184375 0.42592592592592593 0.184375 0.42407407407407405 0.18333333333333335 0.4 0.18229166666666666 0.39814814814814814 0.175 0.37037037037037035 0.17395833333333335 0.36851851851851847 0.16666666666666666 0.3574074074074074 0.165625 0.3574074074074074 0.15520833333333334 0.35 0.15416666666666665 0.35 0.121875 0.34814814814814815 0.10729166666666667 0.3592592592592592 0.10625 0.3611111111111111 0.10208333333333333 0.3666666666666667
3 0.17708333333333334 0.4611111111111111 0.17604166666666665 0.46296296296296297 0.16770833333333335 0.4740740740740741 0.16666666666666666 0.4740740740740741 0.16145833333333334 0.47962962962962963 0.16041666666666665 0.47962962962962963 0.14583333333333334 0.48703703703703705 0.14583333333333334 0.4888888888888889 0.146875 0.5092592592592593 0.14791666666666667 0.5111111111111112 0.153125 0.5277777777777778 0.15416666666666665 0.5296296296296297 0.159375 0.5388888888888889 0.16041666666666665 0.5388888888888889 0.17708333333333334 0.5537037037037037 0.178125 0.5537037037037037 0.190625 0.5537037037037037 0.19166666666666665 0.5518518518518518 0.20729166666666665 0.5407407407407407 0.20833333333333334 0.5388888888888889 0.21770833333333334 0.5185185185185185 0.21770833333333334 0.5166666666666666 0.22083333333333335 0.5074074074074074 0.22083333333333335 0.5055555555555555 0.22395833333333334 0.48703703703703705 0.22395833333333334 0.48518518518518516 0.22291666666666665 0.46296296296296297 0.221875 0.4611111111111111 0.21666666666666665 0.44074074074074077 0.215625 0.44074074074074077 0.2125 0.43703703703703706 0.21145833333333333 0.43703703703703706 0.19583333333333333 0.4333333333333333 0.18541666666666665 0.4388888888888889 0.18541666666666665 0.44074074074074077 0.17708333333333334 0.4611111111111111
3 0.07187500000000001 0.2740740740740741 0.07083333333333333 0.2759259259259259 0.065625 0.28703703703703703 0.065625 0.28888888888888886 0.058333333333333334 0.3111111111111111 0.058333333333333334 0.31296296296296294 0.058333333333333334 0.35 0.059375 0.35185185185185186 0.059375 0.3592592592592592 0.06041666666666667 0.3611111111111111 0.06458333333333333 0.37962962962962965 0.065625 0.38148148148148153 0.07916666666666668 0.4 0.08020833333333333 0.4 0.08645833333333333 0.4055555555555555 0.0875 0.4055555555555555 0.09166666666666667 0.4 0.09166666666666667 0.39814814814814814 0.09583333333333333 0.37592592592592594 0.096875 0.37407407407407406 0.10416666666666667 0.3611111111111111 0.10520833333333333 0.3611111111111111 0.11666666666666667 0.34814814814814815 0.11770833333333333 0.34814814814814815 0.13020833333333334 0.3425925925925926 0.13125 0.34074074074074073 0.13229166666666667 0.337037037037037 0.13229166666666667 0.3351851851851852 0.115625 0.2740740740740741 0.11458333333333333 0.2722222222222222 0.09479166666666668 0.2555555555555556 0.08333333333333333 0.2611111111111111 0.08229166666666667 0.26296296296296295 0.07187500000000001 0.2740740740740741
3 0.07916666666666668 0.14444444444444443 0.07916666666666668 0.1462962962962963 0.075 0.16296296296296298 0.07395833333333333 0.16481481481481483 0.06770833333333333 0.1796296296296296 0.06770833333333333 0.1814814814814815 0.06770833333333333 0.2074074074074074 0.06874999999999999 0.20925925925925928 0.06979166666666667 0.21666666666666665 0.07083333333333333 0.21851851851851853 0.08958333333333333 0.24814814814814815 0.090625 0.24814814814814815 0.10833333333333332 0.26296296296296295 0.109375 0.26296296296296295 0.125 0.26296296296296295 0.12604166666666666 0.2611111111111111 0.134375 0.2537037037037037 0.13541666666666666 0.2518518518518518 0.14479166666666665 0.22962962962962963 0.14479166666666665 0.2277777777777778 0.14479166666666665 0.21666666666666665 0.14375000000000002 0.21481481481481482 0.13645833333333335 0.18703703703703703 0.13645833333333335 0.18518518518518517 0.13229166666666667 0.16296296296296298 0.13229166666666667 0.1611111111111111 0.13333333333333333 0.1462962962962963 0.13229166666666667 0.14444444444444443 0.13125 0.13703703703703704 0.13020833333333334 0.13518518518518519 0.12708333333333333 0.12962962962962962 0.12604166666666666 0.12962962962962962 0.11875 0.12222222222222222 0.11770833333333333 0.12222222222222222 0.10104166666666667 0.12037037037037036 0.09166666666666667 0.1259259259259259 0.090625 0.1277777777777778 0.07916666666666668 0.14444444444444443
3 0.16458333333333333 0.16481481481481483 0.16458333333333333 0.16666666666666666 0.1625 0.17407407407407408 0.1625 0.17592592592592593 0.1625 0.18333333333333335 0.16354166666666667 0.18518518518518517 0.16666666666666666 0.19814814814814813 0.16666666666666666 0.2 0.16770833333333335 0.21481481481481482 0.16875 0.21666666666666665 0.17708333333333334 0.2277777777777778 0.178125 0.2277777777777778 0.18020833333333333 0.2277777777777778 0.18125 0.22592592592592592 0.184375 0.21296296296296297 0.18541666666666665 0.2111111111111111 0.19583333333333333 0.19074074074074077 0.19583333333333333 0.18888888888888888 0.19583333333333333 0.18333333333333335 0.19479166666666667 0.1814814814814815 0.184375 0.15555555555555556 0.18333333333333335 0.15555555555555556 0.17604166666666665 0.1537037037037037 0.16979166666666665 0.15555555555555556 0.16875 0.1574074074074074 0.16458333333333333 0.16481481481481483
3 0.075 0.5425925925925926 0.075 0.5444444444444444 0.07395833333333333 0.5574074074074075 0.075 0.5592592592592592 0.07708333333333332 0.5648148148148148 0.078125 0.5648148148148148 0.0875 0.575925925925926 0.08854166666666667 0.5740740740740741 0.09479166666666668 0.5703703703703704 0.09583333333333333 0.5685185185185185 0.09895833333333333 0.5629629629629629 0.09895833333333333 0.5611111111111111 0.1 0.5462962962962963 0.09895833333333333 0.5444444444444444 0.09791666666666667 0.5388888888888889 0.096875 0.5370370370370371 0.09375 0.5333333333333333 0.09270833333333332 0.5333333333333333 0.08333333333333333 0.5314814814814814 0.078125 0.5351851851851852 0.07708333333333332 0.5370370370370371 0.075 0.5425925925925926
3 0.09375 0.5851851851851853 0.09479166666666668 0.587037037037037 0.096875 0.6055555555555556 0.09791666666666667 0.6074074074074074 0.103125 0.6092592592592593 0.10416666666666667 0.6074074074074074 0.10833333333333332 0.6055555555555556 0.109375 0.6037037037037037 0.1125 0.5981481481481481 0.1125 0.5962962962962963 0.11354166666666667 0.5814814814814815 0.1125 0.5796296296296296 0.11041666666666668 0.5740740740740741 0.109375 0.5740740740740741 0.09895833333333333 0.5722222222222222 0.09479166666666668 0.575925925925926 0.09479166666666668 0.5777777777777777 0.09375 0.5851851851851853
3 0.06979166666666667 0.5981481481481481 0.06979166666666667 0.6 0.07083333333333333 0.6203703703703703 0.07187500000000001 0.6222222222222222 0.07708333333333332 0.6259259259259259 0.078125 0.6259259259259259 0.08958333333333333 0.6203703703703703 0.090625 0.6185185185185185 0.09479166666666668 0.6092592592592593 0.09479166666666668 0.6074074074074074 0.09479166666666668 0.5907407407407407 0.09375 0.5888888888888889 0.090625 0.5833333333333334 0.08958333333333333 0.5833333333333334 0.08333333333333333 0.5814814814814815 0.07604166666666667 0.5851851851851853 0.075 0.587037037037037 0.06979166666666667 0.5981481481481481
3 0.078125 0.637037037037037 0.078125 0.6388888888888888 0.07604166666666667 0.6481481481481481 0.07708333333333332 0.65 0.07916666666666668 0.6592592592592593 0.08020833333333333 0.6592592592592593 0.08645833333333333 0.6648148148148147 0.0875 0.6648148148148147 0.09895833333333333 0.65 0.09895833333333333 0.6481481481481481 0.1 0.6407407407407407 0.09895833333333333 0.6388888888888888 0.09895833333333333 0.6351851851851852 0.09791666666666667 0.6333333333333334 0.09583333333333333 0.6296296296296297 0.09479166666666668 0.6296296296296297 0.09166666666666667 0.6259259259259259 0.090625 0.6259259259259259 0.0875 0.6259259259259259 0.08229166666666667 0.6296296296296297 0.08125 0.6314814814814815 0.078125 0.637037037037037
3 0.13333333333333333 0.8648148148148148 0.13333333333333333 0.8666666666666666 0.13229166666666667 0.8814814814814815 0.13333333333333333 0.8833333333333334 0.13541666666666666 0.8907407407407407 0.13645833333333335 0.8925925925925926 0.14166666666666666 0.9 0.14270833333333333 0.9 0.14895833333333333 0.9 0.15 0.8981481481481481 0.15416666666666665 0.8962962962962963 0.15520833333333334 0.8944444444444444 0.16041666666666665 0.8833333333333334 0.16041666666666665 0.8814814814814815 0.16145833333333334 0.8648148148148148 0.16041666666666665 0.862962962962963 0.16041666666666665 0.8592592592592593 0.159375 0.8574074074074074 0.15729166666666666 0.8537037037037037 0.15625 0.8537037037037037 0.153125 0.85 0.15208333333333335 0.85 0.14479166666666665 0.85 0.13854166666666667 0.8555555555555556 0.13749999999999998 0.8574074074074074 0.13333333333333333 0.8648148148148148
3 0.14166666666666666 0.9314814814814815 0.14166666666666666 0.9333333333333333 0.13958333333333334 0.938888888888889 0.13958333333333334 0.9407407407407407 0.13958333333333334 0.9518518518518518 0.140625 0.9537037037037037 0.14166666666666666 0.9555555555555556 0.14270833333333333 0.9555555555555556 0.15 0.9611111111111111 0.15104166666666666 0.9611111111111111 0.159375 0.9629629629629629 0.16041666666666665 0.9611111111111111 0.16770833333333335 0.9555555555555556 0.16875 0.9537037037037037 0.17083333333333334 0.95 0.17083333333333334 0.9481481481481482 0.17291666666666666 0.9407407407407407 0.17291666666666666 0.938888888888889 0.17291666666666666 0.9314814814814815 0.171875 0.9296296296296297 0.16979166666666665 0.9203703703703704 0.16875 0.9185185185185185 0.165625 0.9129629629629629 0.16458333333333333 0.9129629629629629 0.15833333333333335 0.9111111111111112 0.14791666666666667 0.9185185185185185 0.146875 0.9203703703703704 0.14166666666666666 0.9314814814814815
3 0.15416666666666665 0.9814814814814815 0.15416666666666665 0.9833333333333334 0.15520833333333334 0.9981481481481481 0.15625 0.9981481481481481 0.17395833333333335 0.9962962962962962 0.175 0.9944444444444445 0.17916666666666667 0.9833333333333334 0.17916666666666667 0.9814814814814815 0.17916666666666667 0.9629629629629629 0.178125 0.9611111111111111 0.175 0.9574074074074075 0.17395833333333335 0.9574074074074075 0.16666666666666666 0.9574074074074075 0.16041666666666665 0.9648148148148148 0.16041666666666665 0.9666666666666667 0.15416666666666665 0.9814814814814815
3 0.5770833333333334 0.29074074074074074 0.5770833333333334 0.2925925925925926 0.5770833333333334 0.3055555555555556 0.578125 0.3074074074074074 0.5854166666666667 0.3166666666666667 0.5864583333333333 0.3166666666666667 0.5906250000000001 0.3148148148148148 0.5916666666666667 0.31296296296296294 0.5979166666666667 0.3055555555555556 0.5979166666666667 0.3037037037037037 0.603125 0.28888888888888886 0.603125 0.28703703703703703 0.603125 0.2740740740740741 0.6020833333333334 0.2722222222222222 0.6020833333333334 0.26851851851851855 0.6010416666666666 0.26666666666666666 0.5989583333333334 0.26296296296296295 0.5979166666666667 0.26296296296296295 0.5875 0.2611111111111111 0.5802083333333333 0.27037037037037037 0.5802083333333333 0.2722222222222222 0.5770833333333334 0.29074074074074074
3 0.4395833333333333 0.21481481481481482 0.4395833333333333 0.21666666666666665 0.440625 0.2277777777777778 0.4416666666666667 0.22962962962962963 0.4458333333333333 0.23703703703703705 0.446875 0.23703703703703705 0.4552083333333333 0.23518518518518516 0.45625 0.23333333333333334 0.459375 0.23148148148148148 0.4604166666666667 0.22962962962962963 0.4625 0.22407407407407406 0.4614583333333333 0.2222222222222222 0.4583333333333333 0.2037037037037037 0.4572916666666667 0.20185185185185187 0.45416666666666666 0.20185185185185187 0.44375 0.2074074074074074 0.4427083333333333 0.20925925925925928 0.4395833333333333 0.21481481481481482
3 0.478125 0.21296296296296297 0.4791666666666667 0.2277777777777778 0.48125 0.2277777777777778 0.4802083333333333 0.22407407407407406 0.4822916666666667 0.21296296296296297 0.4885416666666667 0.2037037037037037 0.4885416666666667 0.20185185185185187 0.4927083333333333 0.1925925925925926 0.4927083333333333 0.1796296296296296 0.4885416666666667 0.1796296296296296 0.475 0.1925925925925926 0.4708333333333333 0.1925925925925926 0.4708333333333333 0.20555555555555555 0.478125 0.21296296296296297
1 0.55125 0.3890740740740741 0.5622916666666666 0.2725925925925926 0.5489583333333333 0.27425925925925926 0.5351041666666666 0.26555555555555554 0.5221875 0.3433333333333333 0.5069791666666666 0.3559259259259259 0.4310416666666667 0.33444444444444443 0.42802083333333335 0.3512962962962963 0.47593749999999996 0.36629629629629634 0.4934375 0.3768518518518519 0.5070833333333333 0.38925925925925925 0.5147916666666666 0.4022222222222222 0.5072916666666667 0.47574074074074074 0.5063541666666667 0.47685185185185186 0.5352083333333334 0.48388888888888887 0.55125 0.3890740740740741
0 0.5542708333333333 0.5168518518518519 0.5825 0.5144444444444445 0.6104166666666666 0.5222222222222223 0.6394791666666667 0.5557407407407408 0.6483333333333333 0.5383333333333333 0.6167708333333333 0.5044444444444444 0.5951041666666667 0.48944444444444446 0.55125 0.49018518518518517 0.5383333333333333 0.4872222222222222 0.5376041666666667 0.46407407407407403 0.5463541666666667 0.40518518518518515 0.5136458333333334 0.40240740740740744 0.4815625 0.5892592592592593 0.5129166666666667 0.615 0.5135416666666667 0.6164814814814815 0.533125 0.549074074074074 0.5542708333333333 0.5168518518518519
0 0.057291666666666664 0.07074074074074074 0.068125 0.06148148148148148 0.08875000000000001 0.060000000000000005 0.11239583333333333 0.07388888888888889 0.144375 0.12277777777777778 0.14791666666666667 0.11351851851851852 0.11041666666666668 0.051481481481481475 0.0865625 0.03851851851851852 0.050208333333333334 0.04203703703703704 0.04739583333333334 0.03277777777777778 0.051875 0.0011111111111111111 0.023125 0.001851851851851852 0.0025 0.1298148148148148 0.019895833333333335 0.16092592592592592 0.024166666666666666 0.16555555555555554 0.04020833333333334 0.10129629629629629 0.057291666666666664 0.07074074074074074