2 0.44156249999999997 0.9964814814814815 0.4769791666666667 0.9985185185185186 0.5561458333333333 0.5594444444444444 0.6347916666666668 0.008888888888888889 0.6016666666666667 0.0005555555555555556 0.5975 0.002592592592592593 0.5945833333333334 0.0005555555555555556 0.5142708333333333 0.5457407407407407 0.44156249999999997 0.9964814814814815
2 0.05677083333333333 0.6864814814814815 0.08822916666666668 0.7472222222222222 0.09833333333333333 0.7511111111111112 0.10489583333333333 0.7388888888888888 0.08802083333333333 0.7118518518518518 0.0534375 0.6364814814814814 0.03625 0.5940740740740741 0.026666666666666665 0.6103703703703703 0.05677083333333333 0.6864814814814815
3 0.471875 0.39629629629629626 0.471875 0.39814814814814814 0.46979166666666666 0.40370370370370373 0.46979166666666666 0.4055555555555555 0.46875 0.41851851851851857 0.46979166666666666 0.42037037037037034 0.46979166666666666 0.42592592592592593 0.4708333333333333 0.4277777777777778 0.475 0.43703703703703706 0.4760416666666667 0.43703703703703706 0.4802083333333333 0.44074074074074077 0.48125 0.44074074074074077 0.490625 0.4388888888888889 0.4916666666666667 0.43703703703703706 0.4958333333333333 0.4351851851851852 0.496875 0.4333333333333333 0.5020833333333333 0.42407407407407405 0.5020833333333333 0.4222222222222222 0.5052083333333334 0.4111111111111111 0.5052083333333334 0.40925925925925927 0.5052083333333334 0.4 0.5041666666666667 0.39814814814814814 0.49895833333333334 0.3833333333333333 0.4979166666666667 0.3833333333333333 0.4927083333333333 0.37962962962962965 0.4802083333333333 0.38148148148148153 0.4791666666666667 0.3833333333333333 0.471875 0.39629629629629626
3 0.4916666666666667 0.3388888888888889 0.4916666666666667 0.34074074074074073 0.4885416666666667 0.35 0.4885416666666667 0.35185185185185186 0.4885416666666667 0.362962962962963 0.4895833333333333 0.3648148148148148 0.4927083333333333 0.37592592592592594 0.49375 0.37592592592592594 0.5010416666666666 0.3833333333333333 0.5020833333333333 0.3833333333333333 0.509375 0.3833333333333333 0.5104166666666666 0.38148148148148153 0.5166666666666666 0.37777777777777777 0.5166666666666666 0.37592592592592594 0.5208333333333334 0.3648148148148148 0.5208333333333334 0.362962962962963 0.521875 0.35370370370370374 0.5208333333333334 0.35185185185185186 0.5208333333333334 0.3425925925925926 0.5197916666666667 0.34074074074074073 0.5187499999999999 0.3351851851851852 0.5177083333333333 0.3333333333333333 0.5135416666666667 0.32592592592592595 0.5125000000000001 0.32592592592592595 0.5052083333333334 0.32407407407407407 0.4979166666666667 0.3277777777777778 0.496875 0.32962962962962966 0.4916666666666667 0.3388888888888889
3 0.4947916666666667 0.2777777777777778 0.4947916666666667 0.2796296296296296 0.4947916666666667 0.3111111111111111 0.4958333333333333 0.31296296296296294 0.5 0.3222222222222222 0.5010416666666666 0.3222222222222222 0.5145833333333334 0.32407407407407407 0.515625 0.3222222222222222 0.521875 0.31296296296296294 0.521875 0.3111111111111111 0.525 0.3037037037037037 0.525 0.30185185185185187 0.525 0.2796296296296296 0.5239583333333333 0.2777777777777778 0.5177083333333333 0.26296296296296295 0.5166666666666666 0.26296296296296295 0.5135416666666667 0.25925925925925924 0.5125000000000001 0.25925925925925924 0.5041666666666667 0.25925925925925924 0.496875 0.26851851851851855 0.496875 0.27037037037037037 0.4947916666666667 0.2777777777777778
3 0.4885416666666667 0.21666666666666665 0.4885416666666667 0.21851851851851853 0.4885416666666667 0.23148148148148148 0.4895833333333333 0.23333333333333334 0.4916666666666667 0.2518518518518518 0.4927083333333333 0.2537037037037037 0.4979166666666667 0.2611111111111111 0.49895833333333334 0.2611111111111111 0.5031249999999999 0.2574074074074074 0.5041666666666667 0.2574074074074074 0.5125000000000001 0.2555555555555556 0.5135416666666667 0.2537037037037037 0.5197916666666667 0.23333333333333334 0.5197916666666667 0.23148148148148148 0.5197916666666667 0.2222222222222222 0.5187499999999999 0.22037037037037038 0.5125000000000001 0.20925925925925928 0.5114583333333333 0.20925925925925928 0.49895833333333334 0.19814814814814813 0.4979166666666667 0.19814814814814813 0.4958333333333333 0.19814814814814813 0.490625 0.2074074074074074 0.490625 0.20925925925925928 0.4885416666666667 0.21666666666666665
3 0.6791666666666666 0 0.6791666666666666 0.011111111111111112 0.6802083333333334 0.012962962962962963 0.6822916666666666 0.024074074074074074 0.6833333333333333 0.025925925925925925 0.690625 0.037037037037037035 0.690625 0.03888888888888889 0.6958333333333334 0.05185185185185185 0.696875 0.05185185185185185 0.7041666666666666 0.06111111111111111 0.7052083333333333 0.06111111111111111 0.7208333333333333 0.06296296296296296 0.721875 0.06111111111111111 0.7291666666666666 0.05740740740740741 0.7302083333333333 0.05555555555555555 0.7447916666666666 0.040740740740740744 0.7458333333333333 0.03888888888888889 0.7552083333333334 0.020370370370370372 0.7552083333333334 0.018518518518518517 0.7604166666666666 0 0.759375 0 0.6791666666666666 0
3 0.725 0.06666666666666667 0.725 0.06851851851851852 0.7177083333333334 0.08333333333333333 0.7177083333333334 0.08518518518518518 0.7145833333333333 0.09444444444444444 0.7145833333333333 0.0962962962962963 0.7104166666666666 0.1259259259259259 0.7114583333333334 0.1277777777777778 0.7125 0.14814814814814814 0.7135416666666666 0.15 0.7197916666666666 0.17037037037037037 0.7208333333333333 0.17222222222222225 0.7239583333333334 0.17777777777777778 0.725 0.17777777777777778 0.7427083333333334 0.1925925925925926 0.74375 0.1925925925925926 0.7583333333333334 0.18888888888888888 0.759375 0.18703703703703703 0.778125 0.17222222222222225 0.7791666666666667 0.17037037037037037 0.790625 0.15 0.790625 0.14814814814814814 0.7916666666666666 0.1277777777777778 0.7927083333333333 0.1259259259259259 0.7947916666666667 0.11296296296296296 0.7947916666666667 0.1111111111111111 0.79375 0.08703703703703704 0.7927083333333333 0.08518518518518518 0.7916666666666666 0.07592592592592592 0.790625 0.07407407407407407 0.784375 0.06111111111111111 0.7833333333333333 0.06111111111111111 0.7614583333333333 0.04259259259259259 0.7604166666666666 0.04259259259259259 0.7489583333333334 0.040740740740740744 0.734375 0.053703703703703705 0.7333333333333334 0.05555555555555555 0.725 0.06666666666666667
3 0.803125 0.09074074074074075 0.803125 0.09259259259259259 0.8 0.09814814814814815 0.8 0.1 0.79375 0.12407407407407407 0.79375 0.1259259259259259 0.7927083333333333 0.1537037037037037 0.79375 0.15555555555555556 0.79375 0.16296296296296298 0.7947916666666667 0.16481481481481483 0.796875 0.17407407407407408 0.7979166666666666 0.17592592592592593 0.80625 0.19074074074074077 0.8072916666666666 0.19074074074074077 0.825 0.2037037037037037 0.8260416666666667 0.2037037037037037 0.8458333333333333 0.20555555555555555 0.846875 0.2037037037037037 0.85625 0.2 0.8572916666666667 0.19814814814814813 0.8583333333333334 0.1925925925925926 0.8583333333333334 0.19074074074074077 0.8583333333333334 0.17777777777777778 0.859375 0.17592592592592593 0.8625 0.1462962962962963 0.8625 0.14444444444444443 0.8625 0.11296296296296296 0.8614583333333333 0.1111111111111111 0.859375 0.09074074074074075 0.8583333333333334 0.08888888888888889 0.85 0.06666666666666667 0.8489583333333334 0.06666666666666667 0.8447916666666666 0.06296296296296296 0.84375 0.06296296296296296 0.8333333333333334 0.06296296296296296 0.8166666666666667 0.06851851851851852 0.815625 0.07037037037037036 0.803125 0.09074074074074075
3 0.7385416666666667 0.2 0.7375 0.20185185185185187 0.7302083333333333 0.21666666666666665 0.7302083333333333 0.21851851851851853 0.7260416666666666 0.23148148148148148 0.7260416666666666 0.23333333333333334 0.725 0.26481481481481484 0.7260416666666666 0.26666666666666666 0.73125 0.28888888888888886 0.7322916666666667 0.28888888888888886 0.7364583333333333 0.28888888888888886 0.7375 0.28703703703703703 0.7447916666666666 0.2740740740740741 0.7458333333333333 0.2740740740740741 0.7541666666666667 0.26296296296296295 0.7552083333333334 0.26296296296296295 0.7614583333333333 0.26296296296296295 0.7625 0.26481481481481484 0.775 0.2722222222222222 0.7760416666666666 0.2722222222222222 0.7802083333333334 0.2722222222222222 0.78125 0.27037037037037037 0.7833333333333333 0.25 0.784375 0.24814814814814815 0.7927083333333333 0.22407407407407406 0.7927083333333333 0.2222222222222222 0.7927083333333333 0.21666666666666665 0.7916666666666666 0.21481481481481482 0.7875 0.20555555555555555 0.7864583333333334 0.2037037037037037 0.7791666666666667 0.1962962962962963 0.778125 0.1962962962962963 0.7729166666666666 0.1925925925925926 0.771875 0.1925925925925926 0.7520833333333333 0.1925925925925926 0.7447916666666666 0.19444444444444445 0.74375 0.1962962962962963 0.7385416666666667 0.2
3 0.7958333333333334 0.27037037037037037 0.803125 0.26296296296296295 0.8052083333333334 0.26296296296296295 0.809375 0.25925925925925924 0.8091666666666667 0.2735185185185185 0.8125 0.2740740740740741 0.8125 0.2759259259259259 0.8085416666666667 0.28296296296296297 0.8114583333333334 0.29074074074074074 0.8079166666666666 0.2924074074074074 0.8072916666666666 0.30185185185185187 0.80625 0.30185185185185187 0.7989583333333333 0.3166666666666667 0.7989583333333333 0.3222222222222222 0.8020833333333334 0.3277777777777778 0.803125 0.3277777777777778 0.80625 0.3333333333333333 0.81875 0.337037037037037 0.8197916666666666 0.3351851851851852 0.8197916666666666 0.33148148148148143 0.81875 0.32962962962962966 0.8177083333333334 0.3185185185185185 0.8229166666666666 0.30925925925925923 0.8333333333333334 0.32962962962962966 0.8447916666666666 0.32962962962962966 0.8447916666666666 0.32592592592592595 0.8479166666666667 0.3166666666666667 0.8479166666666667 0.30925925925925923 0.8489583333333334 0.3074074074074074 0.8489583333333334 0.29814814814814816 0.85 0.2962962962962963 0.85 0.2851851851851852 0.8510416666666666 0.2833333333333333 0.8510416666666666 0.2740740740740741 0.8520833333333334 0.2722222222222222 0.8520833333333334 0.26666666666666666 0.85625 0.2537037037037037 0.85625 0.23333333333333334 0.8541666666666666 0.22962962962962963 0.8520833333333334 0.2222222222222222 0.8489583333333334 0.22037037037037038 0.846875 0.21666666666666665 0.84375 0.21481481481481482 0.8395833333333333 0.20925925925925928 0.8135416666666666 0.2074074074074074 0.8104166666666667 0.2111111111111111 0.8083333333333333 0.2111111111111111 0.8072916666666666 0.21296296296296297 0.8052083333333334 0.21296296296296297 0.8010416666666667 0.21666666666666665 0.7979166666666666 0.2222222222222222 0.796875 0.2222222222222222 0.79375 0.2277777777777778 0.7927083333333333 0.2277777777777778 0.7854166666666667 0.24814814814814815 0.7854166666666667 0.2518518518518518 0.7833333333333333 0.2574074074074074 0.7833333333333333 0.2722222222222222 0.7958333333333334 0.27037037037037037
3 0.8104166666666667 0.8314814814814815 0.8114583333333334 0.8333333333333334 0.825 0.8574074074074074 0.8260416666666667 0.8574074074074074 0.83125 0.862962962962963 0.8322916666666667 0.862962962962963 0.8385416666666666 0.8666666666666666 0.8395833333333333 0.8648148148148148 0.8458333333333333 0.862962962962963 0.846875 0.8611111111111112 0.8520833333333334 0.8518518518518519 0.8520833333333334 0.85 0.853125 0.8425925925925926 0.8520833333333334 0.8407407407407407 0.8510416666666666 0.8333333333333334 0.85 0.8314814814814815 0.8427083333333334 0.8185185185185185 0.8416666666666667 0.8185185185185185 0.8364583333333334 0.8148148148148148 0.8354166666666666 0.8148148148148148 0.828125 0.8148148148148148 0.8114583333333334 0.8240740740740741 0.8104166666666667 0.825925925925926 0.8104166666666667 0.8314814814814815
3 0.8447916666666666 0.8037037037037037 0.84375 0.8055555555555556 0.8416666666666667 0.8055555555555556 0.840625 0.8074074074074075 0.840625 0.811111111111111 0.8416666666666667 0.8129629629629629 0.8520833333333334 0.8333333333333334 0.853125 0.8333333333333334 0.85625 0.8370370370370371 0.8572916666666667 0.8370370370370371 0.865625 0.8370370370370371 0.8666666666666666 0.8351851851851853 0.8739583333333334 0.8240740740740741 0.8739583333333334 0.8222222222222222 0.8760416666666666 0.8166666666666667 0.8760416666666666 0.8148148148148148 0.8760416666666666 0.8037037037037037 0.875 0.8018518518518518 0.8739583333333334 0.7962962962962963 0.8729166666666667 0.7944444444444444 0.8677083333333334 0.7925925925925925 0.853125 0.8074074074074075 0.8520833333333334 0.8074074074074075 0.8447916666666666 0.8037037037037037
3 0.8385416666666666 0.7092592592592593 0.8375 0.7111111111111111 0.8375 0.7166666666666667 0.8385416666666666 0.7166666666666667 0.8489583333333334 0.7166666666666667 0.85 0.7185185185185184 0.8572916666666667 0.7314814814814815 0.8572916666666667 0.7333333333333334 0.8604166666666666 0.7425925925925926 0.8614583333333333 0.7425925925925926 0.8645833333333334 0.7444444444444445 0.865625 0.7425925925925926 0.86875 0.725925925925926 0.86875 0.7240740740740741 0.86875 0.7166666666666667 0.8677083333333334 0.7148148148148148 0.8614583333333333 0.7018518518518518 0.8604166666666666 0.7018518518518518 0.85625 0.7 0.85 0.7074074074074075 0.8489583333333334 0.7074074074074075 0.8385416666666666 0.7092592592592593
3 0.83125 0.6666666666666666 0.83125 0.6685185185185185 0.8302083333333333 0.688888888888889 0.83125 0.6907407407407407 0.8395833333333333 0.7055555555555556 0.840625 0.7055555555555556 0.846875 0.7055555555555556 0.8479166666666667 0.7037037037037037 0.85625 0.6981481481481482 0.85625 0.6962962962962963 0.859375 0.6870370370370371 0.859375 0.6851851851851852 0.859375 0.6629629629629629 0.8583333333333334 0.6611111111111112 0.8572916666666667 0.6537037037037037 0.85625 0.6518518518518519 0.8489583333333334 0.6481481481481481 0.8364583333333334 0.6555555555555556 0.8354166666666666 0.6574074074074074 0.83125 0.6666666666666666
3 0.7885416666666666 0.6759259259259259 0.7885416666666666 0.6777777777777778 0.7916666666666666 0.7111111111111111 0.7927083333333333 0.7129629629629629 0.7979166666666666 0.725925925925926 0.7989583333333333 0.725925925925926 0.803125 0.725925925925926 0.8041666666666666 0.7240740740740741 0.8104166666666667 0.7203703703703703 0.8114583333333334 0.7185185185185184 0.8145833333333333 0.7129629629629629 0.8145833333333333 0.7111111111111111 0.8166666666666667 0.7074074074074075 0.8166666666666667 0.7055555555555556 0.81875 0.6907407407407407 0.8177083333333334 0.688888888888889 0.8145833333333333 0.6759259259259259 0.8135416666666666 0.6759259259259259 0.809375 0.6685185185185185 0.8083333333333333 0.6685185185185185 0.8020833333333334 0.6629629629629629 0.8010416666666667 0.6629629629629629 0.7958333333333334 0.6629629629629629 0.7895833333333334 0.6703703703703704 0.7895833333333334 0.6722222222222222 0.7885416666666666 0.6759259259259259
3 0.66875 0.6462962962962963 0.6697916666666667 0.6481481481481481 0.6729166666666666 0.6592592592592593 0.6739583333333333 0.6611111111111112 0.6791666666666666 0.6685185185185185 0.6802083333333334 0.6685185185185185 0.6895833333333333 0.6722222222222222 0.690625 0.6703703703703704 0.6958333333333334 0.6666666666666666 0.696875 0.6648148148148147 0.7 0.6592592592592593 0.7 0.6574074074074074 0.7020833333333334 0.6518518518518519 0.7020833333333334 0.65 0.7020833333333334 0.6425925925925926 0.7010416666666667 0.6407407407407407 0.6947916666666666 0.6222222222222222 0.69375 0.6222222222222222 0.6875 0.6166666666666666 0.6864583333333334 0.6166666666666666 0.6791666666666666 0.6166666666666666 0.6697916666666667 0.6333333333333334 0.6697916666666667 0.6351851851851852 0.66875 0.6462962962962963
3 0.6947916666666666 0.6203703703703703 0.6958333333333334 0.6222222222222222 0.7052083333333333 0.6444444444444444 0.70625 0.6444444444444444 0.71875 0.6444444444444444 0.7197916666666666 0.6425925925925926 0.7260416666666666 0.6296296296296297 0.7260416666666666 0.6277777777777778 0.7270833333333334 0.6074074074074074 0.7260416666666666 0.6055555555555556 0.7208333333333333 0.5962962962962963 0.7197916666666666 0.5962962962962963 0.7083333333333334 0.5944444444444444 0.6958333333333334 0.6074074074074074 0.6958333333333334 0.6092592592592593 0.6947916666666666 0.6203703703703703
3 0.7260416666666666 0.6018518518518519 0.7270833333333334 0.6037037037037037 0.7302083333333333 0.6111111111111112 0.73125 0.6111111111111112 0.7364583333333333 0.612962962962963 0.7375 0.6111111111111112 0.7385416666666667 0.5925925925925926 0.7375 0.5907407407407407 0.734375 0.587037037037037 0.7333333333333334 0.587037037037037 0.7302083333333333 0.587037037037037 0.7260416666666666 0.5944444444444444 0.7260416666666666 0.5962962962962963 0.7260416666666666 0.6018518518518519
3 0.9244791666666666 0.8305555555555556 0.9239583333333333 0.8462962962962963 0.9229166666666666 0.8481481481481481 0.91875 0.8462962962962963 0.9197916666666667 0.8481481481481481 0.9197916666666667 0.8537037037037037 0.921875 0.8574074074074074 0.9229166666666666 0.8555555555555556 0.9354166666666667 0.862962962962963 0.9354166666666667 0.8666666666666666 0.9364583333333334 0.8703703703703703 0.9375 0.8703703703703703 0.9447916666666666 0.8611111111111112 0.9458333333333334 0.8611111111111112 0.9489583333333333 0.8555555555555556 0.953125 0.8518518518518519 0.9541666666666666 0.85 0.9541666666666666 0.8425925925925926 0.953125 0.8407407407407407 0.953125 0.8351851851851853 0.95 0.8296296296296296 0.946875 0.8351851851851853 0.9302083333333334 0.8314814814814815 0.9263888888888888 0.8277777777777778 0.9322916666666666 0.811111111111111 0.934375 0.8092592592592593 0.934375 0.8074074074074075 0.9322916666666666 0.8055555555555556 0.9291666666666666 0.8074074074074075 0.9302083333333334 0.811111111111111 0.9288194444444444 0.8166666666666667 0.91875 0.8296296296296296 0.9244791666666666 0.8305555555555556
3 0.965625 0.8462962962962963 0.9666666666666667 0.8481481481481481 0.9802083333333333 0.8481481481481481 0.98125 0.8462962962962963 0.9822916666666667 0.8444444444444444 0.9822916666666667 0.8425925925925926 0.9822916666666667 0.8333333333333334 0.98125 0.8314814814814815 0.9770833333333334 0.8296296296296296 0.9666666666666667 0.8370370370370371 0.965625 0.8388888888888888 0.965625 0.8462962962962963
3 0.890625 0.862962962962963 0.8916666666666666 0.8648148148148148 0.8979166666666666 0.8703703703703703 0.8989583333333334 0.8703703703703703 0.9145833333333334 0.8777777777777778 0.9145833333333334 0.8759259259259259 0.9114583333333334 0.8722222222222222 0.9114583333333334 0.8703703703703703 0.9114583333333334 0.8388888888888888 0.9104166666666667 0.8370370370370371 0.9083333333333333 0.8370370370370371 0.9083333333333333 0.8388888888888888 0.909375 0.8407407407407407 0.9083333333333333 0.8425925925925926 0.9052083333333334 0.8481481481481481 0.9041666666666667 0.8481481481481481 0.9020833333333333 0.8481481481481481 0.9010416666666666 0.8462962962962963 0.8979166666666666 0.8425925925925926 0.8979166666666666 0.8407407407407407 0.896875 0.8370370370370371 0.8958333333333334 0.8370370370370371 0.8927083333333333 0.8333333333333334 0.8895833333333334 0.8555555555555556 0.8895833333333334 0.8574074074074074 0.890625 0.862962962962963
3 0.5572916666666666 0.6685185185185185 0.5583333333333333 0.6703703703703704 0.5614583333333334 0.674074074074074 0.5625 0.674074074074074 0.5677083333333334 0.674074074074074 0.56875 0.6722222222222222 0.5708333333333333 0.6703703703703704 0.5708333333333333 0.6685185185185185 0.5697916666666667 0.6611111111111112 0.56875 0.6592592592592593 0.5656249999999999 0.65 0.5645833333333333 0.65 0.5625 0.6481481481481481 0.5572916666666666 0.6537037037037037 0.5572916666666666 0.6555555555555556 0.5572916666666666 0.6685185185185185
3 0.5614583333333334 0.6962962962962963 0.5625 0.6981481481481482 0.5739583333333333 0.6981481481481482 0.5750000000000001 0.6962962962962963 0.5739583333333333 0.6814814814814815 0.5729166666666666 0.6796296296296297 0.5708333333333333 0.6759259259259259 0.5697916666666667 0.6759259259259259 0.5645833333333333 0.6759259259259259 0.5614583333333334 0.6814814814814815 0.5614583333333334 0.6833333333333333 0.5614583333333334 0.6962962962962963
3 0.571875 0.7037037037037037 0.571875 0.7055555555555556 0.5729166666666666 0.7148148148148148 0.5739583333333333 0.7166666666666667 0.5750000000000001 0.7185185185185184 0.5760416666666667 0.7185185185185184 0.5822916666666667 0.7166666666666667 0.5833333333333334 0.7148148148148148 0.5875 0.7092592592592593 0.5875 0.7074074074074075 0.5864583333333333 0.6962962962962963 0.5854166666666667 0.6962962962962963 0.578125 0.6944444444444444 0.5739583333333333 0.6981481481481482 0.5729166666666666 0.7 0.571875 0.7037037037037037
3 0.3260416666666667 0.5907407407407407 0.32708333333333334 0.5925925925925926 0.328125 0.6 0.32916666666666666 0.6018518518518519 0.3354166666666667 0.6 0.3364583333333333 0.5981481481481481 0.3364583333333333 0.5814814814814815 0.3354166666666667 0.5796296296296296 0.328125 0.575925925925926 0.3260416666666667 0.5796296296296296 0.3260416666666667 0.5814814814814815 0.3260416666666667 0.5907407407407407
3 0.32916666666666666 0.6240740740740741 0.3302083333333333 0.6240740740740741 0.3385416666666667 0.6222222222222222 0.3385416666666667 0.6203703703703703 0.3395833333333333 0.6185185185185185 0.3395833333333333 0.6166666666666666 0.3395833333333333 0.6074074074074074 0.3385416666666667 0.6055555555555556 0.3364583333333333 0.6018518518518519 0.3354166666666667 0.6018518518518519 0.3333333333333333 0.6018518518518519 0.328125 0.6055555555555556 0.328125 0.6074074074074074 0.32916666666666666 0.6240740740740741
3 0.328125 0.6314814814814815 0.328125 0.6333333333333334 0.32916666666666666 0.6444444444444444 0.3302083333333333 0.6462962962962963 0.3322916666666667 0.6481481481481481 0.3333333333333333 0.6481481481481481 0.3375 0.6481481481481481 0.3385416666666667 0.6462962962962963 0.3416666666666667 0.637037037037037 0.3416666666666667 0.6351851851851852 0.3395833333333333 0.6240740740740741 0.3385416666666667 0.6240740740740741 0.3354166666666667 0.6240740740740741 0.3302083333333333 0.6259259259259259 0.32916666666666666 0.6277777777777778 0.328125 0.6314814814814815
3 0 0.9462962962962963 0.0010416666666666667 0.9462962962962963 0.009375 0.9574074074074075 0.010416666666666666 0.9555555555555556 0.02291666666666667 0.9351851851851852 0.02291666666666667 0.9333333333333333 0.02395833333333333 0.9037037037037037 0.02291666666666667 0.9018518518518519 0.016666666666666666 0.8907407407407407 0.015625 0.8907407407407407 0.003125 0.887037037037037 0 0.8888888888888888 0 0.8907407407407407 0 0.9462962962962963
3 0.2125 0.31296296296296294 0.21354166666666666 0.3148148148148148 0.215625 0.3222222222222222 0.21666666666666665 0.3222222222222222 0.21770833333333334 0.3222222222222222 0.21875 0.32037037037037036 0.22291666666666665 0.3148148148148148 0.22291666666666665 0.31296296296296294 0.22291666666666665 0.30925925925925923 0.221875 0.3074074074074074 0.21979166666666666 0.30185185185185187 0.21875 0.30185185185185187 0.21458333333333335 0.30185185185185187 0.2125 0.3037037037037037 0.2125 0.3055555555555556 0.2125 0.31296296296296294
3 0.21875 0.3351851851851852 0.21979166666666666 0.337037037037037 0.22708333333333333 0.34074074074074073 0.228125 0.3388888888888889 0.23229166666666665 0.337037037037037 0.23333333333333334 0.3351851851851852 0.23229166666666665 0.32592592592592595 0.23125 0.32407407407407407 0.22916666666666666 0.32037037037037036 0.228125 0.32037037037037036 0.22291666666666665 0.3166666666666667 0.21875 0.3222222222222222 0.21875 0.32407407407407407 0.21875 0.3351851851851852
3 0.23645833333333335 0.34814814814814815 0.2375 0.34814814814814815 0.24375 0.35 0.24479166666666666 0.34814814814814815 0.25 0.3444444444444445 0.25 0.3425925925925926 0.25 0.3351851851851852 0.24895833333333334 0.3333333333333333 0.24791666666666665 0.32962962962962966 0.246875 0.32962962962962966 0.240625 0.32962962962962966 0.23541666666666666 0.3351851851851852 0.23541666666666666 0.337037037037037 0.23645833333333335 0.34814814814814815
3 0.321875 0.3388888888888889 0.3229166666666667 0.34074074074074073 0.325 0.34814814814814815 0.3260416666666667 0.34814814814814815 0.328125 0.34814814814814815 0.32916666666666666 0.34629629629629627 0.33125 0.3351851851851852 0.3302083333333333 0.3333333333333333 0.32916666666666666 0.32962962962962966 0.328125 0.32962962962962966 0.325 0.32962962962962966 0.3229166666666667 0.33148148148148143 0.3229166666666667 0.3333333333333333 0.321875 0.3388888888888889
3 0.328125 0.3277777777777778 0.32916666666666666 0.3277777777777778 0.3354166666666667 0.3222222222222222 0.3354166666666667 0.32037037037037036 0.3354166666666667 0.3148148148148148 0.334375 0.31296296296296294 0.3333333333333333 0.3111111111111111 0.3260416666666667 0.3185185185185185 0.3260416666666667 0.32037037037037036 0.328125 0.3277777777777778
3 0.3260416666666667 0.3 0.32708333333333334 0.30185185185185187 0.3364583333333333 0.30185185185185187 0.3364583333333333 0.3 0.3364583333333333 0.2925925925925926 0.3354166666666667 0.29074074074074074 0.3333333333333333 0.28703703703703703 0.3322916666666667 0.28703703703703703 0.32916666666666666 0.28703703703703703 0.3260416666666667 0.2925925925925926 0.3260416666666667 0.29444444444444445 0.3260416666666667 0.3
3 0.3354166666666667 0.28888888888888886 0.3364583333333333 0.29074074074074074 0.3375 0.2962962962962963 0.3385416666666667 0.2962962962962963 0.34270833333333334 0.2962962962962963 0.34375 0.29444444444444445 0.3458333333333333 0.28888888888888886 0.3458333333333333 0.28703703703703703 0.34479166666666666 0.2833333333333333 0.34375 0.28148148148148144 0.3395833333333333 0.2796296296296296 0.3354166666666667 0.2851851851851852 0.3354166666666667 0.28703703703703703 0.3354166666666667 0.28888888888888886
3 0.38125 0.4666666666666667 0.3822916666666667 0.46851851851851856 0.3864583333333333 0.4740740740740741 0.3875 0.4740740740740741 0.390625 0.4722222222222222 0.39166666666666666 0.4703703703703703 0.39166666666666666 0.45925925925925926 0.390625 0.4574074074074074 0.3875 0.4537037037037037 0.3864583333333333 0.4537037037037037 0.3833333333333333 0.4537037037037037 0.3802083333333333 0.45925925925925926 0.3802083333333333 0.4611111111111111 0.38125 0.4666666666666667
3 0.2583333333333333 0.5240740740740741 0.25937499999999997 0.5259259259259259 0.2625 0.5259259259259259 0.2635416666666667 0.5240740740740741 0.26458333333333334 0.5148148148148148 0.2635416666666667 0.512962962962963 0.2604166666666667 0.5111111111111112 0.2583333333333333 0.5166666666666666 0.2583333333333333 0.5185185185185185 0.2583333333333333 0.5240740740740741
3 0.29583333333333334 0.774074074074074 0.296875 0.774074074074074 0.303125 0.7777777777777778 0.3041666666666667 0.7759259259259259 0.3072916666666667 0.774074074074074 0.3083333333333333 0.7722222222222223 0.3083333333333333 0.7592592592592593 0.3072916666666667 0.7574074074074074 0.2989583333333333 0.7537037037037038 0.2947916666666667 0.7611111111111112 0.2947916666666667 0.7629629629629631 0.29583333333333334 0.774074074074074
3 0.3 0.7833333333333333 0.3 0.7851851851851852 0.3 0.7925925925925925 0.3010416666666667 0.7944444444444444 0.3041666666666667 0.8018518518518518 0.3052083333333333 0.8018518518518518 0.31354166666666666 0.7981481481481482 0.3145833333333333 0.7962962962962963 0.3166666666666667 0.7907407407407407 0.3166666666666667 0.7888888888888889 0.3125 0.7759259259259259 0.31145833333333334 0.7759259259259259 0.30625 0.7759259259259259 0.3010416666666667 0.7796296296296297 0.3010416666666667 0.7814814814814816 0.3 0.7833333333333333
3 0.29791666666666666 0.7518518518518519 0.2989583333333333 0.7537037037037038 0.3020833333333333 0.7518518518518519 0.303125 0.7537037037037038 0.3083333333333333 0.7555555555555555 0.3083333333333333 0.7537037037037038 0.309375 0.7370370370370369 0.3083333333333333 0.7370370370370369 0.3041666666666667 0.7351851851851853 0.2989583333333333 0.7407407407407407 0.2989583333333333 0.7425925925925926 0.29791666666666666 0.7518518518518519
3 0.5010416666666666 0.8685185185185185 0.5010416666666666 0.8703703703703703 0.5020833333333333 0.8777777777777778 0.5031249999999999 0.8796296296296297 0.5052083333333334 0.8833333333333334 0.50625 0.8833333333333334 0.5114583333333333 0.8833333333333334 0.5125000000000001 0.8814814814814815 0.5166666666666666 0.8759259259259259 0.5166666666666666 0.8740740740740741 0.5177083333333333 0.8648148148148148 0.5166666666666666 0.862962962962963 0.5125000000000001 0.8574074074074074 0.5072916666666667 0.8592592592592593 0.50625 0.8611111111111112 0.5010416666666666 0.8685185185185185
3 0.59375 0.7722222222222223 0.5947916666666666 0.7703703703703704 0.5958333333333333 0.7574074074074074 0.5947916666666666 0.7555555555555555 0.5927083333333334 0.7518518518518519 0.5916666666666667 0.7518518518518519 0.5875 0.7518518518518519 0.5875 0.7703703703703704 0.5885416666666666 0.7722222222222223 0.59375 0.7722222222222223
3 0.4552083333333333 0.06851851851851852 0.45625 0.07037037037037036 0.45625 0.07407407407407407 0.4572916666666667 0.07592592592592592 0.4614583333333333 0.08333333333333333 0.4625 0.08333333333333333 0.4666666666666667 0.08703703703703704 0.46770833333333334 0.08518518518518518 0.46979166666666666 0.08333333333333333 0.46979166666666666 0.08148148148148149 0.471875 0.07407407407407407 0.471875 0.07222222222222222 0.4708333333333333 0.05925925925925926 0.46979166666666666 0.05740740740740741 0.46770833333333334 0.05 0.4666666666666667 0.05 0.4604166666666667 0.04814814814814815 0.4552083333333333 0.05555555555555555 0.4552083333333333 0.05740740740740741 0.4552083333333333 0.06851851851851852
3 0.4645833333333333 0.10185185185185185 0.4645833333333333 0.1037037037037037 0.465625 0.11666666666666667 0.4666666666666667 0.11851851851851852 0.4729166666666667 0.12407407407407407 0.4739583333333333 0.12407407407407407 0.48125 0.12407407407407407 0.48125 0.12222222222222222 0.48125 0.09444444444444444 0.4802083333333333 0.09444444444444444 0.4708333333333333 0.09259259259259259 0.4666666666666667 0.0962962962962963 0.465625 0.09814814814814815 0.4645833333333333 0.10185185185185185
1 0.5261458333333333 0.7005555555555555 0.5452083333333333 0.6072222222222222 0.5549999999999999 0.5833333333333334 0.6101041666666667 0.5568518518518518 0.6847916666666666 0.5494444444444445 0.6842708333333334 0.5174074074074074 0.5895833333333333 0.5211111111111111 0.5684375 0.5164814814814815 0.5653125 0.48185185185185186 0.5817708333333333 0.3655555555555555 0.54625 0.36000000000000004 0.54625 0.3618518518518518 0.4880208333333333 0.6840740740740741 0.5261458333333333 0.7005555555555555
1 0 0.45858024537037034 0.00020833333333333332 0.5072222222222222 0.0078125 0.5488888888888889 0.0077083333333333335 0.5494444444444445 0.022708333333333334 0.5427777777777778 0.015625 0.49666666666666665 0.0203125 0.4835185185185185 0.06770833333333333 0.43777777777777777 0.0665625 0.4275925925925926 0.028958333333333332 0.4612962962962963 0.012291666666666666 0.47129629629629627 0 0.43457049537037035 0 0.45858024537037034
1 0.14760416666666668 0.6038888888888889 0.1571875 0.6098148148148148 0.16666666666666666 0.6240740740740741 0.16770833333333335 0.62 0.151875 0.5927777777777777 0.15583333333333332 0.5761111111111111 0.14739583333333334 0.5712962962962963 0.13635416666666667 0.6240740740740741 0.14177083333333332 0.6301851851851852 0.14760416666666668 0.6038888888888889