2 0.5247654259259259 0 0.5250637523148148 0.004266280092592592 0.5015174814814815 0.3365329861111111 0.44165563888888887 0.666141275462963 0.3441285439814815 1 0.3821686574074074 1 0.5175876898148148 0.49765632407407406 0.5595377060185185 0 0.5247654259259259 0
2 0.5132404282407408 0.7580382962962964 0.43484429861111107 0.8151274814814814 0.40077528935185186 0.9491267268518518 0.4806062569444445 0.842372025462963 0.5337154490740741 0.8134115833333333 0.5676089166666667 0.8322041851851851 0.5845121527777778 0.7857266712962963 0.6078158148148148 0.7471552800925926 0.8239784467592592 0.6024648194444444 0.989696775462963 0.34564967592592594 0.9814420671296297 0.26194752546296296 0.9812066967592593 0.2660480069444444 0.8139965416666667 0.5179552615740741 0.7440908773148147 0.5859602546296296 0.7345930046296296 0.6278359097222223 0.7320479930555556 0.6257862268518518 0.7094931898148148 0.6422144027777777 0.6841031041666666 0.6345223425925925 0.5153333148148148 0.7536222870370369 0.5132404282407408 0.7580382962962964
2 0.7131793425925926 0.6829825046296297 0.7137904722222222 0.6812690347222222 0.7011759745370371 0.6875346087962962 0.7262007476851852 0.7333078773148147 0.8078897870370371 0.8278398148148148 0.8872579768518519 0.9115814328703704 0.8866312708333333 0.8861929351851852 0.8458123032407407 0.8400390046296295 0.7878135092592593 0.7826486990740741 0.7131793425925926 0.6829825046296297
2 0.5385748726851852 0.4707564351851852 0.5770885671296296 0.5332220185185185 0.5786670208333333 0.5154760902777779 0.5608329421296296 0.4829371666666667 0.5271003819444444 0.41716705555555555 0.5244165000000001 0.43851739351851854 0.5385748726851852 0.4707564351851852
2 0.27514186574074073 1 0.26047878703703703 0.9617217754629629 0.21969591435185187 0.8892048125 0.13500252314814815 0.771121375 0.10541070833333334 0.7123015717592592 0.07695985185185185 0.6249994675925926 0.07767432407407407 0.6247638680555555 0.06981569444444445 0.6258703101851851 0.08116328703703703 0.6716717939814815 0.11069145833333334 0.7609405763888889 0.19658127546296297 0.8752276041666667 0.2375619050925926 0.9401196064814814 0.26254847453703706 1 0.27514186574074073 1
3 0.6362798263888889 0.08949362731481482 0.6364090046296297 0.09134096759259258 0.6378299699074075 0.1116617175925926 0.6389982777777777 0.11343639583333333 0.6436601111111111 0.15023788657407408 0.6448284189814815 0.1520125625 0.646384261574074 0.15932926388888888 0.6475525694444444 0.1611039421296296 0.6535232870370371 0.17182467129629628 0.6545624166666667 0.17175200925925924 0.6798890555555555 0.17555011805555554 0.6810573634259259 0.17732479629629627 0.6907970601851852 0.18221285185185185 0.6919653680555555 0.18398753009259258 0.6976777291666666 0.1910135787037037 0.6987168587962963 0.19094091666666665 0.7059907638888888 0.19043227546296299 0.7069007152777778 0.18851227083333336 0.7119671805555555 0.18630161574074075 0.7128771319444445 0.18438161111111112 0.7235324814814815 0.17249827314814817 0.7244424328703704 0.17057826851851854 0.7299021365740741 0.15905824768518517 0.7297729560185184 0.15721090509259258 0.7340643518518518 0.1439162060185185 0.7339351736111112 0.14206886342592592 0.7381030902777779 0.11207543287037038 0.7379739120370371 0.11022809259259259 0.7360362314814815 0.08251797916666667 0.7348679236111111 0.08074330092592594 0.7263079328703703 0.04792714351851852 0.725139625 0.04615246759259259 0.7177422430555555 0.029962377314814815 0.716703113425926 0.030035039351851853 0.7095640879629629 0.017539631944444443 0.7085249583333334 0.017612296296296296 0.698526900462963 0.00902955787037037 0.6974877731481482 0.009102222222222222 0.6817716550925925 0.008344824074074074 0.6665722523148148 0.014976791666666666 0.6656623032407408 0.016896796296296295 0.6607250138888888 0.020954793981481482 0.6598150625 0.022874796296296296 0.6522771018518518 0.034540145833333334 0.6524062800925926 0.03638748611111111 0.6384929652777778 0.07634425231481481 0.6386221435185185 0.07819159259259259 0.6362798263888889 0.08949362731481482
3 0.6133619837962963 0.2396061087962963 0.613491162037037 0.24145345138888888 0.6108847893518518 0.26391219212962963 0.6110139699074074 0.2657595324074074 0.6143783148148148 0.29893900462962963 0.6155466226851851 0.30071368287037037 0.6224215902777778 0.3243657986111111 0.6235898981481481 0.3261404768518518 0.6307289236111111 0.3386358842592593 0.6317680532407407 0.3385632222222222 0.654359138888889 0.3629727337962963 0.6553982685185185 0.3629000694444444 0.6860554305555555 0.35333081712962966 0.6869653796296297 0.3514108125 0.6950200578703704 0.3471348287037037 0.6959300069444445 0.34521482407407406 0.7076244861111112 0.3332588240740741 0.7085344375 0.3313388194444445 0.7169880486111111 0.30290207638888894 0.7168588703703704 0.3010547361111111 0.7203751944444444 0.27667599074074073 0.7202460162037037 0.27482864814814817 0.7151966481481481 0.23248513657407407 0.7140283402777777 0.2307104583333333 0.706372599537037 0.2108256875 0.7052042916666666 0.20905100925925926 0.6967677800925925 0.19293358333333332 0.695728650462963 0.19300624537037037 0.6822256712962963 0.17909947453703706 0.6811865416666666 0.17917213888888892 0.6672903240740742 0.1745747337962963 0.6662511967592593 0.17464739814814814 0.6527425162037036 0.1755920162037037 0.6446878402777778 0.1798680023148148 0.6437778888888889 0.18178800462962966 0.6340324907407408 0.19175134027777777 0.6331225393518518 0.1936713425925926 0.6254553981481481 0.20348935185185185 0.624545449074074 0.20540935648148148 0.6190857453703704 0.21692937731481482 0.6192149236111112 0.2187767199074074 0.6133619837962963 0.2396061087962963
3 0.5696957569444444 0.30206351388888886 0.5708640648148149 0.3038381921296296 0.5735882175925926 0.31292956944444444 0.574756525462963 0.3147042476851852 0.5782614490740741 0.3200282800925926 0.5793005787037037 0.3199556180555556 0.5989148541666667 0.31672768055555556 0.600083162037037 0.3185023587962963 0.6191750231481481 0.3227364467592593 0.6190458449074073 0.3208891064814815 0.6117833402777778 0.2916949675925926 0.611654162037037 0.2898476273148148 0.6095873032407408 0.2602901736111111 0.6104972546296296 0.2583701689814815 0.6107613125 0.24721346064814817 0.611671261574074 0.24529345833333333 0.6171366643518519 0.2189220462962963 0.6180466157407407 0.21700204166666667 0.6270169421296297 0.19595466203703701 0.6258486342592592 0.19417998379629628 0.6003928194444446 0.1885345324074074 0.5923381435185185 0.19281051851851852 0.5914281921296296 0.19473052314814815 0.5788237638888889 0.20860652777777777 0.5779138125000001 0.2105265300925926 0.5702409722222223 0.23519592824074073 0.5703701504629629 0.23704326851851854 0.5680164351851852 0.2780480833333333 0.568145613425926 0.2798954236111111 0.5696957569444444 0.30206351388888886
3 0.5528949120370371 0.42018989814814817 0.5540632199074074 0.4219645763888889 0.5556190625 0.42928127546296296 0.5567873703703703 0.4310559537037037 0.563145625 0.44731870601851853 0.5643139328703703 0.44909338425925927 0.572492087962963 0.4615161296296296 0.5735312175925926 0.46144346759259264 0.5791143981481481 0.46662217361111114 0.5801535277777778 0.46654951157407404 0.5850908171296296 0.46249151388888887 0.5849616388888889 0.4606441736111111 0.5858715902777778 0.45872416898148144 0.5857424097222222 0.4568768287037037 0.581849951388889 0.4460107731481482 0.5817207731481481 0.44416343287037036 0.5793898564814814 0.4257626875 0.5802998078703704 0.4238426828703704 0.5805695648148148 0.39783458564814816 0.5814795138888889 0.3959145810185185 0.5861641458333333 0.37331051388888886 0.5870740972222221 0.37139050925925926 0.6011108912037038 0.348132474537037 0.6021500208333334 0.3480598125 0.6141028564814816 0.33979849305555554 0.6150128078703704 0.3378784884259259 0.617871837962963 0.33396581712962964 0.6167035300925926 0.3321911412037037 0.6152768634259259 0.3267217800925926 0.6142377361111111 0.32679444444444444 0.6108619907407408 0.32331775 0.6098228611111111 0.32339041435185184 0.5938483865740741 0.31893833564814816 0.5795589351851852 0.32365030092592595 0.5786489837962963 0.3255703032407407 0.5648762476851852 0.33767162962962965 0.5639662962962964 0.33959163425925926 0.553827662037037 0.3588643356481481 0.5539568402777778 0.36071167592592596 0.5509629305555556 0.37762839583333335 0.5510921111111111 0.3794757361111111 0.5528949120370371 0.42018989814814817
3 0.5844449236111111 0.4532548101851852 0.5856132314814815 0.45502948842592594 0.5887306203703704 0.4548115 0.5898989282407407 0.45658617592592593 0.5932746712962964 0.4600628703703704 0.5934038518518518 0.46191021064814813 0.5900224050925926 0.4732849074074074 0.5901515856481482 0.47513224768518514 0.5904099421296296 0.47882693055555553 0.59157825 0.4806016087962963 0.5966390185185185 0.4932423425925926 0.5976781458333333 0.49316967824074076 0.610271175925926 0.5089964537037037 0.6113103055555555 0.5089237893518518 0.6213083611111111 0.5175065277777777 0.6223474907407407 0.5174338634259259 0.631958011574074 0.5204745787037037 0.6329971412037038 0.5204019166666667 0.6423493032407407 0.5197479490740741 0.6432592546296296 0.5178279444444445 0.6474157708333332 0.5175372939814815 0.6483257199074074 0.5156172893518518 0.660020199074074 0.5036612893518518 0.6609301504629629 0.5017412847222222 0.6721079143518518 0.48239592129629627 0.671978736111111 0.48054857870370365 0.675618537037037 0.4728685648148148 0.6754893587962962 0.47102122453703704 0.6809547615740741 0.4446498101851852 0.6808255833333333 0.44280246990740746 0.6795337986111112 0.4243290625 0.6783654907407408 0.4225543842592593 0.6726588287037037 0.4006769467592593 0.6714905208333334 0.39890226851851857 0.6603298564814815 0.37369346296296296 0.6592907268518519 0.37376612731481484 0.6320264097222222 0.3422579027777778 0.6309872824074074 0.34233056712962967 0.627611537037037 0.3388538726851852 0.6265724074074074 0.33892653703703707 0.6161811157407407 0.3396531666666667 0.6003301203703703 0.3518998194444445 0.5994201689814815 0.3538198240740741 0.5890231759259259 0.3693978425925926 0.5891523564814815 0.37124518287037034 0.5816086944444444 0.3977619212962963 0.5817378726851852 0.3996092638888889 0.5812040578703703 0.4367740694444444 0.5823723657407407 0.43854874537037036 0.5844449236111111 0.4532548101851852
3 0.5902408634259259 0.5809393171296297 0.5914091712962963 0.5827139953703704 0.6007556342592593 0.5969114166666666 0.601794763888889 0.5968387546296297 0.6224424699074075 0.6083895439814815 0.623481599537037 0.6083168796296297 0.6359511481481481 0.6074449236111111 0.636861099537037 0.6055249212962963 0.647516449074074 0.5936415833333334 0.648426400462963 0.5917215787037037 0.648819636574074 0.5824122106481482 0.6476513287037037 0.5806375347222222 0.6435119120370371 0.5363740162037037 0.6444218611111111 0.5344540138888889 0.6448150972222222 0.5251446458333333 0.6436467893518518 0.5233699675925926 0.6246841064814815 0.5209832199074074 0.6235157986111112 0.5192085416666666 0.613776099537037 0.5143204861111111 0.6126077916666667 0.5125458078703704 0.5991048125 0.498639037037037 0.5979365046296296 0.49686436111111115 0.5909266574074074 0.4862162939814815 0.5907974768518519 0.4843689513888889 0.5894999907407408 0.48074693287037035 0.5866409606481482 0.4846596041666667 0.5867701388888888 0.4865069444444444 0.5806588425925926 0.5036416527777777 0.5807880208333334 0.5054889953703704 0.5780524699074074 0.5261003958333333 0.5781816481481482 0.5279477361111111 0.5810292800925926 0.5537378449074074 0.582197587962963 0.5555125231481481 0.5902408634259259 0.5809393171296297
3 0.6450677546296296 0.5436907175925926 0.6451969328703704 0.5455380578703704 0.646747076388889 0.5677061481481481 0.6479153842592593 0.5694808263888889 0.649858763888889 0.5823395486111111 0.6510270717592592 0.5841142268518519 0.6598511203703703 0.6057736759259259 0.6610194282407407 0.6075483541666666 0.6738708148148148 0.6270698101851852 0.6749099444444445 0.6269971458333333 0.6794539976851852 0.6322485162037036 0.6804931273148148 0.6321758541666667 0.6954284722222221 0.6367005949074075 0.6964676018518519 0.6366279305555556 0.7181601365740741 0.6332546689814814 0.7190700856481482 0.6313346643518519 0.7307645648148148 0.6193786643518518 0.7316745162037037 0.6174586597222222 0.7363534467592593 0.6097059814814815 0.7362242685185185 0.6078586412037038 0.7432455162037037 0.5888039282407407 0.743116337962963 0.586956587962963 0.745329474537037 0.573807212962963 0.7452002962962964 0.5719598703703704 0.7455992314814814 0.5477991157407407 0.7444309236111111 0.5460244375 0.7421000069444444 0.5276236921296297 0.7409316990740741 0.5258490138888889 0.7369100625 0.5131356157407407 0.7357417546296297 0.5113609398148148 0.7228903680555555 0.49183948379629633 0.721851238425926 0.4919121458333333 0.7044500995370371 0.48199070833333335 0.7034109699074074 0.4820633726851852 0.6992544537037036 0.4823540231481481 0.6822351481481482 0.4928259976851852 0.6811960208333333 0.492898662037037 0.6688556481481482 0.49561795833333333 0.6679456967592593 0.49753796296296293 0.6496232083333333 0.5192393078703704 0.6487132569444444 0.5211593125 0.6462417615740741 0.5306140046296296 0.6463709421296295 0.5324613472222223 0.6450677546296296 0.5436907175925926
3 1 0.8351708518518519 0.9937079375000001 0.8256131111111111 0.9926688078703704 0.825685775462963 0.974621775462963 0.8065276342592592 0.9735826458333333 0.8066002962962963 0.9573498148148148 0.7984535370370371 0.9563106851851851 0.7985261990740741 0.9385163101851852 0.7979141296296297 0.9113640717592593 0.8128074166666667 0.9104541203703703 0.8147274212962963 0.9010962569444444 0.8302327777777777 0.9000571296296296 0.8303054398148149 0.8961589699074074 0.8342907731481481 0.8962881481481482 0.8361381157407407 0.891867574074074 0.847585474537037 0.8919967523148148 0.8494328148148148 0.8888736643518519 0.8645021944444444 0.8890028425925927 0.8663495347222222 0.8891149212962963 0.9127510439814814 0.8902832291666667 0.9145257222222222 0.8959841898148149 0.9512545509259259 0.8971524976851852 0.9530292291666667 0.9011741365740741 0.965742625 0.9023424444444444 0.9675173032407407 0.9067573194444444 0.9709213333333333 0.9077964467592593 0.9708486689814815 1 0.9629020300925926 1 0.8351708518518519
3 1 0.7023193171296297 0.9964833888888889 0.7010419837962963 0.9953150810185185 0.6992673055555556 0.9921976921296297 0.6994852939814814 0.9910293842592592 0.6977106157407407 0.9879119976851852 0.6979286041666667 0.9867436898148149 0.6961539282407407 0.9793406064814816 0.6948152268518518 0.9781722986111111 0.6930405486111111 0.9677810069444445 0.6937671805555555 0.9650511550925926 0.6995271921296295 0.9626162291666667 0.6983051782407408 0.9522866759259259 0.7073811712962963 0.9553450162037037 0.7200072337962963 0.9494585162037038 0.7154685254629629 0.947121900462963 0.7119191689814814 0.9450436412037037 0.7120644953703703 0.9411454814814815 0.7160498287037037 0.9311360254629629 0.7371698726851852 0.9295744814814815 0.7447045601851853 0.9268446296296297 0.7504645717592593 0.9263222152777778 0.757926599537037 0.9246314930555556 0.7636139467592592 0.9242382569444444 0.7729233148148148 0.9225475347222222 0.778610662037037 0.9238393217592593 0.7970840717592593 0.9261759374999999 0.800633425925926 0.9270858888888889 0.7987134236111111 0.9529349398148148 0.7950495069444444 0.9573498148148148 0.7984535370370371 0.9615063310185186 0.7981628842592593 0.9626746388888889 0.7999375625 0.9657920254629629 0.7997195740740741 0.9669603333333333 0.8014942523148149 0.9711168518518518 0.801203599537037 0.9722851597222223 0.8029782777777777 0.9743634166666667 0.8028329513888889 0.9752733680555556 0.8009129490740741 0.9744982962962964 0.7898289027777778 0.9885293912037036 0.7814222569444444 0.989697699074074 0.7831969351851852 0.9903435925925926 0.7924336388888888 0.991511900462963 0.7942083171296296 0.9922869722222223 0.8052923634259259 0.9934552800925927 0.8070670393518519 0.994101173611111 0.8163037453703703 0.9952694814814814 0.8180784212962963 0.9956570162037037 0.8236204444444445 0.9991619398148148 0.8289444791666667 0.9992911180555555 0.8307918194444445 1 0.8321123425925926 1 0.7509423819444444 0.997763775462963 0.7492181712962962 0.9998477337962962 0.7342214560185185 1 0.7343388587962963 1 0.7023193171296297
3 0.7080252800925926 0.9811052824074075 0.709193587962963 0.9828799606481482 0.7103618958333333 0.9846546388888889 0.7114010254629629 0.984581974537037 0.7373792569444445 0.9827654004629629 0.7382892060185186 0.9808453958333333 0.7411482361111111 0.9769327268518518 0.7410190578703704 0.9750853842592593 0.7438837893518518 0.9563213240740741 0.7437546087962963 0.9544739837962963 0.7415528726851852 0.9379205787037037 0.7403845648148148 0.9361459027777778 0.7341554884259259 0.9217304907407408 0.7331163611111111 0.9218031527777777 0.7272748217592593 0.9129297638888888 0.7262356921296296 0.913002425925926 0.7241574328703704 0.9131477523148148 0.7141536759259259 0.9194164050925926 0.7142828564814815 0.9212637453703704 0.7123280763888888 0.9381078032407407 0.711418125 0.9400278055555555 0.705177650462963 0.9553151736111111 0.7053068287037036 0.957162513888889 0.7064694375 0.9737885833333334 0.7076377453703704 0.9755632592592592 0.7080252800925926 0.9811052824074075
3 0.7005215185185185 0.9036622939814815 0.7016898263888889 0.9054369722222222 0.7106487523148148 0.9140923726851852 0.7116878819444444 0.9140197083333333 0.7231183032407408 0.9132204166666666 0.7240282546296297 0.911300412037037 0.7280555925925926 0.9091624189814815 0.7289655439814815 0.9072424143518518 0.7335152962962963 0.8976423958333334 0.7333861180555556 0.8957950555555556 0.7357284328703704 0.8844930208333333 0.7355992546296297 0.8826456805555556 0.7345658263888889 0.8678669537037037 0.7333975185185184 0.866092275462963 0.7293758796296296 0.8533788796296297 0.7282075717592592 0.8516042013888888 0.7214560810185185 0.8446508171296296 0.7204169513888888 0.8447234791666667 0.7150921273148149 0.8432394537037037 0.7079474027777778 0.8455954351851852 0.7070374513888888 0.8475154398148148 0.7005329189814815 0.8739595138888888 0.6996229675925926 0.8758795185185185 0.6958539861111112 0.8817121921296297 0.6959831666666667 0.8835595324074075 0.6966290578703704 0.8927962384259259 0.6977973657407408 0.8945709143518519 0.7005215185185185 0.9036622939814815
3 0.7054816064814815 0.8401987384259259 0.7065207361111111 0.8401260763888888 0.7118455601851852 0.8416101018518518 0.7128846898148148 0.8415374375 0.7191194652777777 0.8411014606481482 0.7200294166666666 0.8391814560185185 0.727044962962963 0.8349781342592593 0.7279549143518518 0.8330581296296296 0.7310780023148148 0.8179887523148148 0.7309488240740741 0.8161414097222222 0.7291403217592594 0.7902786388888889 0.7279720138888889 0.7885039606481482 0.7265453495370371 0.7830346018518518 0.7253770416666667 0.7812599236111111 0.7151206273148148 0.7689825046296297 0.7140814976851851 0.7690551666666666 0.7086274953703703 0.765723800925926 0.7075883657407408 0.765796462962963 0.6992753310185186 0.7663777685185186 0.6929056782407408 0.7798177939814814 0.6930348564814814 0.7816651365740741 0.6977023888888888 0.8036152361111112 0.6978315671296296 0.8054625763888889 0.698084224537037 0.8240086481481482 0.6992525324074074 0.825783326388889 0.7008083749999999 0.8331000277777777 0.7019766828703703 0.8348747060185184 0.7054816064814815 0.8401987384259259
3 0.756467337962963 0.658421576388889 0.7554282083333334 0.6584942384259259 0.7512716921296296 0.6587848912037038 0.7497101481481481 0.6663195810185185 0.7498393263888888 0.6681669212962963 0.7515243495370371 0.6773309629629629 0.7526926574074074 0.6791056388888889 0.7599665625 0.678597 0.7608765138888889 0.6766769953703703 0.7610113912037036 0.6636729467592593 0.7598430833333333 0.6618982685185185 0.756467337962963 0.658421576388889
3 0.7528218356481482 0.6809529814814815 0.7530744930555555 0.6994990509259259 0.754242800925926 0.7012737291666666 0.7616458842592593 0.7026124305555556 0.7625558356481482 0.7006924259259258 0.7641173796296296 0.6931577361111111 0.7639882013888889 0.6913103958333333 0.7624323564814814 0.6839936944444445 0.7612640486111111 0.6822190185185185 0.7528218356481482 0.6809529814814815
3 0.7555402893518518 0.7048957476851853 0.7535855092592593 0.7217398055555556 0.7547538171296296 0.7235144837962963 0.7611177708333334 0.7249258449074074 0.7620277199074074 0.7230058425925926 0.7646283935185184 0.7153984907407407 0.7644992152777778 0.7135511481481481 0.7629433703703704 0.7062344490740741 0.7617750625 0.7044597708333333 0.7555402893518518 0.7048957476851853
3 0.762673613425926 0.7322425462962963 0.7615053055555555 0.7304678680555555 0.7550121736111111 0.7272091643518519 0.7521531435185186 0.7311218356481481 0.7522823217592594 0.7329691759259259 0.7525406782407408 0.7366638587962963 0.7535798078703704 0.7365911944444444 0.7570847314814815 0.7419152291666667 0.7581238611111111 0.7418425648148147 0.7613704282407409 0.7434719166666667 0.7622803773148148 0.7415519143518519 0.762673613425926 0.7322425462962963
3 0.5096485 0.7425102893518519 0.5106876296296297 0.7424376273148148 0.5230279999999999 0.7397183310185185 0.5239379513888889 0.7377983263888889 0.5277069328703704 0.7319656527777778 0.5275777523148149 0.7301183101851852 0.5300492476851852 0.7206636180555556 0.5299200694444445 0.7188162777777778 0.5291449976851852 0.7077322314814815 0.5279766898148148 0.7059575555555555 0.5265500231481481 0.7004881944444444 0.5253817152777778 0.6987135162037037 0.5207084837962963 0.6916148055555555 0.5196693564814815 0.6916874699074074 0.5120079143518519 0.686654087962963 0.5109687847222223 0.6867267499999999 0.5026557523148149 0.6873080532407407 0.4996675439814815 0.6893733842592593 0.4987575925925926 0.6912933888888888 0.49524696990740735 0.7008207430555556 0.4953761481481482 0.7026680856481482 0.4939437824074074 0.7120501157407408 0.49407296064814815 0.7138974560185185 0.49627469907407407 0.7304508611111111 0.49744300694444443 0.7322255370370371 0.5096485 0.7425102893518519
3 0.49523556944444447 0.7305235231481482 0.4951063912037037 0.7286761828703704 0.49368542592592596 0.7083554328703704 0.494595375 0.7064354305555556 0.49589856250000003 0.6952060578703704 0.4968085115740741 0.6932860555555556 0.49953836342592595 0.6875260439814815 0.4994091851851852 0.6856787013888889 0.49681421296296296 0.6784346643518518 0.4957750833333333 0.6785073287037037 0.4905794375 0.6788706435185184 0.48408060416666665 0.6904633287037036 0.4842097824074074 0.6923106689814815 0.4829065972222222 0.7035400416666667 0.483035775462963 0.7053873819444445 0.4862766412037037 0.7218681226851852 0.4874449490740741 0.7236428009259259 0.4900399236111111 0.7308868379629629 0.49107905092592596 0.7308141759259259 0.49523556944444447 0.7305235231481482
3 0.5309041203703704 0.5238282083333333 0.5318140694444444 0.5219082037037037 0.5370154166666666 0.5066935 0.536886238425926 0.5048461574074073 0.5363752222222222 0.4826054050925926 0.5352069143518519 0.48083072685185185 0.53378025 0.47536136805555557 0.5326119421296296 0.47358668981481483 0.5267704027777778 0.46471330092592594 0.5257312731481482 0.46478596527777777 0.5181990115740741 0.46159992361111113 0.5184459675925926 0.4949973842592592 0.5175360185185185 0.49691738888888887 0.5110314861111112 0.5233614629629629 0.5111606643518518 0.5252088055555556 0.512458150462963 0.5288308240740741 0.5134972800925927 0.5287581597222223 0.5238885717592593 0.5280315300925926 0.5247985231481481 0.5261115277777778 0.5309041203703704 0.5238282083333333
3 0.5038696597222222 0.5702716157407407 0.5050379675925926 0.5720462916666667 0.5089304282407408 0.5829123495370371 0.5100987361111111 0.584687025462963 0.5215234560185186 0.5987391226851853 0.5225625856481482 0.5986664606481482 0.5307464398148148 0.5962378148148147 0.5316563912037037 0.5943178125 0.5375036296296296 0.5883398101851852 0.5384135810185184 0.5864198078703704 0.542575798611111 0.5712777662037036 0.5424466203703704 0.5694304236111111 0.5406381180555555 0.5435676527777777 0.5394698101851853 0.541792974537037 0.5379139675925926 0.534476275462963 0.5367456597222222 0.5327015972222222 0.5299941689814814 0.5257482106481481 0.5250568796296297 0.5298062083333334 0.52401775 0.5298788703703704 0.5136264583333333 0.5306055023148148 0.5127165069444444 0.5325255046296297 0.5076500416666667 0.5347361597222222 0.5067400902777778 0.5366561643518518 0.5017971018518519 0.555565550925926 0.5019262800925927 0.5574128912037037 0.5038696597222222 0.5702716157407407
3 0.5250169791666667 0.6337659351851852 0.5260561087962963 0.6336932731481482 0.5365765810185186 0.6348139837962963 0.5377448888888888 0.636588662037037 0.5431988912037037 0.6399200277777778 0.5442380208333334 0.6398473657407407 0.5494336666666667 0.639484050925926 0.5503436180555555 0.6375640462962963 0.5560616782407407 0.6297387060185186 0.5559324999999999 0.627891363425926 0.5598363587962963 0.6090546412037037 0.5597071805555556 0.6072073009259259 0.5578929791666667 0.5961959189814815 0.5567246712962963 0.5944212407407408 0.5516639027777778 0.5817805069444445 0.550624775462963 0.5818531689814814 0.544002462962963 0.5767471249999999 0.532824699074074 0.5960924884259259 0.5329538773148148 0.5979398310185184 0.5276233541666667 0.6113071944444444 0.526584224537037 0.6113798564814815 0.5216469351851851 0.6154378541666666 0.521776113425926 0.6172851944444445 0.5213828773148148 0.6265945625 0.5225511851851852 0.628369238425926 0.5250169791666667 0.6337659351851852
3 0.5322623842592593 0.7075142430555557 0.5331723356481481 0.705594238425926 0.5352505925925926 0.7054489143518519 0.5361605439814815 0.7035289097222223 0.5447376342592593 0.6917908981481482 0.5456475856481481 0.6898708935185185 0.5492873888888888 0.6821908796296297 0.5491582106481482 0.6803435370370371 0.5507197523148148 0.672808849537037 0.5505905740740741 0.6709615069444445 0.5495571458333333 0.6561827800925926 0.548388837962963 0.6544081041666666 0.5469621712962963 0.6489387430555555 0.545793863425926 0.6471640648148148 0.5367057592592592 0.636661324074074 0.5356666296296296 0.6367339884259259 0.5303418055555555 0.6352499629629629 0.5273535949074074 0.6373152916666667 0.5264436458333334 0.6392352962962963 0.5191640416666666 0.654595326388889 0.5192932199074074 0.6564426666666667 0.5157825949074074 0.6659700231481481 0.515911775462963 0.6678173634259259 0.5181135115740741 0.6843707685185185 0.5192818194444444 0.6861454467592593 0.5322623842592593 0.7075142430555557
3 0.5095535208333333 0.6515546111111111 0.510592650462963 0.6514819490740741 0.513710037037037 0.6512639583333333 0.5146199884259259 0.6493439560185186 0.5163107106481482 0.6436566064814815 0.5161815324074074 0.6418092662037037 0.5152772800925925 0.6288778796296297 0.5141089722222222 0.6271032037037038 0.5125531296296296 0.6197865023148148 0.5134630810185185 0.6178664976851851 0.5132047222222222 0.6141718171296296 0.5141146736111112 0.6122518124999999 0.5176252962962963 0.6027244560185184 0.5174961180555555 0.6008771157407408 0.5172377615740741 0.5971824351851852 0.5160694537037037 0.5954077569444445 0.5125645300925926 0.5900837222222223 0.5115254004629629 0.5901563865740741 0.5063297546296296 0.5905197013888889 0.497752662037037 0.602257712962963 0.4978818425925926 0.6041050532407408 0.4961911203703704 0.6097924027777778 0.4963202986111111 0.6116397430555556 0.4954046481481481 0.6284111365740741 0.49657295601851853 0.6301858148148148 0.5051386458333333 0.6481505810185185 0.5061777754629629 0.6480779189814814 0.5095535208333333 0.6515546111111111
3 0.5477201435185185 0.7045769583333333 0.5465518356481481 0.7028022800925926 0.5453835277777778 0.7010276018518519 0.544344400462963 0.7011002638888889 0.5390195740740741 0.6996162384259259 0.5364189027777778 0.7072235902777778 0.5365480810185185 0.7090709328703704 0.5391430532407407 0.7163149699074074 0.5401821828703703 0.7162423055555556 0.54342875 0.7178716574074074 0.5443386990740741 0.7159516550925926 0.548366037037037 0.713813662037037 0.5482368587962964 0.7119663217592593 0.5477201435185185 0.7045769583333333
3 0.4123484097222222 0.44115611111111114 0.41325836111111114 0.4392361064814815 0.41845970601851856 0.4240214027777778 0.41833052777777774 0.4221740601851852 0.41742627777777774 0.4092426759259259 0.41638714814814815 0.409315337962963 0.40379411805555554 0.39348856249999997 0.4027549884259259 0.39356122685185185 0.3913245671296296 0.3943605185185185 0.3874264074074074 0.3983458541666667 0.38755558796296297 0.40019319444444446 0.38521327083333334 0.41149522685185186 0.38534244907407406 0.4133425694444444 0.38741500925925926 0.4280486319444445 0.3885833171296297 0.4298233101851852 0.400008037037037 0.4438754074074074 0.4010471666666667 0.4438027430555555 0.4123484097222222 0.44115611111111114
3 0.4070406851851852 0.39511791435185184 0.4080798148148148 0.3950452523148148 0.4221052083333333 0.4014899976851852 0.4230151597222222 0.3995699930555556 0.4279524467592593 0.3955119953703704 0.42886239814814814 0.3935919930555556 0.4305531203703704 0.3879046435185185 0.4304239421296296 0.3860573032407408 0.4328954375 0.3766026111111111 0.4327662569444445 0.3747552685185185 0.4319911851851852 0.363671224537037 0.43082287731481483 0.36189654629629625 0.42822790509259256 0.35465250925925923 0.4270595972222222 0.3528778310185185 0.42251554398148145 0.3476264606481482 0.42147641435185185 0.34769912268518516 0.41095594444444444 0.34657841203703704 0.4051087060185185 0.35255641435185187 0.4041987546296297 0.3544764166666667 0.4005589513888889 0.3621564328703704 0.40068812962962963 0.36400377314814814 0.3989974074074074 0.3696911226851852 0.39912658796296296 0.37153846296296295 0.4011991458333333 0.38624452546296295 0.40236745370370375 0.3880192037037037 0.4070406851851852 0.39511791435185184
3 0.4108267662037037 0.34473107175925927 0.41186589583333333 0.3446584097222222 0.4158932337962963 0.34252041666666666 0.41706154166666665 0.3442950949074074 0.42654288194444445 0.34548846759259255 0.42745283333333334 0.34356846296296295 0.4349907939814815 0.3319031157407408 0.4348616157407407 0.33005577314814816 0.43655233796296294 0.3243684259259259 0.43642315972222223 0.32252108564814813 0.4359064444444445 0.3151317222222222 0.43473813657407406 0.31335704398148145 0.43162644907407405 0.2987236435185185 0.43045814120370374 0.29694896527777775 0.42812152546296295 0.2933996087962963 0.42708239814814813 0.29347227314814817 0.4216283935185185 0.2901409050925926 0.42058926388888884 0.2902135694444445 0.4153936180555555 0.29057688425925926 0.40967555787037035 0.298402224537037 0.4098047361111111 0.3002495648148148 0.4038226180555555 0.31923161574074077 0.40395179629629624 0.3210789560185185 0.4034293819444445 0.3285409814814815 0.4045976898148148 0.3303156597222222 0.40498522685185184 0.3358576828703704 0.4061535347222222 0.3376323611111111 0.4108267662037037 0.34473107175925927
3 0.4151352615740741 0.28688220138888887 0.4161743912037037 0.2868095393518518 0.42240916666666667 0.28637356018518517 0.42331911574074077 0.28445355787037035 0.4282564050925926 0.2803955601851852 0.4291663564814815 0.27847555787037037 0.4331993935185185 0.26148617361111115 0.4330702152777778 0.2596388333333333 0.4307392986111111 0.24123808796296298 0.42957099074074073 0.23946340972222224 0.4269760185185185 0.2322193726851852 0.4259368888888889 0.23229203703703705 0.42360027314814813 0.22874268055555558 0.42256114351851853 0.22881534259259262 0.41528724074074075 0.2293239837962963 0.4115182592592593 0.23515665972222222 0.4116474375 0.237004 0.40982183564814817 0.25569539583333334 0.40891188657407407 0.25761540046296294 0.40656956944444445 0.2689174351851852 0.4066987476851852 0.27076477546296296 0.4085129490740741 0.2817761574074074 0.40955207870370375 0.28170349537037037 0.4151352615740741 0.28688220138888887
3 0.39292601157407403 0.28286610185185185 0.39383596296296297 0.28094609953703703 0.3942291990740741 0.2716367314814815 0.3930608912037037 0.26986205324074075 0.3877417662037037 0.2535266388888889 0.3865734583333333 0.25175196064814814 0.3807319189814815 0.24287857175925925 0.37969278935185186 0.2429512337962963 0.3776145300925926 0.2430965601851852 0.37358719212962965 0.24523455324074075 0.3726772407407407 0.24715455787037038 0.3708573402777778 0.2509945648148148 0.37098651851851855 0.2528419050925926 0.3753956944444444 0.2710973240740741 0.3765640023148148 0.27287200231481484 0.3878595439814814 0.28507675925925924 0.3888986736111111 0.2850040949074074 0.39292601157407403 0.28286610185185185
3 0.061833185185185185 0.9835948356481481 0.06274313425925926 0.9816748333333334 0.06962950462962963 0.9756241689814815 0.07053945370370371 0.9737041643518518 0.07314012731481481 0.9660968124999999 0.07301094907407407 0.9642494722222222 0.07041597685185186 0.9570054351851852 0.07028679629629629 0.9551580949074073 0.06977008333333333 0.9477687314814814 0.06860177546296296 0.9459940532407407 0.05756459027777777 0.9374839791666667 0.049639092592592596 0.9436073055555555 0.0487291412037037 0.9455273078703704 0.04534769675925926 0.9569020069444444 0.045476875 0.9587493472222222 0.04884691898148148 0.9770774282407407 0.05001522685185185 0.9788521064814815 0.054559280092592595 0.9841034768518518 0.05559840972222222 0.9840308148148148 0.061833185185185185 0.9835948356481481
3 0.07534756481481482 0.9677988287037037 0.07638669444444444 0.9677261643518519 0.0828798263888889 0.9709848680555555 0.08391895601851852 0.9709122060185186 0.0921028101851852 0.9684835601851852 0.09301276157407408 0.9665635578703703 0.09989912962962963 0.9605128935185185 0.10080908101851851 0.9585928888888888 0.10353893287037037 0.9528328773148148 0.10340975462962963 0.9509855370370371 0.10510047685185185 0.9452981898148147 0.1049712962962963 0.9434508472222222 0.10315709722222222 0.9324394652777778 0.10198878935185185 0.9306647893518518 0.09523729861111112 0.9237114027777777 0.09419816898148149 0.9237840648148149 0.0869242638888889 0.9242927060185185 0.07692050925925926 0.9305613587962962 0.07601055787037038 0.9324813634259259 0.07237075462962962 0.9401613773148149 0.07249993518518519 0.9420087199074074 0.07080921064814814 0.9476960671296296 0.07093839120370371 0.9495434097222222 0.07132592592592592 0.9550854305555555 0.0724942337962963 0.9568601087962962 0.07534756481481482 0.9677988287037037
3 0.09835468518518518 0.923493414351852 0.09939381481481481 0.9234207499999999 0.11446403935185184 0.9149414421296297 0.11537398842592593 0.9130214398148148 0.11862625694444445 0.899799400462963 0.11849707638888889 0.8979520601851853 0.11681205555555556 0.8887880185185186 0.11564374768518518 0.8870133402777779 0.11188046527777777 0.877994625 0.11084133564814815 0.8780672893518519 0.10135999537037037 0.8768739143518518 0.09291208333333333 0.8904592685185185 0.0918729537037037 0.8905319305555556 0.08797479398148148 0.894517263888889 0.08706484259259259 0.8964372685185185 0.08550329861111111 0.9039719583333334 0.08563247916666666 0.9058192986111111 0.09393981250000001 0.9200893842592592 0.09497894212962964 0.9200167222222222 0.09835468518518518 0.923493414351852
3 0.09811342824074075 0.8752445625 0.09915255787037038 0.8751719004629629 0.10850471990740741 0.8745179328703704 0.1094146712962963 0.8725979305555556 0.11617186111111112 0.8646999259259259 0.11708181250000001 0.8627799212962963 0.11968248611111111 0.8551725694444444 0.11955330555555556 0.8533252291666668 0.11800316203703705 0.8311571388888889 0.11683485416666667 0.8293824606481481 0.11008336574074074 0.8224290740740741 0.10904423611111111 0.8225017384259259 0.10177033101851851 0.8230103796296296 0.09605227083333333 0.8308357199074075 0.0950131412037037 0.8309083842592593 0.08903672222222223 0.8350390439814815 0.08916590277777778 0.8368863842592593 0.08825595138888888 0.838806386574074 0.08838512962962962 0.8406537291666667 0.09110358101851851 0.8645964953703704 0.09227188888888888 0.8663711736111112 0.09811342824074075 0.8752445625
3 0.09579391203703704 0.8271410393518518 0.09670386342592592 0.8252210347222223 0.10060202314814815 0.8212357013888889 0.10151197453703703 0.8193156967592593 0.1085332199074074 0.8002609861111111 0.10840404166666666 0.7984136435185185 0.10749979166666666 0.7854822592592592 0.1063314837962963 0.7837075810185185 0.10023158796296297 0.7711395092592593 0.09919245833333334 0.771212173611111 0.08763285879629629 0.770164125 0.08295392592592592 0.7779168032407408 0.08308310416666666 0.7797641435185185 0.08125180324074074 0.8133069305555556 0.08138098148148148 0.8151542708333332 0.08306600462962964 0.8243183125 0.08410513425925926 0.8242456504629629 0.0886491875 0.8294970208333333 0.08968831712962963 0.8294243564814815 0.09579391203703704 0.8271410393518518
3 0.18029013657407408 0.6467333425925926 0.18016095833333332 0.6448860000000001 0.1795150648148148 0.6356492962962963 0.17834675694444446 0.6338746180555556 0.17185362499999998 0.6306159143518519 0.16704551388888889 0.6365212523148147 0.16717469212962963 0.6383685925925926 0.1666522777777778 0.6458306203703704 0.16782058564814814 0.6476052986111112 0.1723646388888889 0.6528566689814815 0.17340376851851852 0.6527840046296296 0.1775602847222222 0.6524933541666668 0.17847023611111112 0.650573349537037 0.18029013657407408 0.6467333425925926
3 0.17796492129629632 0.6134812060185185 0.17432511805555556 0.6211612222222223 0.1744542962962963 0.6230085625 0.17484183333333334 0.6285505856481483 0.17601014120370373 0.630325263888889 0.18237409490740739 0.6317366249999999 0.1832840462962963 0.6298166226851852 0.18445805324074074 0.6167399097222223 0.18328974537037035 0.6149652337962963 0.17796492129629632 0.6134812060185185
3 0.18745196296296296 0.5998231921296296 0.18628365509259256 0.5980485138888889 0.18485698842592593 0.5925791527777777 0.18381786111111112 0.5926518171296296 0.1807004722222222 0.5928698055555556 0.17511159027777778 0.602542488425926 0.17627989814814815 0.6043171666666667 0.1777065625 0.609786525462963 0.17874569212962962 0.6097138611111111 0.18095312962962962 0.6114158773148148 0.18186308101851853 0.6094958726851851 0.18601959722222222 0.6092052222222222 0.18589041898148148 0.6073578796296296 0.18745196296296296 0.5998231921296296
3 0.19713088194444442 0.42464722916666664 0.19596257407407408 0.4228725509259259 0.19453590972222223 0.4174031921296296 0.1934967800925926 0.4174758564814815 0.18726200462962964 0.41791183333333337 0.1855712824074074 0.42359918287037035 0.18570046064814816 0.4254465231481482 0.18699794675925926 0.42906854166666664 0.1880370763888889 0.4289958773148148 0.19245195138888888 0.4323999074074074 0.19349108101851853 0.43232724537037037 0.19647928935185185 0.43026191435185185 0.19635011111111111 0.4284145740740741 0.19713088194444442 0.42464722916666664
3 0.1851780462962963 0.4329085486111111 0.1823190162037037 0.43682121990740747 0.18244819444444446 0.4386685601851852 0.18179660185185184 0.4442832453703704 0.18296490972222224 0.44605792361111113 0.19153630092592594 0.44917130092592594 0.19244625 0.44725129861111107 0.1937494375 0.4360219259259259 0.19258112962962962 0.43424725 0.1851780462962963 0.4329085486111111
3 0.1924405509259259 0.46210268750000005 0.1923113726851852 0.4602553472222222 0.19296296527777776 0.454640662037037 0.19179465740740742 0.4528659837962963 0.18945804166666666 0.4493166273148148 0.18841891203703703 0.4493892916666667 0.1832232662037037 0.44975260648148147 0.1803642361111111 0.4536652754629629 0.18049341435185187 0.45551261805555554 0.17984182175925925 0.46112730324074075 0.18101012962962962 0.4629019814814815 0.18360510185185183 0.4701460185185185 0.18464423148148146 0.4700733541666666 0.18685166898148148 0.4717753703703704 0.1877616203703704 0.46985536574074077 0.1924405509259259 0.46210268750000005
3 0.17984182175925925 0.46112730324074075 0.17880269212962963 0.4611999652777778 0.1724387384259259 0.4597886018518519 0.17061883796296295 0.46362861111111114 0.1707480162037037 0.46547595138888886 0.17100637268518518 0.46917063194444447 0.17217468055555557 0.4709453101851852 0.17555042592592593 0.4744220023148148 0.17658955555555556 0.47434934027777775 0.18074607175925925 0.47405868749999996 0.18061689351851853 0.47221134722222224 0.17984182175925925 0.46112730324074075
3 0.174651875 0.44663922685185187 0.17361274537037036 0.4467118912037037 0.16919787268518519 0.4433078611111111 0.16646802083333334 0.44906787268518517 0.16763632870370368 0.4508425509259259 0.16776550694444445 0.45268989120370373 0.16893381481481484 0.45446456944444447 0.1723095601851852 0.45794126157407405 0.17334868981481483 0.45786859953703707 0.17750520601851852 0.4575779467592593 0.1773760277777778 0.45573060648148145 0.174651875 0.44663922685185187
3 0.1766066550925926 0.4297951712962963 0.17556752546296295 0.4298678333333333 0.1702427013888889 0.42838380787037034 0.16751284953703702 0.4341438194444444 0.16764202777777779 0.43599115972222224 0.16906869444444445 0.44146052083333337 0.1701078217592593 0.4413878564814815 0.1743935185185185 0.4429445462962963 0.17530346990740742 0.44102454166666666 0.1781625 0.43711187268518514 0.17803332175925923 0.4352645300925926 0.1766066550925926 0.4297951712962963
3 0.1818080023148148 0.4145804675925926 0.18076887268518518 0.41465312962962964 0.17752230555555554 0.4130237777777778 0.17167506712962963 0.4190017777777778 0.1718042453703704 0.4208491180555555 0.17323090972222221 0.42631847916666665 0.17427003935185184 0.4262458148148148 0.17946568518518521 0.42588250000000005 0.18037563657407407 0.42396249768518524 0.18219553703703703 0.420122488425926 0.1820663587962963 0.41827514814814815 0.1818080023148148 0.4145804675925926
3 0.49894755092592596 0.8732047453703703 0.49881837037037036 0.8713574050925926 0.49843083564814816 0.8658153819444444 0.49726252777777774 0.8640407037037037 0.49609421990740743 0.8622660254629629 0.4950550902777778 0.8623386898148148 0.49076939583333334 0.8607819999999999 0.4859612847222222 0.8666873379629629 0.486090462962963 0.8685346782407407 0.4868655347222222 0.879618724537037 0.4879046643518518 0.8795460601851851 0.48907297222222224 0.881320738425926 0.4901121018518519 0.8812480763888888 0.49426861805555555 0.8809574236111111 0.4951785694444445 0.8790374189814815 0.49894755092592596 0.8732047453703703
3 0.48583210648148145 0.8648399976851852 0.48479297685185185 0.8649126597222222 0.4792097939814815 0.8597339537037038 0.4781706666666667 0.8598066157407408 0.4750532777777778 0.8600246041666666 0.4712842962962963 0.8658572800925926 0.471413474537037 0.8677046203703703 0.4719301898148148 0.8750939837962962 0.47309849768518514 0.876868662037037 0.48075993749999996 0.8819020416666666 0.4816698888888889 0.8799820393518518 0.48478727777777775 0.8797640509259259 0.48569722685185185 0.8778440462962963 0.48583210648148145 0.8648399976851852
3 0.5951819305555555 0.9054592337962963 0.5960918819444444 0.9035392291666667 0.599473326388889 0.8921645324074073 0.5993441481481482 0.8903171921296297 0.5990857916666668 0.8866225092592592 0.5979174837962963 0.8848478333333333 0.5944125601851852 0.8795237986111111 0.5933734305555555 0.879596462962963 0.5859703472222223 0.8782577615740741 0.578044849537037 0.884381087962963 0.5781740277777777 0.8862284282407408 0.5775224351851852 0.8918431157407407 0.5786907430555556 0.8936177916666667 0.5824540231481481 0.9026365069444444 0.5834931527777778 0.9025638449074074 0.5868688981481481 0.906040537037037 0.5879080277777778 0.9059678750000001 0.5951819305555555 0.9054592337962963
3 0.5863635833333333 0.8689483958333334 0.585195275462963 0.8671737175925927 0.5827294814814815 0.8617770208333333 0.5816903518518518 0.8618496828703704 0.5781854282407407 0.856525650462963 0.5771462986111111 0.8565983125000001 0.5729897824074074 0.8568889652777778 0.5703891087962963 0.8644963171296296 0.570518287037037 0.8663436574074075 0.5710350023148147 0.8737330208333334 0.5722033101851852 0.8755076990740741 0.5789548009259259 0.8824610856481482 0.5799939282407407 0.8823884212962964 0.5859703472222223 0.8782577615740741 0.5858411689814814 0.8764104212962963 0.5863635833333333 0.8689483958333334
3 0.579881849537037 0.835986912037037 0.5787135416666667 0.8342122337962963 0.5752086180555556 0.8288882013888889 0.5741694907407408 0.8289608634259259 0.5710521018518518 0.8291788518518518 0.56832225 0.8349388634259258 0.5684514282407408 0.8367862037037037 0.5689681435185185 0.8441755671296297 0.5701364513888889 0.8459502453703704 0.5737705532407408 0.8531216203703704 0.5748096828703704 0.8530489583333334 0.5801345069444445 0.8545329837962963 0.5810444583333333 0.8526129791666667 0.579881849537037 0.835986912037037
3 0.5898856064814815 0.8297182592592592 0.5887172986111111 0.8279435810185185 0.5856056111111111 0.8133101805555556 0.5845664814814815 0.8133828449074074 0.5804099652777778 0.8136734953703704 0.576770162037037 0.8213535115740741 0.5768993402777778 0.8232008518518519 0.5763769259259259 0.8306628773148148 0.5774160555555555 0.8305902152777778 0.579881849537037 0.835986912037037 0.5809209791666666 0.8359142476851852 0.5881948842592593 0.8354056087962962 0.5891048356481482 0.8334856041666667 0.5898856064814815 0.8297182592592592
3 0.6050508101851853 0.9121946296296296 0.6049216296296296 0.9103472893518519 0.6066123518518518 0.9046599398148147 0.6054440439814814 0.9028852638888888 0.6050565092592592 0.8973432407407408 0.6038882013888889 0.8955685625 0.599473326388889 0.8921645324074073 0.5941428032407408 0.9055318958333333 0.593103673611111 0.9056045601851851 0.5890763356481481 0.9077425532407408 0.5881663842592593 0.9096625555555555 0.5873856134259259 0.913429900462963 0.5885539212962962 0.9152045787037038 0.5992035694444445 0.9181726296296296 0.6001135208333332 0.9162526273148148 0.6050508101851853 0.9121946296296296
3 0.6035063657407407 0.875175150462963 0.6023380578703703 0.8734004722222223 0.6009113912037037 0.8679311134259259 0.5998722638888888 0.8680037754629629 0.597664826388889 0.8663017615740741 0.5890877337962963 0.8780397731481481 0.5901268634259259 0.8779671111111111 0.5932442523148148 0.8777491203703703 0.5944125601851852 0.8795237986111111 0.5983050185185185 0.8903898541666666 0.599473326388889 0.8921645324074073 0.6005124560185185 0.8920918703703704 0.6014224074074074 0.8901718657407407 0.6035063657407407 0.875175150462963
3 0.3148867986111111 0.8990701435185185 0.31475762037037036 0.8972228032407408 0.3164483425925926 0.8915354537037038 0.31631916435185187 0.8896881134259259 0.3159316296296296 0.8841460925925927 0.31476332175925925 0.882371414351852 0.31346583333333333 0.8787493958333333 0.31229752546296297 0.8769747175925926 0.30879260185185187 0.8716506828703703 0.30775347453703705 0.8717233472222223 0.3025578287037037 0.8720866620370371 0.2977497175925926 0.877992 0.2978788958333333 0.8798393402777778 0.29514904398148145 0.8855993518518518 0.2952782222222222 0.8874466921296297 0.2955365810185185 0.8911413726851852 0.2965757106481482 0.8910687106481482 0.30670294444444446 0.9014987893518518 0.3077420740740741 0.901426125 0.3148867986111111 0.8990701435185185
3 0.30553463657407404 0.8997241111111111 0.30449550694444444 0.8997967731481481 0.29891232638888887 0.8946180671296297 0.2978731967592592 0.8946907291666667 0.29475580787037037 0.8949087175925926 0.2903352337962963 0.9063560787037036 0.29046441203703705 0.9082034189814815 0.2924077916666667 0.9210621412037037 0.2933177430555556 0.919142138888889 0.30383821527777777 0.9202628495370371 0.30474816435185187 0.9183428449074074 0.30955627546296294 0.9124375069444445 0.3094270972222222 0.9105901666666667 0.30553463657407404 0.8997241111111111
3 0.30915733796296296 0.9365982638888889 0.30902815972222225 0.9347509236111112 0.3072139583333333 0.9237395416666666 0.306045650462963 0.9219648634259259 0.29643513194444443 0.9189241504629629 0.29279532870370373 0.9266041643518519 0.29292450694444444 0.9284515046296297 0.2959070162037037 0.9412375648148148 0.29694614583333334 0.9411649027777778 0.30032189120370373 0.9446415949074074 0.3013610208333333 0.9445689328703705 0.30655666666666664 0.9442056180555555 0.30746661574074075 0.942285613425926 0.30915733796296296 0.9365982638888889
3 0.32201442592592594 0.9412683310185186 0.32188524768518517 0.9394209907407407 0.320200224537037 0.930256949074074 0.31903191666666664 0.9284822708333332 0.3147462199074074 0.9269255833333333 0.30915733796296296 0.9365982638888889 0.3092865185185185 0.9384456064814815 0.307724974537037 0.9459802939814814 0.3078541527777778 0.9478276365740741 0.3122690254629629 0.9512316643518518 0.3133081550925926 0.9511590023148148 0.3174646736111111 0.950868349537037 0.3183746226851852 0.9489483472222223 0.32201442592592594 0.9412683310185186
3 0.2560439699074074 0.9087539583333333 0.25591479166666664 0.9069066157407407 0.2555272546296296 0.9013645949074074 0.25435894675925924 0.8995899166666667 0.2518931527777778 0.8941932199074074 0.25085402314814814 0.8942658819444445 0.24773663657407408 0.8944838703703704 0.2450067847222222 0.9002438819444444 0.24513596296296297 0.902091224537037 0.24370359722222223 0.9114732546296296 0.24487190509259257 0.9132479328703703 0.24720852083333333 0.916797287037037 0.24824765046296296 0.916724625 0.25136503935185184 0.916506636574074 0.25227498842592594 0.9145866319444445 0.2560439699074074 0.9087539583333333
3 0.25008465277777775 0.8683304467592593 0.2481298726851852 0.8851745046296295 0.24825905092592593 0.8870218449074074 0.24955653703703704 0.8906438634259259 0.25059566666666666 0.8905712013888889 0.2583919861111111 0.8826005347222222 0.25826280787037037 0.8807531921296297 0.2564486064814815 0.8697418101851851 0.25540947685185184 0.8698144745370371 0.25008465277777775 0.8683304467592593
3 0.2568418425925926 0.8604324444444444 0.25671266435185186 0.8585851018518519 0.255808412037037 0.8456537175925926 0.25464010416666666 0.8438790393518518 0.24814697222222223 0.8406203356481482 0.2434680416666667 0.8483730138888889 0.2435972199074074 0.8502203541666666 0.24385557638888888 0.8539150370370371 0.24502388425925925 0.855689712962963 0.2502138310185185 0.8701777893518519 0.25112378009259256 0.8682577847222221 0.25424116898148147 0.8680397962962964 0.25515112037037035 0.8661197916666666 0.2568418425925926 0.8604324444444444
3 0.2463156712962963 0.8741631226851851 0.24618649305555554 0.8723157824074074 0.24683808564814813 0.8667010949074074 0.2456697777777778 0.8649264189814815 0.24190649768518518 0.8559077037037037 0.24086736805555556 0.8559803657407408 0.23554254398148147 0.8544963402777778 0.2286561736111111 0.8605470046296296 0.22878535185185186 0.8623943449074074 0.22865047453703705 0.8753983935185184 0.22981878240740738 0.8771730717592592 0.23462119212962962 0.8861191226851852 0.23566032175925927 0.8860464606481481 0.2399460162037037 0.8876031481481482 0.2408559675925926 0.8856831458333333 0.2463156712962963 0.8741631226851851
3 0.354622587962963 0.5862771087962964 0.3544934097222222 0.5844297685185185 0.3561841319444444 0.5787424189814815 0.3560549537037037 0.5768950787037037 0.35398239583333335 0.5621890138888889 0.35281408796296293 0.5604143356481481 0.34930916435185183 0.5550903032407407 0.34827003472222223 0.5551629652777778 0.3451526458333333 0.5553809560185186 0.3413836666666667 0.5612136296296296 0.3415128449074074 0.5630609699074074 0.3398221226851852 0.5687483194444445 0.3399513009259259 0.5705956597222221 0.34150714351851846 0.5779123611111111 0.3426754513888889 0.5796870370370371 0.3450120671296296 0.5832363935185185 0.3460511967592592 0.5831637314814815 0.354622587962963 0.5862771087962964
3 0.3450120671296296 0.5832363935185185 0.34630385416666665 0.6017098009259259 0.3473429837962963 0.6016371388888889 0.3535777592592592 0.6012011620370371 0.3544877083333333 0.5992811574074074 0.35488094444444446 0.5899717893518519 0.35371263657407404 0.5881971111111112 0.35020771296296294 0.5828730787037038 0.3491685856481482 0.5829457407407408 0.3450120671296296 0.5832363935185185
3 0.4533512638888889 0.5496713449074074 0.45322208564814814 0.5478240046296295 0.45257619212962963 0.5385872986111111 0.45140788425925926 0.5368126226851851 0.4501103981481481 0.5331906041666667 0.4490712685185185 0.5332632662037037 0.44478557175925926 0.5317065763888889 0.4410165925925926 0.5375392523148148 0.44114577083333334 0.5393865925925926 0.4417916643518518 0.5486232962962964 0.4429599722222222 0.5503979745370371 0.4464648958333334 0.5557220069444445 0.447504025462963 0.5556493449074074 0.45062141203703704 0.5554313564814815 0.451531363425926 0.5535113518518519 0.4533512638888889 0.5496713449074074
3 0.4408874143518518 0.5356919097222222 0.4397191064814815 0.5339172337962963 0.4382924398148148 0.5284478726851852 0.43712413194444444 0.5266731944444444 0.4317993078703704 0.5251891689814815 0.42894027777777777 0.5291018402777777 0.4290694560185185 0.5309491805555555 0.4307544791666667 0.5401132222222222 0.4317936064814815 0.5400405601851852 0.4341302222222222 0.5435899143518518 0.43516935185185185 0.5435172523148148 0.43828674074074075 0.5432992638888889 0.4391966898148148 0.5413792592592593 0.4408874143518518 0.5356919097222222
3 0.36844470370370375 0.7839425763888889 0.3683155254629629 0.7820952361111111 0.3675404537037037 0.7710111921296297 0.36637214583333333 0.7692365138888889 0.3639063518518519 0.7638398171296296 0.36286722222222223 0.7639124791666667 0.35858152546296296 0.7623557916666667 0.3531218240740741 0.7738758148148148 0.3532510023148148 0.7757231550925925 0.3538968958333333 0.7849598587962964 0.3550652037037037 0.7867345370370371 0.35948007638888885 0.7901385671296296 0.3605192060185185 0.7900659027777778 0.3657148518518519 0.789702587962963 0.3666248032407407 0.7877825856481481 0.36844470370370375 0.7839425763888889
3 0.3942823564814815 0.8099814421296296 0.39324322685185187 0.8100541041666667 0.389609125 0.8028827291666667 0.38856999537037035 0.8029553935185185 0.3864917361111111 0.8031007175925926 0.3809028541666667 0.812773400462963 0.3810320324074074 0.8146207407407408 0.3849244930555556 0.8254867986111111 0.3859636226851852 0.8254141342592592 0.39206921990740745 0.8231308148148148 0.39194003935185184 0.8212834745370371 0.39466989120370366 0.815523462962963 0.39454071296296295 0.8136761226851852 0.3942823564814815 0.8099814421296296
3 0.3993545231481481 0.7929193958333334 0.3983153935185185 0.7929920578703703 0.39299056944444444 0.7915080324074074 0.3892215879629629 0.7973407083333334 0.38935076620370374 0.7991880486111111 0.3886991736111111 0.8048027337962963 0.3898674814814815 0.806577412037037 0.39454071296296295 0.8136761226851852 0.39545066435185183 0.8117561180555556 0.3998712384259259 0.8003087592592593 0.39974206018518516 0.7984614189814815 0.3993545231481481 0.7929193958333334
3 0.3931254490740741 0.7785039837962963 0.3919571412037037 0.7767293055555555 0.387413087962963 0.7714779351851851 0.3863739583333333 0.7715505995370371 0.3822174421296296 0.77184125 0.3803975393518519 0.7756812592592593 0.3805267199074074 0.777528599537037 0.38130179166666667 0.7886126435185185 0.38247009953703703 0.7903873217592592 0.3890924097222222 0.7954933657407408 0.39000236111111114 0.7935733634259259 0.39377134027777777 0.7877406874999999 0.39364216203703706 0.7858933472222221 0.3931254490740741 0.7785039837962963
3 0.6908331203703704 0.7651117314814816 0.693692150462963 0.7611990601851851 0.6947312800925927 0.7611263981481481 0.6951188148148149 0.7666684189814815 0.7033026689814815 0.764239775462963 0.7061617013888889 0.7603271041666667 0.7022692407407407 0.7494610486111112 0.6981127245370371 0.7497517013888889 0.6957330486111111 0.7455865671296296 0.6935686712962963 0.7445003310185185 0.6944786226851852 0.7425803263888888 0.6931811342592593 0.7389583078703703 0.6826606643518518 0.7378375972222222 0.6790208611111112 0.745517611111111 0.6794083981481482 0.7510596342592593 0.6818741921296296 0.7564563310185185 0.6903164050925925 0.7577223680555556 0.6897939907407407 0.7651843935185185 0.6869349606481481 0.7690970648148148 0.6881032685185184 0.7708717430555555 0.6884908032407407 0.7764137662037037 0.6925181412037037 0.7742757731481482 0.6908331203703704 0.7651117314814816
3 0.6799422129629629 0.7138948287037037 0.6798130347222222 0.7120474884259259 0.6789087824074074 0.6991161018518518 0.677740474537037 0.6973414236111111 0.6715056990740741 0.6977774027777778 0.6665684120370371 0.7018353981481481 0.6656584606481482 0.7037554027777778 0.6648776898148149 0.7075227476851852 0.6660459976851852 0.7092974259259259 0.6686409699074074 0.716541462962963 0.669680099537037 0.7164687986111111 0.6740949722222221 0.7198728287037037 0.6750049236111111 0.7179528263888889 0.6799422129629629 0.7138948287037037
3 0.7893110578703704 0.3665305925925926 0.7882719305555556 0.3666032569444444 0.7848961851851852 0.3631265625 0.7838570555555555 0.36319922685185185 0.7797005393518518 0.3634898773148148 0.7763190925925926 0.37486457638888887 0.7764482731481481 0.3767119166666667 0.7769649861111111 0.38410128009259253 0.7781332939814816 0.3858759583333334 0.7874854583333333 0.3852219907407407 0.7883954074074074 0.3833019861111111 0.7911252592592594 0.37754197453703703 0.7909960810185185 0.37569463425925925 0.7893110578703704 0.3665305925925926
3 0.7918946319444444 0.40347740972222224 0.7917654537037037 0.4016300694444444 0.7913779166666667 0.3960880462962963 0.7902096087962962 0.39431336805555556 0.7855363773148148 0.3872146574074074 0.7844972476851851 0.38728731944444444 0.7813798611111111 0.3875053101851852 0.7755326226851852 0.3934833101851852 0.7756618009259258 0.39533065046296295 0.776566050925926 0.40826203703703706 0.7777343587962963 0.41003671296296296 0.7821492337962963 0.41344074305555556 0.7831883611111111 0.4133680810185185 0.7873448796296296 0.41307742824074073 0.7882548287037038 0.41115742592592597 0.7918946319444444 0.40347740972222224
3 0.7899341527777778 0.43517285648148146 0.789804974537037 0.43332551388888885 0.7901982083333334 0.42401614814814814 0.789029900462963 0.42224146990740735 0.7865641064814816 0.41684477314814816 0.7855249768518519 0.4169174375 0.7812392824074074 0.4153607476851852 0.7764311712962964 0.42126608564814816 0.7765603518518518 0.42311342592592593 0.7759087569444445 0.4287281111111111 0.7770770648148149 0.4305027893518518 0.7796720393518519 0.4377468263888889 0.7807111666666666 0.43767416435185186 0.784996863425926 0.43923085185185184 0.7859068148148148 0.437310849537037 0.7899341527777778 0.43517285648148146
3 0.7947365624999999 0.4441189074074074 0.7935682546296297 0.44234422916666666 0.7912316388888889 0.438794875 0.7901925092592592 0.43886753703703707 0.78811425 0.43901286342592594 0.7821378333333333 0.4431435231481482 0.7812278819444445 0.4450635277777778 0.7804471111111111 0.4488308726851852 0.7816154189814816 0.45060554861111113 0.7874569583333333 0.4594789375 0.788496087962963 0.459406275462963 0.7938209120370371 0.4608903009259259 0.7947308611111111 0.4589702986111111 0.7947365624999999 0.4441189074074074
3 0.7830420833333334 0.4560749097222222 0.781873775462963 0.45430023148148146 0.7764197731481481 0.4509688634259259 0.7725216134259258 0.45495419907407403 0.7726507916666667 0.45680153935185186 0.771999199074074 0.46241622453703707 0.7731675069444444 0.4641909027777778 0.7756333009259259 0.46958759953703705 0.7766724305555556 0.4695149351851852 0.7821264328703704 0.47284630324074073 0.7830363842592593 0.47092629861111107 0.7830420833333334 0.4560749097222222
3 0.7743415138888889 0.45111418981481477 0.7752514652777778 0.44919418749999995 0.7778521365740741 0.4415868333333333 0.7777229583333333 0.43973949305555554 0.7762962939814815 0.4342701342592593 0.7751279861111112 0.4324954560185186 0.7727913703703704 0.428946099537037 0.7717522407407408 0.4290187638888889 0.7696739814814815 0.4291640902777778 0.7648658726851851 0.43506942592592596 0.764995050925926 0.4369167685185185 0.7643434583333333 0.44253145370370367 0.7655117662037036 0.4443061319444444 0.7657701226851853 0.4480008125 0.7668092523148148 0.44792815046296297 0.7701849976851852 0.45140484259259256 0.7712241249999999 0.45133217824074073 0.7743415138888889 0.45111418981481477
3 0.7657986226851852 0.3737438634259259 0.7569631736111111 0.3817871944444444 0.7570923518518519 0.38363453472222225 0.7576090671296297 0.39102389814814814 0.7587773750000001 0.3927985763888889 0.761372349537037 0.40004261342592595 0.7624114768518518 0.39996995138888886 0.7704718541666666 0.38084257638888885 0.7703426759259259 0.3789952337962963 0.7657986226851852 0.3737438634259259
0 0.9643330694444444 0.7430165532407408 0.9726046921296296 0.7149638125000001 0.9441637083333333 0.6696150648148148 0.9240710949074074 0.6331500509259259 0.8895744768518519 0.5952789745370372 0.858616974537037 0.5751672476851852 0.8518806828703703 0.5624580416666667 0.8521700069444444 0.5531559398148148 0.902126099537037 0.4820906597222222 0.8709980092592593 0.4326601550925926 0.8076550046296297 0.5258242013888889 0.7552382453703704 0.5781265324074074 0.7546107777777777 0.5885661041666667 0.7621192916666666 0.619785050925926 0.7694245393518518 0.6391374189814815 0.8211727986111111 0.6026610092592593 0.8403843402777779 0.5996468726851851 0.865334650462963 0.6025431111111111 0.9119457662037037 0.6508909375 0.9545215648148149 0.7221687037037037 0.9643330694444444 0.7430165532407408
0 0.5249692523148148 0 0.5190759328703703 0.0380997199074074 0.5203114884259259 0.06771530324074074 0.5177431064814815 0.12655631712962961 0.5483799398148148 0.13610913657407406 0.5486916805555556 0.13608733796296296 0.5545353125 0.07181944907407407 0.5702487731481481 0.0456596087962963 0.5788629074074074 0.0389312175925926 0.5884105486111111 0.036592844907407406 0.604928712962963 0.04583347453703704 0.6252190856481482 0.07467352777777778 0.6354973449074074 0.09771638888888888 0.6390265856481482 0.07352237731481481 0.6215036782407408 0.042446791666666664 0.6040161041666666 0.020836243055555558 0.5877316018518518 0.011950548611111111 0.5632845185185185 0.01774407638888889 0.5591943009259259 0.014502983796296297 0.555795 0.004716266203703704 0.5561251851851852 0 0.5249692523148148 0
0 0.6944252407407409 0.7462968078703703 0.6913667407407408 0.7622898564814814 0.6947683217592592 0.7661360162037036 0.6987620370370371 0.7500775717592592 0.7103172685185185 0.7286638009259259 0.7177349814814815 0.7257318171296296 0.7256570578703704 0.728519324074074 0.7406136782407408 0.7452946458333334 0.7467120578703704 0.7279752037037037 0.7245512523148149 0.6992659421296297 0.7109213726851853 0.6775712754629629 0.6991370393518518 0.6867489976851852 0.7109246018518519 0.7030033726851852 0.7129595462962962 0.7141849560185185 0.7062023564814814 0.7220829606481481 0.6944252407407409 0.7462968078703703
1 0.015355652777777777 0.3502942569444445 0.023741062499999997 0.3641876087962963 0.024730800925925927 0.3574354537037037 0.024007969907407407 0.3456052060185185 0.06123140509259259 0.31794124074074076 0.05992156944444444 0.312649349537037 0.02648117592592593 0.3316950949074074 0.021117027777777776 0.33114200694444446 0.015204249999999999 0.30482368287037037 0.007747215277777778 0.30868660416666666 0.015355652777777777 0.3502942569444445
0 0.11291466435185184 0.7554016319444444 0.11241808564814815 0.763233125 0.0934907337962963 0.7703114143518519 0.10285410648148148 0.7742975972222221 0.1151034837962963 0.7717703009259259 0.12562110416666666 0.7803167083333333 0.13872021064814816 0.7974075555555556 0.1426740300925926 0.7837651851851852 0.12795335185185186 0.7614042453703703 0.11095114814814815 0.727322050925926 0.10257067592592593 0.7344053796296296 0.11291466435185184 0.7554016319444444
0 0.2842152013888889 0.8785671504629629 0.29450657175925926 0.8674518125 0.3022208240740741 0.8702538541666667 0.30329699537037036 0.8751908101851852 0.30659694444444446 0.8731036805555555 0.30062508564814816 0.8653532291666667 0.29466386574074077 0.8637280671296296 0.30285228009259263 0.8494183101851852 0.29961977314814814 0.8450034143518518 0.2805928773148148 0.874550787037037 0.2842152013888889 0.8785671504629629