2 0.4842708333333334 0.23296296296296296 0.5208333333333334 0.41574074074074074 0.5514583333333333 0.40703703703703703 0.49104166666666665 0.015185185185185184 0.48760416666666667 0.007592592592592592 0.49020833333333336 0.003148148148148148 0.4671875 0.004629629629629629 0.4842708333333334 0.23296296296296296
3 0.3822916666666667 0.08703703703703704 0.3822916666666667 0.08888888888888889 0.384375 0.12222222222222222 0.3854166666666667 0.12407407407407407 0.38958333333333334 0.1259259259259259 0.390625 0.12407407407407407 0.403125 0.12222222222222222 0.4041666666666667 0.12407407407407407 0.4104166666666667 0.12407407407407407 0.4114583333333333 0.1259259259259259 0.4239583333333333 0.13148148148148148 0.425 0.13333333333333333 0.4416666666666667 0.1537037037037037 0.4416666666666667 0.15555555555555556 0.4510416666666667 0.17407407407407408 0.4510416666666667 0.17592592592592593 0.45416666666666666 0.18518518518518517 0.4552083333333333 0.18518518518518517 0.471875 0.19074074074074077 0.4729166666666667 0.18888888888888888 0.475 0.17592592592592593 0.475 0.17407407407407408 0.475 0.15925925925925924 0.4739583333333333 0.1574074074074074 0.4729166666666667 0.1388888888888889 0.471875 0.13703703703703704 0.465625 0.10740740740740741 0.4645833333333333 0.10555555555555556 0.459375 0.09259259259259259 0.4583333333333333 0.09074074074074075 0.446875 0.07407407407407407 0.4458333333333333 0.07407407407407407 0.4322916666666667 0.06296296296296296 0.43125 0.06296296296296296 0.40729166666666666 0.06111111111111111 0.3947916666666667 0.06851851851851852 0.39375 0.07037037037037036 0.3822916666666667 0.08703703703703704
3 0.31354166666666666 0.30185185185185187 0.315625 0.3166666666666667 0.3177083333333333 0.3166666666666667 0.3229166666666667 0.3111111111111111 0.325 0.3111111111111111 0.3395833333333333 0.29814814814814816 0.34375 0.29814814814814816 0.34479166666666666 0.2962962962962963 0.3479166666666667 0.2962962962962963 0.3489583333333333 0.29444444444444445 0.3572916666666667 0.2925925925925926 0.3614583333333333 0.32592592592592595 0.36041666666666666 0.3277777777777778 0.3552083333333333 0.3277777777777778 0.3541666666666667 0.32962962962962966 0.3510416666666667 0.32962962962962966 0.3479166666666667 0.3333333333333333 0.3458333333333333 0.3333333333333333 0.34270833333333334 0.337037037037037 0.340625 0.337037037037037 0.3395833333333333 0.3388888888888889 0.3354166666666667 0.34074074074074073 0.3302083333333333 0.35370370370370374 0.3302083333333333 0.3611111111111111 0.3322916666666667 0.3648148148148148 0.3333333333333333 0.3648148148148148 0.3354166666666667 0.36851851851851847 0.3458333333333333 0.3666666666666667 0.346875 0.3648148148148148 0.35833333333333334 0.3648148148148148 0.359375 0.3666666666666667 0.365625 0.3666666666666667 0.3666666666666667 0.36851851851851847 0.3697916666666667 0.36851851851851847 0.371875 0.37222222222222223 0.3885416666666667 0.387037037037037 0.38958333333333334 0.3851851851851852 0.390625 0.37592592592592594 0.38958333333333334 0.37407407407407406 0.38958333333333334 0.36851851851851847 0.3885416666666667 0.3666666666666667 0.3875 0.3388888888888889 0.3864583333333333 0.337037037037037 0.3864583333333333 0.33148148148148143 0.3822916666666667 0.32592592592592595 0.3844975486111111 0.31808278935185186 0.4102328425925926 0.28213507638888885 0.4145833333333333 0.28703703703703703 0.4145833333333333 0.28888888888888886 0.4104166666666667 0.29814814814814816 0.409375 0.30925925925925923 0.4083333333333333 0.3111111111111111 0.4083333333333333 0.34814814814814815 0.409375 0.35 0.409375 0.3666666666666667 0.4104166666666667 0.36851851851851847 0.4104166666666667 0.3833333333333333 0.4114583333333333 0.3851851851851852 0.4114583333333333 0.39444444444444443 0.4135416666666667 0.40185185185185185 0.415625 0.40185185185185185 0.4333333333333333 0.3851851851851852 0.4322916666666667 0.37592592592592594 0.4260416666666667 0.3611111111111111 0.4260416666666667 0.35555555555555557 0.428125 0.35185185185185186 0.434375 0.3574074074074074 0.440625 0.3574074074074074 0.44375 0.35 0.45416666666666666 0.34814814814814815 0.4572916666666667 0.3425925925925926 0.4572916666666667 0.34074074074074073 0.4604166666666667 0.3351851851851852 0.4604166666666667 0.33148148148148143 0.4645833333333333 0.3185185185185185 0.4645833333333333 0.31296296296296294 0.465625 0.3111111111111111 0.465625 0.3055555555555556 0.4666666666666667 0.3037037037037037 0.4666666666666667 0.29814814814814816 0.46770833333333334 0.2962962962962963 0.46770833333333334 0.29074074074074074 0.46875 0.28888888888888886 0.46875 0.2833333333333333 0.46979166666666666 0.28148148148148144 0.46979166666666666 0.2537037037037037 0.46770833333333334 0.24814814814814815 0.46770833333333334 0.24259259259259258 0.4666666666666667 0.24074074074074073 0.465625 0.22962962962962963 0.4625 0.22592592592592592 0.45625 0.22407407407407406 0.4552083333333333 0.2222222222222222 0.4510416666666667 0.22407407407407406 0.451171875 0.2162037037037037 0.4390625 0.19814814814814813 0.4395833333333333 0.19444444444444445 0.4416666666666667 0.19444444444444445 0.45208333333333334 0.18518518518518517 0.4510416666666667 0.1796296296296296 0.4479166666666667 0.17407407407407408 0.4479166666666667 0.17222222222222225 0.4427083333333333 0.1611111111111111 0.4427083333333333 0.15925925925925924 0.4291666666666667 0.1388888888888889 0.428125 0.1388888888888889 0.4260416666666667 0.13518518518518519 0.4239583333333333 0.13518518518518519 0.42291666666666666 0.13333333333333333 0.42083333333333334 0.13333333333333333 0.4197916666666667 0.13148148148148148 0.4177083333333333 0.13148148148148148 0.4166666666666667 0.12962962962962962 0.4145833333333333 0.12962962962962962 0.4104166666666667 0.1259259259259259 0.402734375 0.1439814814814815 0.390625 0.1259259259259259 0.3875 0.12962962962962962 0.3854166666666667 0.12962962962962962 0.38125 0.13333333333333333 0.36875 0.15 0.359375 0.1574074074074074 0.346875 0.1796296296296296 0.3458333333333333 0.1796296296296296 0.34270833333333334 0.18518518518518517 0.3416666666666667 0.18518518518518517 0.3364583333333333 0.19444444444444445 0.3354166666666667 0.19444444444444445 0.32708333333333334 0.2074074074074074 0.3260416666666667 0.21296296296296297 0.3239583333333333 0.21666666666666665 0.3229166666666667 0.2222222222222222 0.3197916666666667 0.22962962962962963 0.31875 0.24074074074074073 0.3177083333333333 0.24259259259259258 0.3177083333333333 0.24629629629629632 0.315625 0.2537037037037037 0.315625 0.25925925925925924 0.31354166666666666 0.26666666666666666 0.31354166666666666 0.2722222222222222 0.3125 0.2740740740740741 0.3125 0.3 0.31354166666666666 0.30185185185185187
3 0.3239583333333333 0.3888888888888889 0.3239583333333333 0.3907407407407408 0.3208333333333333 0.39444444444444443 0.3208333333333333 0.39629629629629626 0.309375 0.42592592592592593 0.3083333333333333 0.42592592592592593 0.28020833333333334 0.4462962962962963 0.2791666666666667 0.4462962962962963 0.2708333333333333 0.4462962962962963 0.26979166666666665 0.4444444444444444 0.25937499999999997 0.4351851851851852 0.2583333333333333 0.4333333333333333 0.24479166666666666 0.412962962962963 0.24375 0.412962962962963 0.240625 0.4111111111111111 0.23958333333333334 0.412962962962963 0.22083333333333335 0.44074074074074077 0.22083333333333335 0.4425925925925926 0.21041666666666667 0.46481481481481485 0.21041666666666667 0.4666666666666667 0.20520833333333335 0.48518518518518516 0.20520833333333335 0.48703703703703705 0.203125 0.5055555555555555 0.203125 0.5074074074074074 0.203125 0.5333333333333333 0.20416666666666666 0.5351851851851852 0.20625 0.5648148148148148 0.20729166666666665 0.5666666666666667 0.21145833333333333 0.5888888888888889 0.2125 0.5907407407407407 0.221875 0.6203703703703703 0.22291666666666665 0.6222222222222222 0.23541666666666666 0.6481481481481481 0.23645833333333335 0.6481481481481481 0.25 0.6666666666666666 0.25104166666666666 0.6666666666666666 0.2625 0.6759259259259259 0.2635416666666667 0.6759259259259259 0.2791666666666667 0.6777777777777778 0.28020833333333334 0.6796296296296297 0.28541666666666665 0.6814814814814815 0.2864583333333333 0.6814814814814815 0.309375 0.6796296296296297 0.3104166666666667 0.6777777777777778 0.315625 0.6759259259259259 0.315625 0.674074074074074 0.3177083333333333 0.6685185185185185 0.31875 0.6703703703703704 0.32708333333333334 0.674074074074074 0.328125 0.6722222222222222 0.34479166666666666 0.6685185185185185 0.3458333333333333 0.6666666666666666 0.3552083333333333 0.6592592592592593 0.35625 0.6574074074074074 0.3635416666666667 0.6481481481481481 0.3635416666666667 0.6462962962962963 0.3697916666666667 0.6351851851851852 0.3697916666666667 0.6333333333333334 0.38125 0.6 0.3822916666666667 0.5981481481481481 0.3927083333333333 0.5740740740740741 0.3927083333333333 0.5722222222222222 0.3989583333333333 0.5481481481481482 0.3989583333333333 0.5462962962962963 0.4 0.5074074074074074 0.3989583333333333 0.5055555555555555 0.3989583333333333 0.48518518518518516 0.3979166666666667 0.48333333333333334 0.39375 0.4537037037037037 0.39375 0.45185185185185184 0.39166666666666666 0.40185185185185185 0.390625 0.4 0.3833333333333333 0.3851851851851852 0.3822916666666667 0.3851851851851852 0.36875 0.37222222222222223 0.3677083333333333 0.37222222222222223 0.3458333333333333 0.37037037037037035 0.3354166666666667 0.37592592592592594 0.334375 0.37777777777777777 0.3239583333333333 0.3888888888888889
3 0.26875 0.7962962962962963 0.26875 0.8018518518518518 0.26979166666666665 0.8037037037037037 0.2708333333333333 0.8240740740740741 0.27187500000000003 0.825925925925926 0.27187500000000003 0.8314814814814815 0.2739583333333333 0.8370370370370371 0.2760416666666667 0.8518518518518519 0.278125 0.8574074074074074 0.2791666666666667 0.8666666666666666 0.28229166666666666 0.8740740740740741 0.284375 0.8833333333333334 0.2864583333333333 0.887037037037037 0.2885416666666667 0.8962962962962963 0.29583333333333334 0.9092592592592593 0.3052083333333333 0.9166666666666666 0.3072916666666667 0.9203703703703704 0.31354166666666666 0.9259259259259259 0.315625 0.9259259259259259 0.3197916666666667 0.9296296296296297 0.3229166666666667 0.9296296296296297 0.3239583333333333 0.9314814814814815 0.3260416666666667 0.9314814814814815 0.32708333333333334 0.9333333333333333 0.32916666666666666 0.9333333333333333 0.3333333333333333 0.9370370370370371 0.3364583333333333 0.9370370370370371 0.340625 0.9407407407407407 0.3552083333333333 0.9407407407407407 0.35625 0.938888888888889 0.3677083333333333 0.938888888888889 0.40520833333333334 0.9055555555555556 0.4083333333333333 0.8944444444444444 0.4104166666666667 0.8425925925925926 0.4125 0.8370370370370371 0.4125 0.8333333333333334 0.4135416666666667 0.8314814814814815 0.4135416666666667 0.8277777777777778 0.4145833333333333 0.825925925925926 0.4145833333333333 0.8222222222222222 0.415625 0.8203703703703703 0.415625 0.8166666666666667 0.4166666666666667 0.8148148148148148 0.4166666666666667 0.811111111111111 0.4177083333333333 0.8092592592592593 0.4177083333333333 0.8055555555555556 0.41875 0.8037037037037037 0.41875 0.8 0.42083333333333334 0.7925925925925925 0.4302083333333333 0.8 0.4291666666666667 0.811111111111111 0.428125 0.8129629629629629 0.428125 0.8166666666666667 0.4260416666666667 0.8240740740740741 0.4260416666666667 0.8296296296296296 0.4239583333333333 0.8370370370370371 0.4239583333333333 0.8462962962962963 0.42291666666666666 0.8481481481481481 0.42291666666666666 0.8592592592592593 0.421875 0.8611111111111112 0.421875 0.8740740740740741 0.42291666666666666 0.8759259259259259 0.42291666666666666 0.8814814814814815 0.4239583333333333 0.8814814814814815 0.4260416666666667 0.8777777777777778 0.4260416666666667 0.8759259259259259 0.4291666666666667 0.8703703703703703 0.4291666666666667 0.8685185185185185 0.4375 0.85 0.4375 0.8462962962962963 0.43854166666666666 0.8444444444444444 0.43854166666666666 0.8407407407407407 0.4395833333333333 0.8388888888888888 0.4395833333333333 0.8351851851851853 0.440625 0.8333333333333334 0.440625 0.8296296296296296 0.4416666666666667 0.8277777777777778 0.4416666666666667 0.8240740740740741 0.44375 0.8166666666666667 0.44375 0.811111111111111 0.4416666666666667 0.8037037037037037 0.440625 0.8037037037037037 0.4375 0.7981481481481482 0.43125 0.7962962962962963 0.4302083333333333 0.7883333333333333 0.4239583333333333 0.7724074074074074 0.42083333333333334 0.7759259259259259 0.42083333333333334 0.7644444444444445 0.4197916666666667 0.7574074074074074 0.4239583333333333 0.7592592592592593 0.4260416666666667 0.7555555555555555 0.4270833333333333 0.7370370370370369 0.425 0.7333333333333334 0.421875 0.7314814814814815 0.4197916666666667 0.7277777777777777 0.41875 0.7277777777777777 0.4166666666666667 0.7240740740740741 0.4135416666666667 0.7222222222222222 0.409375 0.7166666666666667 0.4040625 0.7150925925925926 0.4020833333333333 0.7166666666666667 0.39875 0.7135185185185186 0.335 0.6946296296296296 0.32916666666666666 0.6981481481481482 0.3296875 0.6930555555555555 0.32437499999999997 0.6914814814814816 0.321875 0.6870370370370371 0.3190625 0.6899074074074074 0.3145833333333333 0.6851851851851852 0.31375 0.6883333333333334 0.303125 0.6851851851851852 0.3020833333333333 0.6870370370370371 0.29583333333333334 0.6870370370370371 0.2916666666666667 0.6907407407407407 0.28541666666666665 0.7018518518518518 0.284375 0.7018518518518518 0.2791666666666667 0.7111111111111111 0.278125 0.7166666666666667 0.2729166666666667 0.7277777777777777 0.27187500000000003 0.7351851851851853 0.2708333333333333 0.7370370370370369 0.2708333333333333 0.7407407407407407 0.26979166666666665 0.7425925925925926 0.26979166666666665 0.7481481481481481 0.2677083333333333 0.7555555555555555 0.2677083333333333 0.7944444444444444 0.26875 0.7962962962962963
3 0.4489583333333333 0.6388888888888888 0.4489583333333333 0.6481481481481481 0.4510416666666667 0.6555555555555556 0.4510416666666667 0.6611111111111112 0.4583333333333333 0.6870370370370371 0.4708333333333333 0.7111111111111111 0.4708333333333333 0.7129629629629629 0.484375 0.7333333333333334 0.4875 0.7351851851851853 0.4895833333333333 0.7388888888888888 0.490625 0.7388888888888888 0.4927083333333333 0.7425925925925926 0.49375 0.7425925925925926 0.4958333333333333 0.7462962962962962 0.496875 0.7462962962962962 0.5072916666666667 0.7592592592592593 0.515625 0.7629629629629631 0.521875 0.7685185185185185 0.5395833333333333 0.7685185185185185 0.540625 0.7666666666666666 0.5427083333333333 0.7666666666666666 0.5437500000000001 0.7648148148148147 0.5479166666666666 0.7648148148148147 0.5541666666666667 0.7592592592592593 0.55625 0.7592592592592593 0.5593750000000001 0.7555555555555555 0.5645833333333333 0.7537037037037038 0.571875 0.7462962962962962 0.5739583333333333 0.7425925925925926 0.5750000000000001 0.7370370370370369 0.578125 0.7296296296296296 0.5791666666666666 0.7296296296296296 0.5812499999999999 0.7333333333333334 0.5854166666666667 0.7333333333333334 0.596875 0.7185185185185184 0.5979166666666667 0.7129629629629629 0.6010416666666666 0.7074074074074075 0.603125 0.7 0.6114583333333333 0.6814814814814815 0.61875 0.6555555555555556 0.6208333333333333 0.6407407407407407 0.6229166666666667 0.6351851851851852 0.6229166666666667 0.6314814814814815 0.625 0.6240740740740741 0.625 0.612962962962963 0.6260416666666666 0.6111111111111112 0.6260416666666666 0.5981481481481481 0.6270833333333333 0.5962962962962963 0.6270833333333333 0.5888888888888889 0.6260416666666666 0.587037037037037 0.6260416666666666 0.575925925925926 0.625 0.5740740740740741 0.625 0.5611111111111111 0.6208333333333333 0.5462962962962963 0.6208333333333333 0.5425925925925926 0.6197916666666666 0.5407407407407407 0.61875 0.5314814814814814 0.6166666666666666 0.5259259259259259 0.6145833333333334 0.5111111111111112 0.6125 0.5055555555555555 0.6114583333333333 0.4981481481481481 0.609375 0.4944444444444444 0.6072916666666667 0.48703703703703705 0.6041666666666666 0.48148148148148145 0.6020833333333334 0.4740740740740741 0.584375 0.4425925925925926 0.5802083333333333 0.4388888888888889 0.5770833333333334 0.4333333333333333 0.5760416666666667 0.4333333333333333 0.5708333333333333 0.42592592592592593 0.56875 0.42592592592592593 0.5583333333333333 0.4166666666666667 0.5541666666666667 0.4166666666666667 0.553125 0.4148148148148148 0.5499999999999999 0.4148148148148148 0.5489583333333333 0.412962962962963 0.5302083333333334 0.4351851851851852 0.5281250000000001 0.4277777777777778 0.5281250000000001 0.412962962962963 0.5270833333333333 0.42407407407407405 0.521875 0.42592592592592593 0.5197916666666667 0.4222222222222222 0.5197916666666667 0.42037037037037034 0.5135416666666667 0.42037037037037034 0.509375 0.42407407407407405 0.5090277777777777 0.42592592592592593 0.5072916666666667 0.42592592592592593 0.5041666666666667 0.42962962962962964 0.5020833333333333 0.42962962962962964 0.4947916666666667 0.43703703703703706 0.4927083333333333 0.43703703703703706 0.4822916666666667 0.4462962962962963 0.48541666666666666 0.45925925925925926 0.4819444444444444 0.45925925925925926 0.4774305555555556 0.46481481481481485 0.475 0.4722222222222222 0.4708333333333333 0.4703703703703703 0.4645833333333333 0.48703703703703705 0.4645833333333333 0.4944444444444444 0.46770833333333334 0.4944444444444444 0.46875 0.4962962962962963 0.471875 0.4962962962962963 0.4729166666666667 0.4981481481481481 0.4760416666666667 0.4981481481481481 0.478125 0.5 0.4802083333333333 0.4944444444444444 0.478125 0.4888888888888889 0.4760416666666667 0.4740740740740741 0.4864583333333333 0.46296296296296297 0.4895833333333333 0.4740740740740741 0.49375 0.48148148148148145 0.4947916666666667 0.48148148148148145 0.5052083333333334 0.4962962962962963 0.5083333333333333 0.4962962962962963 0.5104166666666666 0.4944444444444444 0.5166666666666666 0.48333333333333334 0.5166666666666666 0.47962962962962963 0.5197916666666667 0.4703703703703703 0.5270833333333333 0.4759259259259259 0.5270833333333333 0.47962962962962963 0.5260416666666666 0.48148148148148145 0.5260416666666666 0.48518518518518516 0.525 0.48703703703703705 0.5229166666666667 0.5018518518518519 0.5135416666666667 0.5240740740740741 0.5072916666666667 0.5462962962962963 0.5010416666666666 0.5592592592592592 0.49895833333333334 0.5592592592592592 0.4979166666666667 0.5611111111111111 0.4958333333333333 0.5611111111111111 0.4947916666666667 0.5629629629629629 0.4927083333333333 0.5629629629629629 0.4916666666666667 0.5648148148148148 0.4895833333333333 0.5648148148148148 0.4885416666666667 0.5666666666666667 0.4864583333333333 0.5666666666666667 0.48541666666666666 0.5685185185185185 0.48333333333333334 0.5685185185185185 0.4791666666666667 0.5722222222222222 0.4739583333333333 0.5722222222222222 0.4729166666666667 0.5740740740740741 0.46979166666666666 0.5740740740740741 0.4604166666666667 0.5833333333333334 0.4583333333333333 0.5833333333333334 0.45208333333333334 0.5888888888888889 0.4479166666666667 0.6037037037037037 0.446875 0.6259259259259259 0.4479166666666667 0.6277777777777778 0.4479166666666667 0.637037037037037 0.4489583333333333 0.6388888888888888
3 0.5927083333333334 0.7314814814814815 0.5927083333333334 0.7333333333333334 0.5916666666666667 0.7351851851851853 0.5916666666666667 0.7370370370370369 0.5906250000000001 0.7388888888888888 0.5875 0.7388888888888888 0.5875 0.7425925925925926 0.5885416666666666 0.7444444444444445 0.5864583333333333 0.7481481481481481 0.5833333333333334 0.7481481481481481 0.5822916666666667 0.7462962962962962 0.5791666666666666 0.7462962962962962 0.5760416666666667 0.7518518518518519 0.5750000000000001 0.7518518518518519 0.571875 0.7574074074074074 0.5708333333333333 0.7574074074074074 0.56875 0.7611111111111112 0.5677083333333334 0.7611111111111112 0.5666666666666667 0.7629629629629631 0.5656249999999999 0.7629629629629631 0.5645833333333333 0.7648148148148147 0.5635416666666666 0.7648148148148147 0.5625 0.7666666666666666 0.5614583333333334 0.7666666666666666 0.5604166666666667 0.7685185185185185 0.5593750000000001 0.7685185185185185 0.5583333333333333 0.7703703703703704 0.5541666666666667 0.7703703703703704 0.553125 0.7722222222222223 0.5499999999999999 0.7722222222222223 0.5489583333333333 0.774074074074074 0.525 0.774074074074074 0.525 0.7759259259259259 0.5239583333333333 0.7777777777777778 0.5229166666666667 0.7777777777777778 0.5197916666666667 0.7833333333333333 0.5187499999999999 0.7833333333333333 0.5177083333333333 0.7851851851851852 0.5052083333333334 0.7851851851851852 0.5010416666666666 0.7925925925925925 0.4979166666666667 0.7925925925925925 0.496875 0.7944444444444444 0.4927083333333333 0.7944444444444444 0.4916666666666667 0.7925925925925925 0.4895833333333333 0.7925925925925925 0.4875 0.7962962962962963 0.4875 0.7981481481481482 0.4864583333333333 0.8 0.48541666666666666 0.8 0.484375 0.7981481481481482 0.48333333333333334 0.7981481481481482 0.4822916666666667 0.7962962962962963 0.4822916666666667 0.7925925925925925 0.48125 0.7907407407407407 0.4802083333333333 0.7925925925925925 0.4802083333333333 0.7944444444444444 0.4791666666666667 0.7962962962962963 0.4791666666666667 0.8037037037037037 0.4802083333333333 0.8055555555555556 0.4802083333333333 0.8092592592592593 0.478125 0.8129629629629629 0.4770833333333333 0.8129629629629629 0.4770833333333333 0.8166666666666667 0.478125 0.8185185185185185 0.478125 0.8222222222222222 0.4791666666666667 0.8240740740740741 0.4791666666666667 0.825925925925926 0.4760416666666667 0.8314814814814815 0.475 0.8314814814814815 0.4729166666666667 0.8351851851851853 0.4729166666666667 0.8370370370370371 0.471875 0.8388888888888888 0.471875 0.8407407407407407 0.4708333333333333 0.8425925925925926 0.4708333333333333 0.8444444444444444 0.46979166666666666 0.8462962962962963 0.46979166666666666 0.8481481481481481 0.46875 0.85 0.46875 0.8518518518518519 0.46770833333333334 0.8537037037037037 0.46770833333333334 0.8555555555555556 0.4666666666666667 0.8574074074074074 0.4666666666666667 0.8592592592592593 0.465625 0.8611111111111112 0.465625 0.8851851851851852 0.4666666666666667 0.887037037037037 0.4666666666666667 0.8888888888888888 0.46770833333333334 0.8907407407407407 0.46770833333333334 0.8925925925925926 0.46875 0.8944444444444444 0.46875 0.8962962962962963 0.46979166666666666 0.8981481481481481 0.46979166666666666 0.9092592592592593 0.4708333333333333 0.9111111111111112 0.4708333333333333 0.9166666666666666 0.471875 0.9185185185185185 0.471875 0.9203703703703704 0.4729166666666667 0.9222222222222222 0.4729166666666667 0.924074074074074 0.4739583333333333 0.9259259259259259 0.4739583333333333 0.9314814814814815 0.4729166666666667 0.9333333333333333 0.4729166666666667 0.9370370370370371 0.4739583333333333 0.938888888888889 0.4739583333333333 0.9407407407407407 0.475 0.9425925925925925 0.475 0.9444444444444444 0.4760416666666667 0.9462962962962963 0.4760416666666667 0.9481481481481482 0.4770833333333333 0.95 0.4770833333333333 0.9518518518518518 0.478125 0.9537037037037037 0.4979166666666667 0.9537037037037037 0.49895833333333334 0.9555555555555556 0.5072916666666667 0.9555555555555556 0.5083333333333333 0.9574074074074075 0.5104166666666666 0.9574074074074075 0.5114583333333333 0.9592592592592593 0.5145833333333334 0.9592592592592593 0.515625 0.9574074074074075 0.5166666666666666 0.9574074074074075 0.5177083333333333 0.9592592592592593 0.5187499999999999 0.9592592592592593 0.521875 0.9648148148148148 0.521875 0.9666666666666667 0.5229166666666667 0.9685185185185184 0.525 0.9685185185185184 0.5260416666666666 0.9703703703703703 0.5270833333333333 0.9703703703703703 0.5281250000000001 0.9722222222222222 0.5291666666666667 0.9722222222222222 0.5302083333333334 0.9740740740740741 0.53125 0.9740740740740741 0.5322916666666666 0.975925925925926 0.5333333333333333 0.975925925925926 0.5343749999999999 0.9777777777777777 0.5354166666666667 0.9777777777777777 0.5395833333333333 0.9851851851851853 0.5416666666666666 0.9851851851851853 0.5427083333333333 0.9870370370370369 0.5437500000000001 0.9870370370370369 0.5447916666666667 0.9888888888888888 0.6177083333333334 0.9888888888888888 0.61875 0.9870370370370369 0.6208333333333333 0.9870370370370369 0.621875 0.9851851851851853 0.6260416666666666 0.9851851851851853 0.6270833333333333 0.9833333333333334 0.6291666666666667 0.9833333333333334 0.6333333333333334 0.975925925925926 0.634375 0.975925925925926 0.6385416666666667 0.9685185185185184 0.6385416666666667 0.9611111111111111 0.6395833333333334 0.9592592592592593 0.6416666666666666 0.9592592592592593 0.6447916666666667 0.9537037037037037 0.6447916666666667 0.9518518518518518 0.6458333333333334 0.95 0.6458333333333334 0.9481481481481482 0.646875 0.9462962962962963 0.646875 0.9444444444444444 0.6479166666666666 0.9425925925925925 0.6479166666666666 0.9333333333333333 0.65 0.9296296296296297 0.65 0.9277777777777778 0.6510416666666666 0.9259259259259259 0.6510416666666666 0.924074074074074 0.6520833333333333 0.9222222222222222 0.6520833333333333 0.9203703703703704 0.653125 0.9185185185185185 0.653125 0.9111111111111112 0.6541666666666667 0.9092592592592593 0.6541666666666667 0.9 0.6552083333333334 0.8981481481481481 0.6552083333333334 0.862962962962963 0.6541666666666667 0.8611111111111112 0.6541666666666667 0.8555555555555556 0.653125 0.8537037037037037 0.653125 0.8407407407407407 0.6520833333333333 0.8388888888888888 0.6520833333333333 0.8333333333333334 0.6510416666666666 0.8314814814814815 0.6510416666666666 0.8296296296296296 0.65 0.8277777777777778 0.65 0.825925925925926 0.6489583333333334 0.8240740740740741 0.6489583333333334 0.8203703703703703 0.6479166666666666 0.8185185185185185 0.6479166666666666 0.8166666666666667 0.646875 0.8148148148148148 0.646875 0.811111111111111 0.6458333333333334 0.8092592592592593 0.6458333333333334 0.8074074074074075 0.6447916666666667 0.8055555555555556 0.6447916666666667 0.8018518518518518 0.64375 0.8 0.64375 0.7981481481481482 0.6427083333333333 0.7962962962962963 0.6427083333333333 0.7944444444444444 0.640625 0.7907407407407407 0.6395833333333334 0.7907407407407407 0.6385416666666667 0.7888888888888889 0.6385416666666667 0.7870370370370371 0.6375 0.7851851851851852 0.6375 0.7833333333333333 0.634375 0.7777777777777778 0.634375 0.7759259259259259 0.63125 0.7703703703703704 0.63125 0.7685185185185185 0.6302083333333334 0.7666666666666666 0.6291666666666667 0.7666666666666666 0.6260416666666666 0.7611111111111112 0.6239583333333334 0.7611111111111112 0.621875 0.7574074074074074 0.621875 0.7555555555555555 0.6208333333333333 0.7537037037037038 0.6208333333333333 0.7518518518518519 0.61875 0.7518518518518519 0.6177083333333334 0.75 0.615625 0.75 0.6114583333333333 0.7425925925925926 0.6114583333333333 0.7388888888888888 0.6104166666666666 0.7388888888888888 0.609375 0.7370370370370369 0.6083333333333334 0.7370370370370369 0.6072916666666667 0.7351851851851853 0.60625 0.7351851851851853 0.6052083333333333 0.7333333333333334 0.603125 0.7333333333333334 0.6020833333333334 0.7351851851851853 0.6010416666666666 0.7351851851851853 0.6 0.7370370370370369 0.5989583333333334 0.7370370370370369 0.596875 0.7333333333333334 0.596875 0.7314814814814815 0.5958333333333333 0.7296296296296296 0.5958333333333333 0.7277777777777777 0.5947916666666666 0.725925925925926 0.59375 0.7277777777777777 0.59375 0.7296296296296296 0.5927083333333334 0.7314814814814815
3 0.4427083333333333 0.9777777777777777 0.4416666666666667 0.9796296296296296 0.4291666666666667 0.9888888888888888 0.4302083333333333 0.9907407407407407 0.5364583333333334 0.9925925925925926 0.5364583333333334 0.9907407407407407 0.5322916666666666 0.9814814814814815 0.53125 0.9814814814814815 0.509375 0.9629629629629629 0.5083333333333333 0.9629629629629629 0.5 0.9592592592592593 0.49895833333333334 0.9592592592592593 0.4864583333333333 0.9592592592592593 0.4583333333333333 0.9685185185185184 0.4572916666666667 0.9703703703703703 0.4427083333333333 0.9777777777777777
3 0.4322916666666667 0.8962962962962963 0.43125 0.8962962962962963 0.42083333333333334 0.8962962962962963 0.42083333333333334 0.8981481481481481 0.42083333333333334 0.9074074074074074 0.421875 0.9092592592592593 0.42291666666666666 0.9129629629629629 0.42291666666666666 0.9148148148148147 0.42291666666666666 0.9351851851851852 0.421875 0.9370370370370371 0.421875 0.9462962962962963 0.42083333333333334 0.9481481481481482 0.4177083333333333 0.9537037037037037 0.4166666666666667 0.9537037037037037 0.409375 0.9555555555555556 0.4083333333333333 0.9537037037037037 0.40520833333333334 0.9518518518518518 0.40520833333333334 0.95 0.4041666666666667 0.9462962962962963 0.40520833333333334 0.9444444444444444 0.40729166666666666 0.9351851851851852 0.40729166666666666 0.9333333333333333 0.4083333333333333 0.9129629629629629 0.40729166666666666 0.9111111111111112 0.403125 0.9111111111111112 0.4020833333333333 0.9129629629629629 0.3958333333333333 0.9203703703703704 0.3947916666666667 0.9203703703703704 0.384375 0.9259259259259259 0.3833333333333333 0.9277777777777778 0.3697916666666667 0.9407407407407407 0.36875 0.9407407407407407 0.3552083333333333 0.9462962962962963 0.3541666666666667 0.9462962962962963 0.3479166666666667 0.9462962962962963 0.346875 0.9481481481481482 0.334375 0.9666666666666667 0.334375 0.9685185185185184 0.32916666666666666 0.9814814814814815 0.32916666666666666 0.9833333333333334 0.328125 0.9888888888888888 0.32916666666666666 0.9888888888888888 0.4239583333333333 0.9907407407407407 0.425 0.9888888888888888 0.4572916666666667 0.9685185185185184 0.4583333333333333 0.9666666666666667 0.4604166666666667 0.9629629629629629 0.4604166666666667 0.9611111111111111 0.4583333333333333 0.9518518518518518 0.459375 0.95 0.4604166666666667 0.938888888888889 0.459375 0.9370370370370371 0.45625 0.9111111111111112 0.4552083333333333 0.9092592592592593 0.45416666666666666 0.9037037037037037 0.453125 0.9037037037037037 0.4427083333333333 0.9 0.4427083333333333 0.8981481481481481 0.45 0.8777777777777778 0.45 0.8759259259259259 0.45 0.8666666666666666 0.446875 0.8685185185185185 0.446875 0.8703703703703703 0.4322916666666667 0.8962962962962963
3 0.4708333333333333 0.2722222222222222 0.4708333333333333 0.2777777777777778 0.46979166666666666 0.2796296296296296 0.46979166666666666 0.28703703703703703 0.46875 0.28888888888888886 0.46875 0.29444444444444445 0.46770833333333334 0.2962962962962963 0.46770833333333334 0.3037037037037037 0.4666666666666667 0.3055555555555556 0.4666666666666667 0.31296296296296294 0.465625 0.3148148148148148 0.465625 0.32037037037037036 0.4645833333333333 0.3222222222222222 0.4645833333333333 0.32592592592592595 0.4625 0.32962962962962966 0.4625 0.33148148148148143 0.4614583333333333 0.3333333333333333 0.4614583333333333 0.3351851851851852 0.4604166666666667 0.337037037037037 0.4604166666666667 0.3388888888888889 0.459375 0.34074074074074073 0.459375 0.3425925925925926 0.4552083333333333 0.35 0.4552083333333333 0.3592592592592592 0.453125 0.362962962962963 0.453125 0.3648148148148148 0.45208333333333334 0.3666666666666667 0.45208333333333334 0.36851851851851847 0.453125 0.37037037037037035 0.4552083333333333 0.37037037037037035 0.45625 0.37222222222222223 0.459375 0.37222222222222223 0.4604166666666667 0.37407407407407406 0.4645833333333333 0.37407407407407406 0.465625 0.37592592592592594 0.46875 0.37592592592592594 0.46979166666666666 0.37777777777777777 0.471875 0.37777777777777777 0.4739583333333333 0.38148148148148153 0.475 0.38148148148148153 0.4760416666666667 0.3833333333333333 0.4770833333333333 0.3833333333333333 0.478125 0.3851851851851852 0.4791666666666667 0.3851851851851852 0.48125 0.3888888888888889 0.4822916666666667 0.3888888888888889 0.48333333333333334 0.3907407407407408 0.484375 0.3907407407407408 0.48541666666666666 0.3925925925925926 0.4885416666666667 0.3925925925925926 0.4895833333333333 0.3907407407407408 0.490625 0.3907407407407408 0.4916666666666667 0.3925925925925926 0.4916666666666667 0.39814814814814814 0.490625 0.4 0.490625 0.4055555555555555 0.4916666666666667 0.4074074074074074 0.4916666666666667 0.40925925925925927 0.496875 0.41851851851851857 0.496875 0.42037037037037034 0.5 0.42592592592592593 0.5041666666666667 0.42592592592592593 0.5052083333333334 0.42407407407407405 0.50625 0.42407407407407405 0.5072916666666667 0.4222222222222222 0.5083333333333333 0.4222222222222222 0.509375 0.42037037037037034 0.5104166666666666 0.42037037037037034 0.5114583333333333 0.41851851851851857 0.5125000000000001 0.41851851851851857 0.5135416666666667 0.4166666666666667 0.5135416666666667 0.4148148148148148 0.5145833333333334 0.412962962962963 0.5145833333333334 0.4111111111111111 0.5135416666666667 0.40925925925925927 0.5135416666666667 0.4055555555555555 0.5125000000000001 0.40370370370370373 0.5125000000000001 0.4 0.5104166666666666 0.39629629629629626 0.509375 0.39629629629629626 0.5083333333333333 0.39444444444444443 0.50625 0.39444444444444443 0.5052083333333334 0.3925925925925926 0.5031249999999999 0.3925925925925926 0.5020833333333333 0.3907407407407408 0.5 0.3907407407407408 0.49895833333333334 0.3888888888888889 0.496875 0.3888888888888889 0.4947916666666667 0.3851851851851852 0.4958333333333333 0.3833333333333333 0.496875 0.3833333333333333 0.4979166666666667 0.38148148148148153 0.5031249999999999 0.38148148148148153 0.5041666666666667 0.37962962962962965 0.5083333333333333 0.37962962962962965 0.5083333333333333 0.37592592592592594 0.5072916666666667 0.37407407407407406 0.5072916666666667 0.37037037037037035 0.50625 0.36851851851851847 0.50625 0.362962962962963 0.5052083333333334 0.3611111111111111 0.5052083333333334 0.3574074074074074 0.5041666666666667 0.35555555555555557 0.5041666666666667 0.35185185185185186 0.5031249999999999 0.35 0.5031249999999999 0.3444444444444445 0.5020833333333333 0.3425925925925926 0.5020833333333333 0.3388888888888889 0.5010416666666666 0.337037037037037 0.5010416666666666 0.3333333333333333 0.5 0.33148148148148143 0.5 0.32592592592592595 0.49895833333333334 0.32407407407407407 0.49895833333333334 0.32037037037037036 0.4979166666666667 0.3185185185185185 0.4979166666666667 0.3166666666666667 0.496875 0.3148148148148148 0.496875 0.31296296296296294 0.4958333333333333 0.3111111111111111 0.4958333333333333 0.3074074074074074 0.4947916666666667 0.3055555555555556 0.4947916666666667 0.30185185185185187 0.49375 0.3 0.49375 0.29814814814814816 0.4927083333333333 0.2962962962962963 0.4927083333333333 0.2925925925925926 0.4916666666666667 0.29074074074074074 0.4916666666666667 0.28703703703703703 0.490625 0.2851851851851852 0.490625 0.28148148148148144 0.4895833333333333 0.2796296296296296 0.4895833333333333 0.2777777777777778 0.48541666666666666 0.27037037037037037 0.48333333333333334 0.27037037037037037 0.4822916666666667 0.26851851851851855 0.48125 0.26851851851851855 0.4802083333333333 0.26666666666666666 0.478125 0.26666666666666666 0.4770833333333333 0.26481481481481484 0.4760416666666667 0.26481481481481484 0.475 0.26296296296296295 0.4739583333333333 0.26296296296296295 0.4729166666666667 0.26481481481481484 0.471875 0.26481481481481484 0.471875 0.27037037037037037 0.4708333333333333 0.2722222222222222
3 0.4177083333333333 0.4555555555555556 0.41875 0.4574074074074074 0.41875 0.4611111111111111 0.42291666666666666 0.46851851851851856 0.425 0.46851851851851856 0.425 0.4703703703703703 0.4270833333333333 0.4722222222222222 0.4239583333333333 0.4777777777777778 0.42291666666666666 0.48703703703703705 0.4197916666666667 0.4962962962962963 0.421875 0.4962962962962963 0.42291666666666666 0.4981481481481481 0.4197916666666667 0.5074074074074074 0.4197916666666667 0.5296296296296297 0.421875 0.5370370370370371 0.42291666666666666 0.5518518518518518 0.4239583333333333 0.5537037037037037 0.4239583333333333 0.5592592592592592 0.425 0.5611111111111111 0.425 0.5685185185185185 0.4260416666666667 0.5703703703703704 0.4270833333333333 0.5814814814814815 0.43125 0.5962962962962963 0.434375 0.5962962962962963 0.43645833333333334 0.5981481481481481 0.440625 0.5888888888888889 0.440625 0.5722222222222222 0.44375 0.5611111111111111 0.4510416666666667 0.5481481481481482 0.459375 0.5444444444444444 0.43645833333333334 0.5074074074074074 0.4260416666666667 0.4981481481481481 0.43125 0.4759259259259259 0.4375 0.48148148148148145 0.4395833333333333 0.48148148148148145 0.4427083333333333 0.48518518518518516 0.4479166666666667 0.48703703703703705 0.4510416666666667 0.49074074074074076 0.45625 0.49074074074074076 0.4572916666666667 0.49259259259259264 0.4604166666666667 0.49259259259259264 0.4625 0.4888888888888889 0.465625 0.4777777777777778 0.4708333333333333 0.46481481481481485 0.4708333333333333 0.4574074074074074 0.465625 0.4388888888888889 0.475 0.4333333333333333 0.4791666666666667 0.44074074074074077 0.48125 0.44074074074074077 0.4822916666666667 0.4425925925925926 0.48541666666666666 0.4388888888888889 0.4875 0.4388888888888889 0.4885416666666667 0.43703703703703706 0.490625 0.43703703703703706 0.4916666666666667 0.4351851851851852 0.4958333333333333 0.4333333333333333 0.4979166666666667 0.42962962962962964 0.4979166666666667 0.4277777777777778 0.4958333333333333 0.42037037037037034 0.4916666666666667 0.4111111111111111 0.490625 0.4055555555555555 0.48333333333333334 0.3925925925925926 0.4822916666666667 0.3925925925925926 0.478125 0.3851851851851852 0.4760416666666667 0.3851851851851852 0.4729166666666667 0.38148148148148153 0.4708333333333333 0.38148148148148153 0.4625 0.37407407407407406 0.4552083333333333 0.37407407407407406 0.45416666666666666 0.37222222222222223 0.4479166666666667 0.37222222222222223 0.446875 0.37407407407407406 0.4458333333333333 0.37777777777777777 0.45416666666666666 0.3925925925925926 0.4479166666666667 0.39629629629629626 0.440625 0.3851851851851852 0.434375 0.3851851851851852 0.4322916666666667 0.40370370370370373 0.428125 0.39629629629629626 0.4270833333333333 0.39629629629629626 0.42291666666666666 0.4 0.42083333333333334 0.40370370370370373 0.415625 0.4074074074074074 0.4145833333333333 0.40925925925925927 0.4145833333333333 0.4277777777777778 0.4166666666666667 0.4351851851851852 0.4177083333333333 0.4555555555555556
3 0.3822916666666667 0.6537037037037037 0.3822916666666667 0.6555555555555556 0.3802083333333333 0.6648148148148147 0.3802083333333333 0.6666666666666666 0.378125 0.6962962962962963 0.3791666666666667 0.6981481481481482 0.3791666666666667 0.7018518518518518 0.3802083333333333 0.7037037037037037 0.3822916666666667 0.7074074074074075 0.3833333333333333 0.7074074074074075 0.39375 0.7185185185185184 0.3947916666666667 0.7185185185185184 0.396875 0.7203703703703703 0.3979166666666667 0.7185185185185184 0.40625 0.7166666666666667 0.40729166666666666 0.7185185185185184 0.4145833333333333 0.7222222222222222 0.415625 0.7240740740740741 0.4270833333333333 0.7351851851851853 0.428125 0.7333333333333334 0.4291666666666667 0.7018518518518518 0.428125 0.7 0.42291666666666666 0.6703703703703704 0.42291666666666666 0.6685185185185185 0.41875 0.6314814814814815 0.4177083333333333 0.6296296296296297 0.4114583333333333 0.6055555555555556 0.4104166666666667 0.6037037037037037 0.40729166666666666 0.6018518518518519 0.3927083333333333 0.6277777777777778 0.3927083333333333 0.6296296296296297 0.3822916666666667 0.6537037037037037
0 0.5104166666666666 0.10777777777777778 0.4761458333333333 0.11962962962962963 0.48552083333333335 0.20074074074074075 0.4696875 0.19685185185185186 0.4572916666666667 0.1885185185185185 0.4458333333333333 0.19111111111111112 0.435 0.1998148148148148 0.4240625 0.2190740740740741 0.4088541666666667 0.2538888888888889 0.39864583333333337 0.26555555555555554 0.38875 0.2827777777777778 0.40708333333333335 0.31296296296296294 0.4113541666666667 0.28907407407407404 0.4242708333333333 0.26407407407407407 0.4357291666666667 0.24796296296296297 0.4440625 0.22462962962962965 0.4555208333333333 0.22055555555555556 0.46770833333333334 0.2277777777777778 0.4770833333333333 0.23870370370370372 0.4853125 0.2581481481481481 0.5059375 0.34685185185185186 0.5073958333333333 0.34425925925925926 0.5364583333333334 0.3212962962962963 0.5104166666666666 0.10777777777777778