2 0.2345612476851852 0.5346588101851852 0.3459239305555556 0.49909162500000004 0.6230921921296297 0.40235446064814817 0.9587877847222223 0.25489968749999997 0.9541133634259259 0.2088135300925926 0.9512410879629629 0.21317066435185184 0.9452052152777777 0.21412665277777776 0.5647916273148148 0.38110894444444443 0.22487922222222223 0.5007560138888889 0.0764526087962963 0.5213114560185185 0.010233266203703704 0.5447717777777777 0.015936606481481482 0.58078125 0.11656208796296295 0.5508168773148148 0.2345612476851852 0.5346588101851852
3 1 0.5560830717592593 0.9947454745370371 0.5576900162037037 0.993079375 0.5590085509259259 0.9827568703703704 0.5648620810185185 0.9810907708333333 0.5661806157407407 0.9630895763888888 0.5827421898148148 0.9612605231481481 0.5830318842592592 0.9449620046296296 0.5866679675925925 0.9432959027777778 0.5879865023148148 0.9274862407407407 0.5947091111111111 0.9258201412037037 0.5960276458333333 0.9173266898148148 0.6015914814814814 0.9174896412037037 0.6026203240740741 0.9033095046296297 0.6196313541666667 0.9034724583333333 0.6206601967592592 0.9007554953703704 0.6390195902777778 0.9063690300925926 0.6507863078703703 0.9083610347222222 0.6515254560185185 0.9154777175925927 0.6609447962962962 0.917469724537037 0.6616839444444444 0.9403594953703703 0.6759876319444444 0.9423515 0.6767267800925927 0.9878417106481481 0.6916695138888889 0.989670763888889 0.6913798194444445 1 0.6939310092592592 1 0.5560830717592593
3 1 0.5200662337962962 0.9825439513888888 0.4214632430555556 0.9805519444444444 0.4207240949074074 0.9740870717592592 0.4154201226851852 0.9720950671296296 0.414680974537037 0.938556886574074 0.4041731342592592 0.9367278333333333 0.40446282638888886 0.9083143310185186 0.40263517592592596 0.9064852800925925 0.4029248703703704 0.8494587476851853 0.4098476828703704 0.8477926458333334 0.4111662175925926 0.8097084490740741 0.4193074652777778 0.808042349537037 0.420626 0.7937358356481482 0.42500123148148145 0.7920697361111111 0.42631976851851855 0.7762600740740742 0.4330423773148148 0.774593974537037 0.43436091203703703 0.746270275462963 0.45677601620370367 0.7464332268518519 0.45780485879629634 0.738754537037037 0.46851290277777774 0.7389174907407408 0.4695417453703704 0.731039275462963 0.4908279050925926 0.7312022268518519 0.4918567453703704 0.7311656527777778 0.5034637013888889 0.7389341458333334 0.5169984097222222 0.7409261504629631 0.5177375578703703 0.768904025462963 0.5523283912037037 0.7708960300925926 0.5530675393518518 0.7775238564814815 0.5594003541666667 0.7795158611111112 0.5601395023148148 0.7876468333333334 0.5641249398148148 0.787809787037037 0.5651537800925927 0.8015542962962963 0.5809059351851852 0.8035463009259259 0.5816450833333333 0.8254583564814815 0.5897757175925926 0.8272874097222223 0.5894860231481481 0.8463926967592592 0.5917332986111111 0.8482217476851852 0.5914436064814814 0.8688301828703703 0.5913435046296297 0.8706592361111112 0.5910538101851852 0.9202066064814814 0.5842609305555556 0.9218727060185186 0.5829423935185185 0.9418293310185185 0.5787269236111111 0.9434954305555556 0.5774083888888889 0.9702794074074075 0.5689476180555556 0.9719455069444444 0.5676290833333334 0.9992549166666668 0.5506478842592593 0.999091962962963 0.5496190416666666 1 0.5485687037037037 1 0.5200662337962962
3 0.7624424166666667 0.4405041342592593 0.7606133634259259 0.4407938287037037 0.7273645138888889 0.4439506273148148 0.7256984143518518 0.44526916203703704 0.7020836851851853 0.45006401851851857 0.7004175833333334 0.4513825532407407 0.6613190972222222 0.4649577037037037 0.6596529976851853 0.4662762407407407 0.6561578449074075 0.4678844699074074 0.656320798611111 0.4689133101851852 0.65648375 0.46994215277777773 0.678069900462963 0.47601510416666665 0.6800619050925926 0.47675425231481483 0.7280329791666666 0.4955226597222222 0.7278700277777778 0.49449381712962964 0.7322530902777777 0.4748158865740741 0.7339191898148149 0.4734973518518519 0.7411090231481481 0.4597027800925926 0.7427751226851852 0.45838424537037037 0.7624424166666667 0.4405041342592593
3 0.5097938101851852 0.6091871851851851 0.5099567615740741 0.6102160277777777 0.5233753657407407 0.6239104976851851 0.5253673703703704 0.6246496458333334 0.535490349537037 0.6293742314814814 0.537319400462963 0.629084537037037 0.5768335972222223 0.641809824074074 0.578662650462963 0.6415201319444445 0.5882967685185185 0.6431581898148148 0.5901258217592593 0.6428684976851853 0.6143923611111112 0.6421890069444445 0.6162214143518518 0.6418993148148148 0.6654428796296296 0.6330487499999999 0.6671089791666667 0.631730212962963 0.7007203078703703 0.6190241435185185 0.7023864074074074 0.6177056087962962 0.7377004120370371 0.5920740486111111 0.7375374583333333 0.5910452060185185 0.7560640856481482 0.5659632013888889 0.7559011319444444 0.5649343587962963 0.761424863425926 0.552458324074074 0.761261912037037 0.5514294814814815 0.7581292384259258 0.5434884398148148 0.7561372337962963 0.5427492893518518 0.7329581319444445 0.5147809652777778 0.7327951782407408 0.5137521226851852 0.7270186898148148 0.5009565625 0.7250266851851852 0.5002174143518519 0.722708775462963 0.49742058101851855 0.7207167708333334 0.4966814328703704 0.6783958055555556 0.47807278703703704 0.6765667546296297 0.47836248148148147 0.6470125833333333 0.46933293518518515 0.6451835300925927 0.46962262962962964 0.6260782430555556 0.46737535416666665 0.6242491898148148 0.4676650462962963 0.6036407546296296 0.46776515046296296 0.6018117037037037 0.4680548425925926 0.5672226574074074 0.47458786111111106 0.5655565578703704 0.47590639583333333 0.5402757291666667 0.48201978935185186 0.5386096296296297 0.48333832407407407 0.5261321666666666 0.4874238611111111 0.5244660671296296 0.4887423981481482 0.4860193912037037 0.5064329166666667 0.48435328935185185 0.5077514513888889 0.4508683402777778 0.5330933194444444 0.45103129166666667 0.5341221597222222 0.4445298449074074 0.5404251435185186 0.4446927986111111 0.5414539861111111 0.4370141087962963 0.5521620324074074 0.4371770601851852 0.553190875 0.434659625 0.5609721550925926 0.4348225763888889 0.5620009976851852 0.43742981712962964 0.5784624699074075 0.44719031712962964 0.5927363263888888 0.44918232175925926 0.593475474537037 0.45780215046296296 0.6005474375 0.4597941574074074 0.6012865856481482 0.48138030787037034 0.6073595347222223 0.4832093587962963 0.6070698425925926 0.5038177939814814 0.6069697407407408 0.5058097986111111 0.6077088888888889 0.5097938101851852 0.6091871851851851
3 0.4984570162037037 0.6204746180555555 0.4978052060185185 0.61635925 0.4921550949074074 0.6161994884259259 0.48036601851851857 0.6127934398148148 0.4684771759259259 0.6146764467592593 0.4522085347222222 0.529717099537037 0.4555407337962963 0.5270800277777778 0.45322282407407405 0.5242831944444445 0.45870998148148145 0.5234141157407408 0.4602131296296296 0.5210667384259259 0.4583840763888889 0.5213564305555556 0.4444034675925926 0.5277893472222223 0.45237148611111117 0.5307459421296297 0.4458700393518519 0.5370489259259259 0.43690601620370373 0.5337227569444445 0.42940856712962966 0.5396561666666666 0.42806837268518516 0.543032386574074 0.41990082638888887 0.5506539050925926 0.4187235833333333 0.5550589675925925 0.41254804166666664 0.5634196342592592 0.43266761805555554 0.5602330069444444 0.4360896226851852 0.5818386898148148 0.4158070925925926 0.5839964745370371 0.41779909722222225 0.5847356226851852 0.42276082407407406 0.5923869722222223 0.42889979166666664 0.595633261574074 0.4312177013888889 0.5984300925925926 0.4352017106481481 0.5999083912037037 0.4355276157407407 0.6019660740740741 0.44068886805555557 0.5990393101851852 0.442680875 0.5997784583333333 0.4404577476851852 0.606458474537037 0.4503180092592593 0.6154432731481481 0.45658833564814816 0.6165594537037037 0.4569142407407408 0.6186171388888888 0.45524814120370366 0.6199356736111111 0.4575660509259259 0.6227325069444445 0.4646588935185185 0.6221364351851852 0.46370501851851853 0.6259787939814815 0.4675260763888889 0.62642825 0.4739066990740741 0.6233083564814814 0.47350209027777773 0.6286456944444445 0.4753311435185185 0.6283560023148148 0.48130715740740737 0.6305734467592593 0.48313621064814816 0.6302837546296296 0.4864684097222222 0.6276466828703704 0.4924022986111111 0.6256521967592592 0.4932957638888889 0.6234013819444444 0.49512481481481485 0.6231116898148149 0.5016501041666667 0.6268241157407408 0.5108979027777778 0.627996037037037 0.4992352037037037 0.6372257847222222 0.5091952291666667 0.6409215277777778 0.5283005162037037 0.6431688032407408 0.5337876736111111 0.6422997222222222 0.5357796805555556 0.6430388703703704 0.5412668379629629 0.6421697893518519 0.5432588425925926 0.6429089398148149 0.5542331574074074 0.6411707777777778 0.5558992569444444 0.6398522430555557 0.5595573611111111 0.6392728564814815 0.5215463125 0.6242001921296297 0.5143930555555556 0.6263878078703704 0.4984570162037037 0.6204746180555555
3 0.7137463842592593 0.4408342708333333 0.7135834305555555 0.43980542824074076 0.7214250740740741 0.430126224537037 0.7212621203703704 0.42909738194444447 0.7254456574074074 0.41999756712962966 0.7252827060185185 0.418968724537037 0.7256451851851852 0.4094194537037037 0.7236531782407408 0.4086803032407407 0.7178766898148148 0.3958847453703704 0.7158846851851851 0.39514559722222226 0.7072648564814814 0.3880736342592592 0.705272849537037 0.3873344861111111 0.6951498726851852 0.38260990046296295 0.6933208194444445 0.3828995949074074 0.6758816319444444 0.37933378240740745 0.6740525787037037 0.3796234768518519 0.6615751180555556 0.3837090138888889 0.6599090185185185 0.38502755092592594 0.6249574930555555 0.40110984027777774 0.6232913935185186 0.402428375 0.6169528981481482 0.40976020138888886 0.6152867986111111 0.4110787361111111 0.6084594467592593 0.415324037037037 0.6086224004629629 0.4163528773148148 0.6109403101851852 0.41914971064814815 0.6127693611111111 0.4188600162037037 0.6242325347222222 0.42020838194444443 0.624395488425926 0.42123722453703705 0.6247213935185185 0.4232949097222222 0.6230552916666666 0.42461344444444443 0.6145618402777778 0.43017728009259265 0.6147247939814814 0.4312061226851852 0.6155029814814815 0.447957287037037 0.6138368819444444 0.44927582175925923 0.6064840972222222 0.46204155324074075 0.606647050925926 0.46307039351851853 0.6069729560185185 0.4651280787037037 0.6314024467592593 0.46547743055555557 0.6333944537037036 0.46621658101851854 0.6486786828703704 0.46801440046296294 0.6505077361111111 0.4677247060185185 0.6541658402777778 0.4671453194444445 0.6558319398148148 0.4658267847222222 0.6984255787037037 0.4506434050925926 0.7000916782407407 0.44932487037037033 0.7137463842592593 0.4408342708333333
3 0.540112775462963 0.4809909467592593 0.5417788773148148 0.4796724097222222 0.5472660347222222 0.4788033310185185 0.5489321342592592 0.47748479398148147 0.5544192916666666 0.47661571527777774 0.5560853912037037 0.47529717824074075 0.5615725486111112 0.474428099537037 0.5632386481481482 0.47310956249999997 0.583358224537037 0.4699229351851852 0.5850243263888889 0.468604400462963 0.5978276921296297 0.4665765462962963 0.6044920925925926 0.46130240277777773 0.6041661875000001 0.4592447199074074 0.6118448773148147 0.4485366736111111 0.6110666875 0.43178550925925924 0.5996035162037038 0.43043714351851853 0.5936275000000001 0.42821969675925925 0.5893175856481482 0.4246837152777778 0.534446011574074 0.43337452083333333 0.5274557060185185 0.4365909768518519 0.5219685486111111 0.43746005787037034 0.5203024490740741 0.4387785925925926 0.5148152916666666 0.4396476736111111 0.5131491921296296 0.44096620833333333 0.4986797245370371 0.444312599537037 0.497013625 0.44563113425925927 0.4933555185185185 0.44621052083333335 0.4881942662037037 0.44913728472222225 0.48453616203703703 0.4497166736111111 0.4828700625 0.4510352083333333 0.4792119560185185 0.45161459490740746 0.4722216527777778 0.45483105324074075 0.4667344953703704 0.45570013425925926 0.46506839351851853 0.45701866898148147 0.4614102893518518 0.45759805555555555 0.4597441898148148 0.4589165902777778 0.4560860856481482 0.4594959791666667 0.45441998379629633 0.4608145138888889 0.4507618796296296 0.46139390046296297 0.4490957800925926 0.4627124351851852 0.4454376759259259 0.46329182175925926 0.443771574074074 0.4646103587962963 0.4401134699074074 0.4651897453703704 0.43312316435185183 0.4684062037037037 0.42231180324074075 0.47117320601851853 0.3991327013888889 0.4432048796296296 0.4077891064814815 0.4386698865740741 0.41677141666666667 0.43619257638888886 0.42193266898148146 0.43326581249999996 0.42559077314814814 0.43268642592592593 0.4272568726851852 0.4313678912037037 0.43457308333333333 0.4302091157407407 0.4362391828703704 0.4288905810185185 0.4435553935185185 0.42773180787037035 0.45404084953703705 0.42290712037037037 0.45769895370370367 0.4223277337962963 0.45936505555555557 0.4210091990740741 0.46302315972222224 0.42042981018518516 0.46468925925925925 0.41911127546296295 0.46834736574074076 0.4185318888888889 0.47001346527777776 0.41721335416666666 0.4843199791666667 0.41283812268518516 0.49996668981481485 0.40508667129629633 0.5036247939814815 0.40450728240740735 0.5087860462962963 0.40158051851851856 0.512444150462963 0.4010011319444444 0.5211005555555556 0.3964661388888889 0.5247586597222222 0.3958867523148148 0.529919912037037 0.3929599884259259 0.5335780185185185 0.392380599537037 0.5422344236111111 0.38784560648148153 0.5495506319444444 0.3866868333333333 0.5635312430555556 0.38025391666666664 0.5651973425925926 0.3789353819444444 0.5647084837962963 0.3758488564814815 0.5449513865740742 0.36948621296296297 0.5334882129629629 0.3681378472222222 0.5298301087962963 0.3687172337962963 0.5221879930555556 0.36781832407407405 0.5167008356481482 0.36868740509259257 0.5147088310185185 0.3679482546296296 0.5110507268518518 0.3685276435185185 0.5034086111111111 0.36762873148148145 0.4467079837962963 0.37660922916666667 0.4415467314814815 0.3795359930555556 0.4378886273148148 0.38011538194444444 0.43622252777777776 0.38143391666666665 0.4219160115740741 0.38580914814814815 0.4099274074074074 0.392981212962963 0.3994419513888889 0.39780589814814815 0.3764424560185185 0.4183230787037037 0.37559112037037035 0.4247858263888889 0.37392502083333334 0.42610436111111116 0.3744138773148148 0.42919088657407406 0.3727477777777778 0.4305094212962963 0.37437730324074076 0.4407978425925926 0.3727112037037037 0.4421163773148148 0.37933903009259257 0.44844919212962964 0.3776729282407408 0.44976772685185185 0.37401482407407405 0.45034711342592587 0.3883099583333333 0.4797225231481481 0.38886342592592593 0.48490811805555556 0.3906924791666667 0.48461842361111107 0.3910183842592592 0.4866761087962963 0.39532829861111113 0.4902120902777778 0.4130933912037037 0.49583558564814817 0.4240311319444444 0.5057043796296297 0.4339911574074074 0.5094001226851852 0.43964126851851854 0.5095598842592592 0.4514303449074074 0.5129659328703704 0.4589095092592593 0.5128360023148149 0.4609015138888889 0.513575150462963 0.4720387800925926 0.5128658310185186 0.4753709814814815 0.510228761574074 0.4806951851851852 0.508330837962963 0.48402738425925923 0.5056937662037038 0.4945128425925926 0.5008690810185185 0.5030062939814814 0.4953052453703704 0.509996599537037 0.49208878703703707 0.5136547037037037 0.491509400462963 0.5327965671296296 0.4821497199074074 0.540112775462963 0.4809909467592593
3 0.5857891203703703 0.33137861574074073 0.5874552222222222 0.3300600810185185 0.5982665833333334 0.32729307638888894 0.5999326828703704 0.3259745416666667 0.6122471944444444 0.32086016203703704 0.6139132939814814 0.3195416273148148 0.6324033449074073 0.30606657870370374 0.6322403912037038 0.30503773611111107 0.6409333703703703 0.28889578703703706 0.6407704189814815 0.28786694444444444 0.6386520347222222 0.2744919976851852 0.6366600300925925 0.27375284953703705 0.6310464953703703 0.2619861319444445 0.6290544884259259 0.2612469837962963 0.6222637106481481 0.25388532870370367 0.6202717060185186 0.25314618055555554 0.6003516550925926 0.24575469444444445 0.5985226041666666 0.24604438657407407 0.5794173148148148 0.2437971111111111 0.577588263888889 0.24408680555555554 0.5464943703703704 0.2490115949074074 0.5448282708333333 0.25033012962962964 0.5270266041666667 0.2563135902777778 0.5253605046296296 0.257632125 0.5148750462962963 0.2624568125 0.5132089467592592 0.26377534722222223 0.4948818472222222 0.27827923842592595 0.4950448009259259 0.2793080810185185 0.4918755532407407 0.28297399305555554 0.4920385069444444 0.28400283564814816 0.4954605092592593 0.3056085185185185 0.4979413726851852 0.3094341921296296 0.4999333773148148 0.31017334027777776 0.5140403657407407 0.3163762222222222 0.5142033171296296 0.31740506481481484 0.5351010833333333 0.33096960185185187 0.5369301365740741 0.3306799097222222 0.5620114398148148 0.3351446296296296 0.5638404907407407 0.3348549375 0.5857891203703703 0.33137861574074073
3 0.5467804398148148 0.36919651851851853 0.5486094907407407 0.3689068263888889 0.5585695162037037 0.3726025694444445 0.5603985694444444 0.372312875 0.5741796527777778 0.37645807407407406 0.5793409050925926 0.37353130787037037 0.588323212962963 0.37105400000000005 0.6319311435185185 0.3504367175925926 0.6349374375000001 0.3457419606481481 0.6354628703703704 0.3372215324074074 0.6371289699074074 0.33590299768518517 0.6351735393518518 0.3235568935185185 0.6331815324074074 0.32281774305555555 0.631877912037037 0.31458700694444447 0.626064849537037 0.3133984050925926 0.6142391990740741 0.32159931018518517 0.6070859421296296 0.32378692592592595 0.5896101782407408 0.33182807175925927 0.5603453402777778 0.3364631666666667 0.5505482662037037 0.3337962662037037 0.5335979375 0.33331697916666664 0.5249781064814815 0.3262450185185185 0.5229861018518518 0.3255058703703704 0.5155069375 0.3256358009259259 0.49685393518518517 0.3380820069444444 0.487871625 0.3405593171296296 0.47800221990740743 0.33447625694444444 0.4729677824074074 0.3356995486111111 0.47224358101851854 0.33021648611111115 0.4850831435185185 0.3288724791666667 0.49924499305555553 0.3176649282407407 0.4985931828703704 0.31354956018518515 0.47883608564814817 0.30718691666666664 0.4838343842592593 0.3032313101851852 0.49115059490740737 0.30207253703703707 0.4906617361111111 0.29898601157407406 0.49232783564814814 0.29766747453703707 0.4873661111111111 0.290016125 0.47822084953703703 0.2914645925925926 0.4662322453703704 0.29863665740740736 0.47204530787037036 0.29982526157407413 0.4686225509259259 0.30280118055555555 0.45973079629629626 0.3049396412037037 0.45590974074074075 0.30449018518518517 0.4527404930555555 0.30815609953703704 0.46538090740740745 0.3050994027777778 0.4693649166666667 0.30657769907407406 0.46934675462962966 0.3082842430555556 0.47501502777777777 0.30673746064814816 0.4770070324074074 0.3074766111111111 0.47007096296296297 0.31376730555555554 0.4715193726851852 0.32473342824074075 0.46298984953703703 0.3255164814814815 0.4545329699074074 0.31947336111111113 0.45884288657407407 0.32300934259259256 0.45697355787037036 0.3243600671296296 0.46099784259259263 0.32477733333333336 0.45941414351851856 0.3292467708333333 0.46595956944444444 0.3324286828703704 0.46185473379629627 0.33413347453703707 0.4686033842592593 0.3372831990740741 0.46876633796296296 0.3383120416666667 0.46429532175925925 0.33902018055555555 0.4707583425925926 0.3390511898148148 0.4736919884259259 0.3411826087962963 0.46673590509259255 0.3439068865740741 0.4744161967592593 0.3466656712962963 0.4691764930555556 0.3487935902777778 0.47514040046296296 0.3521487314814815 0.4716170810185185 0.3536802939814815 0.4786897870370371 0.35361473842592595 0.47885274074074075 0.3546435810185185 0.4740576689814815 0.358567 0.4781643564814815 0.3621351689814815 0.4764982569444445 0.3634537037037037 0.4773130185185185 0.36859791435185185 0.4828001759259259 0.36772883333333334 0.4847921805555555 0.3684679837962963 0.4975955486111111 0.36644012962962963 0.4995875532407407 0.36717927777777776 0.5050747106481481 0.36631019675925924 0.5108877731481481 0.3674988009259259 0.5163749305555556 0.3666297199074074 0.5240170462962963 0.3675286296296296 0.5369833657407407 0.36652961805555556 0.5467804398148148 0.36919651851851853
3 0.13042493981481482 0.4868186597222222 0.13225399074074073 0.4865289652777778 0.14904136805555554 0.48597940972222226 0.1508704212962963 0.48568971527777777 0.1911095763888889 0.47931646064814815 0.19277567592592593 0.4779979236111111 0.22805310416666666 0.4639733194444445 0.22971920370370372 0.4626547824074074 0.25036421296296296 0.45094772685185186 0.2520303148148148 0.4496291898148148 0.2636930138888889 0.4403994421296296 0.2635300601851852 0.43937059953703705 0.27003150694444444 0.4330676157407407 0.26986855555555556 0.43203877314814815 0.2740520925925926 0.42293895833333334 0.2738891388888889 0.4219101157407408 0.27140827777777776 0.41808443981481486 0.2694162708333333 0.4173452916666667 0.25730128935185187 0.41188155787037034 0.25547223611111114 0.41217125231481483 0.23636694907407407 0.40992397685185183 0.23437494444444446 0.4091848287037037 0.2181129976851852 0.40121395601851856 0.2179500462962963 0.4001851134259259 0.20652344675925927 0.38722979166666666 0.20636049537037038 0.3862009513888889 0.205056875 0.37797021527777774 0.20672297453703706 0.37665167824074075 0.20809974305555556 0.36166850462962963 0.20610773842592595 0.36092935416666666 0.1924896087962963 0.35781300000000005 0.19066055555555556 0.35810269212962964 0.13814346527777777 0.3579833726851852 0.13631441203703704 0.35827306712962964 0.09989631481481481 0.36509577777777774 0.09823021527777778 0.3664143125 0.08209464814814815 0.37107923842592594 0.08042854861111112 0.3723977731481481 0.06461888657407407 0.3791203819444444 0.06295278703703704 0.38043891898148147 0.04295958796296296 0.3962613449074074 0.043122539351851855 0.39729018518518516 0.02910535648148148 0.41533005787037036 0.029268310185185185 0.4163589004629629 0.02557362962962963 0.4285452430555555 0.025736583333333334 0.42957408333333336 0.027040203703703705 0.4378048194444445 0.03777841666666667 0.4582517291666666 0.03977042129629629 0.45899087731481486 0.0606681875 0.47255541435185183 0.06266019212962963 0.47329456481481486 0.08457224768518518 0.48142519907407405 0.08640130092592592 0.4811355046296296 0.10201143518518518 0.4849910092592593 0.10384048842592593 0.48470131481481477 0.13042493981481482 0.4868186597222222
3 0.29848158564814814 0.42328831018518515 0.3003106365740741 0.42299861805555555 0.34201636574074074 0.4258849398148148 0.3438454166666667 0.42559524537037036 0.3711182523148148 0.4202210023148148 0.3727843518518519 0.4189024675925926 0.3941177453703704 0.3997038217592593 0.3959467986111111 0.3994141273148148 0.4094385509259259 0.3898946851851852 0.4112676018518519 0.38960499305555557 0.43573366898148147 0.37834739120370375 0.4375627222222222 0.3780576967592592 0.4590224930555556 0.371494849537037 0.4606885949074074 0.37017631481481483 0.46653823148148144 0.35975796064814813 0.46637527777777776 0.35872912037037036 0.4685668101851852 0.34889015509259264 0.4665748055555556 0.34815100694444445 0.4601465069444444 0.3312400787037037 0.4581545023148148 0.3305009305555555 0.44855695601851847 0.31725591666666664 0.44656495138888885 0.31651676620370367 0.43778216666666664 0.3084159629629629 0.435790162037037 0.3076768148148148 0.41721030555555555 0.2969091087962963 0.4152183009259259 0.29616996064814816 0.40741323379629635 0.2942422083333333 0.4072502824074074 0.29321336574074075 0.40509532407407406 0.291445375 0.40342922453703706 0.29276391203703706 0.39627596527777775 0.2949515277777778 0.3964389189814815 0.29598036805555555 0.38660527314814813 0.30492042361111116 0.38477621990740746 0.3052101180555556 0.3811181157407407 0.3057895046296296 0.37912610879629627 0.3050503564814815 0.37697115277777776 0.3032823657407407 0.3786372523148148 0.3019638287037037 0.38879680324074073 0.2950814583333333 0.38863385185185184 0.29405261574074076 0.3899740462962963 0.29067639814814816 0.38798204166666667 0.2899372476851852 0.3594055856481482 0.28708075694444446 0.3575765324074074 0.2873704490740741 0.33879715046296294 0.2871808587962963 0.33696809953703705 0.28747055092592594 0.30985821527777774 0.29387363657407406 0.30819211574074074 0.2951921736111111 0.2817340439814815 0.3057106273148148 0.28006794444444444 0.307029162037037 0.24377622685185185 0.3264876712962963 0.24211012499999998 0.3278062060185185 0.2254491273148148 0.3409915601851852 0.2256120787037037 0.3420204027777778 0.21911063194444444 0.3483233865740741 0.21927358564814817 0.3493522291666667 0.2117578472222222 0.36108911574074076 0.2119208009259259 0.3621179583333333 0.20855202546296298 0.3763619861111111 0.20871497916666668 0.3773908263888889 0.21034450462962961 0.3876792476851852 0.21530623148148148 0.3953305972222222 0.21729823611111113 0.3960697453703703 0.23205703472222222 0.4063879953703704 0.23388608564814814 0.4060983009259259 0.24185410648148148 0.4090548958333333 0.2436831597222222 0.40876520370370373 0.25896738888888887 0.41056302314814813 0.26095939351851855 0.41130217129629626 0.29848158564814814 0.42328831018518515
3 0.2280498425925926 0.5704936041666667 0.22605783796296297 0.5697544560185185 0.22556897916666666 0.5666679305555555 0.22357697453703704 0.5659287800925926 0.220480875 0.5463807824074074 0.23825094675925926 0.5372383726851852 0.2491133101851852 0.5446582546296296 0.2575507824074074 0.5436734398148149 0.2545444884259259 0.5483681944444444 0.2566628703703704 0.5617431412037037 0.2739025324074074 0.5758870648148148 0.2994726921296297 0.5834383125 0.30130174537037036 0.5831486203703704 0.3174007384259259 0.5900906504629629 0.3192297916666667 0.5898009560185186 0.3270348587962963 0.5917287083333334 0.34882053472222224 0.5872235462962964 0.3574769398148148 0.5826885509259259 0.36113504629629634 0.5821091643518519 0.3716205023148148 0.5772844791666667 0.3752786064814815 0.5767050902777777 0.38226891203703706 0.5734886342592592 0.3856011111111111 0.5708515625 0.39092531712962963 0.5689536412037037 0.39941876851851854 0.5633898055555556 0.404742974537037 0.5614918819444444 0.4180717731481482 0.550943599537037 0.4194119675925926 0.5475673796296296 0.42424731481481487 0.5425829305555555 0.42392140972222225 0.5405252476851852 0.42993400000000004 0.5311357361111111 0.42716380555555555 0.5136454212962963 0.4230168425925926 0.5111382824074074 0.42269093750000003 0.509080599537037 0.42069893287037036 0.5083414513888889 0.42037302777777774 0.5062837662037037 0.4183810231481481 0.5055446180555555 0.4180551180555555 0.5034869328703704 0.4160631134259259 0.5027477847222221 0.41358225 0.4989221111111111 0.38752323148148143 0.488284337962963 0.3674036550925926 0.4914709652777778 0.3622424027777778 0.49439772916666663 0.3567552453703704 0.4952668101851852 0.3550891435185185 0.4965853449074074 0.3514310393518518 0.49716473148148144 0.3444407337962963 0.5003811898148148 0.3389535763888889 0.5012502708333334 0.33728747685185184 0.5025688055555556 0.3336293726851852 0.5031481921296296 0.32663906712962965 0.506364650462963 0.32115190972222224 0.5072337314814815 0.3073342523148148 0.5146954884259259 0.3018470949074074 0.5155645694444444 0.30018099537037035 0.5168831041666666 0.29469383796296295 0.5177521851851852 0.2930277384259259 0.5190707199074074 0.2822163773148148 0.5218377222222222 0.2772180763888889 0.5257933287037037 0.2737229236111111 0.5274015578703704 0.2682357662037037 0.5282706388888889 0.2605570763888889 0.5389786851851852 0.23281976851851852 0.5335284305555555 0.20023268981481482 0.511268787037037 0.19943011574074074 0.5022555925925926 0.2094899050925926 0.5006622777777777 0.2111560046296296 0.49934374305555557 0.23127558101851853 0.4961571157407408 0.23826588657407408 0.49294065740740745 0.2455820972222222 0.4917818842592592 0.24724819675925927 0.49046334722222223 0.2635467152777778 0.4868272638888889 0.26521281712962963 0.48550872916666665 0.27069997453703704 0.48463964814814814 0.2723660740740741 0.48332111342592593 0.2886645925925926 0.47968503009259256 0.29915005092592595 0.4748603425925926 0.30463720833333335 0.4739912638888889 0.30630330787037036 0.47267272685185185 0.3099614120370371 0.4720933402777778 0.3169517175925926 0.46887688194444443 0.322438875 0.46800780324074076 0.32410497453703707 0.46668926620370366 0.32776308101851853 0.46610987962962963 0.33475338425925927 0.4628934212962963 0.3402405416666667 0.46202434259259256 0.34540179398148146 0.4590975763888889 0.34690494212962963 0.4567501990740741 0.3447499837962963 0.4549822083333333 0.33727082175925926 0.4551121412037037 0.33145775925925924 0.45392353703703703 0.32214954398148143 0.454343162037037 0.3163364814814815 0.4531545601851852 0.3070282662037037 0.4535741851851852 0.2955650949074074 0.45222581944444445 0.2554888912037037 0.45962791666666664 0.2503276388888889 0.46255468055555554 0.24134533101851852 0.46503199074074075 0.23451797685185186 0.46927729166666665 0.2082228587962963 0.4808245856481481 0.1885555648148148 0.49870469675925927 0.18937032638888887 0.5038489074074074 0.18752646064814815 0.5040450694444444 0.19480150694444445 0.5075588472222222 0.18649735879629628 0.5093854421296297 0.18076715277777777 0.5442336087962962 0.17929363194444445 0.5467680486111112 0.17576885185185184 0.5481892152777778 0.1782645300925926 0.5521084212962963 0.17723542592592592 0.5574487939814815 0.18138238888888888 0.5599559328703704 0.1817082939814815 0.5620136157407407 0.18817316666666667 0.5673175879629629 0.18849907175925928 0.5693752731481482 0.19463803935185187 0.5726215601851852 0.19480099305555554 0.5736504027777778 0.20077700694444445 0.5758678472222223 0.20093996064814815 0.5768966898148148 0.22069705787037036 0.5832593333333334 0.22086000925925925 0.5842881759259259 0.2309829884259259 0.589012761574074 0.23647014583333334 0.5881436805555555 0.23846215046296296 0.5888828287037037 0.24212025462962963 0.5883034421296296 0.2437863564814815 0.5869849074074074 0.23350042592592593 0.5812314791666666 0.23301156712962962 0.5781449537037037 0.2310195625 0.5774058055555555 0.2305307037037037 0.5743192777777778 0.22853869907407406 0.5735801296296297 0.2280498425925926 0.5704936041666667
3 0.25449633564814816 1 0.2612856388888889 0.9934179467592592 0.26246288194444445 0.989012886574074 0.2656321296296296 0.9853469722222222 0.26530622453703706 0.9832892893518519 0.26847547222222223 0.979623375 0.2681495671296296 0.9775656921296296 0.2713188125 0.9738997777777777 0.2709929074074074 0.9718420949074074 0.2741621550925926 0.9681761805555555 0.27383625 0.9661184976851851 0.2770054976851852 0.9624525833333334 0.27667959259259256 0.9603949004629629 0.2798488402777778 0.9567289884259259 0.27870817129629627 0.9495270925925925 0.27671616666666665 0.9487879444444445 0.2749236875 0.9374706828703703 0.27293168287037034 0.9367315347222223 0.2721169212962963 0.9315873240740741 0.2636600416666667 0.9255442037037037 0.26333413657407406 0.9234865185185185 0.2568692638888889 0.918182548611111 0.24044436574074074 0.9091828333333333 0.2328022523148148 0.9082839236111111 0.2268262361111111 0.9060664768518519 0.22316813194444443 0.906645863425926 0.21353401157407406 0.9050078055555555 0.19524348611111111 0.9079047407407408 0.19357738657407408 0.9092232754629629 0.1789449675925926 0.9115408217592593 0.16679340972222223 0.9176840439814815 0.16313530555555555 0.9182634328703704 0.156145 0.9214798888888889 0.15114669907407408 0.9254354953703704 0.14931764814814816 0.9257251898148148 0.14431934722222223 0.9296807962962963 0.14448230092592593 0.9307096388888889 0.13481160648148147 0.9406785347222223 0.1336343634259259 0.9450835972222222 0.13196826388888888 0.9464021319444446 0.13229416898148147 0.9484598171296297 0.13062806944444444 0.9497783518518518 0.13111692592592594 0.9528648773148148 0.12945082638888888 0.954183412037037 0.12977673148148147 0.9562410972222223 0.1267704375 0.9609358518518518 0.1272592962962963 0.9640223773148149 0.12559319444444444 0.9653409143518518 0.12807405787037038 0.969166587962963 0.13372416898148148 0.9693263495370371 0.13970018287037037 0.9715437962962964 0.1376900162037037 0.9725111898148149 0.14734229861111112 0.9724427060185186 0.14949725694444443 0.9742106967592592 0.14373842824074076 0.9760963310185184 0.15148926157407405 0.9749498449074074 0.15596212962962963 0.9795146689814814 0.14978683796296297 0.9796814675925926 0.13816046064814816 0.9854981296296296 0.1361684560185185 0.9847589814814816 0.11954403240740741 0.9863373796296296 0.11869269444444444 0.992800125 0.12283965740740742 0.9953072638888889 0.12225103703703705 0.9975097939814815 0.1241324861111111 1 0.25449633564814816 1
3 0.32204342592592594 0.9627018356481482 0.3203773263888889 0.9640203703703704 0.31948941435185185 0.9820900717592592 0.31965236574074074 0.983118914351852 0.32262208796296293 0.9900311157407408 0.3244511388888889 0.9897414212962963 0.34306756944444444 0.9889021712962963 0.3447336689814815 0.987583636574074 0.3665193472222222 0.9830784722222222 0.3681854467592593 0.9817599375 0.3804999560185185 0.9766455555555557 0.38216605555555555 0.9753270208333333 0.39732390740740736 0.9644890439814815 0.39716095601851853 0.9634602013888889 0.40683165046296293 0.9534913055555556 0.40666869675925926 0.9524624629629629 0.412681287037037 0.9430729537037037 0.4125183333333333 0.9420441111111111 0.40498594212962963 0.9063243333333333 0.4029939375 0.9055851851851853 0.3940482013888889 0.8964555393518518 0.3920561967592593 0.8957163888888888 0.37396519675925927 0.8880352106481482 0.3721361458333333 0.8883249050925925 0.36815213425925924 0.8868466064814814 0.36632308333333335 0.887136300925926 0.3475437013888889 0.8869467083333333 0.3457146481481481 0.8872364027777778 0.3237660185185185 0.890712724537037 0.3220999189814815 0.8920312592592593 0.3006401458333333 0.8985941064814815 0.2989740462962963 0.8999126435185185 0.2868224884259259 0.9060558657407407 0.2851563888888889 0.907374400462963 0.27016149074074075 0.9192412199074075 0.27032444212962964 0.9202700625 0.2694731064814815 0.9267328078703704 0.27378302083333333 0.9302687893518519 0.2739459722222222 0.9312976296296297 0.28484713888888885 0.9527733819444444 0.2868391435185185 0.9535125300925926 0.3134235949074074 0.9556298726851852 0.315415599537037 0.9563690208333333 0.31939960879629625 0.9578473194444445 0.31956256250000004 0.9588761620370371 0.32204342592592594 0.9627018356481482
3 0.45179642824074073 0.9769544675925926 0.4537884328703704 0.9776936157407408 0.45578043981481486 0.9784327638888889 0.4576094907407407 0.9781430717592593 0.4777290694444445 0.9749564421296296 0.4793951689814815 0.9736379074074074 0.49370168287037036 0.969262675925926 0.4953677824074074 0.9679441412037036 0.519833849537037 0.9566865370370371 0.5216629027777778 0.9563968449074074 0.5414565740740741 0.9511525324074074 0.5412936226851852 0.9501236898148149 0.5485200277777778 0.924722164351852 0.5483570763888889 0.9236933217592592 0.5467275486111111 0.913404900462963 0.5447355439814815 0.9126657523148148 0.5402626759259259 0.9081009282407407 0.540099724537037 0.907072087962963 0.5407881087962964 0.8995805 0.5387961041666667 0.8988413518518519 0.5313535162037036 0.8873643263888888 0.5293615115740741 0.8866251782407408 0.5034654444444444 0.8770162476851852 0.5016363912037037 0.8773059398148149 0.4808650046296296 0.8763772013888889 0.4790359513888889 0.8766668935185186 0.4642405787037037 0.8779555995370371 0.46257447916666666 0.8792741342592593 0.45160016435185185 0.8810122962962963 0.44993406481481485 0.8823308310185185 0.432295349537037 0.8893431342592593 0.43062925 0.8906616689814816 0.4109619560185185 0.9085417800925926 0.41112490972222226 0.9095706203703704 0.41141424074074073 0.923235261574074 0.42182654861111113 0.941624486111111 0.42381855324074075 0.9423636342592593 0.43260133796296296 0.9504644375 0.43276428935185185 0.9514932800925926 0.4471606087962963 0.9713608032407407 0.44915261342592594 0.9720999513888889 0.45114461805555556 0.972839099537037 0.45130757175925923 0.9738679421296297 0.45179642824074073 0.9769544675925926
3 0.49361689120370367 1 0.6065043564814815 0.9830360231481481 0.6081704560185186 0.9817174884259259 0.6096736041666667 0.9793701087962964 0.6076815995370372 0.9786309606481481 0.6047118796296296 0.9717187615740741 0.6027198726851851 0.9709796111111111 0.5723509398148148 0.9568058564814814 0.5705218865740741 0.9570955509259259 0.553082699074074 0.9535297407407407 0.5512536481481481 0.9538194328703704 0.5309711180555555 0.9559772199074075 0.5293050185185185 0.9572957546296296 0.511503349537037 0.9632792152777777 0.50983725 0.96459775 0.4996776990740741 0.9714801226851852 0.49984065046296294 0.972508962962963 0.4881779513888889 0.981738712962963 0.4883409050925926 0.9827675532407407 0.4803363101851852 0.9914179166666666 0.4804992615740741 0.9924467569444445 0.47750099305555554 1 0.49361689120370367 1
3 0.6388120648148148 0.9620992175925926 0.6404781643518519 0.9607806805555555 0.6526297222222222 0.9546374583333334 0.6542958217592593 0.9533189236111111 0.6672987175925926 0.9407129560185185 0.667135763888889 0.939684113425926 0.670504537037037 0.925440087962963 0.6703415856481482 0.9244112453703704 0.6644021435185186 0.9105868449074074 0.6624101388888889 0.9098476944444445 0.6468365787037037 0.8943852361111111 0.644844574074074 0.8936460856481482 0.6348845486111111 0.8899503425925926 0.6330554953703704 0.890240037037037 0.615942212962963 0.8887319097222223 0.6141131597222221 0.8890216041666668 0.5903354791666666 0.8927876180555556 0.5886693796296296 0.8941061550925925 0.5728597152777778 0.9008287638888889 0.5711936157407407 0.9021472986111112 0.5646921689814814 0.9084502824074073 0.5648551226851852 0.909479125 0.5590054861111111 0.9198974768518519 0.5591684375 0.9209263194444445 0.5612502476851852 0.9459082199074075 0.5682039768518519 0.9542987175925925 0.5701959814814815 0.9550378680555556 0.6022310162037037 0.9678930856481481 0.6040600694444445 0.9676033935185185 0.6098731319444445 0.9687919953703704 0.6117021828703704 0.9685023032407407 0.6263346041666666 0.9661847546296296 0.6280007037037038 0.9648662199074074 0.6388120648148148 0.9620992175925926
3 0.7407501458333333 0.9427898564814815 0.7390840462962963 0.9441083935185185 0.7247775324074075 0.948483625 0.7231114328703704 0.9498021597222222 0.7074647222222222 0.9575536111111111 0.7057986226851852 0.9588721458333334 0.6956390717592592 0.9657545185185186 0.6958020231481482 0.9667833587962963 0.694298875 0.969130736111111 0.7985548680555555 0.9526182106481481 0.8002209675925925 0.9512996759259259 0.8033902152777778 0.9476337615740741 0.803227261574074 0.9466049189814816 0.8027384050925925 0.9435183935185185 0.8009093518518519 0.943808087962963 0.7739989976851852 0.9396330601851852 0.7721699444444445 0.9399227523148148 0.7407501458333333 0.9427898564814815
3 0.8147270092592592 0.9363463287037037 0.8163931087962963 0.9350277939814815 0.8298848611111111 0.9255083518518519 0.8318768657407408 0.9262475 0.8398448865740741 0.9292040949074075 0.8400078379629629 0.9302329375 0.842488701388889 0.9340586111111112 0.8444807060185185 0.9347977592592592 0.8524487268518519 0.9377543541666666 0.8542777800925926 0.937464662037037 0.8750491666666667 0.9383934004629629 0.8768782199074074 0.9381037083333333 0.9018331435185186 0.9299326319444445 0.9034992430555555 0.9286140949074074 0.9168280439814814 0.9180658125 0.9166650902777778 0.9170369699074074 0.9215004375 0.9120525208333333 0.9213374837962962 0.9110236805555556 0.9251951157407406 0.8998661782407408 0.9250321643518519 0.898837337962963 0.9220990185185185 0.8803181805555556 0.9201070138888888 0.8795790324074074 0.9196181550925926 0.8764925069444445 0.9176261504629629 0.8757533564814814 0.9025414467592592 0.863377423611111 0.9005494421296296 0.862638275462963 0.8608722939814816 0.8488841458333334 0.8590432407407407 0.849173837962963 0.8457510162037037 0.8481151666666668 0.8439219629629631 0.8484048611111111 0.8178263703703704 0.8493740416666666 0.8159973171296296 0.8496637361111111 0.7873842893518519 0.858414199074074 0.7857181898148148 0.8597327337962963 0.764058888888889 0.8768736967592593 0.7642218425925926 0.877902537037037 0.7540257152777777 0.8963918657407407 0.7541886689814815 0.8974207060185185 0.7548039050925927 0.9131430300925926 0.7650532615740742 0.930503412037037 0.7670452662037037 0.9312425625 0.7833072106481481 0.9392134351851852 0.7851362638888889 0.9389237407407407 0.7929413310185185 0.9408514930555555 0.7947703842592593 0.9405617986111111 0.8059076527777778 0.9398524814814815 0.8075737523148149 0.9385339444444445 0.8147270092592592 0.9363463287037037
3 0.9394650578703704 0.9070979027777777 0.9414570625 0.9078370509259259 0.9436120208333334 0.9096050416666667 0.945604025462963 0.9103441898148148 0.9552381458333333 0.91198225 0.9570671967592593 0.9116925555555555 0.9625543541666667 0.910823474537037 0.9642204537037037 0.9095049398148148 0.9820221226851852 0.9035214791666667 0.9836882222222222 0.9022029444444444 0.9985201689814814 0.8893072824074074 0.9983572152777778 0.8882784398148148 0.9998969375 0.8743241064814815 0.9979049328703703 0.8735849583333334 0.9906252962962964 0.8631367777777778 0.9886332916666667 0.8623976296296296 0.9697275300925926 0.8495722384259259 0.967735525462963 0.8488330902777778 0.9459864236111111 0.8417312986111112 0.9441573703703704 0.8420209930555556 0.9172470162037037 0.8378459652777778 0.915417962962963 0.8381356574074075 0.8952983842592593 0.8413222847222223 0.8936322847222222 0.8426408217592593 0.8761565231481482 0.8506819652777778 0.9022155416666666 0.8613197384259259 0.9023784930555556 0.8623485810185185 0.9212842546296296 0.8751739699074074 0.9214472083333334 0.8762028125 0.9280384583333334 0.8941425810185185 0.930030462962963 0.8948817314814815 0.9424713518518518 0.9024031481481481 0.9426343055555556 0.9034319907407408 0.9394650578703704 0.9070979027777777
3 0.4727628032407407 1 0.5418357106481482 0.989059925925926 0.6061784513888889 0.980978337962963 0.6076815995370372 0.9786309606481481 0.4721687638888889 0.9990394351851852 0.4700811759259259 1 0.4727628032407407 1
3 0.4602064976851852 1 0.46204578472222224 0.9943148495370371 0.45407776388888893 0.9913582569444445 0.44643565046296296 0.9904593449074075 0.4318032291666667 0.9927768935185185 0.429811224537037 0.9920377453703705 0.4170078564814815 0.994065599537037 0.4153417569444444 0.9953841342592592 0.409854599537037 0.9962532152777778 0.4038289652777778 1 0.4602064976851852 1
0 0.2257063287037037 0.5758216412037037 0.25628710185185183 0.5913328888888889 0.33833974768518515 0.6169372592592592 0.3660758402777778 0.622774412037037 0.38525561574074074 0.6172054699074074 0.38816978703703703 0.6048263518518519 0.36684968287037034 0.6039845208333333 0.26615732175925927 0.5707858796296296 0.25899175462962964 0.5610578865740741 0.25471841203703705 0.5459149490740741 0.26557732175925924 0.5280589050925926 0.3632294236111111 0.4923430277777778 0.34885305787037035 0.4714176944444444 0.3339203356481481 0.4635526898148148 0.23494998148148147 0.4956806111111111 0.13401521759259258 0.5130381550925927 0.14285687962962962 0.5499216111111112 0.20554449537037037 0.5396764722222221 0.21543933796296297 0.5429606782407407 0.2257063287037037 0.5758216412037037