2 0.012296391203703703 0.5764984976851851 0.01641638425925926 0.6354171226851852 0.11279729861111111 0.5960981527777778 0.37133644444444447 0.5528538657407408 0.4321483263888889 0.557059587962963 0.9925608981481482 0.439869212962963 0.986757875 0.40466742824074076 0.9840231967592593 0.4053807615740741 0.7363794351851852 0.46373516435185186 0.6096146712962963 0.48533878703703703 0.6071373888888888 0.4870783310185185 0.4191406759259259 0.5223615995370371 0.3549641712962963 0.5204795740740741 0.28543987268518517 0.5297268703703704 0.2837305925925926 0.5318303958333334 0.012296391203703703 0.5764984976851851
3 0.20965132407407408 0.9139704444444445 0.21149866666666667 0.9138412662037037 0.2488087986111111 0.916453337962963 0.2506561388888889 0.9163241597222223 0.27467156944444443 0.914644837962963 0.27644624768518516 0.9134765300925927 0.3057130486111111 0.9072531550925925 0.3074877268518519 0.9060848472222222 0.336463875 0.8957049537037037 0.33823855324074076 0.8945366458333334 0.37941945833333335 0.8728612106481483 0.3811941365740741 0.8716929027777778 0.3971662361111111 0.8611781319444445 0.39709357407407403 0.8601390023148148 0.41107300694444443 0.8476751527777778 0.4110003449074074 0.8466360231481481 0.4193650925925926 0.8335205787037038 0.4192924305555556 0.8324814513888888 0.42218781944444445 0.8207926712962963 0.42211515509259256 0.8197535416666667 0.4188145555555555 0.7991001365740741 0.4168945509259259 0.7981901851851851 0.41040790972222224 0.7850690416666667 0.40848790509259264 0.7841590925925926 0.3926192337962963 0.7696055833333333 0.3906992314814815 0.7686956319444443 0.35791384027777773 0.751148212962963 0.3560665 0.7512773935185185 0.33338976851851854 0.7455536319444444 0.3315424282407407 0.7456828101851852 0.31122167824074076 0.7471037754629629 0.309447 0.7482720833333333 0.2885868449074074 0.7685265532407407 0.28681216666666665 0.7696948611111111 0.2635960277777778 0.7828046041666666 0.2617486875 0.7829337847222222 0.20209437268518518 0.8059010046296295 0.20024703240740743 0.8060301851851852 0.17467491435185187 0.8119952013888889 0.17282757175925928 0.8121243819444445 0.15065948148148148 0.8136745254629629 0.14888480555555555 0.8148428333333334 0.13490537037037037 0.8273066828703703 0.13497803472222222 0.8283458125000001 0.1283153009259259 0.8392538194444445 0.12838796296296295 0.840292949074074 0.1280665462962963 0.8622438402777777 0.13868384722222224 0.8813414027777777 0.14060384953703703 0.8822513541666667 0.1526325138888889 0.8949849606481481 0.15455251851851853 0.8958949120370371 0.16806520833333333 0.9033036944444445 0.1699125486111111 0.9031745162037038 0.18327991203703706 0.9085050416666667 0.18512725231481483 0.908375861111111 0.20965132407407408 0.9139704444444445
3 0.05542781712962963 0.8057148263888889 0.05734782175925926 0.8066247777777777 0.06288984490740741 0.8062372407407408 0.06480984722222222 0.8071471921296296 0.0685045300925926 0.8068888356481482 0.07042453472222222 0.8077987847222222 0.07411921527777778 0.8075404282407407 0.0760392199074074 0.8084503796296296 0.08158124074074075 0.8080628425925925 0.08350124537037037 0.8089727939814815 0.08719592824074074 0.8087144351851853 0.08911593055555554 0.8096243865740741 0.09281061342592593 0.8093660300925926 0.09473061574074074 0.8102759791666666 0.10027263888888889 0.8098884444444444 0.10219264351851852 0.8107983935185185 0.11142934722222222 0.8101525 0.11334935185185185 0.8110624513888889 0.12443339583333334 0.8102873796296296 0.12635340046296295 0.8111973310185185 0.13928478472222222 0.8102930787037037 0.14120478935185185 0.8112030300925925 0.15228883333333332 0.8104279583333333 0.15420883796296295 0.8113379097222222 0.17268224537037039 0.8100461226851853 0.17445692361111112 0.8088778148148149 0.18369362731481484 0.8082319212962963 0.18546830555555557 0.8070636134259259 0.18731564814814816 0.8069344351851853 0.18909032407407408 0.8057661273148148 0.19463234722222222 0.8053785902777777 0.19640702546296296 0.8042102824074073 0.20194904861111113 0.8038227476851851 0.20372372453703705 0.8026544398148148 0.20557106712962964 0.8025252615740741 0.20734574537037037 0.8013569537037036 0.20919308564814815 0.8012277731481482 0.2109677638888889 0.8000594652777778 0.21466244444444446 0.7998011087962963 0.2164371226851852 0.7986328009259259 0.21828446296296297 0.7985036226851853 0.22183381944444444 0.7961670069444444 0.22368115972222224 0.7960378287037038 0.22545583796296298 0.7948695208333333 0.22730317824074076 0.7947403402777778 0.2290778564814815 0.7935720324074075 0.23092519675925927 0.7934428541666667 0.232699875 0.7922745462962963 0.23454721527777778 0.7921453680555556 0.23809657175925927 0.7898087523148148 0.23994391203703705 0.7896795740740741 0.24171859027777778 0.7885112662037037 0.24356593055555556 0.7883820879629629 0.2453406087962963 0.7872137800925926 0.24718794907407407 0.7870846018518519 0.24896262731481483 0.7859162939814816 0.2508099675925926 0.785787113425926 0.25258464583333334 0.7846188055555556 0.2544319861111111 0.7844896273148149 0.2579813425925926 0.7821530115740741 0.25982868287037036 0.7820238333333334 0.2616033611111111 0.780855525462963 0.2634507013888889 0.7807263472222222 0.2652253796296296 0.7795580393518519 0.26707271990740744 0.7794288611111112 0.2688473981481482 0.7782605532407407 0.27069474074074074 0.7781313726851852 0.28489216203703704 0.7687849097222221 0.2848195 0.7677457824074074 0.2954675671296296 0.7607359351851852 0.29539490277777775 0.7596968055555556 0.29716958101851854 0.7585284976851852 0.29709691898148144 0.7574893680555556 0.29887159722222223 0.7563210601851852 0.2987989328703704 0.7552819305555555 0.30057361111111114 0.7541136226851852 0.30050094907407404 0.7530744930555555 0.3040503032407407 0.7507378773148148 0.3039776412037037 0.7496987476851852 0.3057523194444445 0.7485304398148149 0.3056796550925926 0.7474913125 0.30745433333333333 0.7463230046296296 0.3073816712962963 0.7452838749999999 0.30915634722222224 0.7441155671296296 0.30901102314814816 0.7420373078703704 0.31078569907407405 0.740869 0.3105677106481482 0.7377516134259259 0.31234238888888893 0.7365833055555555 0.3121970625 0.7345050462962962 0.31397174074074075 0.733336738425926 0.3135357638888889 0.7271019629629629 0.3153104398148148 0.7259336550925926 0.3147291365740741 0.7176206226851852 0.3165038148148148 0.7164523148148149 0.3153412060185185 0.6998262453703703 0.31342120370370374 0.6989162962962964 0.3118952800925926 0.6770945810185185 0.309975275462963 0.6761846319444444 0.30924864583333334 0.6657933402777778 0.30732864120370373 0.6648833888888889 0.30718331712962965 0.6628051296296297 0.3052633125 0.6618951805555555 0.3049726597222222 0.657738662037037 0.3030526574074074 0.656828712962963 0.3028346666666667 0.6537113240740742 0.3009146643518519 0.652801375 0.30076933796296296 0.6507231157407408 0.29692933101851854 0.6489032152777777 0.29685666666666666 0.6478640856481481 0.29301665972222224 0.6460441851851852 0.2929439976851852 0.6450050555555555 0.29102399305555554 0.6440951041666666 0.2909513287037037 0.6430559745370371 0.28711132175925924 0.641236074074074 0.28703865972222226 0.6401969444444445 0.2812786481481482 0.6374670925925926 0.27943130787037035 0.6375962708333334 0.2736712962962963 0.6348664212962963 0.2718239537037037 0.6349955995370371 0.26606394212962964 0.6322657476851852 0.26421660185185186 0.6323949259259259 0.2584565902777778 0.629665074074074 0.25660925 0.6297942523148149 0.25276924305555554 0.6279743518518518 0.2490745601851852 0.6282327083333333 0.24715455787037038 0.6273227592592592 0.2453072152777778 0.6274519375 0.24338721296296295 0.6265419861111111 0.24153987037037036 0.6266711643518519 0.23961986805555555 0.6257612152777777 0.23777252546296296 0.6258903935185186 0.23585252314814814 0.6249804421296297 0.23400518287037037 0.6251096203703703 0.23208517824074074 0.6241996712962964 0.2246958148148148 0.6247163842592592 0.22277581018518516 0.6238064351851852 0.2135391064814815 0.6244523287037036 0.21161910185185187 0.6235423773148149 0.20238239814814815 0.6241882708333334 0.20046239583333333 0.6232783194444445 0.19122568981481483 0.623924212962963 0.1893056875 0.6230142638888888 0.1800689837962963 0.6236601550925925 0.17814897916666667 0.6227502060185186 0.16891227546296295 0.623396099537037 0.16699227083333332 0.6224861481481482 0.13558747685185185 0.6246821851851853 0.13366747222222222 0.6237722337962963 0.11149938194444443 0.6253223796296297 0.10972470601851851 0.6264906875 0.08755661574074074 0.6280408310185186 0.0857819375 0.629209138888889 0.061766506944444445 0.6308884606481482 0.0599918287037037 0.6320567685185184 0.05814448842592593 0.6321859467592593 0.056369810185185186 0.6333542546296296 0.052675127314814815 0.6336126134259259 0.050900451388888886 0.6347809212962964 0.0490531087962963 0.634910099537037 0.04550375462962963 0.6372467152777778 0.04365641203703704 0.6373758935185185 0.03833237962962963 0.6408808171296297 0.03648503935185185 0.6410099953703704 0.02228761574074074 0.6503564583333333 0.022360280092592593 0.6513955879629629 0.02058560185185185 0.6525638958333333 0.02516337037037037 0.718029037037037 0.023388692129629633 0.7191973449074075 0.0284024375 0.7908972615740741 0.030322442129629628 0.7918072106481482 0.03090374537037037 0.8001202453703704 0.03474375462962963 0.8019401458333334 0.03659109490740741 0.8018109675925926 0.04235110648148148 0.8045408194444446 0.04419844675925926 0.8044116412037037 0.04611845138888889 0.8053215902777778 0.04981313194444444 0.8050632337962962 0.05173313657407407 0.8059731851851851 0.05542781712962963 0.8057148263888889
3 0.31102332407407407 0.6646250324074074 0.3110959861111111 0.6656641597222221 0.3169705578703704 0.6965796805555555 0.3170432222222222 0.6976188101851852 0.3172304444444445 0.7268436064814815 0.3154557662037037 0.7280119143518519 0.3128510300925926 0.7438572083333334 0.31469837037037035 0.7437280300925926 0.33324444212962967 0.7434753726851852 0.3350191203703704 0.7423070648148148 0.34921654166666666 0.7329606018518519 0.3491438796296296 0.7319214745370369 0.3645346759259259 0.7130936689814815 0.3644620138888889 0.7120545393518518 0.37105208333333334 0.7001074027777777 0.3709794212962963 0.6990682731481482 0.3718094791666666 0.684391287037037 0.36988947685185186 0.6834813356481482 0.36325750925925926 0.6682819328703703 0.36133750462962966 0.6673719837962963 0.35101085648148145 0.6524309375 0.34909085185185185 0.6515209884259259 0.34311285185185186 0.6456737476851852 0.3411928472222222 0.6447637986111111 0.3314475023148148 0.6381357870370371 0.329600162037037 0.6382649652777778 0.3123201273148148 0.6300754097222223 0.31047278703703707 0.630204587962963 0.2840287106481481 0.6237000555555555 0.28218137037037033 0.6238292337962963 0.2543259305555556 0.6236886550925925 0.25255125231481484 0.6248569629629629 0.2489292337962963 0.6261544513888888 0.2678386203703704 0.6310974398148148 0.269758625 0.632007388888889 0.2869659953703704 0.6391578148148148 0.28703865972222226 0.6401969444444445 0.2947186736111111 0.6438367476851852 0.294791337962963 0.6448758773148149 0.30460934490740743 0.6525430162037037 0.30468200925925926 0.6535821458333333 0.31102332407407407 0.6646250324074074
3 0.30272010879629635 0.6255256574074074 0.30464011111111106 0.6264356087962963 0.3275348310185185 0.6352767569444444 0.32938217129629627 0.635147576388889 0.34372492129629634 0.6278793726851852 0.34365225694444446 0.6268402430555555 0.35067830555555557 0.6211278819444445 0.35060564351851853 0.6200887546296295 0.35563902546296294 0.6124273125 0.3555663611111111 0.6113881828703703 0.35476706944444447 0.5999577615740741 0.3528470648148148 0.5990478125 0.33748703472222225 0.5917682083333333 0.3374143726851852 0.5907290787037037 0.33476773842592594 0.5794278356481481 0.3328477337962963 0.5785178842592592 0.32089173379629626 0.5668234050925927 0.31897172916666666 0.5659134560185185 0.31121905092592594 0.5612345231481481 0.30937171064814817 0.5613637037037037 0.2651808564814815 0.56654225 0.26340617824074075 0.5677105578703704 0.23214671064814815 0.5719848518518519 0.23037203240740742 0.5731531597222222 0.16437640277777776 0.5850774953703703 0.16260172453703703 0.5862458032407407 0.15735035416666665 0.5907898564814814 0.1574230185185185 0.5918289861111111 0.15608431712962964 0.5992320694444444 0.19057172453703702 0.614572050925926 0.19064438657407407 0.6156111805555555 0.20031706944444444 0.6212000625 0.20216440972222222 0.6210708842592593 0.23947454166666665 0.6236829560185185 0.24132188194444446 0.6235537777777778 0.27649402083333335 0.6221385115740742 0.27841402546296296 0.6230484629629629 0.30272010879629635 0.6255256574074074
3 0.9763344143518519 0.515769337962963 0.9764070763888889 0.5168084675925926 0.9920577592592593 0.5282445879629629 0.9938324375 0.5270762800925927 0.9880193981481482 0.4439459421296296 0.9861720578703703 0.4440751203703704 0.931551125 0.45938090277777777 0.9297764467592593 0.46054921064814813 0.9262997546296297 0.4639249560185185 0.9263724166666667 0.4649640856481482 0.9272443726851852 0.4774336342592593 0.9338036782407407 0.49159390740740744 0.9357236828703704 0.49250385879629627 0.9454690277777777 0.4991318703703704 0.9455416898148149 0.500171 0.9536576828703703 0.5100455763888889 0.9555776874999999 0.5109555277777778 0.9668070578703704 0.512258712962963 0.9687270625000001 0.5131686643518518 0.9763344143518519 0.515769337962963
3 0.9590039791666667 0.6130485486111111 0.9678773680555556 0.6072070092592592 0.9697247083333332 0.6070778310185185 0.9750487430555554 0.6035729074074074 0.9749760787037037 0.6025337777777778 0.9709907453703704 0.5986356180555555 0.9671507384259259 0.5968157175925926 0.9630927407407407 0.5918784282407408 0.9592527337962963 0.5900585277777778 0.9571874027777777 0.5870703171296296 0.9342200208333333 0.5771900393518519 0.9323726805555554 0.5773192199074074 0.9189326527777778 0.5709495648148148 0.9170853125 0.5710787430555556 0.892052599537037 0.5582102569444444 0.8864379143518518 0.5575586643518519 0.8806779027777778 0.5548288125 0.8788305625 0.5549579907407407 0.8499578425925925 0.5402696041666667 0.8478925115740741 0.5372813935185184 0.8342344953703703 0.5277943518518519 0.8340891689814816 0.5257160949074074 0.8301765000000001 0.5228570648148149 0.8298131851851851 0.5176614166666667 0.8632106458333333 0.5174144606481481 0.8671233171296295 0.5202734907407408 0.8672686412037037 0.52235175 0.871253974537037 0.5262499097222222 0.8905266759259258 0.5363885439814815 0.8923740185185186 0.5362593657407407 0.9058140439814815 0.5426290185185185 0.9076613842592592 0.5424998402777778 0.9211014120370371 0.5488694930555555 0.9229487523148149 0.5487403148148148 0.9363887800925925 0.5551099699074074 0.9382361203703703 0.5549807916666667 0.9439961319444444 0.5577106435185185 0.9458434722222222 0.557581462962963 0.9535234884259259 0.5612212662037037 0.9553708287037037 0.561092087962963 0.9611308402777778 0.5638219398148148 0.966745525462963 0.5644735324074074 0.9705855347222223 0.5662934328703704 0.9762002199074075 0.5669450277777778 0.9838075717592593 0.569545699074074 0.9948189537037038 0.5677314976851852 0.992566400462963 0.5355184930555555 0.9886537291666667 0.532659462962963 0.9884357407407407 0.529542074074074 0.9826030671296296 0.5257730949074074 0.9805377361111112 0.5227848842592593 0.9766977291666668 0.5209649837962963 0.9746323981481482 0.517976775462963 0.9688723888888888 0.5152469236111111 0.9670250462962963 0.5153761018518518 0.9612650347222222 0.51264625 0.9594176944444444 0.5127754282407407 0.949890337962963 0.5092648055555555 0.9497450115740741 0.5071865462962963 0.9417743449074074 0.49939022685185186 0.9360143333333333 0.496660375 0.9359416712962962 0.49562124768518523 0.9301816597222222 0.4928913958333333 0.9226469699074074 0.49132985185185185 0.9016722546296297 0.48339865277777777 0.886602875 0.48027556481481476 0.8773661712962962 0.48092145833333333 0.8738168148148148 0.48325807407407406 0.8619027106481482 0.49871013425925925 0.8623386898148148 0.5049449097222222 0.8543208171296297 0.5023729421296297 0.8315751342592592 0.5133613680555555 0.8294498703703703 0.5124657708333333 0.8290865532407408 0.507270125 0.827166550925926 0.5063601759259259 0.8262219305555555 0.4928514953703704 0.810861900462963 0.4855718912037037 0.8053198796296296 0.48595942592592595 0.8035452013888889 0.48712773379629626 0.7980031782407407 0.4875152708333333 0.7962285 0.4886835787037037 0.788839136574074 0.4892002916666667 0.7870644583333333 0.49036859953703704 0.7833697777777778 0.49062695833333336 0.7726490486111111 0.4965976759259259 0.7708017060185185 0.4967268541666667 0.7600809768518518 0.5026975717592592 0.7582336365740742 0.5028267523148148 0.742334199074074 0.514380650462963 0.7373008171296297 0.5220420925925926 0.7337514606481482 0.5243787083333333 0.7286454166666666 0.5310010185185186 0.7288634050925926 0.5341184074074073 0.7270887268518519 0.5352867152777778 0.7273067175925926 0.5384041018518518 0.7255320393518518 0.5395724097222222 0.7257500277777779 0.5426897986111111 0.7239753495370371 0.5438581064814815 0.7481742939814815 0.5536522638888889 0.7254286087962962 0.5646406898148149 0.7433626111111111 0.5821824074074075 0.7664026574074073 0.5931018148148148 0.7684679861111111 0.5960900231481482 0.7742279976851852 0.598819875 0.7743006620370371 0.5998590046296296 0.7991880486111111 0.6106492337962963 0.7992607106481481 0.6116883611111111 0.8107807337962962 0.6171480648148148 0.810853398148148 0.6181871944444445 0.8204534166666667 0.6227369467592593 0.8260681018518519 0.6233885416666667 0.8394354652777778 0.6287190648148148 0.8468974907407407 0.6292414791666666 0.8488174953703704 0.6301514305555556 0.8525121782407408 0.6298930740740741 0.8544321805555556 0.6308030231481482 0.8581268634259259 0.6305446666666666 0.8600468657407409 0.6314546180555555 0.8711309120370371 0.6306795439814814 0.8730509143518519 0.6315894953703703 0.8896769837962963 0.630426888888889 0.8914516597222223 0.6292585810185185 0.9062303865740741 0.6282251504629629 0.9080050648148149 0.6270568425925925 0.9153944282407408 0.6265401273148149 0.9171691064814815 0.6253718194444444 0.9300278287037037 0.6234284398148148 0.9590039791666667 0.6130485486111111
3 0.907214275462963 0.4830111180555555 0.9205816412037037 0.4883416412037037 0.9281163287037038 0.48990318518518516 0.9298910069444445 0.4887348773148148 0.9295276921296297 0.4835392314814815 0.9256150208333332 0.4806802013888889 0.9249610555555555 0.4713280393518518 0.917063050925926 0.46457084953703703 0.9188377291666667 0.46340254166666667 0.9225324097222222 0.46314418287037035 0.8996684560185185 0.428195625 0.9014431342592593 0.4270273171296296 0.9069851574074074 0.42663978240740746 0.9087598333333333 0.42547147453703704 0.9197712152777777 0.4236572731481481 0.9270152546296296 0.4210623009259259 0.9398739768518518 0.4191189212962963 0.9452706736111111 0.41665312499999996 0.9544347129629629 0.4149681041666667 0.9597587476851851 0.41146318055555553 0.9539987361111111 0.4087333287037037 0.9521513958333334 0.4088625069444444 0.9463913842592592 0.4061326550925926 0.9445440439814815 0.4062618333333333 0.9254893310185186 0.3992405856481482 0.8915832291666667 0.3922136388888889 0.8860412060185184 0.39260117592592597 0.8841212013888889 0.39169122453703703 0.8785791805555555 0.3920787615740741 0.8766591759259259 0.3911688101851852 0.8711171527777778 0.3915563449074074 0.869197150462963 0.3906463958333333 0.8636551273148149 0.3910339305555556 0.8617351226851852 0.3901239814814815 0.8561931018518519 0.3905115162037037 0.8542730972222222 0.3896015671296296 0.8302576666666667 0.3912808888888889 0.8284829884259259 0.3924491967592592 0.8193189467592593 0.39413421990740743 0.8157695925925926 0.3964708356481481 0.7958121574074073 0.4030874467592593 0.7673446481481482 0.4207412430555556 0.7674173125 0.4217803726851852 0.7620932777777777 0.4252852962962963 0.7621659421296297 0.42632442592592595 0.7532925532407408 0.4321659652777778 0.7447098148148148 0.44216402083333334 0.7449278032407407 0.4452814074074074 0.743153125 0.44644971527777777 0.7433711157407408 0.4495671041666667 0.7415964375 0.45073541203703704 0.7401850740740741 0.4570993657407407 0.7494217777777777 0.45645347222222227 0.7494334791666667 0.45828002314814814 0.7586584837962962 0.4558075787037037 0.7586818865740741 0.4594606782407407 0.8789111574074074 0.47480921296296297 0.888086900462963 0.47495074074074073 0.8881595648148148 0.4759898703703704 0.8846102083333334 0.4783264861111111 0.8865302129629629 0.47923643749999995 0.907214275462963 0.4830111180555555
3 0.6886578842592592 0.543195113425926 0.6943452337962962 0.5448858356481482 0.7091239606481481 0.5438524050925926 0.7108986388888888 0.5426840972222222 0.7201353425925926 0.5420382037037037 0.7236120347222221 0.5386624583333334 0.7234667083333334 0.5365842013888888 0.726943400462963 0.5332084560185185 0.7267980763888888 0.5311301967592592 0.7285727523148148 0.5299618888888888 0.7284274282407408 0.5278836319444444 0.7319041203703703 0.5245078865740741 0.7334608078703704 0.5202221898148148 0.7370101643518518 0.5178855740740741 0.7404141944444445 0.513470701388889 0.7457382268518518 0.5099657777777777 0.7456655648148148 0.5089266481481481 0.7688090393518517 0.494777775462963 0.768591050925926 0.49166038657407407 0.7519649837962964 0.49282299537037033 0.7501903055555557 0.49399130324074075 0.7446482824074074 0.494378837962963 0.7428736041666667 0.49554714583333337 0.733636900462963 0.49619303935185183 0.7318622222222223 0.49736134722222225 0.711614136574074 0.49982144212962965 0.7098394583333333 0.50098975 0.7042974375 0.501377287037037 0.7025227592592592 0.5025455949074074 0.6915113773148148 0.5043597962962963 0.6897366990740741 0.5055281041666666 0.6823473356481481 0.5060448171296296 0.6805726574074074 0.507213125 0.6731832939814815 0.5077298402777778 0.6714086157407407 0.5088981481481482 0.6567025532407407 0.5109707060185185 0.6549278749999999 0.5121390138888889 0.6493858518518519 0.5125265509259259 0.6476111736111112 0.5136948587962963 0.6402218125 0.5142115717592592 0.6384471342592593 0.5153798796296296 0.6310577708333334 0.5158965949074075 0.6292830925925926 0.5170649027777778 0.6145770277777778 0.5191374606481481 0.6128023518518518 0.5203057685185185 0.6072603287037036 0.5206933055555555 0.6054856504629629 0.521861613425926 0.598096287037037 0.5223783287037037 0.5967117638888888 0.5185071435185185 0.5705125162037037 0.5048848611111111 0.5702716157407407 0.49613034027777775 0.5720462916666667 0.49496203240740744 0.5794356550925926 0.49444531712962964 0.5812103333333334 0.4932770092592592 0.5885996967592593 0.49276029629629625 0.590374375 0.49159198842592594 0.5977637384259259 0.49107527314814814 0.5995384166666666 0.48990696527777783 0.6069277800925925 0.48939024999999997 0.6087024583333333 0.4882219421296296 0.6123971388888889 0.4879635856481481 0.6177938356481482 0.4854977916666667 0.6214885162037037 0.48523943287037036 0.632354574074074 0.481346974537037 0.6360492546296297 0.48108861574074074 0.6540140231481482 0.47252292592592593 0.6613307222222221 0.4709670810185185 0.6667274189814815 0.4685012870370371 0.6796588055555555 0.4675970370370371 0.6814334837962962 0.46642872916666667 0.698059550925926 0.4652661203703704 0.6998342291666667 0.4640978125 0.7072235902777778 0.46358109722222224 0.7089256064814814 0.46137366203703706 0.6806341898148148 0.4549983078703704 0.6676301412037037 0.4548634282407407 0.6657101365740741 0.4539534791666667 0.6601681157407407 0.45434101388888887 0.658248111111111 0.4534310625 0.6139119305555555 0.45653135185185184 0.6048932152777778 0.4602946319444445 0.6011985347222222 0.4605529884259259 0.5939544976851852 0.46314796296296296 0.5815317523148148 0.4713261180555556 0.5796844097222222 0.4714552962962963 0.5690363449074074 0.47846514351851854 0.5657049768518518 0.4839191481481481 0.5621556203703704 0.48625576388888886 0.5587515925925925 0.4906706365740741 0.5589695810185186 0.49378802546296297 0.5571949027777778 0.49495633333333333 0.5575582175925926 0.5001519791666666 0.5639627037037037 0.5014792916666666 0.5579215324074074 0.505347625 0.5593747916666667 0.5261302083333333 0.5652074675925925 0.5298991898148148 0.5634327893518518 0.5310674976851851 0.5597381064814815 0.5313258541666667 0.5601014236111111 0.5365215023148148 0.5678541018518518 0.5412004328703703 0.5718394351851852 0.5450985925925926 0.5793741250000001 0.5466601365740741 0.5832141319444445 0.5484800370370371 0.5869814768518519 0.5492608101851851 0.6018328657407408 0.5492665092592592 0.6150549027777777 0.5525187754629629 0.6187495856481482 0.5522604189814815 0.6413536527777778 0.556945048611111 0.6542850393518519 0.5560407986111111 0.6556600694444445 0.5491572800925926 0.6622098819444444 0.5525628518518518 0.668991101851852 0.5539682407407407 0.667216425925926 0.5551365486111111 0.6818593171296295 0.5627795624999999 0.6901838078703704 0.5650168263888888 0.6884817939814815 0.5672242638888889 0.6958711574074073 0.5667075486111111 0.6977911597222223 0.5676175 0.7013405162037037 0.5652808842592593 0.7070278634259259 0.5669716064814815 0.7124245601851852 0.5645058101851852 0.699420511574074 0.5643709328703704 0.6835518402777778 0.5498174236111111 0.6853265185185186 0.5486491157407407 0.6868832083333333 0.5443634212962963 0.6886578842592592 0.543195113425926
0 0.8372961597222223 0.5317571018518519 0.8558402662037038 0.5394405787037037 0.8938605324074074 0.5601722546296296 0.9686928935185185 0.5923221944444444 0.9890569791666666 0.5729377824074073 0.8848465949074075 0.5348017337962963 0.8656775856481481 0.5181817453703703 0.857653826388889 0.4990072453703704 0.8825842870370371 0.47324709953703703 0.9749977407407407 0.44621397916666666 0.9794489675925926 0.4435010347222222 0.9793908379629629 0.44266973148148153 0.9721401203703705 0.4133123356481481 0.8926672824074074 0.4316089837962963 0.7298368888888889 0.46043350694444446 0.7417610115740741 0.49290999999999996 0.8112707777777778 0.48345487731481485 0.8196606643518519 0.4866273564814815 0.8272121111111111 0.4990475162037037 0.8372961597222223 0.5317571018518519
0 0.33697531712962964 0.5871050439814814 0.3423264513888889 0.5919519074074073 0.35670049305555557 0.5957501435185185 0.4004441759259259 0.6001051805555555 0.49283301620370373 0.5939579861111112 0.49039599074074075 0.5803448240740741 0.3902441296296296 0.5843199143518518 0.3723456087962963 0.5805592916666666 0.38498522916666666 0.5701731296296296 0.41136056944444443 0.559766261574074 0.48592970601851854 0.5456760925925925 0.48436463888888887 0.5445324791666667 0.47872147453703706 0.5116167800925926 0.4118591921296296 0.5191116134259259 0.2776955740740741 0.5304772476851851 0.2840486087962963 0.562925625 0.3661390138888889 0.5555145671296297 0.3692836828703704 0.5580096180555556 0.3423697870370371 0.5739884606481481 0.33697531712962964 0.5871050439814814