2 0.772566125 0 0.7719919490740741 0.004564071759259259 0.7612917638888889 0.05643303472222222 0.7522439814814815 0.0926488587962963 0.7641566921296297 0.104228625 0.7532129375 0.13613512962962962 0.749361837962963 0.15450613425925927 0.779994337962963 0.18032753935185186 0.782069775462963 0.14027389583333333 0.7896486412037037 0.08136456944444444 0.8160240972222221 0.0007846157407407407 0.8150908611111112 0 0.772566125 0
2 0.5643877592592593 0 0.5599995740740741 0.00733425 0.5174321458333333 0.050143861111111104 0.45301710416666663 0.10409205555555555 0.43419487962962966 0.13063659953703705 0.43631939814814813 0.13643906018518517 0.42278862500000003 0.15126858333333335 0.4104510601851852 0.17764861805555554 0.3862653148148148 0.19689989351851853 0.36383441203703704 0.21932322685185188 0.3756532453703704 0.21400157407407405 0.4094021689814815 0.21023674074074072 0.45100893981481477 0.1607247685185185 0.4376793240740741 0.14917583101851853 0.4471360601851852 0.14248206481481482 0.4615689074074074 0.1463127638888889 0.49849524074074075 0.10354910648148147 0.5272772523148148 0.07389020138888888 0.5571908148148148 0.04602881018518518 0.5887590069444445 0.01450566898148148 0.5965728032407407 0 0.5643877592592593 0
2 0.653861099537037 0.6306182592592593 0.6456998287037037 0.6459975069444445 0.6268239351851852 0.6512695810185185 0.5977856157407407 0.7532197731481481 0.6220812152777777 0.7718741898148148 0.6477581782407407 0.6825984884259259 0.657977125 0.6561795972222222 0.6869309629629629 0.6343963402777777 0.6935240324074073 0.6151771388888889 0.6861794814814814 0.6106868541666666 0.7092489074074074 0.5470338263888889 0.6809929097222223 0.5481016944444445 0.6795520162037036 0.5488932662037037 0.6378629166666667 0.6305524675925925 0.653861099537037 0.6306182592592593
2 0.08639156481481482 0.7591371574074074 0.04103842824074074 0.7674887037037037 0.0434789837962963 0.7755398981481482 0.11614241898148148 0.7645808657407407 0.16704243287037035 0.7581741875 0.2160679652777778 0.7539980092592593 0.21370850462962962 0.7434634444444443 0.16868862731481482 0.7480654537037036 0.1524650949074074 0.7481260046296296 0.11478113194444443 0.7548948055555555 0.08639156481481482 0.7591371574074074
2 1 0.7890520069444444 0.9963953402777778 0.7868105069444444 0.9749425023148148 0.7746780949074074 0.9850510347222223 0.7876579953703704 0.9714176875 0.7855242083333333 0.9723240324074075 0.788247488425926 0.972551638888889 0.7898669884259258 1 0.8064244930555555 1 0.7890520069444444
2 0.9529667337962963 0.49163825694444446 0.9347668912037037 0.49653130324074074 0.9655121180555555 0.5109131921296296 0.9999486203703704 0.5220203171296296 0.9994421064814815 0.5076383449074074 0.9793929421296297 0.5021670717592592 0.9529667337962963 0.49163825694444446
3 0.3375486087962963 0.1956889976851852 0.3393824398148148 0.19543126851851852 0.35477793750000003 0.1985270902777778 0.3566117662037037 0.19826936342592594 0.3679046898148148 0.19878605324074072 0.36973851851851847 0.19852832638888887 0.3824303564814815 0.1956927013888889 0.384119212962963 0.19440344444444443 0.39299841898148147 0.19105174537037037 0.394687275462963 0.18976248842592594 0.40144270833333334 0.1846054583333333 0.40129773611111114 0.18357393055555557 0.4094520810185185 0.17506458564814814 0.4093071087962963 0.17403305555555557 0.4179905347222222 0.15598221990740743 0.41784556250000005 0.15495069212962964 0.41692492592592595 0.1350939074074074 0.41494612268518516 0.1343201064814815 0.40982874305555556 0.12452027083333334 0.4078499421296296 0.12374646990740741 0.39935484722222225 0.11652514814814816 0.3973760462962963 0.1157513449074074 0.38564820833333335 0.11214006712962962 0.38381437731481477 0.11239779629629629 0.37691397453703707 0.11652329398148148 0.3750801458333334 0.11678102314814814 0.36576602314814816 0.11703813425925925 0.3637872222222222 0.11626433333333333 0.3360839976851852 0.10543111342592593 0.33425016898148147 0.1056888425925926 0.3070326666666667 0.11161781944444445 0.30534380787037035 0.11290707638888889 0.2946307731481482 0.11651650462962963 0.2929419166666667 0.11780576157407407 0.2808299675925926 0.12476750231481482 0.2791411087962963 0.12605675925925924 0.26085361805555557 0.14230164814814814 0.2609985902777778 0.14333317592592593 0.2570917916666667 0.15545318287037038 0.2572367638888889 0.15648471064814815 0.25796162499999997 0.1616423587962963 0.2611002013888889 0.1706683935185185 0.26307900462962963 0.17144219444444445 0.27780044675925925 0.18304797916666668 0.2796342777777778 0.18279025000000002 0.28938331481481483 0.18562772685185183 0.2912171435185185 0.18537 0.30405395138888885 0.1835659050925926 0.30603275462962964 0.18433970601851854 0.3375486087962963 0.1956889976851852
3 0.36382313657407406 0.049989349537037035 0.3655119930555556 0.04870009259259259 0.3739562824074074 0.04225380787037037 0.3738113101851852 0.041222277777777774 0.37704405555555554 0.037612233796296295 0.37689908333333333 0.03658070601851852 0.3753043912037037 0.025233884259259258 0.373325587962963 0.024460081018518518 0.36724421296296295 0.02110714814814815 0.3654103819444444 0.021364877314814817 0.29022336111111113 0.031931724537037035 0.28853450462962965 0.03322098148148148 0.28887525462962965 0.04895164814814815 0.30007401157407404 0.06210441666666667 0.3020528125 0.06287821759259259 0.3119468217592593 0.06674722453703703 0.313780650462963 0.06648949537037037 0.32690740277777774 0.06674845833333333 0.32859626157407407 0.06545920138888889 0.3476086134259259 0.05437196064814814 0.34944244212962966 0.054114231481481485 0.36382313657407406 0.049989349537037035
3 0.4516511875 0.022919270833333335 0.4496723842592592 0.022145469907407407 0.42042527546296293 0.013633037037037036 0.41859144444444446 0.013890766203703704 0.38008102083333334 0.019303053240740744 0.37839216203703707 0.020592310185185186 0.3790228564814815 0.038386034722222226 0.3957231018518519 0.05076562037037037 0.3977019027777778 0.051539421296296295 0.4073059675925926 0.053345370370370376 0.4091397986111111 0.053087641203703705 0.4128074583333333 0.0525721875 0.4144963148148148 0.05128292824074074 0.4519411296296296 0.0249823287037037 0.4517961597222222 0.023950800925925924 0.4516511875 0.022919270833333335
3 0.3041630092592592 0.25087241435185187 0.3081206134259259 0.25242001851851853 0.31236816203703704 0.25603067824074077 0.3142019907407408 0.2557729513888889 0.31926856481481486 0.2519051782407407 0.3211023935185185 0.2516474513888889 0.3278578240740741 0.24649042361111112 0.32911176620370375 0.2421065787037037 0.30874386111111113 0.23024244675925926 0.3063301435185185 0.22637405787037038 0.29571127546296294 0.2173474074074074 0.29035475694444446 0.21915212037037038 0.2800766388888889 0.22585613425925927 0.2782428101851852 0.22611386111111112 0.2682038287037037 0.22121332638888888 0.2870712083333333 0.20909455555555553 0.28649131944444445 0.2049684375 0.2845125185185185 0.20419463657407408 0.2643403912037037 0.20702964351851852 0.2565701574074074 0.20496596759259259 0.2559902685185185 0.20083985185185185 0.25019883564814815 0.19954997685185186 0.23610808564814814 0.2057379166666667 0.2276637962962963 0.21218420370370372 0.22853362731481483 0.21837337962962963 0.24537884490740738 0.23178449305555554 0.2563335 0.2298942824074074 0.2632834675925926 0.23277450925925927 0.2717773217592593 0.23333394907407407 0.2702334375 0.23565473611111112 0.27250218287037037 0.2384915949074074 0.2839400763888889 0.24003981481481482 0.29581288657407406 0.2446826226851852 0.2959578587962963 0.24571415277777778 0.30189426388888885 0.24803555555555554 0.3041630092592592 0.25087241435185187
3 0.4923449537037037 0.3390826736111111 0.49036615046296295 0.33830887268518517 0.4845747175925926 0.3370189976851852 0.4827408888888889 0.33727672685185184 0.46807024999999997 0.3393385486111111 0.46638139351851854 0.34062780555555555 0.4541244722222222 0.34655801851851853 0.4524356134259259 0.34784727546296296 0.4407585810185185 0.3579036064814815 0.44090355324074076 0.35893513657407405 0.44206332870370374 0.36718737037037036 0.44983356481481485 0.3692510462962963 0.4496885925925926 0.3682195162037037 0.46011168287037035 0.3625470300925926 0.4619455138888889 0.36228930324074077 0.48506043981481484 0.35378119444444445 0.4867492986111111 0.3524919351851852 0.49504861574074077 0.3450141203703704 0.4949036435185185 0.3439825925925926 0.4923449537037037 0.3390826736111111
3 0.4337640138888889 0.37466518518518516 0.4355978425925926 0.37440745601851855 0.4372867013888889 0.37311819907407406 0.43714172916666666 0.3720866712962963 0.44220830092592595 0.3682188981481481 0.44206332870370374 0.36718737037037036 0.4403236666666666 0.35480901851851854 0.43834486342592593 0.3540352175925926 0.43593114583333337 0.35016682870370375 0.4339523449074074 0.3493930277777778 0.42787096759259263 0.3460400949074074 0.4260371388888889 0.34629782175925927 0.4182669027777778 0.34423414583333334 0.4164330740740741 0.344491875 0.396115974537037 0.34629535185185184 0.39442711574074074 0.3475846087962963 0.39389803472222223 0.357126099537037 0.3960218078703704 0.35893143055555554 0.3978556365740741 0.35867370370370366 0.41436010648148147 0.356354150462963 0.4163389074074074 0.3571279537037037 0.4202965115740741 0.3586755555555556 0.42044148148148147 0.35970708564814813 0.4235800601851852 0.36873312037037037 0.42555886111111113 0.3695069212962963 0.4337640138888889 0.37466518518518516
3 0.7724601527777778 0.9350648981481482 0.7742939837962963 0.9348071689814815 0.7907984513888889 0.9324876180555556 0.7924873078703704 0.9311983611111111 0.7972639375 0.9252675300925927 0.7971189652777778 0.924236 0.7947994143518519 0.9077315324074073 0.792820613425926 0.9069577314814815 0.7796430555555555 0.893031162037037 0.7776642523148148 0.8922573587962963 0.7656464699074074 0.8865830231481482 0.7638126412037037 0.8868407500000001 0.742480738425926 0.881423525462963 0.7406469074074075 0.8816812523148149 0.7311878148148148 0.8809068333333334 0.7293539861111111 0.8811645625 0.7128495185185185 0.8834841134259259 0.7111606597222222 0.8847733703703704 0.7003026527777778 0.8873512685185185 0.6986137962962963 0.8886405254629629 0.677912585648148 0.9010170231481481 0.6780575578703704 0.9020485532407407 0.6700481851851853 0.9115894259259258 0.6701931574074074 0.9126209560185186 0.6689392152777778 0.917004800925926 0.677289337962963 0.9231945925925926 0.6791231689814815 0.9229368657407407 0.6907060347222221 0.9255166157407407 0.6908510069444445 0.9265481435185186 0.7008899861111111 0.9314486805555555 0.7027238171296296 0.931190951388889 0.7123278819444444 0.932996900462963 0.7141617106481482 0.9327391712962964 0.7724601527777778 0.9350648981481482
3 0.8556057407407408 0.9012895694444445 0.8536269398148149 0.9005157685185184 0.8320050925925926 0.8930354837962964 0.8301712615740741 0.8932932106481482 0.8101441064814815 0.8971597476851852 0.8084552500000001 0.8984490046296296 0.7966332453703703 0.9074738055555556 0.7967782152777778 0.9085053356481482 0.7995326828703704 0.9281043888888889 0.8150731550925926 0.9322317407407407 0.8169069837962963 0.9319740138888889 0.8392028842592593 0.9309443356481482 0.8410367152777778 0.9306866087962964 0.8610638703703705 0.9268200717592593 0.8627527268518519 0.9255308148148148 0.8622670046296297 0.9087686180555556 0.8602882037037036 0.9079948171296296 0.8556057407407408 0.9012895694444445
3 0.11385247916666667 0.6531484444444444 0.11554133796296295 0.6518591874999999 0.13146591666666665 0.6454135185185186 0.13315477546296298 0.6441242615740741 0.14975340740740742 0.6291686319444445 0.1496084375 0.6281371018518519 0.15578397916666667 0.6188539560185184 0.15563900694444446 0.617822425925926 0.15954580555555556 0.6057024212962964 0.15940083333333332 0.6046708912037038 0.15640722685185185 0.5966763865740741 0.15442842592592593 0.5959025856481481 0.13956200925925927 0.5832652708333333 0.13758320833333335 0.5824914699074074 0.11412753009259259 0.5752689143518519 0.11229370138888889 0.5755266412037037 0.0820825925925926 0.5734611134259259 0.08024876388888888 0.5737188402777778 0.03483793518518519 0.5832566273148148 0.033149078703703705 0.5845458842592592 0.023305875 0.5943444861111111 0.02345084722222222 0.5953760162037037 0.018964162037037036 0.6033699050925926 0.01910913425925926 0.6044014328703704 0.026502703703703705 0.6570094259259259 0.036541685185185184 0.6619099606481482 0.038375516203703705 0.6616522337962963 0.051937182870370364 0.6650057824074074 0.05377101388888889 0.6647480555555555 0.07408811342592593 0.6629445763888889 0.07592194212962963 0.6626868495370369 0.09778292824074074 0.6585625833333333 0.09947178472222223 0.6572733263888888 0.11385247916666667 0.6531484444444444
3 0.13531446296296298 0.579654611111111 0.1354594351851852 0.5806861388888889 0.14337464120370372 0.5837813449074074 0.14351961342592592 0.584812875 0.15795111342592594 0.594355599537037 0.15978494212962963 0.5940978726851852 0.1694831736111111 0.5832677407407407 0.16933820138888891 0.5822362106481481 0.16870750694444445 0.5644424861111111 0.16672870601851852 0.5636686851851852 0.16006744212962964 0.5561896342592593 0.15808863888888888 0.5554158333333333 0.14394708333333334 0.5479361666666667 0.1421132523148148 0.5481938935185185 0.11542483333333334 0.5445813819444444 0.11359100231481482 0.5448391087962963 0.07860326620370371 0.548704412037037 0.0769144074074074 0.5499936689814815 0.055633310185185185 0.5582440509259259 0.0539444537037037 0.5595333078703704 0.038599761574074076 0.5701050925925926 0.038744733796296296 0.5711366226851852 0.033968104166666666 0.5770674537037037 0.034113076388888885 0.5780989814814815 0.03440302083333333 0.5801620393518518 0.049218629629629626 0.5791317453703704 0.05090748842592593 0.5778424884259259 0.08010379166666667 0.5726873124999999 0.0820825925925926 0.5734611134259259 0.10452346527777777 0.5734629652777777 0.10650226851851852 0.5742367662037037 0.11977399305555556 0.5755272592592593 0.12175279398148148 0.5763010601851852 0.13531446296296298 0.579654611111111
3 0.6045593958333334 0.9113261435185186 0.6027255671296297 0.9115838703703704 0.5951003032407407 0.910551724537037 0.593266474537037 0.9108094513888888 0.580574636574074 0.9136450763888889 0.5788857800925926 0.9149343333333333 0.5718404050925926 0.9180283032407408 0.5719853773148148 0.9190598333333333 0.5673537199074075 0.9260221921296297 0.5674986898148148 0.9270537222222223 0.5679336064814815 0.9301483101851852 0.5957309976851852 0.928345449074074 0.5977097986111111 0.9291192500000001 0.6183168425925927 0.9293788310185185 0.6201506712962962 0.9291211018518518 0.6255071898148148 0.9273163888888889 0.6253622175925926 0.9262848587962963 0.6228035277777778 0.9213849421296296 0.6208247268518519 0.9206111412037037 0.6045593958333334 0.9113261435185186
3 0.36896416898148143 0.44583452777777777 0.37079799999999996 0.44557680092592594 0.38899132407407405 0.4419679907407407 0.3888463518518519 0.44093646296296296 0.38667177314814816 0.4254635231481481 0.3846929722222222 0.42468972222222223 0.3839681111111111 0.41953207638888884 0.3819893101851852 0.41875827546296296 0.37716187500000004 0.41102149768518514 0.3753280439814815 0.4112792245370371 0.3519231736111111 0.4177242754629629 0.3499443726851852 0.41695047453703704 0.34357305092592594 0.41153448379629626 0.34173921990740735 0.4117922106481482 0.33807156250000003 0.4123076666666667 0.3363827037037037 0.4135969236111111 0.32977224537037036 0.4197854814814815 0.32991721759259257 0.4208170115740741 0.33093202083333334 0.4280377152777778 0.33503459490740745 0.4306168472222222 0.33517956712962965 0.43164837731481476 0.3337806550925926 0.4350006921296296 0.3357594560185185 0.4357744953703704 0.348357125 0.4455749490740741 0.3500459837962963 0.4442856898148148 0.3555474722222222 0.4435125069444445 0.35752627546296295 0.4442863078703703 0.36896416898148143 0.44583452777777777
3 0.43782322916666666 0.40354800231481486 0.44069677777777777 0.4003390763888889 0.4500801481481482 0.39761779166666666 0.4505843148148148 0.39824820370370373 0.45714004166666666 0.39842885185185184 0.4557266087962963 0.39787613657407406 0.46047185185185185 0.3961573310185185 0.4588143819444444 0.3932345625 0.4548567777777778 0.3916869606481481 0.45442186111111116 0.3885923726851852 0.45611071990740737 0.3873031157407407 0.4536970023148148 0.3834347268518518 0.4517182013888889 0.38266092592592593 0.4315460740740741 0.3854959328703704 0.42831332870370376 0.3891059768518519 0.4286032731481481 0.39116903472222225 0.42353669907407404 0.39503680555555554 0.4162013819444445 0.3960677175925926 0.40959092129629626 0.40225627546296294 0.4077570925925926 0.40251400462962966 0.40085668981481476 0.4066395046296296 0.4011466342592592 0.4087025625 0.40312543518518523 0.4094763634259259 0.4037053217592593 0.4136024814814815 0.405684125 0.4143762824074074 0.4062640115740741 0.41850239814814816 0.4082428148148148 0.4192762013888889 0.40853275925925925 0.4213392592592593 0.4100766435185185 0.41901847222222227 0.41191047453703705 0.41876074537037034 0.4188108773148148 0.41463524537037033 0.41668710416666666 0.41282991435185185 0.42006481944444446 0.41025140046296293 0.4257112800925926 0.4105097453703704 0.4290889953703704 0.40793123148148147 0.43092282407407406 0.40767350231481486 0.43080924074074073 0.40242994675925925 0.43782322916666666 0.40354800231481486
3 0.47035938657407406 0.39406646064814815 0.46137307175925923 0.3981344814814815 0.45892796527777774 0.39847811805555555 0.4651857037037037 0.39865055555555556 0.4671645046296296 0.3994243564814815 0.4708321643518519 0.39890890046296296 0.4728109652777778 0.3996827013888889 0.48029125694444447 0.39968331944444446 0.47971136805555553 0.3955572013888889 0.4775875949074074 0.39375187037037035 0.4802469236111111 0.39197558796296295 0.4864668009259259 0.3904001736111111 0.49027943055555556 0.3909162453703704 0.49013445833333336 0.3898847175925926 0.4734850185185185 0.3911727384259259 0.47035938657407406 0.39406646064814815
1 0.6377481643518519 0.6285384212962962 0.5622394907407408 0.6740736759259259 0.5716949930555556 0.6814755925925925 0.6292198703703704 0.6503543078703703 0.6138137314814814 0.693754125 0.6435420949074073 0.6950459745370371 0.6964733333333334 0.5899903101851852 0.6621074861111111 0.5902969282407408 0.6377481643518519 0.6285384212962962
1 0.4618234027777778 0.14719215277777778 0.49423707638888886 0.10771350462962964 0.4801889421296296 0.08360062962962962 0.4442307685185185 0.11116496064814815 0.43564523148148143 0.13656536574074074 0.4212950208333333 0.1488908125 0.4062831504629629 0.18445113194444446 0.42122638888888886 0.19497384027777778 0.4527775462962963 0.16266416666666667 0.46479471527777777 0.19095451851851852 0.48265460416666667 0.18497319212962962 0.4618234027777778 0.14719215277777778
1 0.1536725138888889 0.7608421342592593 0.18627627314814815 0.7573118796296296 0.18263537500000002 0.7460422523148148 0.15074556944444442 0.7479995023148148 0.10032033101851852 0.7564537824074073 0.10033198148148148 0.7671815625 0.13559950231481482 0.7626457986111111 0.0889862824074074 0.7942321666666666 0.09369265972222222 0.7997769606481482 0.1536725138888889 0.7608421342592593