2 0.49374383101851854 0.9372363148148147 0.5306396875 0.9188590462962963 0.498073662037037 0.906427974537037 0.4292691921296296 0.9414523587962963 0.36572537499999996 0.9754208287037037 0.3629712407407407 0.9756321759259259 0.4052925046296296 0.9839924074074075 0.49374383101851854 0.9372363148148147
2 0.6190069722222223 0.9161869467592593 0.6089355231481481 0.9008770162037038 0.5632897546296296 0.8872061250000001 0.5407113101851851 0.8737663518518518 0.5148946134259259 0.8689225162037038 0.4594127175925926 0.8478476828703704 0.39719200462962967 0.8215807546296297 0.36220729398148144 0.8118392407407408 0.33272549074074076 0.799243212962963 0.3318900509259259 0.8003226319444444 0.3014873703703704 0.8159845578703704 0.2959965578703704 0.8091726111111112 0.30456721990740737 0.7940702939814814 0.2176917777777778 0.7812623310185186 0.21178008101851853 0.7991507060185186 0.1988793773148148 0.8112321087962963 0.24669085648148148 0.8191484074074075 0.2943322337962963 0.8282750324074074 0.33939255787037037 0.8412465300925925 0.39411831018518517 0.8555764143518518 0.44159058333333334 0.8779566365740741 0.46017284722222224 0.9029153125 0.4714133888888889 0.8978563865740741 0.5598683194444445 0.9259963449074073 0.603942150462963 0.9533220949074074 0.6190069722222223 0.9161869467592593
2 0.5283120601851852 0.7125270949074074 0.5098210925925927 0.7001666921296297 0.4989198125 0.6914349212962962 0.44331069444444443 0.6286774675925926 0.43411072453703703 0.6427937175925926 0.4310612916666667 0.6582792824074074 0.5142963749999999 0.7444426435185185 0.5302330833333333 0.7728818171296297 0.5459505856481481 0.7699481273148149 0.5902184166666666 0.804426037037037 0.5896506041666667 0.767375326388889 0.5701770208333333 0.7538482986111111 0.5283120601851852 0.7125270949074074
2 0.21098588425925927 0.4563148310185185 0.2574556967592593 0.5183114513888889 0.267224025462963 0.5166174166666666 0.2697837430555556 0.5354532662037037 0.28734929398148146 0.5523026365740741 0.32255103472222224 0.5670115856481481 0.33331195601851854 0.5623714652777777 0.3614334722222222 0.5596476041666667 0.3901231388888889 0.5980886134259259 0.39960694907407407 0.5860693124999999 0.36029811111111115 0.5512598148148148 0.3592373240740741 0.5403205370370371 0.34755339583333333 0.5474116064814815 0.3403996157407408 0.5448727662037037 0.27360225231481483 0.49593343055555555 0.24364147916666667 0.4603993611111111 0.2081480277777778 0.41071686342592595 0.18329732175925925 0.3930867384259259 0.16140689351851853 0.3733293819444444 0.11082068749999999 0.3035732453703704 0.09942063425925926 0.281924125 0.09601726851851852 0.28967403703703704 0.10140218981481482 0.2945449513888889 0.0948894375 0.31004869212962965 0.09453736805555556 0.3249035185185185 0.11345219675925927 0.34861859953703705 0.15481800925925923 0.40374543055555556 0.17267137037037036 0.4082929143518519 0.17485720370370372 0.4276185324074074 0.21098588425925927 0.4563148310185185
2 0.4809684259259259 0.7802453125 0.48427967361111113 0.7811594884259259 0.5031342777777777 0.7938515046296296 0.5299988148148148 0.8089782800925925 0.5867935856481482 0.8645717638888889 0.588846962962963 0.8412790046296296 0.588483275462963 0.8403489675925926 0.5585513287037037 0.8103730023148148 0.5237946898148148 0.7832159675925925 0.4844580625 0.7554152569444444 0.4809684259259259 0.7802453125
3 0.8741534305555555 0.14304265277777778 0.8751849583333333 0.14318762499999999 0.888594837962963 0.14507226157407407 0.8898840972222223 0.14338340277777778 0.9004571157407407 0.14299929398148148 0.9017463726851852 0.14131043518518518 0.9048409606481482 0.14174535185185186 0.9061302175925926 0.14005649305555556 0.9154133634259259 0.1338809513888889 0.9167026226851852 0.1321920925925926 0.9386193773148148 0.09600121990740741 0.9388771041666666 0.09416738888888888 0.9435168263888889 0.06863874537037037 0.9427430231481482 0.06665994212962963 0.9223701666666666 0.061926673611111115 0.876467425925926 0.05921556712962963 0.8762096967592592 0.06104939583333334 0.857645875 0.10332164583333334 0.8573881481481481 0.10515547685185185 0.8573893819444445 0.12011605787037037 0.8581631828703704 0.1220948587962963 0.861258388888889 0.13001006712962962 0.8622899166666668 0.13015503935185185 0.8741534305555555 0.14304265277777778
3 0.8473731828703704 0.6180120069444444 0.8471154537037037 0.6198458356481481 0.8468583425925926 0.6291599560185185 0.8476321435185185 0.6311387592592593 0.8553695393518518 0.6434464837962963 0.8564010694444444 0.6435914560185186 0.8636217731481481 0.6446062615740741 0.8643955740740741 0.6465850625 0.8729067708333333 0.6608715902777779 0.8739383009259258 0.6610165625 0.8767751597222222 0.6632853078703703 0.8780644189814815 0.6615964513888889 0.9010157893518518 0.6629520046296297 0.9023050462962963 0.6612631458333333 0.9151976180555556 0.6443745694444445 0.9154553472222223 0.642540738425926 0.917517787037037 0.6353503912037036 0.9167439861111112 0.6333715902777778 0.9164856412037038 0.6277251296296297 0.9157118402777777 0.6257463263888888 0.9092637013888889 0.6117497430555555 0.9095214282407407 0.6099159120370371 0.9069416805555556 0.5983330462962962 0.905910150462963 0.598188074074074 0.8927579976851852 0.5944696087962963 0.8919841967592593 0.5924908078703703 0.8912103958333333 0.5905120046296296 0.8914681250000001 0.588678175925926 0.8906937060185185 0.5792190833333334 0.8909514328703703 0.5773852546296296 0.8948179699074074 0.5573580972222222 0.8940441689814814 0.5553792962962963 0.892238837962963 0.5532555231481481 0.8710940324074073 0.5689843240740741 0.8700625023148149 0.5688393518518519 0.8538157638888889 0.5646859722222223 0.8525265069444444 0.5663748287037037 0.8455653819444444 0.5859670694444444 0.8453076527777778 0.5878008981481482 0.8440196319444445 0.604450337962963 0.8447934328703703 0.6064291388888889 0.8473731828703704 0.6180120069444444
3 0.8419565717592592 0.6041603935185186 0.8422143009259259 0.6023265648148148 0.8445338518518518 0.5858220972222222 0.8458231087962963 0.5841332384259259 0.8548460578703704 0.5498703611111111 0.855103787037037 0.5480365324074074 0.8538139120370369 0.5422450972222222 0.8527823819444444 0.5421001273148148 0.8357618402777777 0.5359679421296296 0.8264793125 0.5496237777777778 0.8272531134259259 0.5516025787037037 0.8184897453703704 0.6064725000000001 0.8192635462962963 0.6084513009259259 0.8202956944444445 0.6160765648148149 0.8213272222222222 0.616221537037037 0.834220412037037 0.60681325 0.8352519421296297 0.6069582222222223 0.8419565717592592 0.6041603935185186
3 0.4695887175925926 0.7238722013888889 0.47087797453703706 0.7221833449074074 0.47474574537037034 0.7171167708333334 0.47500347453703706 0.7152829421296296 0.47577665740740743 0.7097814513888889 0.47474512962962967 0.7096364791666666 0.45488649305555556 0.6862749699074073 0.45385496296296296 0.6861299976851852 0.45076037731481483 0.6856950810185185 0.4463783842592593 0.7093898958333333 0.4471521851851852 0.7113686990740741 0.44741053009259263 0.7170151597222222 0.4484420601851852 0.7171601319444444 0.45076346296296294 0.723096537037037 0.45179499305555554 0.7232415092592593 0.4662364027777778 0.7252711157407407 0.4675256597222222 0.7235822592592592 0.4695887175925926 0.7238722013888889
3 0.4680355578703704 0.6525919791666667 0.4690670879629629 0.652736951388889 0.47216167592592595 0.6531718680555556 0.4734509328703704 0.6514830092592592 0.4773187037037037 0.6464164375 0.47809250462962966 0.648395238425926 0.47654613888888886 0.6593982175925925 0.4773199398148148 0.6613770185185186 0.4793829976851852 0.6616669629629629 0.47964072453703704 0.6598331319444445 0.48247696759259256 0.6546215879629629 0.4827346967592593 0.6527877569444444 0.4822180046296296 0.6414948356481481 0.4835072615740741 0.6398059768518519 0.48685896064814815 0.6309267731481482 0.4871166898148149 0.6290929421296296 0.4891785115740741 0.6144223055555555 0.48840471064814817 0.6124435023148149 0.4881463657407408 0.6067970416666667 0.4871148356481481 0.6066520694444444 0.48118277083333333 0.5964681180555554 0.48015124305555557 0.5963231458333333 0.4718983912037037 0.5876830787037037 0.46519375925925927 0.5904809050925925 0.46390450231481484 0.5921697638888889 0.4530749884259259 0.6093482847222221 0.45281726157407404 0.6111821157407407 0.4507554375 0.6258527523148147 0.4515292384259259 0.6278315555555556 0.4561720462962963 0.6397043657407407 0.45720357638888887 0.639849337962963 0.4680355578703704 0.6525919791666667
3 0.49304196296296293 0.5569936944444445 0.49819899074074075 0.5502382638888889 0.4992299027777778 0.5429029444444444 0.4976823009259259 0.5389453402777777 0.4929296550925926 0.5353387476851852 0.491493125 0.5380755092592593 0.4881770092592593 0.5317321550925926 0.4834243657407407 0.5281255625 0.4829819282407407 0.5237889814814815 0.48452891435185186 0.5202662939814815 0.4829813101851852 0.5163086898148148 0.48195039814814816 0.5236440092592592 0.47937188425925925 0.527021724537037 0.47867171990740737 0.5245189722222222 0.4742142384259259 0.5262968634259259 0.473919074074074 0.5209123796296296 0.4644137847222222 0.5136991944444445 0.459772212962963 0.5167869652777778 0.45925675694444446 0.5204546250000001 0.4600305578703704 0.5224334259259259 0.4638989467592593 0.5248471458333334 0.4646727476851852 0.5268259467592592 0.4729249814814815 0.5279857222222222 0.4876253541666667 0.5431420833333334 0.4842742731481482 0.5595015787037037 0.4907211759259259 0.5585375810185185 0.49304196296296293 0.5569936944444445
3 0.49355247916666667 0.4934837060185185 0.49742025 0.4884171342592593 0.49819405324074073 0.4903959351851852 0.4981946689814815 0.49787622685185184 0.5025791319444445 0.5041025763888889 0.5067052476851852 0.504682462962963 0.5113468217592593 0.5015946921296296 0.5139241018518518 0.4832563935185185 0.5123764976851851 0.47929879166666667 0.5121181527777777 0.4736523287037037 0.50979675 0.46771592361111114 0.5061860879629629 0.4634683773148148 0.49896538425925924 0.46245357407407406 0.4938083541666667 0.4692090046296296 0.49329228240740736 0.4653963726851852 0.48916616435185184 0.4648164837962963 0.48271987962962964 0.4732607731481482 0.4822044236111111 0.4769284328703704 0.48323656944444443 0.4845536967592593 0.4816902013888889 0.49555667361111105 0.4804009444444444 0.4972455324074074 0.4793700324074074 0.5045808518518519 0.4801438333333333 0.5065596527777777 0.4902013981481481 0.5098432037037037 0.4914906550925926 0.5081543449074074 0.49355247916666667 0.4934837060185185
1 0.5250365324074074 0.7694399166666668 0.5355843958333333 0.7767194791666667 0.5497900231481482 0.7340217291666667 0.5214980023148148 0.7018077754629629 0.5270080115740741 0.5974852870370371 0.5175188680555556 0.6073719814814815 0.511980125 0.6759724560185185 0.5089640277777777 0.6891999444444444 0.476572650462963 0.6681911828703704 0.4670852986111111 0.6997707222222223 0.5208059652777778 0.7531369189814815 0.5250365324074074 0.7694399166666668
1 0.30811380092592594 0.5218404861111111 0.27260169444444443 0.49609201851851853 0.2439481759259259 0.45821710416666667 0.22950917592592593 0.48536063194444445 0.25834297916666665 0.5204558055555556 0.21434946064814817 0.5288593194444444 0.21352559490740738 0.5451999814814814 0.27020692361111115 0.538579625 0.29831754629629625 0.5601087939814815 0.30811380092592594 0.5218404861111111
1 0.19135601851851852 0.3302074652777777 0.19430078472222223 0.3900889490740741 0.18272200694444443 0.3901447037037037 0.17658400694444443 0.38441993287037035 0.16147083796296297 0.36696149537037037 0.15051344907407407 0.39702539814814813 0.20885108796296295 0.46169976157407405 0.22303205324074074 0.4326499166666667 0.20652561111111112 0.40639343518518517 0.20995394675925924 0.3887357615740741 0.19793135416666666 0.323090349537037 0.19135601851851852 0.3302074652777777
1 0.14130657175925926 0.3899342962962963 0.16255731018518518 0.40788130324074073 0.1734656226851852 0.40810533101851854 0.17939503240740742 0.3861240324074074 0.14702856481481483 0.3544594814814815 0.11517675 0.3094028912037037 0.11478997222222222 0.3099095486111111 0.10483790740740741 0.33506560185185186 0.12802419675925925 0.37067610648148147 0.1277414375 0.38166966898148147 0.1241317037037037 0.3886425578703704 0.1033210787037037 0.39151497453703704 0.10342509722222222 0.4020018773148148 0.12565408796296296 0.39951580555555555 0.14130657175925926 0.3899342962962963