2 0 0.31674118287037034 0.07917228472222222 0.31793306944444444 0.1125011574074074 0.31360698842592594 0.23039820601851854 0.3043721782407407 0.2719239652777778 0.30413965509259255 0.27532744444444446 0.2913824236111111 0.18980789351851854 0.2975157152777778 0.12582825462962963 0.30148796527777777 0.12451008101851853 0.3010759421296296 0.06971493287037037 0.3079094907407407 0.06839675925925925 0.3074974675925926 0.009408868055555556 0.3090349189814815 0 0.3089106365740741 0 0.31674118287037034
2 0.5318491111111111 0.8024137476851853 0.5828137592592593 0.8000045370370371 0.6338286296296296 0.7933781458333333 0.6416507037037037 0.7802993773148148 0.5968520324074075 0.7852636921296297 0.5952424606481481 0.7850839976851852 0.5483992939814815 0.7892475578703704 0.46792561574074076 0.7980994953703703 0.4620696967592593 0.8072460509259259 0.5318491111111111 0.8024137476851853
2 0.23380722222222225 0.8223150300925925 0.28664903009259257 0.8158221319444444 0.3953148981481482 0.8119679212962964 0.39712789814814814 0.8006349930555556 0.32620475000000004 0.8062322222222222 0.3062844375 0.8116484976851852 0.29458055324074073 0.8085133611111112 0.26568644212962966 0.8063591273148148 0.22965506481481482 0.8101734050925926 0.22922028703703703 0.8230024814814816 0.23380722222222225 0.8223150300925925
2 0.6608072384259259 0.7858971666666666 0.6639407013888889 0.7952947939814814 0.6991463449074075 0.7854580902777778 0.7143633726851852 0.7764409976851852 0.7328298425925927 0.7738044027777777 0.8042840879629629 0.7446975949074074 0.8015125277777778 0.7298770532407408 0.7359320902777777 0.7579376851851852 0.7058619189814814 0.7669064467592592 0.6608072384259259 0.7858971666666666
2 0.5670808310185185 0.9300443611111111 0.6029852615740742 0.9128068981481482 0.6336051782407408 0.8961815208333334 0.6392270208333334 0.880322363425926 0.5665114976851852 0.9104427245370371 0.4795895949074074 0.945606125 0.5049707939814815 0.9508286180555556 0.5670808310185185 0.9300443611111111
2 1 0.664942050925926 0.9628067430555555 0.6743473935185186 0.8873517199074074 0.6991502939814814 0.8288797986111112 0.7219087847222222 0.8226314606481482 0.7356221388888889 0.8922057800925927 0.7133471458333334 0.9782889027777778 0.6867963425925926 1 0.6811447013888888 1 0.664942050925926
3 0.42138303240740743 0.22811232175925925 0.42319441666666663 0.2277273009259259 0.43768549305555554 0.22464712731481484 0.43928030324074074 0.2232432013888889 0.4426864976851852 0.22145425462962964 0.4424699236111111 0.22043534953703703 0.44522639351851856 0.21558969212962964 0.4450098171296296 0.21457078935185184 0.4430606458333333 0.2054006550925926 0.44103268749999996 0.20476677314814815 0.4401663888888889 0.20069115740740742 0.43813842824074073 0.20005727546296298 0.433216212962963 0.19471389583333334 0.43118825231481483 0.1940800138888889 0.424887800925926 0.19115946527777777 0.4230764166666667 0.1915444861111111 0.4093138518518519 0.18914511805555556 0.4075024675925926 0.1895301412037037 0.39460620138888886 0.19120638888888888 0.3930113912037037 0.19261031250000002 0.38235965972222224 0.19593934722222223 0.38076484953703704 0.19734327314814817 0.36873488425925927 0.20309513425925926 0.36714007407407406 0.20449906018518518 0.3611939837962963 0.21215256944444447 0.36141055787037035 0.21317147453703703 0.3608986226851852 0.21966991666666666 0.38088285185185183 0.23352608564814814 0.38269423611111114 0.2331410648148148 0.4063210208333333 0.2195995324074074 0.4083489791666666 0.22023341435185184 0.4142162824074074 0.22111615740740742 0.4144328564814815 0.22213506018518517 0.4173271157407407 0.22684455787037036 0.4193550740740741 0.2274784398148148 0.42138303240740743 0.22811232175925925
3 0.4472147800925926 0.26947889120370366 0.44880958796296294 0.2680749675925926 0.4601898310185185 0.25926639351851855 0.45816187268518516 0.25863250925925924 0.44563975694444447 0.2442551574074074 0.4436117962962963 0.24362127546296294 0.4393393032407407 0.2413346087962963 0.43752791898148147 0.24171962962962965 0.40854576851851854 0.24787997685185184 0.40695095833333333 0.2492839027777778 0.4003551458333333 0.25388069907407407 0.4005717199074074 0.2548996041666667 0.3989769097222222 0.2563035300925926 0.4010048680555556 0.256937412037037 0.4097664282407407 0.26252965046296295 0.40998300462962967 0.26354855555555556 0.41287726157407406 0.2682580509259259 0.41128245138888886 0.26966197685185184 0.3967125902777778 0.28127840277777777 0.3969291643518518 0.28229730555555554 0.3973623125 0.28433511342592593 0.40590729861111113 0.28890844907407404 0.40771868287037033 0.28852342824074073 0.42083152314814815 0.28786608333333336 0.4228594837962963 0.28849996527777777 0.4289433611111111 0.2904016111111111 0.4307547453703704 0.29001659027777776 0.44343443518518516 0.2873214375 0.4432178611111111 0.2863025347222222 0.4472147800925926 0.26947889120370366
3 0.5006507986111112 0.20913356249999998 0.5060849537037038 0.20797849768518517 0.508112912037037 0.20861237962962964 0.5191977939814815 0.20732115277777777 0.5232537106481482 0.20858891666666665 0.5268764814814815 0.2078188726851852 0.530066099537037 0.20501102314814815 0.522033050925926 0.19393924305555554 0.507187613425926 0.18644535648148147 0.5035648449074074 0.18721540046296298 0.5015368842592592 0.18658151851851854 0.4908851527777778 0.18991055092592593 0.486100724537037 0.1941223287037037 0.4871835972222222 0.19921684722222222 0.4796131967592593 0.19922857638888888 0.45957968055555554 0.2029543634259259 0.4731256712962963 0.2043348263888889 0.46663814351851857 0.20944107638888887 0.462907087962963 0.2097016689814815 0.4613122777777778 0.2111055925925926 0.45001082175925927 0.21137791666666667 0.44587611805555555 0.21864640277777778 0.45366309027777774 0.21965357638888888 0.4471755648148148 0.2247598263888889 0.44920352314814815 0.22539370833333333 0.4498532476851852 0.22845041898148147 0.45839823379629635 0.23302375462962963 0.4658603472222222 0.23250257175925929 0.46904996527777776 0.22969472222222223 0.4686168171296296 0.22765691435185184 0.47021162731481486 0.22625298842592592 0.46369459953703707 0.2223135347222222 0.46250343981481484 0.21670956481481482 0.49116072916666664 0.20902086342592593 0.4931886875 0.20965474537037035 0.49862284027777776 0.20849968055555554 0.5006507986111112 0.20913356249999998
3 0.5266793333333334 0.27814669444444445 0.5284907175925926 0.2777616736111111 0.5359528310185185 0.27724049074074075 0.5375476412037037 0.27583656481481483 0.5409538356481481 0.27404761805555555 0.5425486435185185 0.27264369212962963 0.5503061180555556 0.26460516203703704 0.5500895439814815 0.26358625694444443 0.5521962893518518 0.2556838888888889 0.5519797152777778 0.25466498379629626 0.545758050925926 0.24320818287037035 0.5437300902777777 0.2425743009259259 0.5378627893518518 0.24169155787037036 0.5362679791666667 0.2430954837962963 0.5238048634259259 0.24680953935185185 0.5217769027777778 0.2461756574074074 0.5125034074074074 0.2470818611111111 0.5104754467592593 0.24644797916666666 0.5043915694444444 0.2445463333333333 0.5027967592592593 0.24595025694444445 0.49917399074074076 0.24672030092592592 0.49939056481481486 0.2477392060185185 0.5046671458333334 0.26365664351851853 0.5030723356481481 0.26506056944444445 0.49509828703703707 0.27208019675925926 0.4953148611111111 0.27309909953703704 0.4925583912037037 0.2779447569444444 0.5063209560185185 0.280344125 0.5079157662037037 0.2789401990740741 0.5063997430555556 0.2718078726851852 0.5079945532407407 0.2704039467592593 0.509156212962963 0.26696221527777775 0.5111841712962962 0.2675960972222222 0.5205954560185185 0.2762450486111111 0.5226234166666667 0.27687893055555557 0.5266793333333334 0.27814669444444445
3 0.5257324560185185 0.7724792476851852 0.5255158796296296 0.7714603425925927 0.5248661574074074 0.7684036319444445 0.5228381967592592 0.76776975 0.514509787037037 0.7642153171296295 0.5126984027777778 0.7646003402777778 0.5048031412037037 0.7630837152777779 0.5029917546296296 0.7634687361111111 0.49212344907407407 0.7657788657407407 0.4905286388888889 0.7671827916666666 0.4787152476851852 0.7739535578703703 0.4789318217592593 0.774972462962963 0.475958775462963 0.7787992175925926 0.47617535185185184 0.7798181203703705 0.4768250763888889 0.7828748310185185 0.4902922777777778 0.7927915462962963 0.49210366203703704 0.792406525462963 0.4979709652777778 0.7932892685185186 0.49978234953703704 0.7929042453703703 0.5106506574074073 0.7905941157407407 0.5122454652777778 0.7891901898148148 0.5202195138888889 0.7821705624999999 0.5200029398148148 0.7811516597222222 0.5257324560185185 0.7724792476851852
3 0.5717455787037037 0.7573741643518518 0.5697176180555555 0.7567402824074074 0.5663902106481481 0.7499929791666666 0.5643622523148148 0.7493590972222223 0.5580618009259259 0.7464385462962964 0.5562504166666667 0.7468235671296297 0.5469769189814815 0.7477297731481483 0.5453821087962963 0.7491336990740741 0.5417593402777777 0.7499037407407407 0.5401645300925926 0.7513076666666666 0.5369749097222223 0.7541155185185184 0.5371914861111111 0.7551344212962964 0.5350059513888888 0.7715730416666666 0.5397115949074074 0.7758975185185185 0.5417395532407407 0.776531400462963 0.5534741597222222 0.7782968842592592 0.5552855439814814 0.777911863425926 0.5697766180555556 0.7748316898148148 0.5713714282407407 0.7734277638888889 0.5745610486111111 0.7706199143518518 0.5743444745370371 0.7696010092592593 0.5717455787037037 0.7573741643518518
3 0.6059650925925927 0.7224121921296296 0.6039371342592593 0.7217783101851851 0.5922025300925926 0.7200128240740741 0.5903911458333334 0.7203978449074073 0.579522837962963 0.722707976851852 0.5779280277777777 0.724111900462963 0.5711156388888889 0.7276897962962963 0.5713322152777778 0.7287086990740741 0.5734979606481482 0.7388977361111111 0.5826138842592593 0.7550640347222222 0.5846418425925927 0.7556979166666666 0.5905091458333334 0.7565806597222222 0.5923205300925926 0.7561956388888889 0.6081898402777777 0.750692636574074 0.6097846504629629 0.7492887106481482 0.6214602546296296 0.7329627893518519 0.6212436805555556 0.7319438842592592 0.6059650925925927 0.7224121921296296
3 0.5690286805555556 0.7089645069444445 0.5672172962962962 0.7093495277777777 0.564027675925926 0.7121573796296297 0.5654354120370371 0.7187802523148148 0.5585147361111111 0.7218486944444444 0.5564867777777778 0.7212148125 0.5586624166666666 0.7180900208333334 0.5551873287037037 0.7151013912037038 0.5515645601851852 0.7158714328703704 0.549536599537037 0.7152375509259259 0.5477252152777777 0.7156225740740741 0.5413459768518518 0.7212382754629629 0.5426454259259259 0.7273516967592593 0.5410506157407408 0.7287556226851852 0.5479318981481481 0.7299553055555555 0.5425666388888889 0.7358879490740741 0.5445945972222223 0.7365218310185185 0.5450277476851851 0.738559638888889 0.5490836643518519 0.7398274027777778 0.5597353958333333 0.7364983703703705 0.5593022476851852 0.7344605625 0.5608970578703704 0.7330566365740742 0.5618421435185185 0.728596 0.5668431481481482 0.7254031273148148 0.5727104490740741 0.7262858703703704 0.5843072685185186 0.718496199074074 0.5811964351851852 0.7127677986111111 0.5690286805555556 0.7089645069444445
3 0.5043699907407407 0.7610459074074074 0.505964800925926 0.7596419814814815 0.5198061527777779 0.7535050972222223 0.5214009606481481 0.7521011712962964 0.520534662037037 0.7480255578703704 0.5185067037037038 0.7473916759259259 0.5160455949074074 0.7447199861111111 0.5140176365740741 0.7440861041666667 0.5040944143518519 0.7419355972222222 0.5022830300925926 0.7423206180555555 0.49119815046296295 0.7436118449074074 0.4896033402777778 0.7450157685185185 0.4775733726851852 0.7507676319444444 0.4759785625 0.7521715578703704 0.46959932407407406 0.7577872592592593 0.4698158981481481 0.758806162037037 0.4663309166666667 0.7691313611111111 0.47017026157407404 0.7693802222222222 0.4717650717592593 0.7679762962962963 0.47973912037037036 0.7609566689814814 0.4815505046296296 0.7605716481481481 0.48698465740740743 0.7594165833333334 0.48901261574074073 0.7600504652777778 0.49169029861111113 0.7637410578703703 0.49350168518518517 0.763356037037037 0.5043699907407407 0.7610459074074074
3 0.6352818217592593 0.7534535625 0.6354983958333333 0.7544724675925926 0.6363646944444444 0.7585480810185184 0.6386092291666666 0.7602008680555555 0.6404206134259259 0.7598158449074075 0.6494775347222222 0.7578907384259259 0.6492609606481481 0.7568718333333334 0.6509345578703704 0.7469316574074075 0.6491231712962963 0.7473166782407407 0.6400662500000001 0.749241787037037 0.6384714398148148 0.750645712962963 0.6352818217592593 0.7534535625
3 0.4632592986111111 0.8081220277777779 0.46144791435185184 0.8085070486111111 0.4568800601851852 0.8137377291666666 0.4570966342592592 0.8147566319444445 0.45752978472222217 0.8167944398148147 0.4703472638888889 0.8236544444444444 0.4721586481481481 0.8232694212962963 0.47983733333333334 0.8237671435185185 0.48164871990740743 0.8233821203703704 0.5047635671296297 0.8163390324074074 0.5063583773148148 0.8149351064814815 0.5141158518518518 0.8068965763888889 0.5120878912037037 0.8062626944444444 0.4632592986111111 0.8081220277777779
1 0.6000010879629629 0.7834229074074074 0.5774396574074074 0.7476443472222222 0.5690698726851852 0.7510208055555556 0.5827732569444445 0.7843159583333333 0.5332831041666667 0.7892977361111112 0.5289692037037037 0.8037393981481481 0.6338601273148149 0.7948623657407408 0.6359275162037037 0.7814306828703704 0.6000010879629629 0.7834229074074074
1 0.35468261342592594 0.8148006666666667 0.35791558333333334 0.8023991574074074 0.3132315162037037 0.803271050925926 0.2676358587962963 0.8025263148148148 0.24207961574074074 0.7998649305555555 0.23862615046296295 0.8067756296296296 0.2669290046296296 0.8081077453703704 0.26563146296296297 0.8189264328703705 0.3022391296296296 0.8165764189814815 0.30905543981481487 0.8174704305555556 0.35468261342592594 0.8148006666666667
1 0.11438085648148147 0.31487939814814814 0.11833247916666666 0.30051474074074075 0.09173664351851851 0.3027600578703704 0.05550704629629629 0.2935283819444444 0.04032685416666667 0.29781996990740744 0.06900180787037037 0.3053561273148148 0.03637130787037037 0.3077127199074074 0.034408287037037036 0.31718194675925926 0.11438085648148147 0.31487939814814814
1 0.21198102546296294 0.8266029027777777 0.21044528935185183 0.8265033587962962 0.21415080324074076 0.8118715324074074 0.12703900462962964 0.8188863842592592 0.12555834490740742 0.8324063402777777 0.15437705787037037 0.8317119189814816 0.10864541203703704 0.8677364513888889 0.11358338657407406 0.8713725810185186 0.16954739351851852 0.8309367222222223 0.21198102546296294 0.8266029027777777
1 0.5802308101851852 0.949602298611111 0.5744422222222222 0.9597781805555555 0.5678384583333334 0.9848234814814815 0.5775096689814815 0.9848976782407407 0.5996796828703703 0.9137331574074075 0.633109599537037 0.8982143981481481 0.6339719768518519 0.8978181064814814 0.6302075 0.884561087962963 0.514676537037037 0.9297777523148149 0.5194412152777778 0.9423961967592592 0.5634972500000001 0.9287720439814814 0.5771180694444444 0.926941787037037 0.5812665185185185 0.9304262546296296 0.5774231828703703 0.9453003634259259 0.5802308101851852 0.949602298611111