2 0.567165511574074 0.5619518194444444 0.5144637361111111 0.5657054976851852 0.41565560879629626 0.5669509606481482 0.3640520717592593 0.5848126180555555 0.3031948101851852 0.6009500995370369 0.2647890555555556 0.6077464074074074 0.26504393287037037 0.6223483495370371 0.3077903981481481 0.6244255532407408 0.4420340208333333 0.5905254328703704 0.4663162824074074 0.5905704050925926 0.5549798518518518 0.5843137268518519 0.6401953356481482 0.5715120625 0.7420403263888888 0.5532526736111111 0.8080900185185186 0.5459738402777778 0.8549059560185185 0.5413852569444445 0.8462574398148148 0.5255233611111111 0.7817117893518519 0.5224097800925926 0.7658889745370371 0.5273950208333333 0.7007731759259259 0.5393666041666667 0.6974547407407408 0.5413102314814815 0.6607975694444443 0.5527850671296296 0.6414014421296296 0.5451119930555556 0.5988769490740741 0.555751599537037 0.567165511574074 0.5619518194444444
2 0.2161539050925926 0.6492369444444445 0.19122912500000003 0.6664974861111111 0.17500519212962964 0.6665410555555555 0.18256019212962965 0.6473437800925926 0.028662803240740744 0.706559511574074 0.03043611111111111 0.7126544907407407 0.012205657407407408 0.7155251782407407 0.011838812499999999 0.744379724537037 0.07583993055555556 0.7141748171296297 0.1701572175925926 0.6827218796296296 0.20028468287037035 0.6706629953703703 0.22522876157407407 0.6555691134259258 0.2258748726851852 0.6437747916666666 0.2161539050925926 0.6492369444444445
2 0.14112721990740743 0.8966569398148148 0.16692754861111112 0.8881741203703704 0.1049042013888889 0.8778279166666666 0.09152428703703704 0.8795200208333334 0.08275419907407408 0.8726095277777778 0.01540486574074074 0.8553031319444444 0.014418548611111111 0.8730730532407407 0.08387770601851852 0.8881652037037037 0.13808789120370368 0.8954910555555555 0.14112721990740743 0.8966569398148148
2 0.6507163703703703 0.5269987476851852 0.6681677106481482 0.5240583171296296 0.6973447708333333 0.5286435555555555 0.7078798842592592 0.5231359351851852 0.6303723958333334 0.5085280694444444 0.5669942847222222 0.4969657430555556 0.5550826643518518 0.49576719675925923 0.5371660578703703 0.49115209953703703 0.5205730555555556 0.4902123773148148 0.5251454351851852 0.5006862569444445 0.5916619699074074 0.5127251319444445 0.6277667106481482 0.5205337083333333 0.6309542199074074 0.5238223287037037 0.6507163703703703 0.5269987476851852
3 0.7759329421296296 0.2857766782407407 0.7740813726851852 0.2858089976851852 0.7481593958333334 0.2862614675925926 0.7463260046296296 0.2873352962962963 0.7167917870370369 0.29305994444444444 0.7149402175925926 0.29309226388888887 0.6686873310185185 0.29598326157407406 0.6668539398148148 0.297057087962963 0.6595385601851852 0.30239390509259256 0.659556738425926 0.3034354143518519 0.6541474675925926 0.3118644351851852 0.6541656458333334 0.31290594212962963 0.6562899097222222 0.3284962430555556 0.6581596597222222 0.3295054328703704 0.6639507037037037 0.3429480787037037 0.6658204537037037 0.34395726851851854 0.6733539884259259 0.3511185462962963 0.675223738425926 0.3521277361111111 0.6994759421296296 0.36212266435185186 0.701327511574074 0.3620903472222223 0.7254888171296295 0.36687773611111113 0.7273403865740741 0.36684541666666665 0.7513926157407407 0.36538375694444447 0.7532260046296296 0.36430993055555555 0.7753539444444444 0.35871456018518516 0.7771873356481481 0.3576407314814815 0.7900210671296297 0.3501239398148148 0.7900028865740741 0.34908243287037033 0.8009668680555556 0.3405564537037037 0.8009486898148148 0.33951494444444447 0.8063034236111112 0.3279613981481482 0.7913090694444445 0.3178048726851852 0.7912908888888889 0.3167633657407407 0.7893484212962962 0.3115881435185185 0.7874786712962963 0.31057895601851854 0.7818330648148148 0.3054683726851852 0.7818148842592593 0.30442686574074074 0.7815421921296296 0.28880424537037036 0.7796724421296296 0.28779505555555557 0.7759329421296296 0.2857766782407407
3 0.784884488425926 0.37417558333333334 0.7849753842592593 0.37938312268518515 0.7906209930555556 0.3844937060185185 0.7906573518518519 0.3865767222222222 0.7963211388888889 0.3927288125 0.8187217731481482 0.4027560601851852 0.8224249120370369 0.4026914212962963 0.8280159814814815 0.40467748148148147 0.8317191203703703 0.40461284259259256 0.8410315092592592 0.4075757685185185 0.8558258865740741 0.4062757083333334 0.8594926666666667 0.4041280532407407 0.8612351597222222 0.3978466851851852 0.8630685509259259 0.3967728587962963 0.863014011574074 0.3936483333333334 0.8648474004629629 0.39257450694444446 0.8647928634259259 0.3894499837962963 0.8684232847222222 0.38521931249999997 0.8683687453703703 0.38209478703703703 0.8702021342592593 0.38102096064814817 0.8719264490740741 0.3736980856481481 0.8755568680555555 0.3694674143518519 0.8755023310185186 0.3663428912037037 0.8773357199074074 0.36526906249999996 0.8790600324074075 0.3579461875 0.8808934236111111 0.3568723611111111 0.8939453101851852 0.3618536666666667 0.8921846388888889 0.367093525462963 0.8867390069444445 0.37343953009259256 0.8868662638888888 0.380730087962963 0.8850328726851852 0.38180391435185185 0.8851055925925926 0.3859699467592592 0.8796599606481481 0.3923159537037037 0.8797508587962963 0.39752349305555557 0.8779174675925927 0.39859731944444443 0.8779538263888889 0.40068033564814814 0.881693326388889 0.40269871296296295 0.8835448958333333 0.4026663935185186 0.890896636574074 0.3994125925925926 0.9054183217592593 0.3824899097222222 0.9053819606481481 0.38040689351851853 0.9126428032407407 0.37194555324074074 0.9125519050925925 0.3667380138888889 0.9143852962962963 0.3656641851851852 0.9143307569444444 0.362539662037037 0.9086669699074074 0.3563875717592592 0.9031122615740741 0.35648453009259257 0.8904914537037038 0.3496725046296297 0.8808025254629629 0.3516648217592593 0.8807116273148148 0.3464572800925926 0.8825450185185185 0.34538345370370366 0.882381400462963 0.3360098819444445 0.8693295138888888 0.3310285763888889 0.8415377893518519 0.33047185648148153 0.8397043981481481 0.3315456851851852 0.826761587962963 0.3328134282407407 0.8157067083333333 0.33613186805555556 0.7973546273148148 0.3458286319444444 0.786463363425926 0.35852064351851853 0.7864997222222222 0.3606036597222222 0.782869300925926 0.36483433101851853 0.7830147384259258 0.37316639351851855 0.784884488425926 0.37417558333333334
3 0.9581348958333332 0.4315773564814815 0.9563015046296296 0.4326511828703704 0.943413236111111 0.4370434490740741 0.9415798449074074 0.43811727777777776 0.9250611527777778 0.44674021527777774 0.9250793333333334 0.4477817222222222 0.9196518796296296 0.4551692361111111 0.9215216296296297 0.45617842592592595 0.9326674074074075 0.458067525462963 0.9345189768518518 0.4580352060185185 0.9678472337962963 0.4574534606481482 0.9696806250000001 0.4563796319444445 0.9899388148148148 0.44977507175925924 0.9899206342592592 0.4487335648148148 0.9916449490740741 0.4414106898148148 0.9891934513888889 0.40707324305555553 0.9873237013888889 0.4060640555555555 0.9817508125000001 0.40511950462962965 0.9799174236111111 0.4061933333333333 0.9559742731481481 0.4139040393518518 0.9559924513888889 0.41494554629629626 0.9598410277777778 0.4232129722222222 0.9598592083333334 0.4242544814814815 0.9581348958333332 0.4315773564814815
3 0.7551739699074075 0.5820174259259259 0.7551921481481481 0.5830589328703704 0.7536132731481481 0.5987138726851852 0.7517798819444445 0.5997876990740741 0.7481312824074074 0.6029768634259258 0.7462797129629629 0.6030091828703704 0.7407431828703704 0.6041476481481481 0.7407613611111111 0.6051891550925925 0.7407977222222222 0.6072721712962964 0.7426674699074075 0.6082813611111112 0.7445735787037037 0.6113735648148149 0.7464433287037038 0.6123827546296297 0.7595133935185184 0.6184055671296297 0.7613649652777779 0.6183732476851852 0.7798624837962963 0.6170085462962963 0.7816958726851851 0.6159347199074074 0.7963993541666666 0.6094271180555556 0.7963811736111112 0.6083856087962963 0.8018268055555556 0.6020396041666667 0.8018086273148148 0.6009980949074074 0.8016995486111111 0.594749048611111 0.7941478333333334 0.5865462615740741 0.7922780833333334 0.5855370717592593 0.7847990856481482 0.5815003171296296 0.7829475162037036 0.5815326365740741 0.7773564467592593 0.5795465787037037 0.7755048773148148 0.5795788981481481 0.7625257106481482 0.578763625 0.7606923194444444 0.5798374513888889 0.7551739699074075 0.5820174259259259
3 0.6814565902777778 0.6030988472222222 0.6814747685185186 0.6041403564814815 0.683417236111111 0.6093155763888889 0.685286986111111 0.6103247662037037 0.6946175532407408 0.6143292013888889 0.6964691226851852 0.6142968819444445 0.7168182106481481 0.612899863425926 0.7186516018518518 0.6118260347222223 0.7351157546296295 0.6000785740740741 0.7350975740740742 0.5990370648148149 0.7368037083333333 0.5906726828703704 0.7236972824074074 0.5825668518518519 0.721845712962963 0.5825991712962962 0.7162546435185185 0.5806131134259259 0.714403074074074 0.5806454328703704 0.699626875 0.5829870023148148 0.697793486111111 0.5840608310185185 0.688790150462963 0.5988035393518518 0.6869567592592593 0.5998773657407407 0.6814565902777778 0.6030988472222222
3 0.7956358101851853 0.5656837800925926 0.7974873819444445 0.5656514606481482 0.8048754814814815 0.5644806759259259 0.8067088703703703 0.563406849537037 0.81776375 0.5600884097222222 0.8177455717592593 0.559046900462963 0.8250427731481481 0.5526685763888889 0.8250245925925925 0.5516270694444445 0.8267852662037037 0.5463872083333333 0.8156576666666666 0.5455396157407407 0.8138242777777778 0.5466134444444445 0.7676077499999999 0.5515874583333333 0.7676259305555555 0.5526289652777778 0.7658288981481481 0.5557858101851851 0.7676986481481483 0.5567949976851851 0.7770837546296296 0.5639239583333333 0.7789353240740741 0.5638916388888889 0.7956358101851853 0.5656837800925926
3 0.7438463958333332 0.5697132453703704 0.7456797847222222 0.5686394166666667 0.7530133472222222 0.5643441087962963 0.7529951666666667 0.563302599537037 0.7584044398148149 0.5548735787037037 0.7435737013888889 0.5540906250000001 0.7417403124999999 0.5551644513888889 0.7140213032407408 0.5587737638888889 0.7121879120370371 0.5598475925925926 0.7104272407407407 0.5650874513888889 0.7122969907407408 0.5660966412037037 0.7234973078703704 0.571110263888889 0.7253488773148148 0.5710779444444444 0.7438463958333332 0.5697132453703704
3 0.686429550925926 0.5696736342592592 0.6864113726851853 0.568632125 0.6900236134259259 0.5633599467592593 0.6623046064814815 0.5669692615740741 0.6604712152777777 0.568043087962963 0.6568044351851852 0.5701907430555556 0.6586741851851853 0.5711999305555556 0.6661350023148148 0.5741951782407407 0.6679865717592592 0.5741628587962962 0.6790778125 0.5729274351851852 0.6809112013888888 0.5718536087962963 0.686429550925926 0.5696736342592592
3 0.6330430810185185 0.5883165300925925 0.634894650462963 0.5882842106481482 0.6534830671296297 0.5921270486111111 0.6553164560185185 0.5910532222222222 0.6682047268518518 0.5866609560185185 0.6681865486111112 0.5856194467592593 0.6717442499999999 0.5772227453703704 0.6586741851851853 0.5711999305555556 0.6568226157407407 0.57123225 0.643861625 0.5714584861111112 0.6420282361111112 0.5725323125 0.6309551759259259 0.5748092430555555 0.6291217847222222 0.5758830717592592 0.6236579745370371 0.5811875694444444 0.6255277245370371 0.5821967592592592 0.6330430810185185 0.5883165300925925
3 0.7600797106481482 0.756958451388889 0.7600978888888889 0.7579999606481481 0.7601160694444444 0.7590414675925926 0.7619858194444444 0.7600506574074074 0.7676132476851852 0.7641197314814815 0.7676314259259259 0.7651612384259259 0.7640919027777777 0.7745994513888889 0.7659616527777778 0.7756086388888889 0.7847500439814815 0.7909080671296296 0.7866197939814815 0.7919172546296296 0.8069325231481481 0.7884372199074073 0.808765912037037 0.7873633912037037 0.8197298958333333 0.778837412037037 0.8197117152777778 0.7777959050925927 0.8196389976851852 0.7736298726851851 0.8099266574074073 0.7477537685185185 0.8080569097222222 0.7467445787037037 0.7968747708333334 0.742772462962963 0.7950232013888888 0.7428047824074073 0.7783772523148149 0.744137164351852 0.776543863425926 0.7452109907407407 0.7729316203703703 0.7504831689814815 0.7710982314814815 0.7515569976851851 0.7600797106481482 0.756958451388889
3 0.5696798217592592 0.8842591111111111 0.5715495717592592 0.8852682986111111 0.5810982939814815 0.9017708310185185 0.5811164722222222 0.9028123402777778 0.5812619097222222 0.9111444027777778 0.5831316597222223 0.9121535925925925 0.5850014097222223 0.9131627800925926 0.5868529791666667 0.9131304606481481 0.5961290069444445 0.9140103726851853 0.5961108263888889 0.9129688657407408 0.6069293726851852 0.8961108217592592 0.608762763888889 0.8950369930555555 0.6215964953703704 0.8875202037037037 0.6234480648148149 0.8874878842592593 0.6437062546296296 0.8808833240740741 0.6455396458333333 0.8798094953703703 0.6454487476851852 0.8746019560185184 0.6304362129629629 0.8634039212962963 0.6285846435185185 0.8634362407407408 0.6193086157407407 0.8625563310185185 0.6174752245370371 0.8636301574074075 0.5953291041666666 0.8681840208333333 0.5934957152777778 0.8692578472222222 0.5732557037037037 0.8769039166666667 0.5732738842592592 0.8779454236111112 0.5696798217592592 0.8842591111111111
3 0.6798677800925925 0.9365106898148148 0.6817375277777777 0.9375198796296296 0.6836072777777779 0.9385290671296296 0.6854588472222223 0.9384967476851851 0.6965319074074074 0.9362198171296297 0.6965137268518519 0.9351783078703704 0.7001805069444444 0.9330306550925925 0.7001623287037037 0.9319891458333333 0.70005325 0.9257400972222222 0.6962228541666667 0.9185141805555556 0.6943531041666666 0.9175049930555557 0.6906136064814815 0.9154866134259259 0.6887620370370371 0.9155189328703704 0.6758010486111111 0.9157451689814815 0.6758192268518519 0.916786675925926 0.6760192037037037 0.9282432638888888 0.6778889513888889 0.9292524537037037 0.6798677800925925 0.9365106898148148
3 0.7000168912037038 0.9236570833333333 0.7018866412037037 0.9246662708333333 0.7039200069444443 0.9350490324074074 0.7057897569444445 0.9360582199074075 0.7169355347222223 0.9379473217592592 0.7187871041666667 0.9379150023148148 0.7280267731481481 0.9367118981481481 0.7298601643518519 0.9356380694444445 0.7353421550925925 0.9313750810185185 0.7353239745370371 0.9303335717592593 0.7370301087962963 0.9219691898148148 0.7332178912037037 0.9157847800925927 0.7313481412037037 0.9147755902777779 0.7276086435185185 0.912757212962963 0.7257570740740741 0.9127895324074075 0.7109626944444444 0.9140895949074074 0.7091293032407407 0.9151634212962962 0.7017957430555556 0.9194587314814814 0.7018139236111111 0.9205002384259259 0.7000168912037038 0.9236570833333333
3 0.6523085787037037 0.10040598842592593 0.6522904004629629 0.09936448148148147 0.6559571805555555 0.0972168263888889 0.655939 0.09617531712962962 0.6558481018518518 0.09096777777777777 0.6446296064814815 0.08491264583333333 0.6427780370370371 0.08494496527777777 0.6335929050925926 0.08927259259259258 0.6336110856481482 0.09031410185185186 0.6375142013888889 0.10170605092592593 0.6393657708333333 0.10167373148148148 0.6449386597222222 0.1026182824074074 0.6467720486111111 0.1015444537037037 0.6523085787037037 0.10040598842592593
3 0.6227016412037037 0.10196460416666667 0.624553212962963 0.10193228472222222 0.6356444513888889 0.1006968611111111 0.6356262708333333 0.09965535416666667 0.6355535532407408 0.09548932175925927 0.6280381967592592 0.08936955092592593 0.6261866273148149 0.08940187037037038 0.6206319166666666 0.08949882870370371 0.6187985277777778 0.09057265509259259 0.6132801759259259 0.09275262962962963 0.6132983564814815 0.09379413657407408 0.6133710740740741 0.09796016898148148 0.6152408240740741 0.09896935879629629 0.6227016412037037 0.10196460416666667
1 0.22492211111111113 0.64648975 0.22029136805555555 0.6464663958333333 0.19523027777777777 0.6644065046296297 0.17362872222222223 0.6683257685185184 0.18603914351851852 0.6471684537037037 0.1014305 0.680941888888889 0.0857339699074074 0.6836120717592593 0.11897006018518519 0.6989718611111111 0.16798911805555555 0.6847808657407407 0.26965721296296297 0.7051971226851852 0.27874235416666665 0.695141199074074 0.1937329351851852 0.6741216157407407 0.22292383564814813 0.6593390810185185 0.22015375231481482 0.659804162037037 0.22398023842592593 0.6561951643518519 0.2167100324074074 0.6535091388888888 0.22492211111111113 0.64648975
1 0.40611642592592595 0.5753999791666666 0.3826414861111111 0.57810175 0.4028241458333333 0.5990026967592592 0.48066434027777777 0.5912888564814816 0.5437242546296296 0.6387372037037038 0.5581119606481482 0.6353605902777778 0.5043644328703704 0.5908751712962963 0.5686790763888889 0.5828765069444445 0.558306099537037 0.5615959652777778 0.4678515995370371 0.5681756180555555 0.4448375949074074 0.5654518518518519 0.40611642592592595 0.5753999791666666
1 0.6093408935185186 0.5779994513888889 0.6686181226851852 0.5679008819444444 0.720859386574074 0.5579251273148148 0.7149119976851852 0.5355255115740741 0.7608885532407407 0.5168035925925926 0.7520389212962962 0.5085192777777778 0.6968372384259259 0.5292775092592593 0.6590800324074074 0.5413966412037037 0.5987427662037037 0.5544308240740741 0.6093408935185186 0.5779994513888889
1 0.1336670300925926 0.8618651712962964 0.09642530092592592 0.8716832916666667 0.07682229398148148 0.873379837962963 0.027517541666666666 0.8605925416666667 0.02696207175925926 0.860602238425926 0.017593877314814814 0.875663863425926 0.07783925231481481 0.8891978310185186 0.13836586342592594 0.8976219467592592 0.14551244907407407 0.8932257175925926 0.16245235648148149 0.8875125393518518 0.10115966666666666 0.8776432407407407 0.14355306944444446 0.865859912037037 0.1336670300925926 0.8618651712962964
1 0.541710949074074 0.49156242592592597 0.518321175925926 0.4885326712962963 0.5211803402777778 0.49317097916666663 0.5248601203703704 0.5023789930555556 0.5939403101851852 0.5127374560185185 0.6011629768518518 0.5020889467592592 0.5636376435185185 0.49565954166666665 0.5595187430555556 0.493126875 0.6177138402777778 0.4740874976851852 0.6115163981481482 0.46919491203703706 0.541710949074074 0.49156242592592597