2 0.5336354166666667 0.27314814814814814 0.6688125 0.5017592592592592 0.7130000000000001 0.570925925925926 0.7716875000000001 0.6318888888888888 0.7894895833333334 0.6740925925925927 0.86928125 0.7456111111111111 0.94709375 0.7690555555555556 0.9919375 0.7749074074074074 0.9899583333333333 0.7444259259259259 0.93259375 0.7350555555555555 0.8844479166666667 0.7186481481481481 0.8844479166666667 0.717462962962963 0.8138958333333334 0.6565 0.7855312499999999 0.6037592592592593 0.746625 0.5720925925925926 0.682 0.4665925925925926 0.6721145833333333 0.4771481481481481 0.66815625 0.44899999999999995 0.6543125000000001 0.4407962962962963 0.6008958333333333 0.3399814814814815 0.5402291666666666 0.23446296296296296 0.5402291666666666 0.22861111111111113 0.53296875 0.24033333333333332 0.5033020833333334 0.1524074074074074 0.4821979166666667 0.14185185185185187 0.47691666666666666 0.15357407407407406 0.5336354166666667 0.27314814814814814
2 0.8543437500000001 0.8759629629629629 0.9084166666666667 0.8595925925925926 0.9296458333333334 0.8581666666666666 0.9757083333333333 0.8225555555555556 0.9540833333333333 0.8054629629629629 0.9356562500000001 0.8197037037037037 0.894 0.8339444444444445 0.8511458333333333 0.8417777777777778 0.7950729166666667 0.8467592592592593 0.739 0.8467592592592593 0.6869270833333333 0.8282592592592593 0.7145625 0.8752592592592593 0.7462083333333334 0.8887777777777778 0.7726354166666667 0.8809444444444444 0.8058854166666666 0.8724074074074074 0.8543437500000001 0.8759629629629629
2 0.5831875000000001 0.8738333333333332 0.5843854166666667 0.8545925925925927 0.5603541666666667 0.8389444444444444 0.5291145833333333 0.8517592592592592 0.48505208333333333 0.8780925925925926 0.44419791666666664 0.9172592592592592 0.3929375 0.955 0.35848958333333336 0.992037037037037 0.3845208333333333 0.9927407407407407 0.4554166666666667 0.9364814814814815 0.5263125 0.8845 0.5655625 0.8709814814814815 0.5831875000000001 0.8738333333333332
2 0.79640625 0.038314814814814815 0.7857083333333333 0.09453703703703704 0.7847291666666666 0.09670370370370371 0.7757291666666667 0.1326111111111111 0.7698958333333334 0.1659074074074074 0.7608958333333333 0.20525925925925925 0.7455625 0.26451851851851854 0.7548125 0.25846296296296295 0.76696875 0.21694444444444444 0.7788958333333333 0.16157407407407406 0.7861874999999999 0.12481481481481482 0.7981145833333334 0.07724074074074075 0.806875 0.03270370370370371 0.8061354166666667 0.018425925925925925 0.8015208333333333 0.014537037037037038 0.79640625 0.038314814814814815
3 0.7364583333333333 0.9740740740740741 0.7375 0.9814814814814815 0.7385416666666667 0.9833333333333334 0.7385416666666667 0.9870370370370369 0.7395833333333334 0.9888888888888888 0.75 0.9888888888888888 0.7510416666666666 0.9870370370370369 0.7510416666666666 0.9814814814814815 0.7479166666666667 0.975925925925926 0.7479166666666667 0.9740740740740741 0.7416666666666666 0.9648148148148148 0.7420572916666667 0.9557870370370369 0.7447916666666666 0.9425925925925925 0.7489583333333334 0.95 0.7489583333333334 0.9518518518518518 0.753125 0.9592592592592593 0.753125 0.9611111111111111 0.75625 0.9666666666666667 0.75625 0.9685185185185184 0.7604166666666666 0.975925925925926 0.7604166666666666 0.9777777777777777 0.7666666666666666 0.9907407407407407 0.775 0.9907407407407407 0.7760416666666666 0.9888888888888888 0.7833333333333333 0.9888888888888888 0.784375 0.9870370370370369 0.7864583333333334 0.9796296296296296 0.7864583333333334 0.975925925925926 0.7895833333333334 0.9666666666666667 0.7895833333333334 0.9481481481481482 0.7875 0.9425925925925925 0.7875 0.9370370370370371 0.7864583333333334 0.9351851851851852 0.784375 0.9203703703703704 0.7760416666666666 0.9018518518518519 0.7697916666666667 0.8962962962962963 0.7645833333333334 0.8944444444444444 0.7635416666666667 0.8925925925925926 0.7520833333333333 0.8925925925925926 0.7489583333333334 0.8962962962962963 0.746875 0.8962962962962963 0.7427083333333334 0.9 0.7395833333333334 0.9111111111111112 0.740625 0.9259259259259259 0.7447916666666666 0.9407407407407407 0.7395833333333334 0.9648148148148148 0.7364583333333333 0.9740740740740741
3 0.7177083333333334 0.7925925925925925 0.721875 0.7888888888888889 0.7236607152777778 0.7923280416666666 0.7206845231481481 0.800793650462963 0.7208333333333333 0.811111111111111 0.715625 0.8092592592592593 0.709375 0.8222222222222222 0.709375 0.8296296296296296 0.7114583333333334 0.8333333333333334 0.715625 0.8370370370370371 0.721875 0.8370370370370371 0.7229166666666667 0.8351851851851853 0.721875 0.8129629629629629 0.73125 0.8074074074074075 0.73125 0.8277777777777778 0.7302083333333333 0.8296296296296296 0.7302083333333333 0.8388888888888888 0.753125 0.8407407407407407 0.75625 0.8351851851851853 0.7625 0.8129629629629629 0.7625 0.7981481481481482 0.7614583333333333 0.7962962962962963 0.7614583333333333 0.7833333333333333 0.7583333333333334 0.7722222222222223 0.753125 0.7629629629629631 0.7520833333333333 0.7629629629629631 0.746875 0.7555555555555555 0.7447916666666666 0.7555555555555555 0.7395833333333334 0.75 0.7385416666666667 0.75 0.7364583333333333 0.7537037037037038 0.7322916666666667 0.7481481481481481 0.728125 0.7481481481481481 0.7270833333333334 0.7462962962962962 0.725 0.7462962962962962 0.7208333333333333 0.75 0.7177083333333334 0.75 0.7072916666666667 0.7629629629629631 0.7052083333333333 0.7703703703703704 0.7052083333333333 0.7981481481481482 0.715625 0.7962962962962963 0.7177083333333334 0.7925925925925925
3 0.65625 0.938888888888889 0.65625 0.9407407407407407 0.65625 0.9907407407407407 0.6572916666666666 0.9907407407407407 0.7104166666666666 0.9907407407407407 0.7114583333333334 0.9888888888888888 0.7125 0.9870370370370369 0.7125 0.9851851851851853 0.7114583333333334 0.9611111111111111 0.7104166666666666 0.9592592592592593 0.70625 0.9425925925925925 0.7052083333333333 0.9425925925925925 0.6979166666666666 0.9296296296296297 0.696875 0.9296296296296297 0.6885416666666666 0.9203703703703704 0.6875 0.9203703703703704 0.6708333333333334 0.9166666666666666 0.665625 0.9203703703703704 0.6645833333333334 0.9222222222222222 0.65625 0.938888888888889
3 0.6854166666666667 0.9074074074074074 0.6864583333333334 0.9148148148148147 0.6885416666666666 0.9185185185185185 0.6958333333333334 0.924074074074074 0.70625 0.9407407407407407 0.71875 0.938888888888889 0.7239583333333334 0.9277777777777778 0.7229166666666667 0.9185185185185185 0.715625 0.9037037037037037 0.715625 0.9018518518518519 0.7104166666666666 0.8925925925925926 0.7104166666666666 0.8907407407407407 0.71875 0.8851851851851852 0.7239583333333334 0.8907407407407407 0.725 0.8962962962962963 0.7291666666666666 0.9055555555555556 0.7322916666666667 0.9055555555555556 0.7333333333333334 0.9074074074074074 0.7395833333333334 0.9092592592592593 0.7395833333333334 0.9037037037037037 0.740625 0.9018518518518519 0.740625 0.8962962962962963 0.7416666666666666 0.8944444444444444 0.7416666666666666 0.8907407407407407 0.7395833333333334 0.887037037037037 0.7260416666666666 0.8851851851851852 0.7229166666666667 0.8814814814814815 0.7197916666666666 0.8814814814814815 0.71875 0.8796296296296297 0.7083333333333334 0.8759259259259259 0.70625 0.8814814814814815 0.703125 0.8740740740740741 0.6979166666666666 0.8722222222222222 0.6979166666666666 0.8703703703703703 0.6958333333333334 0.8685185185185185 0.6927083333333334 0.8703703703703703 0.6885416666666666 0.8666666666666666 0.6875 0.8685185185185185 0.6822916666666666 0.8666666666666666 0.68125 0.8925925925925926 0.6833333333333333 0.8981481481481481 0.6833333333333333 0.9018518518518519 0.6854166666666667 0.9074074074074074
3 0.428125 0.512962962962963 0.428125 0.5148148148148148 0.4260416666666667 0.5240740740740741 0.4260416666666667 0.5259259259259259 0.4260416666666667 0.5351851851851852 0.4270833333333333 0.5370370370370371 0.4291666666666667 0.5537037037037037 0.4302083333333333 0.5555555555555556 0.4322916666666667 0.5611111111111111 0.4333333333333333 0.5611111111111111 0.4354166666666667 0.5629629629629629 0.43645833333333334 0.5611111111111111 0.4447916666666667 0.5388888888888889 0.4458333333333333 0.5388888888888889 0.45 0.5407407407407407 0.4510416666666667 0.5388888888888889 0.45416666666666666 0.5370370370370371 0.4552083333333333 0.5351851851851852 0.45625 0.5296296296296297 0.4552083333333333 0.5296296296296297 0.45 0.5240740740740741 0.4489583333333333 0.5222222222222223 0.4375 0.5 0.43645833333333334 0.5 0.434375 0.4981481481481481 0.43125 0.5018518518518519 0.43125 0.5037037037037037 0.428125 0.512962962962963
2 0.39377083333333335 0.807037037037037 0.40630208333333334 0.8146851851851852 0.41765625 0.8112037037037036 0.4405625 0.8115555555555555 0.4419270833333333 0.8105185185185185 0.43996874999999996 0.7767592592592593 0.3559895833333333 0.7701481481481481 0.35011458333333334 0.7656111111111111 0.34600000000000003 0.7823148148148148 0.35227083333333337 0.8018148148148149 0.35559375 0.8059814814814815 0.39377083333333335 0.807037037037037
2 0.6018854166666666 0.8391481481481482 0.6101458333333334 0.8236296296296296 0.6169895833333333 0.8215185185185185 0.6228854166666666 0.8257222222222222 0.6250104166666667 0.8357777777777777 0.6238333333333332 0.8370370370370371 0.6195833333333334 0.8454259259259259 0.6335000000000001 0.8462777777777778 0.6424687499999999 0.8122962962962963 0.5957499999999999 0.8076851851851852 0.55446875 0.7946851851851852 0.5445520833333334 0.7904814814814815 0.5337083333333333 0.7934259259259259 0.52190625 0.7946851851851852 0.5216666666666667 0.7938333333333333 0.51625 0.7904814814814815 0.5013854166666667 0.7829444444444446 0.4928854166666667 0.8043333333333332 0.4881666666666667 0.8043333333333332 0.48251041666666666 0.7946851851851852 0.48793749999999997 0.8131296296296296 0.5294583333333334 0.8257222222222222 0.5620208333333333 0.8341111111111111 0.6018854166666666 0.8391481481481482
2 0.09654166666666668 0.8111666666666666 0.11977083333333333 0.804037037037037 0.21269791666666665 0.7912222222222222 0.27838541666666666 0.7883888888888889 0.272375 0.7513518518518518 0.2635625 0.7477962962962963 0.25755208333333335 0.7349814814814815 0.23672916666666666 0.7492222222222222 0.22952083333333334 0.7563333333333333 0.17784375000000002 0.7606111111111111 0.12697916666666667 0.772 0.09373958333333333 0.7741296296296296 0.037260416666666664 0.7691481481481481 0.00721875 0.7741296296296296 0.006416666666666666 0.8076111111111111 0.06089583333333333 0.8054629629629629 0.07090625 0.804037037037037 0.08452083333333332 0.7969259259259259 0.09654166666666668 0.8111666666666666
1 0.5277083333333333 0.24425925925925926 0.5290625 0.22685185185185186 0.5246875 0.20351851851851852 0.5157291666666667 0.18703703703703703 0.5083333333333333 0.2062962962962963 0.5016666666666667 0.21166666666666667 0.5251041666666667 0.26333333333333336 0.47802083333333334 0.2631481481481482 0.47635416666666663 0.2748148148148148 0.5173958333333333 0.2759259259259259 0.5461458333333333 0.2962962962962963 0.5620833333333333 0.3212962962962963 0.5754166666666667 0.29518518518518516 0.5473958333333333 0.24407407407407408 0.535625 0.25425925925925924 0.5277083333333333 0.24425925925925926
1 0.5419791666666667 0.23351851851851851 0.5258333333333334 0.1398148148148148 0.5159374999999999 0.14592592592592593 0.5304166666666666 0.2162962962962963 0.5096875 0.17296296296296296 0.49520833333333336 0.19722222222222222 0.5445833333333333 0.2988888888888889 0.5601041666666666 0.26796296296296296 0.5419791666666667 0.23351851851851851
1 0.6811458333333333 0.46685185185185185 0.6927083333333334 0.3542592592592592 0.6797916666666667 0.36444444444444446 0.6694791666666666 0.44703703703703707 0.6594791666666666 0.4411111111111111 0.6378125 0.40166666666666667 0.620625 0.4201851851851852 0.685 0.534074074074074 0.7015625 0.5077777777777778 0.6811458333333333 0.46685185185185185
1 0.7607291666666667 0.24055555555555555 0.7886458333333333 0.20703703703703702 0.7859375 0.20055555555555557 0.7644791666666667 0.22722222222222221 0.7729166666666666 0.1890740740740741 0.7644791666666667 0.18555555555555556 0.7458333333333333 0.2583333333333333 0.7541666666666667 0.26537037037037037 0.7607291666666667 0.24055555555555555
1 0.7563541666666667 0.12092592592592594 0.7528125 0.12518518518518518 0.7686458333333334 0.15685185185185185 0.7654166666666667 0.18351851851851853 0.7741666666666667 0.1862962962962963 0.7884375 0.11462962962962964 0.7805208333333333 0.10907407407407407 0.7757291666666667 0.13574074074074075 0.769375 0.14555555555555555 0.7563541666666667 0.12092592592592594
1 0.8194791666666666 0.07277777777777777 0.8129166666666667 0.0662962962962963 0.8020833333333334 0.0687037037037037 0.8011458333333334 0.06148148148148148 0.8073958333333334 0.03740740740740741 0.7969791666666667 0.03277777777777778 0.7820833333333334 0.10388888888888889 0.7905208333333333 0.10888888888888888 0.7907291666666667 0.10851851851851853 0.7979166666666666 0.08222222222222222 0.8194791666666666 0.07277777777777777
0 0.7715625 0.6705555555555556 0.7451041666666667 0.682037037037037 0.7438541666666667 0.69 0.7353124999999999 0.7072222222222222 0.7286458333333333 0.745925925925926 0.7285416666666668 0.7588888888888888 0.7358333333333333 0.7614814814814814 0.744375 0.7172222222222222 0.75375 0.7016666666666667 0.7841666666666667 0.6844444444444444 0.7966666666666667 0.6853703703703703 0.8245833333333334 0.7068518518518518 0.8372916666666667 0.6766666666666666 0.8059375000000001 0.64 0.7883333333333333 0.6035185185185186 0.7664583333333334 0.5903703703703703 0.7548958333333333 0.6216666666666667 0.7859375 0.6588888888888889 0.7845833333333333 0.6705555555555556 0.7715625 0.6705555555555556