2 0.6696666666666666 0.23375925925925925 0.6763541666666667 0.25692592592592595 0.6703333333333333 0.2913703703703704 0.6850416666666667 0.3305740740740741 0.6850416666666667 0.33175925925925925 0.6930520833333333 0.35374074074074074 0.7147708333333334 0.3602592592592593 0.71878125 0.4131296296296296 0.761875 0.4945 0.8263645833333334 0.6020000000000001 0.8423958333333333 0.6400185185185185 0.8631145833333334 0.6691296296296296 0.9135624999999999 0.7190185185185185 0.9376145833333334 0.6952592592592592 0.8975208333333333 0.6560555555555555 0.8814895833333333 0.6299259259259259 0.8387187500000001 0.564 0.83671875 0.5627962962962962 0.8230208333333334 0.5253888888888889 0.8046458333333334 0.49687037037037035 0.7929479166666666 0.4885555555555556 0.7431666666666666 0.39412962962962966 0.7090937500000001 0.327 0.6716770833333333 0.20762962962962964 0.6649895833333334 0.19574074074074074 0.6389270833333334 0.1399074074074074 0.6396041666666668 0.2005 0.6536354166666667 0.2361296296296296 0.6696666666666666 0.23375925925925925
2 0.8884583333333333 0.39311111111111113 0.88153125 0.4435925925925926 0.8932291666666666 0.44911111111111107 0.8975208333333333 0.4138888888888889 0.9058750000000001 0.3358333333333334 0.9123229166666667 0.2980740740740741 0.8994270833333333 0.30103703703703705 0.8944166666666666 0.3231111111111111 0.8884583333333333 0.39311111111111113
2 0.8746145833333334 0.5072222222222222 0.8682916666666666 0.5199814814814815 0.85221875 0.5788703703703704 0.8619583333333333 0.5944444444444444 0.87803125 0.5340555555555555 0.8842395833333333 0.49748148148148147 0.8885 0.4639259259259259 0.8797708333333333 0.4577222222222222 0.8765625 0.4862222222222222 0.8746145833333334 0.5072222222222222
2 0.2905729166666667 0.9018703703703704 0.30940625 0.9268333333333333 0.324125 0.911 0.4206770833333333 0.9335185185185184 0.4258125 0.9505555555555555 0.43300000000000005 0.9402222222222222 0.5066145833333333 0.991962962962963 0.5552291666666667 0.991962962962963 0.5175624999999999 0.956037037037037 0.4966770833333334 0.9377777777777778 0.49188541666666663 0.9304814814814816 0.47853125 0.9304814814814816 0.40321874999999996 0.8903148148148148 0.39739583333333334 0.8805740740740741 0.3888333333333333 0.8787407407407407 0.38369791666666664 0.883 0.34397916666666667 0.8769074074074075 0.3326875 0.8890925925925927 0.31728124999999996 0.8775185185185186 0.30597916666666664 0.9006481481481481 0.2953645833333333 0.9012592592592592 0.28578125 0.8884814814814815 0.2635208333333333 0.8531851851851853 0.22963541666666668 0.8446481481481481 0.2303125 0.8446481481481481 0.21662499999999998 0.8276111111111112 0.1940208333333333 0.8410000000000001 0.12212500000000001 0.8416111111111112 0.11767708333333333 0.8592592592592593 0.12486458333333333 0.8726481481481481 0.17519791666666668 0.8714444444444445 0.20532291666666666 0.886037037037037 0.22141666666666668 0.8836111111111111 0.2905729166666667 0.9018703703703704
2 0.34078125 0.7051111111111111 0.3422708333333333 0.7090740740740741 0.34761458333333334 0.7127592592592592 0.3537083333333333 0.7275555555555555 0.35964583333333333 0.7441851851851852 0.3813333333333333 0.7592407407407408 0.4150520833333334 0.7750925925925926 0.44402083333333336 0.7861666666666667 0.4753645833333333 0.7993703703703703 0.5136875000000001 0.8160185185185185 0.5423541666666667 0.8300185185185185 0.56240625 0.8408333333333333 0.559875 0.7969999999999999 0.5520104166666667 0.7940925925925926 0.5456145833333333 0.8120555555555555 0.5329895833333333 0.8120555555555555 0.5194791666666666 0.8049259259259259 0.5041458333333333 0.7895925925925925 0.5079270833333334 0.7714814814814814 0.49074999999999996 0.7652592592592592 0.47822916666666665 0.7575000000000001 0.4517395833333333 0.7497407407407407 0.42466666666666664 0.7424814814814815 0.42466666666666664 0.7414444444444444 0.40137500000000004 0.7238518518518519 0.40311458333333333 0.7373148148148148 0.39205208333333336 0.7399074074074073 0.3926354166666667 0.7316111111111111 0.3856458333333333 0.7300740740740741 0.37925000000000003 0.7160925925925925 0.35129166666666667 0.7010740740740741 0.34865624999999995 0.6998333333333333 0.3458333333333333 0.7048518518518518 0.34078125 0.7051111111111111
2 0.6217604166666667 0.836 0.6188958333333333 0.8528703703703704 0.6387604166666667 0.8503333333333333 0.6783229166666667 0.8512777777777778 0.6940729166666666 0.8636851851851852 0.70946875 0.8515925925925926 0.7105416666666667 0.8439629629629629 0.7225416666666666 0.8331481481481482 0.7237916666666666 0.8388703703703704 0.7205729166666667 0.8445925925925926 0.72128125 0.8633703703703703 0.7667499999999999 0.8611481481481482 0.7869791666666667 0.8471481481481482 0.8100729166666667 0.8684629629629629 0.8328125 0.8713333333333333 0.8154479166666667 0.8487407407407408 0.8116875 0.8309074074074074 0.8000520833333333 0.833462962962963 0.7903854166666667 0.8258148148148149 0.7705104166666666 0.8200925925925925 0.7492083333333334 0.8162777777777778 0.7177083333333334 0.8083148148148148 0.6913958333333333 0.8143703703703703 0.6323229166666666 0.8130925925925925 0.6242604166666667 0.8048148148148149 0.6113749999999999 0.8022777777777778 0.6086874999999999 0.8095925925925926 0.5814791666666667 0.8086296296296296 0.5916875 0.8401481481481482 0.5916875 0.8410925925925925 0.6217604166666667 0.836
2 0.41802083333333334 0.4936296296296296 0.42591666666666667 0.4749814814814815 0.43264583333333334 0.44322222222222224 0.4389895833333333 0.4186111111111111 0.443 0.39766666666666667 0.45051041666666664 0.37603703703703706 0.45516666666666666 0.35233333333333333 0.4598333333333333 0.33299999999999996 0.4488333333333333 0.33370370370370367 0.4404166666666666 0.3659074074074074 0.4380833333333334 0.38362962962962965 0.4380833333333334 0.38501851851851854 0.41840625 0.45105555555555554 0.4023645833333333 0.4973148148148148 0.39032291666666663 0.5362037037037036 0.40015625 0.535037037037037 0.40132291666666664 0.5410185185185186 0.41802083333333334 0.4936296296296296
3 0.3364583333333333 0.5462962962962963 0.3385416666666667 0.5462962962962963 0.3416666666666667 0.5499999999999999 0.3416666666666667 0.5555555555555556 0.3364583333333333 0.5592592592592592 0.340625 0.5629629629629629 0.3395833333333333 0.5777777777777777 0.3416666666666667 0.5851851851851853 0.34270833333333334 0.587037037037037 0.346875 0.5888888888888889 0.35 0.5796296296296296 0.3479166666666667 0.5703703703703704 0.3572916666666667 0.5629629629629629 0.359375 0.5703703703703704 0.3635416666666667 0.5796296296296296 0.3697916666666667 0.5851851851851853 0.3729166666666667 0.5851851851851853 0.375 0.5814814814814815 0.375 0.5722222222222222 0.3697916666666667 0.5592592592592592 0.3697916666666667 0.5499999999999999 0.3677083333333333 0.5462962962962963 0.3666666666666667 0.5462962962962963 0.3645833333333333 0.5425925925925926 0.3614583333333333 0.5407407407407407 0.3572916666666667 0.5351851851851852 0.3489583333333333 0.5333333333333333 0.346875 0.5370370370370371 0.346875 0.5407407407407407 0.34375 0.5398148148148147 0.3364583333333333 0.5462962962962963
3 0.3989583333333333 0.5537037037037037 0.3989583333333333 0.5555555555555556 0.3989583333333333 0.5592592592592592 0.4 0.5611111111111111 0.40625 0.5703703703703704 0.40625 0.5722222222222222 0.40520833333333334 0.5833333333333334 0.4041666666666667 0.5851851851851853 0.3989583333333333 0.5907407407407407 0.3979166666666667 0.5907407407407407 0.3927083333333333 0.5907407407407407 0.39166666666666666 0.5925925925925926 0.39166666666666666 0.5962962962962963 0.3927083333333333 0.5981481481481481 0.4041666666666667 0.6018518518518519 0.40520833333333334 0.6037037037037037 0.4104166666666667 0.6092592592592593 0.4114583333333333 0.6092592592592593 0.4260416666666667 0.6037037037037037 0.4270833333333333 0.6055555555555556 0.43125 0.6111111111111112 0.4322916666666667 0.6111111111111112 0.434375 0.6092592592592593 0.434375 0.6074074074074074 0.43645833333333334 0.5851851851851853 0.4354166666666667 0.5833333333333334 0.4354166666666667 0.5740740740740741 0.434375 0.5722222222222222 0.4322916666666667 0.5611111111111111 0.43125 0.5592592592592592 0.4260416666666667 0.5481481481481482 0.425 0.5481481481481482 0.421875 0.5444444444444444 0.42083333333333334 0.5444444444444444 0.4104166666666667 0.5425925925925926 0.403125 0.5462962962962963 0.4020833333333333 0.5481481481481482 0.3989583333333333 0.5537037037037037
3 0.371875 0.65 0.3729166666666667 0.6537037037037037 0.3697916666666667 0.6537037037037037 0.3697916666666667 0.6629629629629629 0.3708333333333333 0.6648148148148147 0.3708333333333333 0.6703703703703704 0.3770833333333333 0.6833333333333333 0.38125 0.6851851851851852 0.3791666666666667 0.6685185185185185 0.3885416666666667 0.6574074074074074 0.39375 0.6759259259259259 0.39375 0.6796296296296297 0.3958333333333333 0.6870370370370371 0.396875 0.6870370370370371 0.4041666666666667 0.6611111111111112 0.4114583333333333 0.6462962962962963 0.4177083333333333 0.6481481481481481 0.41875 0.65 0.4197916666666667 0.65 0.42083333333333334 0.6462962962962963 0.41875 0.6296296296296297 0.4125 0.6203703703703703 0.4104166666666667 0.612962962962963 0.4114583333333333 0.6092592592592593 0.4125 0.6074074074074074 0.415625 0.6074074074074074 0.4166666666666667 0.6055555555555556 0.421875 0.6055555555555556 0.42291666666666666 0.6037037037037037 0.425 0.6037037037037037 0.428125 0.6074074074074074 0.43125 0.6074074074074074 0.4333333333333333 0.6092592592592593 0.4354166666666667 0.6037037037037037 0.4354166666666667 0.5740740740740741 0.43125 0.5592592592592592 0.4260416666666667 0.5481481481481482 0.421875 0.5444444444444444 0.4166666666666667 0.5444444444444444 0.415625 0.5425925925925926 0.4104166666666667 0.5425925925925926 0.409375 0.5444444444444444 0.40729166666666666 0.5444444444444444 0.4041666666666667 0.5481481481481482 0.4 0.5499999999999999 0.3989583333333333 0.5537037037037037 0.3989583333333333 0.5574074074074075 0.4046474351851852 0.5594017083333334 0.40625 0.5703703703703704 0.40176282175925926 0.5678062685185185 0.3959935902777778 0.5846153842592593 0.396875 0.5907407407407407 0.3958333333333333 0.5925925925925926 0.3927083333333333 0.5925925925925926 0.3927083333333333 0.5944444444444444 0.38958333333333334 0.6 0.3902243587962963 0.6014245023148148 0.3875 0.6055555555555556 0.378125 0.612962962962963 0.378125 0.6222222222222222 0.38157051157407407 0.626638175925926 0.37580128240740746 0.6434472916666666 0.371875 0.65
3 0.5010416666666666 0.4462962962962963 0.5010416666666666 0.44814814814814813 0.5010416666666666 0.4611111111111111 0.5020833333333333 0.46296296296296297 0.5031249999999999 0.4703703703703703 0.5041666666666667 0.4722222222222222 0.509375 0.48518518518518516 0.5104166666666666 0.48518518518518516 0.5125000000000001 0.48703703703703705 0.5135416666666667 0.48518518518518516 0.5385416666666667 0.46481481481481485 0.5395833333333333 0.46296296296296297 0.5427083333333333 0.4555555555555556 0.5427083333333333 0.4537037037037037 0.5385416666666667 0.44074074074074077 0.5375 0.4388888888888889 0.5260416666666666 0.41851851851851857 0.525 0.41851851851851857 0.521875 0.4148148148148148 0.5208333333333334 0.4148148148148148 0.5166666666666666 0.4148148148148148 0.50625 0.42592592592592593 0.50625 0.4277777777777778 0.5010416666666666 0.4462962962962963
3 0.4895833333333333 0.4777777777777778 0.4895833333333333 0.47962962962962963 0.490625 0.5 0.4916666666666667 0.5018518518518519 0.496875 0.5055555555555555 0.4979166666666667 0.5055555555555555 0.5010416666666666 0.5055555555555555 0.5020833333333333 0.5037037037037037 0.509375 0.4944444444444444 0.509375 0.49259259259259264 0.509375 0.48703703703703705 0.5083333333333333 0.48518518518518516 0.50625 0.4777777777777778 0.5052083333333334 0.4759259259259259 0.5 0.46481481481481485 0.4927083333333333 0.4703703703703703 0.4916666666666667 0.4722222222222222 0.4895833333333333 0.4777777777777778
3 0.5375 0.6481481481481481 0.5375 0.65 0.5343749999999999 0.6611111111111112 0.5343749999999999 0.6629629629629629 0.5354166666666667 0.674074074074074 0.5364583333333334 0.6759259259259259 0.5416666666666666 0.688888888888889 0.5416666666666666 0.6907407407407407 0.5427083333333333 0.7037037037037037 0.5437500000000001 0.7055555555555556 0.5499999999999999 0.7166666666666667 0.5510416666666667 0.7166666666666667 0.5583333333333333 0.7222222222222222 0.5593750000000001 0.7222222222222222 0.5677083333333334 0.7222222222222222 0.56875 0.7203703703703703 0.5791666666666666 0.7148148148148148 0.5802083333333333 0.7129629629629629 0.5895833333333333 0.6981481481481482 0.5895833333333333 0.6962962962962963 0.5895833333333333 0.6925925925925925 0.5885416666666666 0.6907407407407407 0.578125 0.688888888888889 0.5770833333333334 0.6870370370370371 0.5760416666666667 0.6833333333333333 0.5770833333333334 0.6814814814814815 0.5802083333333333 0.6685185185185185 0.5791666666666666 0.6666666666666666 0.5791666666666666 0.6648148148148147 0.578125 0.6648148148148147 0.571875 0.6648148148148147 0.5708333333333333 0.6629629629629629 0.5625 0.6481481481481481 0.5625 0.6462962962962963 0.5593750000000001 0.637037037037037 0.5583333333333333 0.637037037037037 0.553125 0.6333333333333334 0.5427083333333333 0.6388888888888888 0.5416666666666666 0.6407407407407407 0.5375 0.6481481481481481
3 0.5625 0.5925925925925926 0.5625 0.5944444444444444 0.5593750000000001 0.612962962962963 0.5593750000000001 0.6148148148148148 0.5604166666666667 0.6388888888888888 0.5614583333333334 0.6407407407407407 0.5697916666666667 0.6592592592592593 0.5708333333333333 0.6592592592592593 0.5760416666666667 0.6648148148148147 0.5770833333333334 0.6648148148148147 0.5812499999999999 0.6629629629629629 0.5812499999999999 0.6611111111111112 0.5812499999999999 0.6574074074074074 0.5802083333333333 0.6574074074074074 0.5760416666666667 0.65 0.5760416666666667 0.6481481481481481 0.5770833333333334 0.6277777777777778 0.578125 0.6259259259259259 0.5812499999999999 0.6203703703703703 0.5812499999999999 0.6185185185185185 0.5822916666666667 0.6055555555555556 0.5833333333333334 0.6037037037037037 0.5864583333333333 0.5907407407407407 0.5875 0.5888888888888889 0.5947916666666666 0.5722222222222222 0.59375 0.5703703703703704 0.5791666666666666 0.5648148148148148 0.5645833333333333 0.587037037037037 0.5645833333333333 0.5888888888888889 0.5625 0.5925925925925926
3 0.7802083333333334 0.6203703703703703 0.7802083333333334 0.6222222222222222 0.7864583333333334 0.6444444444444444 0.7875 0.6462962962962963 0.79375 0.6592592592592593 0.7947916666666667 0.6592592592592593 0.7979166666666666 0.6629629629629629 0.7989583333333333 0.6629629629629629 0.8239583333333333 0.6611111111111112 0.825 0.6592592592592593 0.834375 0.6481481481481481 0.834375 0.6462962962962963 0.8354166666666666 0.6277777777777778 0.834375 0.6259259259259259 0.8260416666666667 0.6092592592592593 0.825 0.6092592592592593 0.8208333333333334 0.6092592592592593 0.8197916666666666 0.6111111111111112 0.815625 0.6148148148148148 0.8145833333333333 0.6148148148148148 0.8114583333333334 0.612962962962963 0.8104166666666667 0.6111111111111112 0.8 0.5925925925925926 0.8 0.5907407407407407 0.7989583333333333 0.5851851851851853 0.7979166666666666 0.5833333333333334 0.7947916666666667 0.5814814814814815 0.784375 0.6018518518518519 0.784375 0.6037037037037037 0.7802083333333334 0.6203703703703703
3 0.6177083333333334 0.4537037037037037 0.61875 0.4555555555555556 0.6229166666666667 0.4611111111111111 0.6239583333333334 0.4611111111111111 0.6302083333333334 0.4574074074074074 0.63125 0.4555555555555556 0.6333333333333334 0.45 0.6333333333333334 0.44814814814814813 0.6333333333333334 0.4425925925925926 0.6322916666666666 0.44074074074074077 0.621875 0.4351851851851852 0.6166666666666666 0.4444444444444444 0.6166666666666666 0.4462962962962963 0.6177083333333334 0.4537037037037037
3 0.6041666666666666 0.4166666666666667 0.6052083333333333 0.41851851851851857 0.6072916666666667 0.4222222222222222 0.6083333333333334 0.4222222222222222 0.6166666666666666 0.412962962962963 0.6166666666666666 0.4111111111111111 0.6145833333333334 0.40185185185185185 0.6135416666666667 0.40185185185185185 0.609375 0.4 0.6041666666666666 0.4074074074074074 0.6041666666666666 0.40925925925925927 0.6041666666666666 0.4166666666666667
3 0.934375 0.15185185185185185 0.934375 0.1537037037037037 0.934375 0.16481481481481483 0.9354166666666667 0.16481481481481483 0.946875 0.16481481481481483 0.9479166666666666 0.16296296296296298 0.9541666666666666 0.1537037037037037 0.9541666666666666 0.15185185185185185 0.9541666666666666 0.14074074074074072 0.953125 0.1388888888888889 0.9458333333333334 0.13148148148148148 0.9375 0.1388888888888889 0.9375 0.14074074074074072 0.934375 0.15185185185185185
1 0.3744791666666667 0.6535185185185185 0.3840625 0.6853703703703703 0.38656250000000003 0.7261111111111112 0.3552083333333333 0.7027777777777778 0.3597916666666667 0.7431481481481482 0.3840625 0.7675925925925926 0.4346875 0.7812962962962963 0.4357291666666667 0.7448148148148148 0.403125 0.7261111111111112 0.3846875 0.6444444444444444 0.3744791666666667 0.6535185185185185
1 0.4557291666666667 0.4444444444444444 0.44135416666666666 0.45296296296296296 0.4328125 0.45296296296296296 0.4397916666666667 0.41574074074074074 0.42989583333333337 0.40944444444444444 0.42 0.44962962962962966 0.4066666666666667 0.4825925925925926 0.41760416666666667 0.4951851851851852 0.42947916666666663 0.46981481481481485 0.45666666666666667 0.45462962962962966 0.4557291666666667 0.4444444444444444
1 0.8209375 0.5890740740740741 0.8464583333333334 0.6498148148148148 0.7957291666666667 0.6816666666666668 0.7998958333333334 0.6990740740740741 0.8642708333333333 0.6703703703703704 0.9009375 0.7055555555555556 0.9125 0.6735185185185185 0.8705208333333333 0.6153703703703703 0.8392708333333333 0.5618518518518518 0.8209375 0.5890740740740741
1 0.8206249999999999 0.5237037037037037 0.8265625 0.48388888888888887 0.8332291666666666 0.4166666666666667 0.8229166666666666 0.4124074074074074 0.8140625 0.4792592592592592 0.808125 0.49092592592592593 0.7956249999999999 0.49092592592592593 0.7758333333333334 0.46055555555555555 0.76 0.49092592592592593 0.8202083333333333 0.5877777777777777 0.8377083333333333 0.5577777777777778 0.8206249999999999 0.5237037037037037
1 0.6739583333333333 0.3024074074074074 0.6955208333333333 0.3585185185185185 0.6620833333333332 0.3438888888888889 0.651875 0.36907407407407405 0.7021875000000001 0.3846296296296296 0.7242708333333333 0.42962962962962964 0.7442708333333333 0.3964814814814815 0.7255208333333334 0.3609259259259259 0.6927083333333334 0.2783333333333333 0.6739583333333333 0.3024074074074074
1 0.8783333333333333 0.4568518518518519 0.874375 0.4872222222222222 0.8666666666666666 0.44685185185185183 0.8594791666666667 0.4538888888888889 0.8678125 0.502962962962963 0.8606250000000001 0.5424074074074073 0.8755208333333334 0.5531481481481482 0.8848958333333333 0.5109259259259259 0.8910416666666667 0.46074074074074073 0.8783333333333333 0.4568518518518519
1 0.43833333333333335 0.3687037037037037 0.4357291666666667 0.3653703703703704 0.42875 0.3324074074074074 0.4223958333333333 0.3318518518518519 0.43406249999999996 0.38370370370370366 0.4328125 0.3979629629629629 0.4283333333333333 0.4153703703703704 0.4380208333333333 0.4212962962962963 0.4595833333333333 0.3353703703703704 0.45927083333333335 0.3338888888888889 0.44968749999999996 0.3318518518518519 0.43833333333333335 0.3687037037037037
1 0.6747916666666667 0.20537037037037037 0.6694791666666666 0.20314814814814816 0.6475000000000001 0.1587037037037037 0.6383333333333333 0.16407407407407407 0.6370833333333334 0.16833333333333333 0.640625 0.19277777777777777 0.6379166666666666 0.19833333333333336 0.6470833333333333 0.22944444444444445 0.6517708333333333 0.23666666666666666 0.658125 0.24092592592592593 0.6703125 0.24000000000000002 0.6758333333333333 0.24574074074074073 0.6714583333333333 0.2916666666666667 0.6790625 0.31629629629629624 0.6985416666666666 0.29537037037037034 0.6809375000000001 0.23185185185185184 0.7028125000000001 0.1401851851851852 0.7020833333333334 0.13925925925925925 0.6901041666666666 0.13666666666666666 0.6747916666666667 0.20537037037037037