2 0.5836991574074074 0.9832611689814814 0.6067605324074073 0.9905597847222223 0.6326907986111111 0.987375949074074 0.8033713194444445 0.905252150462963 0.777360949074074 0.8909167245370371 0.7780035648148148 0.8904521342592593 0.7778617013888889 0.8892967476851852 0.7548494513888889 0.8936807893518519 0.7290625648148149 0.9093149537037036 0.7168755833333333 0.9228857037037037 0.7082633912037037 0.9204404768518519 0.5836991574074074 0.9832611689814814
2 0.44140981944444446 0.5986884560185186 0.45082055555555556 0.5953290347222222 0.5181191111111111 0.6157719699074073 0.48336445833333336 0.5885703657407407 0.40696607638888893 0.5339031921296296 0.33241774074074076 0.44643795833333333 0.2976926712962963 0.3794754398148148 0.26031020833333335 0.32278049537037035 0.24963084490740742 0.28378349305555556 0.24435523611111112 0.24081709953703706 0.24532021064814813 0.24069861574074075 0.22410278472222223 0.2118348472222222 0.19361570601851852 0.09152067129629629 0.17831130092592595 0.10260908564814815 0.15275933333333333 0.08642275 0.16003912268518516 0.145711875 0.19213628009259257 0.2472287800925926 0.21903015046296298 0.32232348611111106 0.25758511342592594 0.3965452453703704 0.33122891666666665 0.5006903541666667 0.38058285416666665 0.5509486782407408 0.44140981944444446 0.5986884560185186
2 0.563413037037037 0.7339375046296296 0.6345803819444445 0.7907897175925925 0.6517295740740741 0.7817338171296296 0.6432228055555556 0.7652177361111112 0.6339007199074074 0.7564210555555555 0.6116716296296296 0.7432506805555555 0.5605999930555555 0.6918809074074075 0.5211676134259259 0.6344458935185185 0.47310896296296295 0.626761113425926 0.5016396087962963 0.6673208032407407 0.563413037037037 0.7339375046296296
2 0.6764893773148147 0.7940897060185186 0.6672393425925925 0.789526738425926 0.6436216944444445 0.8032258680555556 0.6842352870370371 0.8306211412037037 0.7748237175925925 0.8871195069444445 0.8090336458333334 0.9092008935185185 0.8441564699074073 0.8973477731481482 0.8212939375 0.8881356597222222 0.764914511574074 0.8565602893518518 0.7422655833333333 0.8401985416666667 0.7389838726851852 0.8253235416666667 0.7161461226851853 0.8191624027777777 0.6764893773148147 0.7940897060185186
2 1 0.49231940046296296 0.9372470115740741 0.5055984745370371 0.8399143032407408 0.5285375810185186 0.7822824907407407 0.546594162037037 0.7294560046296297 0.5664063310185186 0.7882889166666667 0.5582458865740741 0.7926272569444445 0.5563121388888889 0.8378031759259259 0.5418865532407408 0.9000413657407408 0.5241931782407407 0.9041816666666667 0.5206465416666667 0.9194054421296296 0.5159672893518518 0.9236516828703704 0.5201213912037037 1 0.5033650115740741 1 0.49231940046296296
2 0.6806392083333334 0.2736736157407407 0.6768185185185186 0.2727574120370371 0.6690104513888889 0.2745819513888889 0.6420761226851852 0.29614231481481484 0.6252645 0.3109105902777778 0.61331875 0.3230270393518519 0.5968313518518519 0.3379286712962963 0.5701380115740741 0.35666518055555557 0.5506026111111111 0.36919402314814814 0.535148875 0.3825991550925926 0.5234355023148148 0.39159369907407404 0.5365949861111111 0.3882226458333334 0.5567679699074074 0.3709715277777778 0.5595787361111111 0.37050047222222227 0.5876569143518519 0.34959464814814817 0.6097895648148148 0.33348823842592595 0.6464825324074075 0.3001193263888889 0.6546886574074073 0.29390102777777777 0.6684266666666666 0.2824775740740741 0.6806392083333334 0.2736736157407407
3 0.8854027893518519 0.35665020833333333 0.8839290416666666 0.3560440439814815 0.8748961412037036 0.35085620833333336 0.8735176041666667 0.3510254722222222 0.8692867847222222 0.3507578333333334 0.8680034583333333 0.3517025231481481 0.8638678495370371 0.3522103125 0.8625845254629629 0.35315500231481484 0.8600178726851851 0.3550443819444445 0.8601130833333334 0.3558198078703704 0.8579272731481481 0.3608108935185185 0.8642031018518518 0.36633725462962957 0.8655816388888888 0.36616799305555553 0.8740432777777778 0.3667032685185185 0.8753266018518518 0.3657585787037037 0.8808407476851853 0.36508152546296296 0.8821240740740741 0.36413683564814814 0.883407400462963 0.36319214583333337 0.8833121898148149 0.36241671990740737 0.8854027893518519 0.35665020833333333
3 0.8850715671296295 0.36534916435185183 0.8836930300925926 0.3655184259259259 0.8794622106481482 0.36525078935185185 0.878083675925926 0.3654200532407407 0.8700028773148148 0.3679864837962963 0.8700980879629631 0.3687619097222222 0.8690051828703703 0.37125745370370367 0.8754714328703704 0.37833466898148144 0.8768499699074075 0.3781654050925926 0.886404513888889 0.3762051365740741 0.887687837962963 0.3752604467592593 0.8915378171296297 0.3724263796296296 0.8914426064814814 0.3716509513888889 0.8909665532407408 0.3677738194444444 0.8894928078703704 0.3671676550925926 0.8850715671296295 0.36534916435185183
3 0.9001858472222223 0.3516866087962963 0.8988073101851852 0.35185587037037036 0.8903456712962963 0.3513205949074074 0.8890623449074074 0.35226528472222224 0.8840242523148149 0.35681946990740737 0.8841194629629631 0.35759489814814815 0.8835978194444444 0.364743 0.8924403009259259 0.3683799814814815 0.8938188379629629 0.3682107199074074 0.9018996342592592 0.3656442893518519 0.9031829606481482 0.36469959953703707 0.9070329375 0.3618655300925926 0.9069377268518518 0.3610901041666667 0.9060808333333333 0.3541112638888889 0.9047022962962963 0.35428052546296296 0.9001858472222223 0.3516866087962963
3 0.8120333194444443 0.5112755 0.8133166458333334 0.5103308101851852 0.8198284861111111 0.5063827893518519 0.8197332754629629 0.5056073611111112 0.8161193101851851 0.49896704861111113 0.8146455625 0.49836088425925923 0.8000033055555555 0.4930746736111111 0.7986247685185185 0.4932439375 0.7957724861111111 0.49280703703703704 0.794393949074074 0.4929762986111111 0.7781371458333333 0.4973337337962963 0.7768538194444444 0.49827842361111113 0.7732894722222222 0.5034387731481481 0.7733846828703704 0.504214199074074 0.7728630416666666 0.5113623032407407 0.7715797152777777 0.5123069930555556 0.767634525462963 0.5143656342592592 0.7677297361111111 0.5151410625 0.7666368310185185 0.5176366041666667 0.7782363842592593 0.5209350601851852 0.7796149212962964 0.520765798611111 0.7989144305555556 0.5183961157407407 0.8001977569444444 0.517451425925926 0.8010050300925926 0.5126296041666666 0.8022883564814814 0.5116849143518519 0.8035716805555556 0.510740224537037 0.8049502175925926 0.5105709606481481 0.8120333194444443 0.5112755
3 0.7460431736111112 0.19036314351851852 0.7447598472222222 0.19130783333333332 0.7367742592592592 0.19464969212962963 0.7459975833333333 0.20138837962962963 0.7474713287037038 0.2019945439814815 0.7516069375 0.20148675462962962 0.7528902638888889 0.20054206481481482 0.7587356296296297 0.19116605787037036 0.7572618842592592 0.1905598935185185 0.7529358541666666 0.1895168287037037 0.7515573171296296 0.1896860925925926 0.7460431736111112 0.19036314351851852
3 0.7588416666666666 0.5225293171296296 0.7601249930555555 0.5215846273148148 0.7679201574074074 0.5166919143518518 0.7678249467592593 0.515916488425926 0.7677753263888889 0.504115826388889 0.7663015810185185 0.5035096620370371 0.751564113425926 0.49744802546296296 0.7501855763888889 0.497617287037037 0.740440611111111 0.4980267013888889 0.739157287037037 0.4989713912037037 0.728509837962963 0.5034272013888889 0.7286050486111111 0.5042026296296297 0.7239477962962964 0.5118585208333334 0.7240430069444445 0.5126339467592592 0.7243286388888889 0.5149602268518518 0.7258023842592592 0.5155663912037037 0.734835287037037 0.5207542268518518 0.7335519606481482 0.5216989166666667 0.7254711620370371 0.5242653472222222 0.7255663726851852 0.5250407731481481 0.7257567939814814 0.5265916273148148 0.7358826018518518 0.5292839212962963 0.737261136574074 0.5291146574074074 0.7441538194444445 0.5282683425925926 0.7456275648148148 0.5288745069444444 0.7513321319444445 0.5297483078703704 0.7526154583333334 0.5288036180555555 0.7579391828703704 0.5265757129629629 0.7578439722222222 0.5258002870370371 0.7588416666666666 0.5225293171296296
3 0.7432405092592593 0.2017269074074074 0.7431452986111111 0.20095147916666664 0.7411955 0.19646818287037038 0.7397217546296296 0.1958620185185185 0.7355861435185185 0.19636980787037037 0.7343028194444444 0.1973144976851852 0.722086412037037 0.20038871759259258 0.7208030856481481 0.2013334074074074 0.7169531087962964 0.20416747685185185 0.7170483194444445 0.2049429027777778 0.7161458356481482 0.20898929861111112 0.7280310185185186 0.2146140347222222 0.7294095555555555 0.21444477314814814 0.7377759837962963 0.21420462037037036 0.7390593101851851 0.21325993287037037 0.7468544768518519 0.20836721990740742 0.7467592662037037 0.20759179398148148 0.749040287037037 0.20337613425925927 0.7475665393518518 0.2027699699074074 0.7432405092592593 0.2017269074074074
3 0.39912680787037036 0.4990046805555555 0.39774827083333336 0.49917394444444446 0.38809851620370367 0.5003587847222223 0.3868151921296296 0.501303474537037 0.3861031273148148 0.506900724537037 0.3921885347222222 0.5108762314814815 0.39356707175925926 0.5107069699074075 0.4004597546296296 0.5098606550925926 0.4017430787037037 0.5089159652777778 0.4055930578703704 0.5060818958333333 0.4054978472222222 0.5053064699074074 0.4064955416666667 0.5020355 0.40502179398148147 0.5014293356481482 0.39912680787037036 0.4990046805555555
3 0.42127859953703706 0.49707190046296296 0.41999527314814816 0.4980165902777778 0.4162405069444444 0.5016260856481481 0.41633571759259264 0.5024015115740741 0.4167165578703704 0.5055032175925925 0.4197592615740741 0.5074909722222222 0.4211377986111111 0.5073217106481481 0.43216608796296296 0.5059676064814814 0.43344941435185186 0.5050229166666667 0.4371089722222222 0.5006379930555556 0.43701376157407407 0.4998625671296296 0.4336854259259259 0.4955485324074074 0.43230688888888885 0.4957177962962963 0.42127859953703706 0.49707190046296296
3 0.7281262291666666 0.21538946296296296 0.7266524837962963 0.2147832986111111 0.7178100023148148 0.21114631712962964 0.7165266759259259 0.21209100694444447 0.7089219328703704 0.21853457175925928 0.7090171435185185 0.21930999768518517 0.7079242384259259 0.22180553935185185 0.7140096458333333 0.22578104861111112 0.7153881805555555 0.22561178472222224 0.7167667175925926 0.22544252314814817 0.7180500439814814 0.22449783333333334 0.7274141666666667 0.220986712962963 0.7286974930555556 0.22004202314814816 0.7297903981481482 0.21754647916666667 0.7283166504629629 0.21694031481481482 0.7281262291666666 0.21538946296296296