2 0.2177149421296296 0.34629177083333335 0.25467587268518516 0.3666731435185185 0.4323083148148148 0.4012897962962963 0.434243724537037 0.3828756018518519 0.43341495601851854 0.3827884953703704 0.21195719212962963 0.33995206944444445 0.2177149421296296 0.34629177083333335
2 0.34416289814814816 0.24339864814814816 0.3421889722222222 0.2422485162037037 0.34275524074074076 0.2315459537037037 0.3347370462962963 0.22811087962962961 0.31784856712962967 0.23466269444444446 0.2854633726851852 0.22788099537037038 0.27063816898148146 0.22011693055555556 0.11095001388888888 0.1954774976851852 0.09509166435185186 0.20551546064814816 0.34416289814814816 0.24339864814814816
2 0.8070835532407408 0.2051713703703704 0.8196321990740741 0.20004874768518519 0.6293587060185186 0.1608041412037037 0.6306697662037037 0.17091846759259258 0.8070835532407408 0.2051713703703704
3 0.1834392013888889 0.16350452777777777 0.18213958333333333 0.16258237962962965 0.1822212476851852 0.1618054097222222 0.18848133333333333 0.1553933912037037 0.1885629976851852 0.15461642129629627 0.19043425462962965 0.15009977777777778 0.1891346365740741 0.14917762962962963 0.18174524537037037 0.1397598865740741 0.1804456273148148 0.13883773842592592 0.1764651134259259 0.13684826157407406 0.17508383333333336 0.13670308333333334 0.16533320601851853 0.13646380555555557 0.1638702638888889 0.13709559722222223 0.15818181712962964 0.1380688240740741 0.15671887268518517 0.13870061574074075 0.1462332824074074 0.14545406944444444 0.14615161805555554 0.14623103935185186 0.1438720462962963 0.1546325324074074 0.14517166435185186 0.1555546828703704 0.14996181944444445 0.16312812731481482 0.1512614375 0.16405027546296297 0.16027709722222222 0.17128228703703705 0.16165837731481483 0.17142746527777777 0.17498120601851852 0.17754107175925926 0.1763624861111111 0.17768625 0.18879400925925924 0.17899285416666666 0.19025695138888887 0.1783610625 0.20155218518518517 0.1771915810185185 0.20163384722222222 0.1764146087962963 0.21341905555555554 0.17058330555555554 0.2135007199074074 0.16980633564814815 0.21545363888888888 0.1645127222222222 0.20895555092592594 0.15990197916666665 0.20757427083333332 0.15975680092592592 0.20359375462962961 0.15776732407407407 0.20221247453703703 0.1576221458333333 0.19806863425925927 0.15718661111111112 0.1966056898148148 0.15781840277777778 0.1892093125 0.16175433101851852 0.1878280300925926 0.1616091527777778 0.1834392013888889 0.16350452777777777
3 0.2013888587962963 0.1787455208333333 0.20130719444444445 0.17952249074074073 0.20170852083333332 0.18899131249999998 0.20300813888888888 0.18991346064814815 0.20779829398148147 0.19748690740740743 0.20909791203703704 0.19840905555555555 0.21965817824074071 0.20423230324074074 0.22103945833333333 0.2043774814814815 0.22640125462962962 0.20651213657407408 0.22778253472222224 0.2066573148148148 0.2470387986111111 0.2094667824074074 0.24850174074074072 0.20883499074074074 0.2555714699074074 0.2080069421296296 0.25703441203703703 0.20737515046296298 0.26004196296296295 0.20533459722222222 0.260123625 0.2045576273148148 0.2712625185185185 0.19158841203703703 0.2713441828703704 0.19081144212962964 0.27167083333333336 0.18770356018518516 0.2637914652777778 0.18294763888888887 0.26232852314814814 0.18357943055555556 0.24583481944444444 0.18106031944444445 0.24453520370370369 0.18013817129629628 0.22869480324074073 0.17140329861111112 0.22731352314814815 0.17125811805555557 0.21910750231481482 0.1696100787037037 0.2176445601851852 0.17024187037037036 0.2013888587962963 0.1787455208333333
3 0.27394341666666666 0.19265573842592593 0.272480474537037 0.19328753009259259 0.266547037037037 0.19659166898148148 0.266465375 0.19736863888888886 0.26321283796296296 0.20174010185185184 0.2631311736111111 0.20251707407407407 0.2625595347222222 0.20795586574074074 0.2638591527777778 0.2088780138888889 0.2684859814814815 0.21800540046296296 0.26978559953703707 0.2189275486111111 0.29228741203703706 0.23071922453703703 0.29366869212962965 0.23086440277777778 0.3087811134259259 0.23323833564814814 0.31024405787037035 0.2326065439814815 0.31576917824074074 0.23318725694444445 0.3172321226851852 0.23255546527777776 0.3200763472222223 0.23206885185185186 0.3215392893518519 0.2314370601851852 0.3319432175925926 0.22546057638888886 0.33202488194444446 0.22468360648148147 0.33397780092592594 0.21938999305555557 0.32341753472222223 0.21356674537037038 0.3234991990740741 0.21278977546296296 0.31879070601851855 0.2044393587962963 0.3174094236111111 0.20429418055555557 0.29336300694444445 0.1939112662037037 0.291981724537037 0.193766087962963 0.2796318657407407 0.19168251157407407 0.27816892129629633 0.19231430324074075 0.27394341666666666 0.19265573842592593
3 0.03964846990740741 0.25601232175925925 0.04111141203703704 0.2553805300925926 0.0513520162037037 0.2509579884259259 0.05143367824074074 0.2501810162037037 0.057530439814814816 0.24532293981481482 0.057612104166666664 0.24454596990740743 0.060299990740740744 0.23225962268518519 0.054128553240740736 0.224541 0.05274727314814815 0.22439582175925926 0.032763032407407404 0.21522541203703704 0.03138175231481482 0.2150802337962963 0.02853752777777778 0.21556684722222222 0.028455865740740743 0.2163438171296296 0.02550901388888889 0.2576684189814815 0.026890293981481482 0.2578135972222222 0.03964846990740741 0.25601232175925925
3 0.031062087962962965 0.20483444212962962 0.03236170601851852 0.2057565925925926 0.03366132407407407 0.20667874074074075 0.035042604166666665 0.20682391898148147 0.04885540740740741 0.2082757037037037 0.05031835185185186 0.20764391203703703 0.05592513657407408 0.20744765509259258 0.05738807870370371 0.20681586342592592 0.0718541875 0.20205188425925924 0.07193584953703704 0.20127491435185185 0.07234416435185186 0.19739006481481483 0.062355537037037036 0.18612802314814816 0.060974256944444444 0.1859828449074074 0.05577578703703704 0.18229425 0.05439450694444444 0.18214907175925926 0.04342592592592593 0.18021067361111112 0.04212630787037037 0.17928852546296295 0.03562821990740741 0.17467778240740742 0.03554655787037037 0.1754547523148148 0.031062087962962965 0.20483444212962962
3 0.011519307870370369 0.7495255416666666 0.012818925925925926 0.7504476898148148 0.020616631944444446 0.7559805810185186 0.021997912037037035 0.7561257592592592 0.027359708333333337 0.7582604143518518 0.028740988425925925 0.7584055925925925 0.03442943518518519 0.7574323657407407 0.034511097222222224 0.7566553958333334 0.03630069212962963 0.7529157222222223 0.03516440046296296 0.7504396342592593 0.03386478240740741 0.7495174861111111 0.028584650462962963 0.746605861111111 0.02720337037037037 0.7464606828703704 0.017616069444444445 0.7446674629629629 0.016153127314814816 0.7452992546296295 0.011845960648148147 0.7464176597222222 0.011764296296296295 0.7471946296296296 0.011519307870370369 0.7495255416666666
3 0.044989701388888886 0.763255613425926 0.046370981481481485 0.7634007939814815 0.051896104166666665 0.7639815069444444 0.05335904629629629 0.7633497152777777 0.06636221064814815 0.7592175300925925 0.06644387268518519 0.7584405578703703 0.06953308564814814 0.7556230347222223 0.06189870601851852 0.7485362013888889 0.060517425925925926 0.7483910231481481 0.050930125 0.7465978055555555 0.04946718287037037 0.7472295972222222 0.037763636574074076 0.7522839305555555 0.03768197222222222 0.753060900462963 0.03711033333333333 0.7584996921296296 0.038409951388888884 0.7594218425925926 0.044989701388888886 0.763255613425926
1 0.2101005300925926 0.22341647453703703 0.21187728472222223 0.2131553611111111 0.1599262060185185 0.20518131250000002 0.14760224305555555 0.2001939097222222 0.13290280787037037 0.2005342638888889 0.11891174305555555 0.19812108101851852 0.1103492013888889 0.19455024074074073 0.0996179236111111 0.2049699722222222 0.1177187662037037 0.21080021296296295 0.12939431944444443 0.21265580555555555 0.17634902777777775 0.26550969907407407 0.18701218055555555 0.26105301157407407 0.15267939583333334 0.21832393518518517 0.19347616666666667 0.2221405162037037 0.19682460416666667 0.22084278935185184 0.2004070671296296 0.22263331712962964 0.2101005300925926 0.22341647453703703
1 0.7150611064814816 0.18913643981481482 0.7203794953703704 0.18105433796296297 0.718413037037037 0.18116187500000003 0.694210761574074 0.17359057175925927 0.6901254814814815 0.1699404236111111 0.6961345092592592 0.16193091203703705 0.6878794930555556 0.16074905324074074 0.6742318912037036 0.16968393518518518 0.6493627731481482 0.16314231944444443 0.6431332546296297 0.17324965046296298 0.7150611064814816 0.18913643981481482