2 1 0.7260899560185186 0.9888803773148148 0.7179157500000001 0.9957476527777778 0.6976848680555555 0.6710378888888889 0.6453884444444445 0.5894183055555555 0.6192336134259259 0.3233683101851852 0.5849074259259259 0.32328685416666664 0.5860069467592592 0.3084577939814815 0.6161994166666667 0.46016543981481484 0.642201537037037 0.6475085763888889 0.684720650462963 0.6685687175925926 0.6699262986111111 0.7183684537037037 0.6913336944444445 1 0.7379507824074074 1 0.7260899560185186
3 0.12414231944444445 0.3076885648148148 0.12418320601851852 0.3084687453703704 0.12467385648148148 0.3178308958333333 0.12610172916666665 0.3185383865740741 0.13091688425925926 0.3308031898148148 0.13234475925925926 0.33151068055555555 0.14841934722222222 0.34631468981481484 0.1498472199074074 0.34702218055555556 0.17554893287037035 0.3597570092592593 0.17693591898148148 0.3596843194444444 0.18513516898148147 0.3569076481481481 0.1850942824074074 0.35612746990740746 0.18170699768518517 0.34457015740740743 0.180279125 0.3438626666666667 0.1740360972222222 0.3308903726851852 0.17399521064814816 0.33011019444444445 0.18096783564814814 0.3039281435185185 0.18231393518518518 0.3030752754629629 0.18749388888888888 0.2957629074074074 0.1888399861111111 0.294910037037037 0.1954887013888889 0.289085337962963 0.19683480092592592 0.2882324699074074 0.22379764814814815 0.27195528703703703 0.22375675925925925 0.27117510648148146 0.2250619699074074 0.2695420601851852 0.20817281944444443 0.26573325 0.20678583333333334 0.2658059398148148 0.17631304166666664 0.26818527314814816 0.17496694444444444 0.2690381412037037 0.15171529166666667 0.27651528472222225 0.15036919212962963 0.27736815277777777 0.12899517361111112 0.2941347615740741 0.1290360625 0.2949149398148148 0.12414231944444445 0.3076885648148148
3 0.35083107407407405 0.28094418981481484 0.34944408796296295 0.2810168796296296 0.3338192615740741 0.27479484259259257 0.332432275462963 0.27486753009259257 0.32113195370370373 0.2715481458333333 0.3197449699074074 0.2716208333333333 0.28604844444444444 0.26556357175925926 0.28466145833333334 0.26563626157407405 0.2555347638888889 0.2671627268518519 0.2541886643518519 0.2680155949074074 0.24321544444444446 0.2709376435185185 0.24182845833333333 0.2710103310185185 0.23489353009259262 0.27137377546296293 0.2335474328703704 0.27222664351851855 0.2198411273148148 0.27607425 0.2184950300925926 0.27692711805555553 0.21033666666666667 0.2804839675925926 0.20899056944444444 0.28133683564814815 0.1968756875 0.289012650462963 0.19691657407407406 0.2897928287037037 0.1836600324074074 0.3022224074074074 0.18370091898148147 0.3030025856481482 0.17860274074074076 0.3118753148148148 0.1786436273148148 0.31265549305555557 0.17640119444444444 0.32294320370370366 0.17644208101851852 0.32372338194444444 0.17705539351851854 0.33542607175925926 0.1784832662037037 0.3361335625 0.18158433564814816 0.34222962037037036 0.18162522453703703 0.3430097986111111 0.18085155092592592 0.35478517824074074 0.1822794236111111 0.35549266898148146 0.1837072962962963 0.3562001574074074 0.1850942824074074 0.35612746990740746 0.2197689189814815 0.35431025 0.2211150162037037 0.35345737962962964 0.23490309722222222 0.35117013425925925 0.2362900810185185 0.3510974444444444 0.2529339074074074 0.3502251782407408 0.2543617800925926 0.3509326689814815 0.27386135185185184 0.3514753842592593 0.275289224537037 0.352182875 0.2864668819444444 0.35316172222222225 0.28789475694444444 0.353869212962963 0.30339692129629625 0.35775071296296296 0.3048247939814815 0.35845820370370374 0.33754320833333334 0.37238994675925924 0.33893019444444444 0.37231725694444445 0.34884353009259256 0.37570933333333334 0.3502305162037037 0.3756366435185185 0.3572881041666666 0.3776137384259259 0.3586750902777778 0.3775410486111111 0.36699700231481486 0.3771049166666667 0.3683431018518519 0.3762520462962963 0.3751553657407407 0.3735480648148148 0.3751144791666667 0.3727678865740741 0.385719712962963 0.362824224537037 0.38567882638888884 0.3620440439814815 0.38812569675925923 0.3556572314814815 0.3880848101851852 0.3548770532407407 0.38751238425925927 0.34395454166666667 0.37853627314814814 0.33190780555555555 0.37849538425925927 0.3311276273148148 0.3771869861111111 0.30616188888888884 0.3757591134259259 0.3054543981481481 0.3726171550925926 0.2985781620370371 0.3711892824074074 0.2978706712962963 0.3652324652777778 0.2903596319444444 0.36380459259259257 0.28965214351851853 0.35083107407407405 0.28094418981481484
3 0.31972321296296297 0.4304333703703704 0.31976409953703705 0.4312135486111111 0.3078127662037037 0.4420100787037037 0.3078536550925926 0.44279025925925924 0.30658933101851854 0.44520348611111116 0.3080172037037037 0.4459109768518519 0.3221323842592593 0.4498651643518518 0.3235193703703704 0.449792474537037 0.32910819907407407 0.4502818981481482 0.33049518518518517 0.4502092106481481 0.3679437916666667 0.44824661111111114 0.36928988888888886 0.44739374305555557 0.3717367615740741 0.44100693055555557 0.3716958726851852 0.4402267523148148 0.37132788657407406 0.4332051388888889 0.3726739837962963 0.43235227083333333 0.37512085648148147 0.4259654583333333 0.3764669537037037 0.42511259027777776 0.3869086388888889 0.41204821064814817 0.3882547361111111 0.4111953425925926 0.4016339398148148 0.4011063009259259 0.40159305324074074 0.4003261226851852 0.40147039120370365 0.3979855833333334 0.39282137962962965 0.39218028240740743 0.39143439351851855 0.3922529722222222 0.3858455648148148 0.3917635462962963 0.3858864513888889 0.39254372685185185 0.37915596064814816 0.3968080671296296 0.3777689768518519 0.3968807569444444 0.34513552314814816 0.4111081574074074 0.34378942592592593 0.411961025462963 0.31972321296296297 0.4304333703703704
3 0.5176091828703704 0.3848581087962963 0.5162221967592593 0.38493079629629634 0.48962414814814814 0.3816308101851852 0.4882371643518518 0.3817034976851852 0.4618844398148148 0.3830845856481481 0.4605383425925926 0.38393745370370375 0.446709375 0.38544452083333336 0.445363275462963 0.38629738888888887 0.4139123726851852 0.39655120601851856 0.412566275462963 0.3974040740740741 0.3976774212962963 0.40522526388888885 0.3977183101851852 0.4060054444444444 0.38437999074074075 0.41687466435185183 0.3844208796296296 0.4176548425925926 0.3752435185185185 0.42830599537037034 0.3752844050925926 0.4290861759259259 0.37287842129629634 0.43625316666666664 0.3729193101851852 0.4370333449074074 0.37267717361111113 0.45895105555555554 0.3741050462962963 0.4596585462962963 0.3757782430555555 0.4650471134259259 0.37720611574074076 0.46575460416666664 0.39491301620370367 0.48516699999999996 0.3963408888888889 0.4858744907407408 0.41645377314814813 0.4981198958333333 0.41784075694444445 0.49804720601851854 0.44346069675925925 0.5092216759259259 0.4448476805555555 0.5091489884259259 0.47287360185185184 0.5131564652777778 0.47426058796296294 0.5130837777777778 0.5075482384259259 0.5113392453703703 0.508894337962963 0.5104863773148148 0.5281485833333334 0.5063480162037037 0.5294946828703704 0.5054951481481482 0.5418140023148148 0.5017202314814815 0.543160099537037 0.5008673634259259 0.5526645601851852 0.49645764583333335 0.5526236736111111 0.4956774652777778 0.5660437662037038 0.48636860416666666 0.5660028773148148 0.48558842592592594 0.5831750509259259 0.4682597060185185 0.5831341643518518 0.46747952546296295 0.5921888634259259 0.4544878356481481 0.5921479768518518 0.45370765509259264 0.5946357337962963 0.44810102314814815 0.5945948472222222 0.4473208425925926 0.5943086342592593 0.441859587962963 0.592390113425926 0.43178994675925925 0.5909622384259259 0.4310824560185185 0.5761519722222223 0.4138652199074074 0.5747240995370371 0.41315772916666665 0.5459213171296297 0.3943268425925926 0.5444934444444445 0.3936193518518519 0.531683474537037 0.38803211805555554 0.5302964884259259 0.38810480555555554 0.5176091828703704 0.3848581087962963
3 0.49792111574074077 0.513408425925926 0.4965341296296297 0.5134811157407407 0.4701405185185185 0.5140820231481482 0.4687126458333334 0.5133745324074074 0.45896286111111106 0.5131031759259259 0.45753498842592594 0.5123956851851852 0.44207371064814815 0.5092943657407407 0.44072761111111114 0.5101472337962962 0.4407685 0.5109274120370371 0.4409729375 0.5148283101851852 0.44240081018518523 0.5155358009259259 0.44546099305555553 0.5208516782407407 0.44688886574074077 0.5215591689814815 0.46430955324074075 0.5355103101851851 0.46573742592592593 0.5362178009259259 0.47854739583333333 0.5418050347222222 0.4799343796296296 0.5417323472222223 0.5024532476851852 0.5468107592592593 0.5038402337962963 0.5467380717592593 0.5136309074074075 0.5477896064814815 0.5150178912037037 0.5477169189814814 0.5496516412037037 0.5451195185185186 0.5509977384259259 0.544266650462963 0.5756772662037037 0.5374969953703703 0.5770233634259259 0.5366441273148148 0.5865278240740741 0.5322344097222222 0.5878739212962963 0.5313815416666666 0.594563525462963 0.5263370208333333 0.594522636574074 0.5255568425925926 0.5972148333333333 0.5238511064814815 0.5971739467592593 0.523070925925926 0.5970103958333334 0.5199502083333334 0.5638013310185185 0.4966563148148148 0.5623734583333333 0.49594882407407404 0.5581307268518518 0.4946065300925926 0.5567846296296296 0.495459400462963 0.5405087916666667 0.5033532800925926 0.5391218055555556 0.5034259675925926 0.5241102893518519 0.5089066203703704 0.5227233055555556 0.5089793101851852 0.49792111574074077 0.513408425925926
3 0.38126672916666665 0.6493875 0.3826946018518519 0.6500949907407407 0.38563212268518515 0.6530703287037036 0.38701910879629625 0.6529976412037037 0.39534102083333333 0.6525615069444444 0.3966871180555555 0.651708638888889 0.39937931481481487 0.6500029027777777 0.3993384282407408 0.6492227245370371 0.3991748773148148 0.6461020069444444 0.39607380787037033 0.640005949074074 0.39464593287037036 0.6392984583333333 0.391871962962963 0.6394438379629629 0.3905258657407408 0.6402967060185185 0.3877518935185185 0.6404420833333333 0.3864057962962963 0.6412949513888889 0.3823675023148148 0.6438535555555556 0.3824083888888889 0.6446337337962963 0.38126672916666665 0.6493875
3 0.40076630092592597 0.6499302152777778 0.4021532847222222 0.6498575254629629 0.4118621851851852 0.6493487037037037 0.4132082824074074 0.6484958356481481 0.418429125 0.6419636458333334 0.4126358564814815 0.6375733263888889 0.4112488726851852 0.6376460138888889 0.4070061412037037 0.6363037222222223 0.4056191550925926 0.636376412037037 0.39329983564814813 0.6401513287037036 0.39334072453703706 0.6409315069444445 0.3961964699074074 0.6423464884259259 0.3962373564814815 0.6431266666666666 0.40076630092592597 0.6499302152777778
3 0.4190015486111111 0.6528861574074075 0.4190424351851852 0.6536663356481481 0.42483570370370366 0.6580566574074075 0.4262226875 0.6579839675925926 0.43038364583333333 0.657765900462963 0.43172974305555556 0.6569130324074074 0.43723679629629625 0.655842099537037 0.4385828958333334 0.6549892291666667 0.4412750902777778 0.6532834930555557 0.44123420370370375 0.6525033148148148 0.4422532013888889 0.645409011574074 0.43650082175925925 0.6417988703703704 0.43511383796296293 0.6418715601851852 0.42675103703703704 0.6415275138888888 0.4254049398148148 0.6423803819444445 0.4185108981481481 0.6435240046296296 0.418551787037037 0.6443041828703704 0.4133309444444444 0.650836375 0.4147588171296296 0.651543863425926 0.4190015486111111 0.6528861574074075
3 0.4167182268518519 0.6623936851851852 0.4180643263888889 0.6615408171296296 0.4247948148148148 0.6572764768518519 0.41602314120370365 0.6491306365740741 0.41463615509259255 0.6492033263888888 0.3994610902777778 0.6515632615740741 0.39950197685185185 0.6523434421296296 0.39982907638888887 0.658584875 0.4012569490740741 0.6592923657407407 0.4069684421296297 0.6621223287037038 0.4083554282407408 0.6620496388888889 0.4167182268518519 0.6623936851851852
3 0.5696195439814815 0.36883288425925925 0.5696604305555556 0.3696130648148148 0.5699057569444445 0.37429413888888885 0.5713336296296296 0.3750016296296297 0.5757399097222222 0.37946463888888887 0.5771268958333333 0.37939195138888887 0.5867131319444444 0.3765425902777778 0.5881001157407407 0.37646990277777775 0.5922610740740741 0.3762518356481482 0.5936889467592593 0.3769593263888889 0.6020926342592593 0.3780835532407408 0.6034387314814815 0.37723068287037037 0.6075179143518519 0.3754522592592593 0.6074770254629629 0.3746720787037037 0.6111882199074075 0.36587203935185186 0.606741050925926 0.36062885185185184 0.6053540671296296 0.3607015416666667 0.5871597060185185 0.3585257777777778 0.5858136064814815 0.35937864583333334 0.5775734699074074 0.3613751388888889 0.5762273703703704 0.3622280069444444 0.573535175925926 0.3639337430555556 0.5735760625 0.36471392129629626 0.5696195439814815 0.36883288425925925
3 0.6090275601851851 0.37772010879629625 0.6104554351851852 0.3784275995370371 0.6133929560185185 0.3814029375 0.6148208287037037 0.38211042824074076 0.6190226712962963 0.38267254166666664 0.6203687708333333 0.38181967361111113 0.6368081574074075 0.3770465115740741 0.6381542569444444 0.37619364351851853 0.6461081805555556 0.3687358958333333 0.6460672939814814 0.3679557152777778 0.6472907291666666 0.3647623101851852 0.6359904097222222 0.3614429236111111 0.6346034236111111 0.3615156134259259 0.6262815092592592 0.3619517453703704 0.6249354120370371 0.36280461342592596 0.6139213032407407 0.3649464837962963 0.6139621921296297 0.3657266620370371 0.608823125 0.37381921064814816 0.608864011574074 0.37459939120370367 0.6090275601851851 0.37772010879629625
3 0.5865936574074074 0.4008008402777778 0.5879806435185185 0.400728150462963 0.5908363888888889 0.40214313194444445 0.592223375 0.40207044212962967 0.5977713171296296 0.4017796875 0.5991174143518518 0.40092681944444447 0.6045426944444444 0.398295525462963 0.6045018055555557 0.3975153472222222 0.6041338194444444 0.39049373148148153 0.6054799166666667 0.3896408634259259 0.6108643078703703 0.38622939120370375 0.5967900162037038 0.3830553842592593 0.5954030324074074 0.3831280717592592 0.5843480347222223 0.3844897615740741 0.5830019375000001 0.3853426296296296 0.5821056018518518 0.3947774699074074 0.5835334745370371 0.39548496064814814 0.5836970231481482 0.3986056782407407 0.5851248958333334 0.39931316898148145 0.5865936574074074 0.4008008402777778
3 0.40529149305555556 0.2851309398148148 0.40667847916666666 0.28505825 0.41234908333333337 0.2871080324074074 0.41238997222222223 0.28788821296296296 0.41263529629629625 0.29256928935185184 0.4140631689814815 0.2932767800925926 0.41712335185185184 0.2985926574074074 0.418510337962963 0.2985199675925926 0.4213251967592593 0.2991547708333333 0.42271218055555554 0.2990820810185185 0.42952444675925927 0.29637809953703703 0.4294835601851852 0.29559791898148147 0.43213486805555557 0.2931120046296296 0.4320939791666667 0.29233182407407404 0.4317668796296296 0.2860903888888889 0.4287884722222222 0.28233487037037036 0.42736059953703703 0.28162737962962964 0.4188751365740741 0.2789427962962963 0.417488150462963 0.2790154837962963 0.40500528240740735 0.27966968518518515 0.40365918287037034 0.28052255324074077 0.4023130856481481 0.2813754212962963 0.40235397453703703 0.28215559953703706 0.40529149305555556 0.2851309398148148
3 0.24630694907407408 0.1972373425925926 0.24634783564814813 0.19801752314814816 0.24692026157407407 0.2089400324074074 0.24834813425925925 0.20964752314814813 0.2526726412037037 0.21255017361111112 0.254059625 0.2124774861111111 0.26527817129629633 0.21423651157407408 0.2666651574074074 0.21416382407407408 0.27217221296296296 0.2130928888888889 0.2735183101851852 0.21224002083333335 0.2802488009259259 0.20797568055555557 0.28020791203703704 0.20719549999999998 0.28134957407407407 0.2024417361111111 0.27547453240740744 0.19649105555555554 0.27408754629629634 0.19656374537037036 0.26702995601851853 0.19458665277777779 0.2656429699074074 0.19465934027777776 0.2530783263888889 0.19375318055555557 0.25173222916666665 0.1946060486111111 0.24895825694444443 0.19475142592592593 0.24761215972222222 0.1956042962962963 0.24630694907407408 0.1972373425925926
3 0.9593905925925925 0.2427923587962963 0.9566166226851851 0.24293773842592592 0.9566575092592593 0.24371791666666667 0.9540062013888888 0.24620383333333334 0.954047087962963 0.24698401157407407 0.9529054282407408 0.251737775462963 0.9543333009259259 0.2524452662037037 0.9558429490740741 0.25471311574074074 0.9572299351851852 0.25464042824074073 0.9614726666666668 0.2559827199074074 0.962859650462963 0.2559100300925926 0.9823592222222223 0.2564527453703704 0.9837053194444444 0.2555998773148148 0.9878253888888889 0.25460163194444446 0.9877845023148148 0.2538214513888889 0.9873756273148148 0.24601965972222223 0.9787675023148148 0.24099453703703702 0.9773805162037037 0.24106722685185186 0.9607366921296296 0.24193949074074073 0.9593905925925925 0.2427923587962963
3 0.9376077013888889 0.2517571736111111 0.9389946851851853 0.2516844861111111 0.9473165995370371 0.25124835185185185 0.9486626967592593 0.2503954837962963 0.9524965532407408 0.2439359837962963 0.9453163009259259 0.23961835185185187 0.9439293148148148 0.23969103935185188 0.9355665162037037 0.23934699305555557 0.9342204166666667 0.2401998611111111 0.9274490393518519 0.24368402314814813 0.9274899282407408 0.2444642037037037 0.9263482662037037 0.24921796759259257 0.9277761388888889 0.24992545833333335 0.9376077013888889 0.2517571736111111
3 0.09837477314814816 0.4263873055555556 0.09980264583333333 0.4270947962962963 0.1138769375 0.4302688055555556 0.11526392361111111 0.43019611574074074 0.12497282175925926 0.4296872939814815 0.1263189212962963 0.4288344259259259 0.13035721527777777 0.4262758217592592 0.13031632638888888 0.42549564351851854 0.13153976157407407 0.42230223611111106 0.1257056087962963 0.4171317361111111 0.1242777361111111 0.41642424537037037 0.11436440046296295 0.4130321712962963 0.11297741435185185 0.4131048611111111 0.10469638888888888 0.41432117361111115 0.10335029166666666 0.41517404166666666 0.09661980092592592 0.41943838194444444 0.0966606875 0.42021856018518516 0.09837477314814816 0.4263873055555556
3 0.07140873842592593 0.4160657037037037 0.07283661111111112 0.41677319444444444 0.07434625925925926 0.4190410439814815 0.07577413194444445 0.41974853472222223 0.08144473611111111 0.4217983171296296 0.08283172222222222 0.4217256296296296 0.09392760416666668 0.42114411805555557 0.09527370370370371 0.42029125 0.09918933564814815 0.41539210648148145 0.09914844675925927 0.4146119282407408 0.09878046064814815 0.4075903148148148 0.09441506712962963 0.4039074837962963 0.09302808101851852 0.4039801736111111 0.08878534953703704 0.4026378796296296 0.08739836342592593 0.40271056944444444 0.07773035416666667 0.4039995694444445 0.07638425462962964 0.40485243981481484 0.07104075 0.40904409027777777 0.07108163888888888 0.40982427083333334 0.07140873842592593 0.4160657037037037
3 0.10559272453703704 0.40488633101851856 0.10563361342592593 0.4056665115740741 0.10873468287037037 0.4117625671296296 0.11012166898148149 0.41168987962962966 0.11991234259259259 0.4127414166666667 0.12134021527777777 0.4134489074074074 0.13125355092592594 0.41684098148148147 0.13259964814814815 0.4159881134259259 0.1380658148148148 0.414137 0.13802492824074075 0.4133568194444444 0.14055357407407407 0.40853036574074075 0.13312799768518518 0.3995316597222222 0.131700125 0.3988241689814815 0.12456075925925926 0.39528671527777776 0.12317377314814815 0.3953594050925926 0.11619795833333334 0.39494266898148145 0.1148518611111111 0.39579553703703707 0.10938569444444445 0.397646650462963 0.10942658101851853 0.39842683101851856 0.10559272453703704 0.40488633101851856
3 0.07740325231481482 0.39775813657407405 0.07883112731481481 0.3984656273148148 0.08176864814814815 0.4014409652777778 0.08315563194444445 0.4013682777777778 0.09429240277777778 0.40156694675925925 0.09563850231481481 0.40071407870370374 0.1106500162037037 0.3952334236111111 0.11199611574074074 0.39438055555555557 0.11330132638888889 0.3927475092592592 0.10889504398148148 0.3882845 0.1074671712962963 0.38757700925925925 0.10322443981481483 0.3862347175925926 0.1018374537037037 0.38630740509259254 0.09070068287037038 0.3861087361111111 0.08935458564814815 0.3869616041666667 0.07842225231481482 0.3906638333333333 0.0784631388888889 0.3914440115740741 0.07740325231481482 0.39775813657407405
3 0.05129585416666666 0.4038202986111111 0.05272372685185185 0.4045277893518518 0.059863092592592586 0.4080652430555556 0.06125007638888889 0.40799255324074074 0.06818500462962963 0.4076291087962963 0.06953110185185185 0.40677624074074076 0.07226418518518518 0.4058506851851852 0.07222329861111111 0.4050705046296296 0.07740325231481482 0.39775813657407405 0.07577094212962963 0.3931497476851852 0.07434306944444444 0.39244225925925924 0.06875424074074074 0.3919528333333333 0.06740814351851852 0.3928057013888889 0.05937244212962963 0.3987030902777778 0.05798545601851852 0.3987757800925926 0.0512140787037037 0.40225993981481484 0.05125496759259259 0.4030401203703704 0.05129585416666666 0.4038202986111111
3 0.07012528472222222 0.2588862152777778 0.0715531574074074 0.2595937060185185 0.08007950694444445 0.26305846990740744 0.08146649305555556 0.2629857824074074 0.09537723611111112 0.2630390717592593 0.09533634722222223 0.2622588935185185 0.10055718981481482 0.2557267037037037 0.09900665509259259 0.2526786759259259 0.09757878240740742 0.2519711851851852 0.09472303472222221 0.2505562037037037 0.09333605092592592 0.2506288912037037 0.08640112268518518 0.25099233564814816 0.08505502546296297 0.2518452037037037 0.07408180324074073 0.25476725231481484 0.07273570601851852 0.25562012037037035 0.07012528472222222 0.2588862152777778
3 0 0.30276038888888884 0.004248256944444444 0.3022371134259259 0.005676129629629629 0.3029446041666667 0.015507692129629628 0.3047763217592593 0.01685378935185185 0.30392345370370366 0.018240775462962964 0.3038507638888889 0.015221479166666666 0.29931506481481485 0.013793606481481481 0.29860757638888885 0.008123002314814816 0.2965577916666667 0.006736016203703704 0.29663048148148147 0 0.29548144675925925 0 0.30276038888888884
3 0.3490198333333333 0.4852251921296296 0.3504477060185185 0.4859326828703704 0.3576688449074074 0.49103049537037036 0.3590558310185185 0.49095780555555557 0.3673777430555556 0.4905216736111111 0.3687238425925926 0.48966880555555553 0.37961528935185185 0.4851863981481482 0.379574400462963 0.4844062175925926 0.37936996296296294 0.48050532175925925 0.3693748541666667 0.4755528888888889 0.3679878680555555 0.47562557638888886 0.3637451365740741 0.4742832847222222 0.362358150462963 0.47435597453703704 0.3581971944444444 0.47457403935185183 0.3568510972222222 0.4754269074074074 0.3488153958333334 0.4813242962962963 0.3488562824074074 0.48210447685185187 0.3490198333333333 0.4852251921296296
1 0.788921150462963 0.7557764421296297 0.7687950439814815 0.7353173495370371 0.7331947569444445 0.7062031226851851 0.720836724537037 0.6933166064814814 0.806322238425926 0.7083163240740741 0.8137735671296297 0.69392225 0.8150815902777778 0.6817277060185185 0.8210971874999999 0.6691299837962963 0.6518723194444443 0.6406036851851852 0.6209569861111112 0.6265774444444445 0.5934122615740741 0.6211365694444445 0.5812067893518519 0.6217762291666666 0.48328715277777773 0.6057070509259259 0.48301793287037037 0.605877625 0.4600103865740741 0.6418967337962963 0.5116565856481481 0.6507684398148148 0.639096074074074 0.6781206319444444 0.6697019375000001 0.6968570231481481 0.6841844675925927 0.7025130671296296 0.7221099189814815 0.7308795763888889 0.7664255972222223 0.7750270277777778 0.788921150462963 0.7557764421296297
0 0.6840123634259259 0.6620760324074074 0.7002209259259259 0.6714749976851851 0.7126855833333333 0.6890498587962962 0.7557242962962962 0.6982161967592592 0.7575999606481482 0.6570459861111111 0.6505180439814815 0.6413005162037038 0.6485630416666667 0.6331885925925925 0.6600174606481481 0.6288331435185185 0.6876454976851852 0.6146333703703704 0.712634173611111 0.6004936851851852 0.7131112824074074 0.5989822685185184 0.711428951388889 0.5854580300925926 0.6929955300925926 0.5627979560185185 0.6596474467592592 0.5368514513888889 0.6368118888888888 0.5443067893518518 0.6544411041666666 0.5622368449074074 0.6797232685185185 0.5802352199074075 0.6842075555555556 0.5888404490740741 0.684024837962963 0.5959691574074074 0.6817081689814815 0.5995327847222222 0.6724364467592593 0.6057296481481481 0.6525421805555555 0.6135784652777778 0.5847682939814814 0.6233889212962963 0.5215814930555556 0.6145744074074074 0.514753511574074 0.6222860740740741 0.5025219675925926 0.643658638888889 0.5031302361111111 0.647303675925926 0.590757238425926 0.6607047476851852 0.6473978611111112 0.6799542870370371 0.6539654398148149 0.6778889861111111 0.663835974537037 0.6645416111111111 0.6840123634259259 0.6620760324074074