2 1 0.5027504027777778 0.8751069791666667 0.4811297638888889 0.564186550925926 0.4739768217592593 0.47793717592592594 0.4683485856481482 0.15567580092592592 0.4926790462962963 0 0.4918291527777778 0 0.519822738425926 0.1385345 0.5209226134259259 0.3360318958333333 0.5101725555555555 0.5580124745370371 0.5057197685185185 0.7948364930555556 0.5163223541666666 1 0.5374665925925926 1 0.5027504027777778
2 0.4522282824074074 0.07885425462962964 0.4683297824074074 0.11185265740740741 0.4875528171296296 0.1849214421296296 0.505297863425926 0.21429581481481483 0.5141446342592593 0.20514717361111112 0.5104973564814815 0.17796780092592593 0.47030132175925926 0.06167436111111111 0.4552938564814815 0.07724420138888889 0.4522282824074074 0.07885425462962964
2 0.7607932222222222 0.5432065833333334 0.7879948564814815 0.5763215625 0.8339354444444445 0.6100859351851852 0.8430302037037037 0.6254846504629629 0.8434954513888889 0.5989486712962964 0.8118298240740741 0.5702169675925925 0.7704241388888888 0.5243866921296296 0.7619081134259259 0.5417715486111111 0.7607932222222222 0.5432065833333334
2 0.866585962962963 0.6514674189814814 0.8755315671296297 0.6701725254629629 0.8959434791666666 0.7007371851851851 0.9258460532407407 0.703805900462963 0.8766996944444444 0.648279363425926 0.8758137175925925 0.6414390925925927 0.8754726111111111 0.6398343194444445 0.866585962962963 0.6514674189814814
3 0.19111074074074072 0.2893049976851852 0.187035125 0.2901712962962963 0.1858390185185185 0.29122423842592593 0.17904632638888887 0.2926680717592593 0.1778502199074074 0.2937210138888889 0.17377460416666665 0.2945873125 0.16746920601851853 0.29832367824074074 0.16475212962962965 0.2989012106481482 0.16100137731481481 0.30129586574074074 0.1582842986111111 0.3018733981481482 0.15317500925925925 0.3045568171296296 0.15078279398148148 0.30666270601851847 0.1468696087962963 0.3082931828703704 0.14447739583333333 0.31039907175925924 0.13681345833333333 0.3144242013888889 0.13067049074074075 0.3189247430555555 0.12675730555555556 0.3205552199074074 0.10419369907407408 0.3413253356481481 0.10451856018518518 0.34285368981481484 0.1033224537037037 0.34390663425925927 0.10190482407407407 0.35059759027777776 0.09641158101851852 0.3581548425925926 0.09602762731481482 0.3630286759259259 0.09483152083333334 0.3640816203703704 0.09661826157407408 0.3724875763888889 0.09813923148148147 0.37296298842592596 0.09943868055555555 0.37907640972222223 0.1026430486111111 0.38079141203703704 0.10296791203703703 0.3823197685185185 0.10801811342592593 0.3860385347222222 0.11018880555555556 0.3895706574074074 0.12012677777777778 0.3962440162037037 0.12045163888888889 0.39777237268518517 0.1288686412037037 0.40397031944444445 0.1319105787037037 0.40492114351851854 0.13527737962962963 0.4074003217592593 0.1656967662037037 0.4169085532407407 0.18145284259259262 0.4175530138888889 0.1844947824074074 0.41850383564814814 0.19889231944444444 0.4194370625 0.2029679351851852 0.4185707638888889 0.2044889050925926 0.41904617592592597 0.20856452083333335 0.4181798773148148 0.21008548842592592 0.4186552893518518 0.21416110416666664 0.4177889907407408 0.21568207407407408 0.41826440277777777 0.23997333333333334 0.4123024328703704 0.2411694398148148 0.4112494884259259 0.24796213194444444 0.40980565740740743 0.25171288425925925 0.4074110023148148 0.2597016828703704 0.40491422685185186 0.26089779166666666 0.40386128240740743 0.26361486805555556 0.40328375 0.26872415972222224 0.40060033101851855 0.27279977314814813 0.3997340300925926 0.2739958819444444 0.398681087962963 0.2767129583333333 0.3981035555555556 0.28182225 0.39542013425925926 0.28589786342592594 0.39455383564814817 0.2986710925925926 0.3878452847222222 0.3039428148148148 0.3859260416666666 0.31606631944444447 0.37616077777777773 0.3157414560185185 0.3746324236111111 0.32090983796296296 0.3655468125 0.3244981597222222 0.36238798148148144 0.32504454398148147 0.3582783263888889 0.32863286574074074 0.35511949305555557 0.33542555787037037 0.353675662037037 0.3369465277777778 0.3541510740740741 0.34102214120370367 0.35328477546296294 0.34558505092592595 0.35471100925925925 0.3731840185185185 0.3576304074074074 0.3757386643518519 0.3562886967592593 0.3728591574074074 0.35610205324074073 0.3667752800925926 0.3542004050925926 0.36557917361111114 0.355253349537037 0.36025578009259257 0.35358940972222225 0.3537362800925926 0.352978412037037 0.3530865555555555 0.3499217013888889 0.3473275416666667 0.34954841203703707 0.34396074074074073 0.3470692314814815 0.33651832407407406 0.34545635185185186 0.33657741435185184 0.3390541643518518 0.33505644444444443 0.3385787523148148 0.3337569976851852 0.3324653287037037 0.3322360277777778 0.33198991666666666 0.33077414814814815 0.3251123171296296 0.32740734722222226 0.32263313888888895 0.3269200555555556 0.3203406041666667 0.3238781157407407 0.3193897824074074 0.31714451388888887 0.3144314236111111 0.3163323587962963 0.3106105347222222 0.3175284675925926 0.3095575902777778 0.31704117361111106 0.3072650578703704 0.299985650462963 0.3005071759259259 0.2996607870370371 0.29897881944444443 0.2981398171296296 0.29850340740740744 0.2978149560185185 0.29697505324074075 0.29629398611111113 0.2964996412037037 0.29428572453703705 0.29373169444444447 0.2883642777777778 0.2925942268518518 0.282930125 0.29374929166666663 0.2798881851851852 0.29279846990740743 0.27804235416666667 0.2907947013888889 0.27668381712962964 0.29108346759259257 0.27059993981481484 0.28918182175925927 0.26924140046296297 0.28947058796296293 0.2617989837962963 0.28785770833333335 0.2534853240740741 0.28882612731481483 0.24028389351851853 0.2868399560185185 0.2334912013888889 0.28828378703703705 0.2326199560185185 0.29086508796296295 0.22799795833333333 0.2958410416666667 0.22327261805555557 0.2936506296296296 0.22300684722222222 0.28572008564814816 0.21404346064814814 0.2836317939814815 0.19230684722222224 0.28825205324074077 0.19111074074074072 0.2893049976851852
3 0 0.3358668078703704 0.0008562847222222223 0.33613445833333333 0.007648974537037037 0.33469062731481486 0.009169944444444444 0.33516603935185185 0.00846112962962963 0.33851151620370373 0.012699175925925925 0.33840939583333335 0.028942546296296296 0.34134638888888885 0.03453912962962963 0.3409555023148148 0.03606009953703704 0.34143091435185186 0.03877717592592593 0.3408533819444444 0.04317765277777778 0.3415154375 0.050132775462962964 0.34083578472222226 0.05453325231481481 0.34149784259259264 0.06540156018518518 0.33918771296296296 0.07116057638888888 0.3395610023148148 0.07931180555555556 0.3378284050925926 0.08050791203703704 0.3367754606481481 0.09273475694444444 0.3341765648148148 0.09393086574074073 0.33312362037037035 0.10072355787037036 0.3316797893518519 0.10447431018518519 0.3292851365740741 0.10719138657407408 0.32870760416666667 0.10822506250000001 0.3268904814814815 0.11724753703703704 0.32257658333333333 0.11963975231481482 0.32047069675925927 0.1312168726851852 0.3148150879629629 0.13480519675925925 0.31165625694444443 0.14366524074074075 0.3065781805555556 0.1568224212962963 0.2949957962962963 0.15649755787037037 0.2934674421296296 0.15959858796296297 0.2880160763888889 0.15894886342592593 0.28495936574074077 0.15742789351851852 0.2844839537037037 0.15710303240740742 0.28295559722222224 0.163246 0.27845505555555555 0.16275870601851852 0.27616252083333337 0.15699969212962964 0.2757892314814815 0.1601007199074074 0.2703378657407407 0.15841731944444445 0.26909827546296294 0.1577675949074074 0.26604156481481483 0.1547256574074074 0.26509074074074074 0.14929150462962965 0.26624580555555555 0.14809539583333334 0.26729875000000003 0.14233638194444445 0.26692546064814815 0.14119936342592593 0.26157621527777775 0.1378325625 0.259097037037037 0.13734527083333334 0.25680450231481483 0.1385413773148148 0.25575155787037035 0.1451716388888889 0.25354355092592595 0.15956917592592593 0.25447677546296293 0.16467846759259258 0.2517933564814815 0.16522485185185184 0.24768370138888887 0.16202048148148146 0.24596869907407407 0.1646563425925926 0.24500907870370373 0.16327196990740742 0.2435062523148148 0.16376297222222222 0.24080609953703702 0.16055860185185186 0.23909109953703706 0.16286960185185184 0.23660312268518519 0.15751666435185185 0.23814027546296296 0.1573542337962963 0.23737609953703703 0.16197623148148146 0.2324001435185185 0.15741332407407407 0.2309739097222222 0.1572508912037037 0.23020973148148147 0.16108286111111111 0.22819716666666667 0.16018949074074074 0.2239941875 0.15410561342592594 0.22209254166666667 0.1564978263888889 0.21998665509259258 0.15929612037037036 0.21979121064814816 0.15753150462962964 0.2181695324074074 0.15840274999999998 0.21558823148148148 0.1553608101851852 0.21463740972222223 0.15112276388888887 0.21473953009259258 0.15096033333333334 0.21397535185185187 0.1499266574074074 0.215792474537037 0.1473720115740741 0.21713418518518518 0.1442709814814815 0.22258555092592594 0.1457919513888889 0.22306096064814815 0.14986756712962965 0.22219466203703706 0.15138853703703706 0.22267007407407408 0.1504582013888889 0.2316535625 0.14942452314814816 0.23347068518518518 0.1562172152777778 0.23202685416666669 0.15327861805555557 0.23824239814814815 0.15072397222222222 0.23958410648148146 0.14490586574074074 0.24561300462962962 0.14083025231481483 0.24647930324074074 0.13914685185185185 0.24523971527777777 0.1382165162037037 0.2542232037037037 0.1370204074074074 0.25527614814814814 0.1315862546296296 0.25643121296296295 0.12854431712962963 0.25548038888888885 0.12838188425925925 0.25471621064814814 0.12533994675925925 0.2537653888888889 0.12349411574074073 0.25176162037037036 0.11876877546296295 0.24957120833333335 0.1162732199074074 0.24451072916666666 0.11116393055555555 0.24719415046296297 0.10980539120370371 0.24748291666666666 0.10676345138888889 0.2465320925925926 0.10714740509259259 0.24165826157407408 0.10834351157407408 0.24060531712962963 0.10601038888888888 0.2363090162037037 0.10448941898148148 0.23583360416666665 0.104002125 0.23354107175925926 0.09911435648148148 0.23058648148148148 0.09710609259259259 0.22781853472222224 0.09406415509259258 0.22686771296296296 0.0883051388888889 0.2264944212962963 0.08510076851851851 0.2247794212962963 0.08580958333333334 0.22143394212962964 0.08700568981481481 0.22038100000000002 0.08972276851851851 0.21980346759259262 0.09483205787037037 0.2171200462962963 0.09450719675925925 0.2155916898148148 0.09026915046296297 0.2156938101851852 0.0828267361111111 0.21408093055555555 0.07467550462962963 0.21581352777777776 0.07315453472222222 0.21533811805555556 0.07663951620370371 0.20501291898148147 0.07528097916666666 0.20530168518518518 0.07511854861111111 0.20453750694444445 0.07288876388888889 0.20740757175925925 0.0701716875 0.20798510416666666 0.06680488657407407 0.20550592592592593 0.062020458333333334 0.2097177037037037 0.06066191898148148 0.21000646990740743 0.05577414814814815 0.20705187962962962 0.050339995370370365 0.20820694444444446 0.04593951851851852 0.20754488657407408 0.03371267361111111 0.21014378240740741 0.03251656712962963 0.21119672685185187 0.024365335648148148 0.21292932407407406 0.01670139814814815 0.2169544560185185 0.015992585648148146 0.2202999328703704 0.01751355324074074 0.2207753449074074 0.01952181712962963 0.22354328935185186 0.007723173611111111 0.23483690740740742 0.008048037037037036 0.23636526388888887 0.006851928240740741 0.23741820601851854 0.007176791666666666 0.2389465625 0.00598068287037037 0.23999950694444447 0.006305546296296296 0.24152786342592591 0.0051094375 0.24258080555555558 0.005434300925925927 0.24410916203703703 0.00423819212962963 0.24516210648148148 0.0045630555555555554 0.24669046064814815 0.003366946759259259 0.24774340509259257 0.003691810185185185 0.24927176157407407 0.0024957037037037035 0.25032470601851853 0.0028205648148148144 0.25185306018518516 0.000753212962962963 0.25548730555555554 0.0012405046296296296 0.25777983796296294 0.000044398148148148145 0.2588327824074074 0.0003692592592592592 0.2603611388888889 0 0.26068620138888887 0 0.3358668078703704
3 0.052245185185185186 0.13032773379629628 0.049528108796296294 0.13090526620370369 0.045777356481481485 0.1332999212962963 0.04306028009259259 0.1338774537037037 0.03811341898148148 0.13732505324074074 0.03675488194444444 0.13761381944444445 0.033166560185185184 0.14077265046296297 0.03180802083333333 0.14106141666666666 0.029415805555555556 0.14316730555555554 0.027348453703703705 0.1468015486111111 0.02799817824074074 0.14985825925925925 0.02680206944444444 0.1509112037037037 0.027776657407407406 0.15549627083333334 0.026580548611111112 0.15654921527777776 0.02755513425925926 0.1611342824074074 0.02635902777777778 0.16218722685185186 0.027333613425925926 0.16677229166666668 0.026137506944444448 0.1678252361111111 0.02662479861111111 0.17011777083333332 0.024395016203703702 0.17298783564814815 0.024882307870370372 0.17528037037037036 0.023686201388888887 0.17633331249999998 0.02417349537037037 0.17862584722222222 0.022977386574074072 0.17967879166666667 0.02275586574074074 0.18531680092592595 0.020688513888888888 0.1889510462962963 0.021175805555555555 0.1912435787037037 0.019979699074074073 0.19229652314814813 0.020466993055555556 0.19458905555555556 0.019270884259259262 0.19564199999999998 0.019758178240740738 0.19793453472222222 0.014589796296296297 0.20702014351851852 0.01588924537037037 0.21313356481481482 0.017410212962962964 0.21360897685185185 0.04577708796296296 0.20678070833333334 0.04729805787037037 0.20725612037037036 0.051373671296296296 0.20638982175925927 0.0528946412037037 0.2068652337962963 0.059687333333333335 0.2054214027777778 0.061208303240740745 0.2058968125 0.06528391666666666 0.2050305138888889 0.06680488657407407 0.20550592592592593 0.06913801157407408 0.20980222685185185 0.07370091898148148 0.21122846064814813 0.07386334953703703 0.2119926388888889 0.07690528935185184 0.21294346296296296 0.08098090277777778 0.21207716435185184 0.08250187268518518 0.2125525763888889 0.08521894907407407 0.21197504398148148 0.08761116435185184 0.2098691550925926 0.09527510185185185 0.20584402314814815 0.09495023842592593 0.20431566898148149 0.10321965046296296 0.18977869444444445 0.10930352777777778 0.19168034027777778 0.1103814537037037 0.20343177314814814 0.10831410185185185 0.20706601620370368 0.11156272222222222 0.22234957407407407 0.11308368981481481 0.22282498379629628 0.11340855324074074 0.22435334027777779 0.12020124537037037 0.22290950925925926 0.12378956712962964 0.21975067824074074 0.12362713657407408 0.2189865 0.14706198842592594 0.19563508564814816 0.14689955787037037 0.1948709074074074 0.15032544907407408 0.19094789814814814 0.16781602546296295 0.19718323611111113 0.16938923611111112 0.20047372453703702 0.16612577546296295 0.20516091203703704 0.1664506388888889 0.20668926851851854 0.16797160648148146 0.20716468055555556 0.16997987037037035 0.209932625 0.17932720833333332 0.20714708333333332 0.17802775925925923 0.20103366203703704 0.17634435879629629 0.19979407175925926 0.1784637337962963 0.1992675162037037 0.17630505555555556 0.17956860185185183 0.18043481481481483 0.1789570300925926 0.18211821296296296 0.18019661805555554 0.18260550694444447 0.18248915277777777 0.18564744675925926 0.18343997453703706 0.1992770787037037 0.19412086805555553 0.20536095601851853 0.1960225138888889 0.21215364814814813 0.19457868287037036 0.21454586342592594 0.19247279398148148 0.21590440046296297 0.19218402777777777 0.22020153703703704 0.18567971990740742 0.2172777800925926 0.17192451851851853 0.2157568101851852 0.17144910648148148 0.21421944212962962 0.1686698148148148 0.21478222453703705 0.16686403935185187 0.21116110416666667 0.1654151111111111 0.21277396296296297 0.1640960949074074 0.20810276620370372 0.16216040740740742 0.20504442824074076 0.15890570601851853 0.20011891435185183 0.15800026851851853 0.20198609027777778 0.1556510023148148 0.19586941666666668 0.14914159490740742 0.18936878703703705 0.14750602083333333 0.1928110787037037 0.1458868912037037 0.18855663194444444 0.14368513194444443 0.18975274074074075 0.1426321875 0.18894058564814814 0.1388112986111111 0.18741961574074073 0.13833588657407406 0.18693232407407406 0.13604335416666669 0.18435184259259257 0.13559347222222223 0.18508649074074074 0.13403958796296297 0.18171968981481482 0.1315604074074074 0.18123239814814815 0.129267875 0.17802802777777776 0.12755287268518517 0.1710729050925926 0.12823252777777777 0.17026075 0.1244116388888889 0.1675436736111111 0.1249891712962963 0.15890515046296297 0.12442923379629629 0.15770904398148147 0.12548217824074073 0.1560720509259259 0.12446092361111111 0.15945153472222223 0.1203195787037037 0.15896424074074073 0.1180270462962963 0.14983842592592592 0.1151745763888889 0.14847988657407407 0.1154633425925926 0.14087503935185183 0.11308628472222221 0.13815796296296298 0.11366381712962964 0.12223945601851852 0.11225517824074073 0.11680530324074073 0.11341024305555557 0.11528433333333334 0.11293483333333333 0.1112087175925926 0.11380113194444445 0.10968774768518517 0.1133257199074074 0.0893096736111111 0.11765721296296297 0.08811356712962963 0.1187101574074074 0.07181110648148148 0.12217535185185185 0.06670181481481481 0.12485877314814814 0.05990912268518519 0.12630260416666667 0.052245185185185186 0.13032773379629628
3 0.3763592476851852 0.25232532175925926 0.3640733125 0.26132640740740737 0.36271477314814815 0.2616151736111111 0.3591264513888889 0.26477400462962963 0.35776791435185185 0.2650627708333333 0.3529834837962963 0.2692745486111111 0.35314591435185183 0.27003872453703703 0.3507537013888889 0.27214461342592594 0.35091613194444443 0.27290879166666665 0.34852391666666666 0.27501468055555556 0.3486863472222222 0.2757788564814815 0.34080088888888893 0.28544200000000003 0.3414506134259259 0.28849871064814814 0.34297158333333333 0.2889741226851852 0.34329644444444446 0.2905024768518518 0.3532344166666667 0.29717583564814815 0.3535592777777778 0.2987041921296296 0.3619762800925926 0.3049021388888889 0.33387517824074076 0.3196609513888889 0.3393093310185185 0.318505886574074 0.34403466898148144 0.3206962986111111 0.3443595324074074 0.3222246550925926 0.33484976388888893 0.3242460185185185 0.33637073379629634 0.3247214305555556 0.3458805023148148 0.3227000671296296 0.3463677939814815 0.3249925995370371 0.3378326111111111 0.33159903009259256 0.33935358101851854 0.33207444212962967 0.34016573611111106 0.33589533101851854 0.34641204398148145 0.3385611550925926 0.3514622453703704 0.3422799236111111 0.36515096990740736 0.3465586273148148 0.36699680092592596 0.34856239583333337 0.3715597083333333 0.3499886296296296 0.3717221412037037 0.3507528078703704 0.39285328009259257 0.3566443912037037 0.3955703564814815 0.3560668587962963 0.4028503425925926 0.3569155625 0.4081220648148148 0.35499631944444443 0.4076347708333333 0.3527037847222222 0.4059513703703704 0.3514641967592593 0.41028239351851853 0.35080984259259257 0.4167633865740741 0.3382504143518518 0.4198173657407407 0.3365363333333333 0.42438027314814813 0.33796256944444447 0.42774707407407403 0.34044174768518515 0.43535192129629635 0.34281880555555555 0.4380689976851852 0.3422412731481482 0.44735724537037036 0.34585791898148144 0.4514328587962963 0.3449916203703704 0.45844707175925925 0.3379097800925926 0.4583437314814815 0.33074341203703705 0.46264086805555554 0.32423910185185184 0.4617253726851852 0.3132518472222222 0.463792724537037 0.30961760416666667 0.48226587731481485 0.3096845324074074 0.4825907407407407 0.31121288657407403 0.4793272800925926 0.31590007407407406 0.4796521435185185 0.3174284305555556 0.47742235879629624 0.3202984976851852 0.47774721990740737 0.32182685185185184 0.4744837615740741 0.32651403935185186 0.47513348379629633 0.3295707523148148 0.47393737731481483 0.3306236944444444 0.4744246712962963 0.33291622916666663 0.4732285625 0.3339691736111111 0.4737158564814815 0.33626170601851857 0.47251975 0.337314650462963 0.4730070416666667 0.3396071828703704 0.47469044212962963 0.3408467731481481 0.4799621643518519 0.33892753009259263 0.4905646990740741 0.32868685648148144 0.490239837962963 0.32715849999999996 0.4964418958333333 0.3162557685185185 0.49883411111111114 0.31414988194444443 0.4986716782407407 0.31338570370370367 0.5010638935185185 0.3112798148148148 0.5019351388888889 0.3086985162037037 0.5053610300925926 0.3047755046296296 0.5055271712962963 0.30054699768518517 0.5011820740740741 0.2984754375 0.5020256296296296 0.2965988912037037 0.5056933124999999 0.29631848842592595 0.5151514097222223 0.29071394212962964 0.517543625 0.28860805324074074 0.5110757939814815 0.29158024074074074 0.5095548263888889 0.2911048287037037 0.5058594537037037 0.29208998148148146 0.5036333796296296 0.2899673611111111 0.5060255949074074 0.2878614722222222 0.506357875 0.27940445601851854 0.4949431851851852 0.28582424074074075 0.4935329768518518 0.28252982407407407 0.4967964375 0.2778426365740741 0.5020681597222223 0.2759233935185185 0.5032642662037037 0.2748704490740741 0.5065240162037037 0.27517594907407406 0.508535988425926 0.27295120833333336 0.5139701412037037 0.2717961412037037 0.5066901574074074 0.27094743981481484 0.5120357199074074 0.26714886111111114 0.506856298611111 0.26671893287037035 0.5101012986111111 0.2625015787037037 0.5070224398148148 0.26249042361111113 0.5045785555555555 0.2610131273148148 0.5081668773148148 0.2578542962962963 0.5073547222222222 0.2540334074074074 0.5039879212962963 0.25155422916666664 0.49790404398148147 0.2496525810185185 0.49078649074074077 0.24956805787037037 0.4848650439814815 0.24843059027777775 0.4794308888888889 0.2495856550925926 0.47616743055555555 0.2542728425925926 0.47369585416666665 0.2535002986111111 0.46897422685185186 0.24631720138888888 0.464290650462963 0.24614794907407408 0.46645097916666667 0.24196147222222222 0.4586837013888889 0.2388202361111111 0.4500451805555556 0.23826030092592593 0.4390144421296296 0.2398062523148148 0.4359725023148148 0.23885543055555555 0.4244544722222222 0.23810884722222223 0.39320809027777776 0.2447504722222222 0.38945733796296295 0.2471451273148148 0.3867402615740741 0.2477226597222222 0.38554415277777776 0.24877560185185185 0.38282707638888885 0.24935313425925928 0.3816309699074074 0.2504060787037037 0.3763592476851852 0.25232532175925926
3 0.311755150462963 0.1821934699074074 0.30702981018518516 0.18000305787037035 0.30822591898148144 0.17895011342592593 0.3064391759259259 0.17054415740740742 0.3049182083333334 0.17006874537037037 0.30378118981481483 0.1647195 0.29785974537037035 0.16358203240740743 0.2638962847222222 0.1708011875 0.25878699537037037 0.1734846087962963 0.25471137962962964 0.1743509074074074 0.25351527314814815 0.17540385185185184 0.2494396574074074 0.176270150462963 0.24824355092592593 0.1773230949074074 0.23889621296296296 0.18010863657407408 0.22356833796296297 0.18815889814814815 0.21519558796296298 0.19552950694444443 0.21535801851851855 0.19629368287037038 0.21296580324074074 0.19839957175925924 0.2139403888888889 0.20298463888888887 0.2127442824074074 0.20403758333333336 0.21420616203703705 0.21091518287037037 0.21301005324074074 0.21196812731481482 0.21365977777777778 0.21502483796296298 0.22039337962962963 0.21998319675925926 0.22071824074074073 0.22151155092592592 0.22576844212962963 0.22523031944444444 0.22609330555555557 0.22675867592592594 0.23603127546296299 0.23343203472222224 0.23668099999999997 0.23648874537037037 0.19586575925925925 0.2515539212962963 0.19738672916666666 0.2520293333333333 0.1949945138888889 0.2541352199074074 0.19531937731481483 0.25566357638888887 0.1941232685185185 0.25671652083333335 0.20314574305555555 0.25240262268518515 0.20602525231481483 0.25258926851851854 0.2063501134259259 0.254117625 0.20971691435185186 0.25659680324074075 0.20716226851851852 0.2579385138888889 0.20276179166666666 0.2572764560185185 0.19558514814814815 0.2635941203703704 0.19710611805555556 0.26406953240740744 0.19943924074074074 0.2683658333333333 0.20992359722222223 0.27092953703703704 0.21128213425925926 0.2706407708333333 0.21487045601851854 0.2674819375 0.2180748263888889 0.2691969398148148 0.21823725694444446 0.2699611157407408 0.21584504166666665 0.2720670046296296 0.23013924074074074 0.26583386574074075 0.2311138263888889 0.27041893287037033 0.22991771990740742 0.27147187500000003 0.2304050115740741 0.2737644097222222 0.23344695138888888 0.27471523148148147 0.2368137523148148 0.27719441203703704 0.2410517962962963 0.2770922893518519 0.25001518287037033 0.2791805810185185 0.25544933564814815 0.2780255162037037 0.2626259791666667 0.27170785185185187 0.2631723634259259 0.2675981967592593 0.2704054490740741 0.2670473912037037 0.2911301111111111 0.26080990740740745 0.29273534490740744 0.2597169837962963 0.2980383333333333 0.25873074768518517 0.2988192222222222 0.26161863194444446 0.30017775925925927 0.26132986574074074 0.30494655555555555 0.25665158796296295 0.30903780324074076 0.25625178935185183 0.3071328819444445 0.26065021064814814 0.30474066898148144 0.26275609953703705 0.31876299999999996 0.2524932638888889 0.32164860185185185 0.2487790601851852 0.3256712199074074 0.25041410185185187 0.3219143726851852 0.25670960416666666 0.32353868287037035 0.26435138194444446 0.32505965277777776 0.26482679398148146 0.3265215324074074 0.27170439583333333 0.3280425 0.27217980555555554 0.3288546550925926 0.2760006944444444 0.3337424259259259 0.27895528703703704 0.34787419212962967 0.2719579675925926 0.35385472916666666 0.2666932476851852 0.3547259745370371 0.2641119490740741 0.3583142962962963 0.26095311574074076 0.35815186574074076 0.2601889375 0.3639699722222222 0.2541600393518519 0.3638075393518519 0.2533958634259259 0.36739586342592595 0.25023703009259257 0.3713090462962963 0.24860655324074074 0.37609347453703706 0.24439477777777777 0.38142428935185185 0.23607334722222223 0.38016225462962966 0.2283545625 0.38338830092592596 0.22527273611111112 0.3891473148148148 0.22564602546296297 0.3903434236111111 0.22459308333333336 0.39105223611111106 0.22124760416666667 0.39224834490740745 0.22019466203703703 0.3917610509259259 0.21790212731481481 0.3929571597222222 0.2168491828703704 0.38186733101851855 0.22479732407407407 0.37915025462962965 0.22537485648148148 0.3795312384259259 0.22449517129629631 0.3761083148148148 0.22442403472222222 0.37890022222222225 0.22063578009259258 0.37511412268518524 0.19747943287037037 0.3890588148148148 0.19850891666666667 0.3875378449074074 0.19803350462962963 0.3870505532407407 0.19574096990740739 0.3855295833333333 0.19526556018518518 0.3831964583333334 0.19096925925925928 0.38015452083333334 0.19001843518518519 0.3805901435185185 0.18872778472222224 0.3772750115740741 0.18983178935185185 0.37385208796296293 0.18976065046296298 0.3777672523148148 0.18546740972222223 0.3732210717592593 0.18590125925925924 0.3749443611111111 0.1822070324074074 0.3700541180555556 0.18258089814814815 0.3721214699074074 0.1789466550925926 0.3702756388888889 0.1769428888888889 0.3672336990740741 0.1759920648148148 0.363866900462963 0.17351288657407407 0.3456152685185185 0.16780794675925925 0.34425672916666666 0.16809671296296294 0.33817285185185186 0.16619506712962961 0.335455775462963 0.16677259953703702 0.3281757893518518 0.16592389814814815 0.31915331481481485 0.17023779398148148 0.31795720833333335 0.1712907384259259 0.3182820694444444 0.1728190949074074 0.31708596296296293 0.17387203935185183 0.31741082407407406 0.17540039351851852 0.3162147175925926 0.17645333796296295 0.3155059027777778 0.17979881481481483 0.311755150462963 0.1821934699074074
3 0.5693607291666667 0.09149605092592593 0.570881699074074 0.09197146296296298 0.5740860694444444 0.09368646527777777 0.5754446064814815 0.09339769907407407 0.5823997291666667 0.09271804398148148 0.583595837962963 0.09166510185185185 0.5885426967592593 0.08821750231481482 0.5883802662037037 0.08745332407407408 0.5881144953703704 0.0795227800925926 0.5845852638888889 0.07627942361111112 0.5830642939814815 0.07580401157407407 0.5801847847222222 0.07561736574074074 0.5788262476851852 0.07590613194444444 0.5693164791666666 0.07792749768518518 0.5681203726851852 0.07898043981481481 0.5643696180555555 0.08137509490740741 0.564532050925926 0.08213927314814816 0.5693607291666667 0.09149605092592593
3 0.6516703449074074 0.09796171064814815 0.6530288842592592 0.09767294444444445 0.6545498518518519 0.09814835648148147 0.6557459606481482 0.09709541203703703 0.6569420671296297 0.09604246759259259 0.6567796365740741 0.09527828935185186 0.6614607245370371 0.08390014814814815 0.658418787037037 0.08294932407407407 0.6570602476851852 0.08323809027777777 0.6516260949074074 0.08439315509259258 0.650429986111111 0.08544609953703704 0.6453206967592593 0.08812952083333334 0.6454831273148147 0.08889369907407409 0.6454240370370371 0.09529588657407408 0.6469450069444443 0.09577129861111111 0.6516703449074074 0.09796171064814815
3 0.6647093449074073 0.0991837037037037 0.6648717754629629 0.09994788194444444 0.6682385763888888 0.10242706018518517 0.6694346828703703 0.10137411574074075 0.6691098217592594 0.09984576157407409 0.6703059282407408 0.09879281712962963 0.6762864652777778 0.09352809722222223 0.6776450046296296 0.09323933101851851 0.6827542962962964 0.09055590972222223 0.6825918657407407 0.08979173148148148 0.6821045717592592 0.08749919907407407 0.6756958333333333 0.08406919675925925 0.6743372939814815 0.08435796296296295 0.6643402314814815 0.08408679398148147 0.663144125 0.08513973611111111 0.6592309421296295 0.08677021296296296 0.6593933726851852 0.08753439120370371 0.6557459606481482 0.09709541203703703 0.6572669282407408 0.09757082407407408 0.6647093449074073 0.0991837037037037
3 0.6984512824074074 0.09760255787037037 0.6996473888888889 0.09654961574074074 0.6986728032407408 0.09196454861111111 0.6910679560185186 0.08958749074074074 0.6897094189814815 0.08987625694444444 0.6773201412037038 0.09171097453703704 0.6761240347222222 0.09276391898148148 0.6689473912037037 0.09908158333333333 0.6691098217592594 0.09984576157407409 0.6685634398148148 0.10395541666666668 0.6700844074074075 0.1044308287037037 0.6984512824074074 0.09760255787037037
3 0.664487824074074 0.10482171527777778 0.6643253935185185 0.10405753703703703 0.6635132384259259 0.10023664814814814 0.6547122847222222 0.09891253472222222 0.6533537453703704 0.09920130092592593 0.6509615300925925 0.10130718749999999 0.6511239606481481 0.10207136574074074 0.6497063333333334 0.10876232175925926 0.6512273032407407 0.1092377337962963 0.657473611111111 0.11190355787037037 0.6586697175925926 0.11085061342592592 0.664487824074074 0.10482171527777778
3 0.6157722847222222 0.14952077546296294 0.6169683935185185 0.14846783333333333 0.6229489282407408 0.14320311111111111 0.6182235902777777 0.14101269907407407 0.6168650509259259 0.1413014652777778 0.6114308981481481 0.1424565300925926 0.6102347916666666 0.14350947453703705 0.6078425763888888 0.14561536342592593 0.6080050069444445 0.14637954166666667 0.6086547314814815 0.1494362523148148 0.610175701388889 0.14991166435185185 0.6157722847222222 0.14952077546296294
3 0.6151077222222222 0.1664348101851852 0.6164662592592592 0.1661460439814815 0.6229340902777778 0.1631738564814815 0.6227716574074074 0.16240967824074076 0.6234804722222222 0.15906420138888888 0.6177805486111111 0.15228872222222223 0.6164220092592593 0.15257748842592594 0.6135425023148149 0.15239084259259258 0.6123463935185185 0.15344378703703704 0.6085956412037037 0.1558384398148148 0.6087580717592593 0.15660261805555556 0.6071780138888889 0.16252939583333334 0.6086989814814815 0.16300480787037036 0.6151077222222222 0.1664348101851852
3 0.606897400462963 0.1745695949074074 0.6082559398148148 0.17428082870370368 0.6136900925925927 0.1731257638888889 0.6148862013888888 0.17207281944444444 0.6178247986111111 0.16585727777777778 0.610219951388889 0.16348021990740744 0.608861412037037 0.16376898611111113 0.6047857986111111 0.16463528472222222 0.6035896898148148 0.16568822685185186 0.5972842916666666 0.1694245925925926 0.5974467222222223 0.1701887708333333 0.5977715856481481 0.171717125 0.5992925555555556 0.17219253703703702 0.606897400462963 0.1745695949074074
3 0.7125660578703703 0.6984222847222222 0.712728488425926 0.6991864629629629 0.7048430300925926 0.7088496041666666 0.7050054606481482 0.7096137824074075 0.7071761550925926 0.7131459050925926 0.7086971249999999 0.7136213171296296 0.7227107106481482 0.7194283749999999 0.7242316805555555 0.7199037870370371 0.7331950648148149 0.7219920787037037 0.7345536018518518 0.7217033125 0.7416711574074074 0.721787837962963 0.7430296944444444 0.7214990717592592 0.7496599560185184 0.7192910625000001 0.7508560625 0.7182381180555555 0.7546068171296296 0.715843462962963 0.7544443842592593 0.7150792870370369 0.7577078449074074 0.7103920972222222 0.7575454143518519 0.7096279212962963 0.7579293657407407 0.7047540879629629 0.7532631180555556 0.6961614861111111 0.7517421481481482 0.6956860740740741 0.7483753472222223 0.6932068958333333 0.7468543773148149 0.6927314837962962 0.7422914699074075 0.69130525 0.7409329305555556 0.6915940162037038 0.7322944097222222 0.6910340787037037 0.7309358703703703 0.6913228449074075 0.7125660578703703 0.6984222847222222
3 0.7358530509259259 0.7278167361111111 0.7346569444444445 0.7288696805555556 0.7285139768518518 0.7333702222222223 0.7286764074074074 0.7341344004629629 0.7281300231481481 0.7382440555555555 0.7296509930555556 0.7387194675925925 0.741213275462963 0.7530346041666667 0.7427342430555556 0.7535100138888888 0.7521849212962963 0.7578908402777778 0.7535434606481481 0.757602074074074 0.7645741967592592 0.7560561226851852 0.7657703055555556 0.7550031782407408 0.7727845185185186 0.7479213356481481 0.772622087962963 0.7471571574074074 0.7745270092592592 0.7427587361111111 0.7743645787037038 0.7419945578703704 0.77160325 0.7290035347222222 0.7689452638888888 0.7231788796296296 0.7674242939814815 0.7227034675925926 0.7571023703703703 0.7209039421296296 0.7557438333333333 0.7211927083333334 0.7501472476851851 0.7215835949074074 0.7489511412037038 0.7226365393518519 0.743516988425926 0.7237916041666667 0.7423208796296296 0.724844548611111 0.7358530509259259 0.7278167361111111
3 0.6740248518518519 0.724185949074074 0.6713077754629629 0.7247634814814815 0.6689155601851852 0.7268693703703704 0.6680443148148149 0.7294506689814815 0.6656520995370371 0.7315565578703704 0.661354962962963 0.7380608680555555 0.6618422569444445 0.7403534004629629 0.6633632268518519 0.7408288125 0.6638505185185186 0.7431213472222221 0.6653714884259259 0.7435967569444444 0.6658587824074075 0.7458892916666667 0.6675421828703704 0.7471288796296297 0.6785138287037037 0.7519851180555556 0.682751875 0.7518829953703703 0.6857938148148148 0.7528338194444445 0.6966621203703703 0.7505236898148148 0.698729474537037 0.7468894467592593 0.6979173194444445 0.7430685578703703 0.7030012847222222 0.7431289328703704 0.7200885324074073 0.7280868726851851 0.7251471759259259 0.7308910439814815 0.7263432824074074 0.729838099537037 0.723463775462963 0.7296514537037037 0.721780375 0.7284118634259259 0.7258559907407408 0.7275455648148148 0.7270520972222222 0.7264926226851851 0.7243603449074074 0.7243263587962964 0.7264023726851853 0.7234359097222223 0.728794587962963 0.7213300231481482 0.7286321574074074 0.7205658449074074 0.7231980023148148 0.7217209097222222 0.7199936342592592 0.7200059097222222 0.7196687708333334 0.7184775532407407 0.7122263564814815 0.7168646736111112 0.7136882361111111 0.7237422731481481 0.7167301736111111 0.7246930972222222 0.7185760046296296 0.7266968634259259 0.694063224537037 0.7382968449074073 0.691021287037037 0.7373460208333333 0.6826042847222221 0.7311480740740741 0.6819545601851852 0.7280913634259258 0.6804335902777778 0.7276159513888888 0.6801087291666666 0.7260875949074075 0.6740248518518519 0.724185949074074
3 0.6962635972222222 0.7018874791666667 0.6965884606481482 0.7034158356481481 0.6729469236111112 0.7124345162037037 0.6714259560185185 0.7119591041666666 0.6709386620370371 0.7096665717592593 0.6675718611111111 0.7071873935185186 0.666597275462963 0.7026023263888889 0.6598636736111111 0.6976439675925926 0.6617095046296296 0.6996477361111111 0.653883136574074 0.7029086874999999 0.6551234953703704 0.715424298611111 0.6628907731481481 0.7185655347222223 0.6715292962962963 0.7191254722222221 0.6740839421296297 0.7177837615740741 0.6747927569444444 0.7144382824074074 0.681250738425926 0.7125331273148148 0.6935169768518519 0.7056661064814814 0.6982718611111111 0.7046554236111111 0.7016386597222223 0.7071346041666666 0.7045181689814816 0.7073212476851851 0.7081064907407407 0.7041624166666667 0.7122411967592592 0.6968939282407407 0.7119163333333334 0.6953655740740741 0.7087119629629629 0.6936505717592593 0.7083871018518519 0.6921222175925926 0.7050203009259258 0.689643037037037 0.6989364236111112 0.6877413912037037 0.6975778865740742 0.6880301574074075 0.6930149768518519 0.6866039236111111 0.6902979004629629 0.6871814560185185 0.6891017939814815 0.6882344004629629 0.6904012407407407 0.6943478217592592 0.6919222106481482 0.6948232337962963 0.6924095046296296 0.6971157662037037 0.6939304722222223 0.6975911782407408 0.6947426273148147 0.7014120671296297 0.6962635972222222 0.7018874791666667
3 0.5810104351851852 0.4268714490740741 0.5798143287037038 0.4279243935185185 0.575029900462963 0.4321361689814815 0.5751923310185185 0.4329003472222222 0.5720913009259259 0.438351712962963 0.5722537314814815 0.43911589120370376 0.5743653356481482 0.4490502013888889 0.5758863055555555 0.44952561342592595 0.5810989375 0.4540085601851852 0.5826199074074074 0.4544839722222222 0.597829599537037 0.45923808796296295 0.5991881388888888 0.4589493217592593 0.6049471527777778 0.4593226111111111 0.6063056921296296 0.4590338449074074 0.6117398449074074 0.4578787800925926 0.6129359537037038 0.45682583564814816 0.6178828125 0.4533782384259259 0.6177203819444445 0.45261406018518513 0.6164800231481481 0.4400984490740741 0.6095839907407408 0.43437591435185186 0.6094215601851851 0.4336117361111111 0.6044304490740741 0.42349077777777777 0.6029094814814814 0.42301536805555556 0.5981841412037037 0.4208249537037037 0.5968256041666667 0.4211137199074074 0.592425125 0.4204516643518519 0.5912290185185185 0.4215046087962963 0.5810104351851852 0.4268714490740741
3 0.641229164351852 0.402889712962963 0.634214951388889 0.40997155555555553 0.6345398148148148 0.4114999097222223 0.6312763541666667 0.4161870972222222 0.639855787037037 0.42314922222222223 0.6537069421296297 0.4281921041666667 0.6620206041666667 0.42722368518518516 0.6651216319444444 0.4217723194444445 0.6699060625000001 0.4175605439814815 0.6720152361111111 0.4185765138888889 0.6833290138888889 0.4139087037037037 0.6830041527777778 0.4123803472222222 0.6858024444444445 0.41218490509259254 0.6894128912037037 0.415810349537037 0.7015806458333332 0.4196136412037037 0.7078860439814816 0.4158772777777778 0.7063650763888889 0.4154018657407408 0.705390488425926 0.41081679861111114 0.7065865972222222 0.40976385416666666 0.7064832569444444 0.4025974884259259 0.7007242407407408 0.40222419675925924 0.6980071643518518 0.40280173148148146 0.6936066875 0.4021396736111111 0.6908896111111111 0.40271720601851857 0.681926224537037 0.40062891435185183 0.6748086712962963 0.4005443888888889 0.6731252708333334 0.3993048009259259 0.6676911180555556 0.4004598657407407 0.6683408425925926 0.4035165763888889 0.676270550925926 0.40742199074074076 0.6770827060185185 0.41124287962962963 0.6651807222222222 0.41537013194444444 0.6517135208333333 0.4054534166666667 0.6537808726851851 0.4018191712962963 0.6534560092592593 0.40029081712962966 0.6476969953703703 0.399917525462963 0.6436213796296296 0.40078382407407404 0.6410667337962963 0.40212553472222223 0.641229164351852 0.402889712962963
3 0.6174397708333333 0.46465425925925924 0.6176022013888889 0.4654184375 0.6170558171296295 0.4695280925925926 0.618576787037037 0.47000350462962964 0.6261816342592593 0.4723805625 0.6275401712962962 0.47209179629629633 0.6434586805555556 0.4735004351851852 0.6448172175925926 0.4732116689814814 0.6600860023148148 0.4715635949074074 0.6612821087962963 0.470510650462963 0.6572655856481482 0.4649747615740741 0.6571031527777778 0.4642105833333333 0.6574871064814815 0.45933675 0.658683212962963 0.45828380555555553 0.6661256296296296 0.4598966851851852 0.6673217361111111 0.45884374074074075 0.6763442106481482 0.45452984490740744 0.6775403194444445 0.45347690046296296 0.6845545324074074 0.44639505787037037 0.684392101851852 0.44563088194444445 0.6839048078703703 0.4433383472222222 0.6730955925925926 0.4392462893518519 0.6717370532407407 0.43953505555555555 0.6673365763888889 0.4388729976851852 0.6659780370370371 0.4391617638888889 0.6357653333333333 0.4439862662037037 0.6345692245370371 0.4450392106481481 0.6205407986111111 0.45920289351851856 0.6207032291666666 0.4599670717592592 0.6174397708333333 0.46465425925925924
3 0.2180295 0.5495515324074074 0.21955046990740743 0.5500269444444444 0.2283514236111111 0.5513510578703704 0.22851385416666667 0.5521152361111111 0.22796747222222222 0.5562248912037037 0.22948843981481482 0.5567003032407407 0.23405134953703705 0.5581265370370371 0.23540988657407405 0.5578377708333333 0.24611576157407405 0.5547634652777778 0.2473118703703704 0.5537105208333334 0.25090019212962966 0.5505516874999999 0.25073776157407407 0.5497875092592592 0.25335149768518517 0.5420436111111111 0.24998469675925925 0.5395644328703704 0.24846372685185186 0.5390890208333333 0.2410213101851852 0.5374761412037037 0.23966277314814816 0.5377649074074073 0.2245564189814815 0.5401771574074073 0.2233603125 0.5412301018518518 0.2168924837962963 0.5442022893518519 0.21705491435185187 0.5449664652777778 0.2180295 0.5495515324074074
3 0.19010566898148148 0.5451037800925926 0.1916266388888889 0.5455791921296297 0.19548073148148148 0.5503509050925925 0.19683927083333333 0.5500621388888889 0.20227342361111111 0.5489070717592592 0.20346953009259258 0.5478541296296296 0.21553394444444443 0.5444910555555555 0.21673005092592593 0.5434381111111111 0.2218393425925926 0.5407546898148149 0.2230354513888889 0.5397017453703703 0.22222329629629628 0.5358808564814814 0.21733552546296298 0.5329262662037036 0.21597698611111113 0.5332150324074074 0.21157650925925928 0.5325529768518519 0.21021797222222224 0.5328417430555555 0.20206674074074074 0.5345743402777777 0.20087063425925927 0.5356272847222222 0.19081448379629629 0.5417583032407408 0.19097691435185185 0.5425224814814814 0.19010566898148148 0.5451037800925926
3 0.17145524537037035 0.5642434189814814 0.17281378240740738 0.5639546527777778 0.18384452083333333 0.5624086990740741 0.18504062731481483 0.5613557569444444 0.19221727083333334 0.5550380925925926 0.19205484027777778 0.5542739143518518 0.19211393055555556 0.547871724537037 0.18298811574074073 0.5450192569444444 0.18162957638888888 0.5453080231481482 0.16804419212962962 0.5481956851851852 0.16684808564814815 0.5492486273148148 0.16238851851851854 0.5549887592592593 0.16255094907407408 0.5557529375 0.16368796759259258 0.5611021828703704 0.1652089351851852 0.5615775949074074 0.17145524537037035 0.5642434189814814
3 0.20556629398148146 0.5777591851851852 0.20708726388888887 0.5782345949074075 0.2150169722222222 0.5821400092592592 0.21637550925925927 0.5818512430555556 0.2207759884259259 0.5825133009259259 0.22213452546296295 0.5822245347222222 0.23012332407407407 0.5797277592592592 0.23131943287037038 0.5786748148148148 0.23626629166666666 0.5752272152777778 0.23610386111111112 0.5744630393518518 0.23936732175925926 0.5697758495370371 0.2392048912037037 0.569011673611111 0.23806787268518517 0.5636624282407408 0.22894205787037036 0.5608099583333334 0.22758351851851852 0.561098724537037 0.21687764351851851 0.5641730324074073 0.2153566736111111 0.5636976203703704 0.2070430138888889 0.5646660416666667 0.2058469050925926 0.5657189837962963 0.20377955324074076 0.5693532291666666 0.2039419837962963 0.5701174074074074 0.20556629398148146 0.5777591851851852
3 0.2271107962962963 0.6123162337962964 0.22846933564814814 0.6120274675925926 0.23645813425925924 0.6095306944444444 0.23765424074074076 0.60847775 0.24363477777777778 0.6032130300925926 0.24347234722222222 0.6024488518518518 0.24314748611111112 0.6009204953703703 0.23538020833333334 0.5977792592592592 0.2340216689814815 0.598068025462963 0.2255455763888889 0.5982722685185186 0.2243494699074074 0.599325212962963 0.22108600925925928 0.604012400462963 0.2212484398148148 0.6047765787037037 0.22238545833333334 0.6101258217592593 0.2239064259259259 0.6106012337962964 0.2271107962962963 0.6123162337962964
3 0.19691293055555553 0.5971699930555556 0.1970753611111111 0.5979341712962963 0.19740022453703704 0.599462525462963 0.19892119444444442 0.5999379374999999 0.2059796574074074 0.606424650462963 0.2075006273148148 0.6069000625000001 0.2159767175925926 0.6066958194444445 0.2171728263888889 0.6056428773148148 0.21988990277777778 0.6050653449074075 0.21972747222222222 0.6043011666666667 0.2252207152777778 0.596743912037037 0.22505828472222222 0.5959797337962962 0.22424612962962964 0.5921588449074074 0.22104175925925926 0.5904438449074074 0.21968321990740738 0.5907326111111111 0.2124032361111111 0.5898839074074074 0.21104469675925924 0.5901726736111111 0.2083276203703704 0.5907502083333334 0.20713151388888887 0.591803150462963 0.2005012523148148 0.5940111597222222 0.19930514583333334 0.5950641041666667 0.19691293055555553 0.5971699930555556
3 0.18529156018518517 0.5892570439814815 0.1757817916666667 0.5912784074074074 0.17626908333333335 0.5935709421296296 0.1779524837962963 0.5948105300925925 0.17931102314814815 0.5945217638888889 0.17898616203703704 0.5929934097222223 0.1801822685185185 0.5919404652777778 0.18729982175925924 0.5920249884259259 0.18898322222222225 0.5932645787037037 0.19642563888888886 0.5948774583333333 0.19914271527777777 0.594299925925926 0.20033882175925924 0.5932469814814815 0.2108822662037037 0.5894084976851852 0.21343691203703705 0.588066787037037 0.21582912731481482 0.5859608981481481 0.21566669675925926 0.5851967199074074 0.20741212499999997 0.5797629513888889 0.20605358796296297 0.5800517175925927 0.20301164814814815 0.5791008958333334 0.19757749537037037 0.5802559606481482 0.19638138657407408 0.5813089027777778 0.19366431018518518 0.5818864351851852 0.20147292592592592 0.5878942175925926 0.1872791527777778 0.5905917152777778 0.18713739120370368 0.5912608125 0.1856164212962963 0.5907854004629629 0.18529156018518517 0.5892570439814815
3 0.17089402083333333 0.5883238171296297 0.17225256018518517 0.5880350509259259 0.17784914351851852 0.5876441643518518 0.17904525231481483 0.5865912199074074 0.1882301574074074 0.5830415 0.18806772685185186 0.5822773240740741 0.18893897222222222 0.5796960231481482 0.181334125 0.5773189652777778 0.17997558796296295 0.5776077314814815 0.17437900231481482 0.5779986180555555 0.17318289583333332 0.5790515625 0.16807360416666667 0.5817349837962963 0.1682360347222222 0.582499162037037 0.1675272199074074 0.5858446388888888 0.16904818981481481 0.586320050925926 0.17089402083333333 0.5883238171296297
3 0.2919366851851852 0.6033292893518519 0.2932952222222222 0.6030405231481482 0.3002503449074074 0.6023608680555556 0.30144645370370365 0.6013079259259259 0.30911038888888887 0.5972827939814814 0.30894795833333333 0.5965186157407407 0.30846066666666666 0.5942260833333334 0.3022143564814815 0.5915602592592593 0.30085581944444445 0.5918490254629629 0.29661777314814813 0.5919511458333333 0.29542166666666664 0.5930040902777778 0.28743286574074073 0.5955008657407407 0.28623675925925923 0.5965538101851853 0.28552794444444446 0.5998992870370371 0.28704891435185187 0.6003746990740741 0.2919366851851852 0.6033292893518519
3 0.3076336712962963 0.6103759375000001 0.30899220833333335 0.6100871712962963 0.3157849004629629 0.6086433402777778 0.31698100925925926 0.6075903958333334 0.31921079166666666 0.6047203310185186 0.3190483611111111 0.6039561527777778 0.31807377546296295 0.5993710856481482 0.3148694050925926 0.5976560856481482 0.3135108657407407 0.5979448518518519 0.304001099537037 0.5999662152777778 0.30280499074074074 0.6010191597222223 0.2964995925925926 0.6047555231481482 0.29666202314814816 0.6055197013888889 0.29747417824074074 0.6093405902777778 0.29899514814814815 0.6098160023148148 0.3076336712962963 0.6103759375000001
3 0.2718834722222222 0.6091891388888889 0.2734044398148148 0.6096645486111112 0.2776424861111111 0.6095624282407407 0.27900102546296296 0.6092736620370371 0.2910654398148148 0.6059105879629629 0.29090300925925927 0.6051464097222222 0.2917742523148148 0.6025651111111111 0.28384454398148146 0.5986596967592592 0.2824860069444445 0.598948462962963 0.27824796064814816 0.5990505833333333 0.27705185416666667 0.6001035277777779 0.2717801296296296 0.6020227708333334 0.27058402314814817 0.6030757152777778 0.26971277777777775 0.6056570138888888 0.26987520833333334 0.6064211921296296 0.2718834722222222 0.6091891388888889
3 0.4081358287037037 0.628948724537037 0.4069397199074074 0.6300016689814816 0.3997630763888889 0.6363193333333333 0.39992550694444445 0.6370835115740741 0.3969869097222222 0.6432990532407408 0.39714934027777776 0.6440632314814815 0.39796149537037034 0.6478841203703704 0.39948246527777775 0.6483595324074074 0.4048575277777778 0.6536066550925925 0.4063784976851852 0.6540820671296296 0.4171877129629629 0.6581741273148148 0.41854625231481485 0.6578853611111112 0.4285433148148148 0.6581565300925926 0.42990185185185187 0.6578677638888889 0.43669454398148144 0.6564239328703704 0.43789065046296294 0.655370988425926 0.4626249537037037 0.6381329976851852 0.46246252083333333 0.6373688194444443 0.46404258101851853 0.6314420416666666 0.45986362500000005 0.625141974537037 0.4583426550925926 0.6246665625 0.44737100925925927 0.6198103263888889 0.44601246990740745 0.6200990925925927 0.43433200925925924 0.6185883333333334 0.43297346990740737 0.6188770995370371 0.420746625 0.6214759953703703 0.4195505185185185 0.6225289398148148 0.4081358287037037 0.628948724537037
3 0.6603501597222222 0.920378863425926 0.6618711296296297 0.9208542754629631 0.6650754999999999 0.922569275462963 0.6665964699074074 0.9230446875 0.681806162037037 0.9277988032407407 0.683164701388889 0.9275100370370369 0.6875651782407408 0.9281720949074074 0.6889237152777778 0.9278833287037037 0.6985959143518519 0.9266261412037038 0.6997920231481481 0.9255731990740741 0.7049013148148148 0.9228897777777777 0.7047388819444445 0.922125599537037 0.7032770046296297 0.915248 0.6949633425925925 0.9162164189814815 0.6934423726851853 0.9157410069444445 0.6834453125000001 0.915469837962963 0.6819243425925926 0.914994425925926 0.6716024189814815 0.913194900462963 0.6702438819444445 0.9134836666666667 0.6578546041666667 0.9153183842592593 0.658017037037037 0.9160825625 0.6603501597222222 0.920378863425926
3 0.05250988194444445 0.4321814282407408 0.05403085185185185 0.4326568402777778 0.05875618981481482 0.43484725231481486 0.060114729166666665 0.4345584861111111 0.06451520601851851 0.43522054398148147 0.06587374537037037 0.43493177777777775 0.07929669675925925 0.4312799375 0.08049280324074075 0.43022699305555556 0.08614847916666667 0.4234339166666667 0.0859860486111111 0.4226697384259259 0.08756610648148148 0.416742962962963 0.07316856944444444 0.4158097361111111 0.0718100300925926 0.41609850231481477 0.06637587731481481 0.41725356712962963 0.06517977083333333 0.4183065115740741 0.05664458796296296 0.4249129421296296 0.056807018518518514 0.4256771180555556 0.053218696759259256 0.42883595138888886 0.053381127314814814 0.4296001296296296 0.05250988194444445 0.4321814282407408
3 0.09435879861111111 0.4152991296296296 0.09571733796296297 0.41501036342592595 0.10538953703703705 0.41375317824074076 0.10658564351851851 0.4127002337962963 0.11256618055555556 0.40743551388888893 0.11240375 0.40667133564814817 0.11246284027777778 0.4002691481481481 0.09877411574074074 0.3959904444444444 0.09741557638888888 0.39627921064814814 0.08654727083333334 0.39858934027777776 0.08535116435185185 0.39964228472222224 0.08257499537037037 0.40662200462962966 0.08273742824074075 0.4073861828703703 0.08371201388888888 0.41197124999999996 0.0852329837962963 0.41244666203703706 0.09435879861111111 0.4152991296296296
3 0.07643202777777779 0.4111225486111111 0.07762813657407408 0.41006960416666666 0.08409596527777777 0.40709741666666666 0.08529207407407408 0.40604447222222223 0.08518873148148148 0.3988781064814815 0.07725902314814814 0.39497269212962965 0.07590048611111111 0.3952614583333333 0.07030390046296296 0.39565234490740736 0.06910779398148148 0.3967052893518519 0.06377698148148149 0.4050267222222222 0.06393941203703703 0.40579089814814817 0.06540129166666667 0.41266850000000005 0.06692226157407408 0.41314391203703704 0.07643202777777779 0.4111225486111111
3 0.12563593518518518 0.07479287037037036 0.1271569050925926 0.0752682800925926 0.13476175231481483 0.07764533796296297 0.13612028935185186 0.07735657175925927 0.1405207662037037 0.07801862962962963 0.14187930555555556 0.07772986342592593 0.15003053472222222 0.0759972662037037 0.15122664351851853 0.07494432175925925 0.15856571759259258 0.06939083564814814 0.15840328703703704 0.06862665740740741 0.1604706388888889 0.06499241435185185 0.16030820833333334 0.06422823611111111 0.1596584837962963 0.061171525462962964 0.12161941203703704 0.06925697916666668 0.12178184259259259 0.07002115740740741 0.12194427314814815 0.07078533564814815 0.12346524305555555 0.07126074768518519 0.12563593518518518 0.07479287037037036
3 0.22915062037037034 0.06077718055555556 0.23067159027777778 0.061252592592592595 0.23588422222222222 0.06573553703703704 0.23724276157407406 0.06544677083333333 0.24588128472222223 0.06600670833333333 0.24723982175925927 0.06571794212962963 0.25403251388888887 0.06427410879629629 0.25522862037037036 0.06322116666666668 0.25794569675925927 0.06264363425925926 0.25914180555555555 0.06159068981481482 0.2615340208333333 0.05948480092592593 0.26137158796296295 0.05872062268518518 0.2638228935185185 0.0502125462962963 0.25339762962962964 0.04124665509259259 0.25203909027777777 0.041535421296296296 0.23845370833333332 0.04442308333333333 0.23861613888888888 0.04518726157407408 0.22920971064814816 0.054374990740740745 0.2293721412037037 0.05513916898148148 0.22915062037037034 0.06077718055555556
1 0.5693814837962963 0.4730323449074074 0.49420121296296293 0.4727188518518518 0.47637924074074073 0.4810596388888889 0.4506467708333333 0.4815772824074074 0.43481541435185184 0.4725624351851852 0.3853528287037037 0.47700588657407406 0.380478224537037 0.507514175925926 0.4596588055555556 0.5059390648148148 0.5420909976851852 0.5083052800925926 0.5422991643518519 0.5206409375000001 0.5526712731481481 0.5280207222222222 0.5647001805555556 0.5431951180555555 0.5930978680555555 0.5899533101851852 0.6165989629629629 0.6236951226851851 0.6413642384259259 0.6159551203703703 0.6417614675925926 0.615151851851852 0.597885400462963 0.5450069907407408 0.5916509907407408 0.5190164930555555 0.5817868680555556 0.5080144398148149 0.6092101319444445 0.5060990925925926 0.6822477430555556 0.5090245208333334 0.6948556805555556 0.47615362499999997 0.5852970509259259 0.47108705324074074 0.5693814837962963 0.4730323449074074
1 1 0.4532277939814815 0.9991253125 0.44734090972222224 0.87056625 0.471791650462963 0.8562543518518518 0.4725973680555555 0.8429997384259259 0.4763731666666666 0.831373888888889 0.48179952083333333 0.7640672314814815 0.48045140277777776 0.7628504560185185 0.4800710717592593 0.7439179375 0.5132479837962963 0.9632094166666667 0.5302129467592592 0.9821891828703704 0.49926236342592595 0.9246167569444445 0.4936087986111111 0.8998352893518518 0.48657622685185187 1 0.4609405810185185 1 0.4532277939814815
1 0 0.5222587291666666 0.06216845601851852 0.5223786990740741 0.08618207175925925 0.5244627800925926 0.10777543981481481 0.5225086898148148 0.20561966435185186 0.5205606643518519 0.21662538888888888 0.4941803472222222 0.16310639814814815 0.495572363425926 0.1368319976851852 0.49420843981481477 0.13864388425925925 0.4907083657407408 0.2681199814814815 0.460551650462963 0.26794281712962964 0.45036590277777777 0.18521374305555557 0.4673115462962963 0.18070693055555556 0.47082535185185187 0.16271073611111112 0.4723343194444445 0.13072453703703704 0.48017151157407406 0.09169463425925926 0.4835954814814815 0.056387398148148145 0.4931768958333333 0.003606738425925926 0.4953704189814815 0.004046787037037037 0.495436625 0 0.5093673773148149 0 0.5222587291666666
0 0.5196428981481481 0.4394362986111111 0.5190596851851852 0.4199920277777778 0.49497087037037035 0.3874933240740741 0.4707002800925926 0.3948885671296296 0.4941866412037037 0.4192088078703704 0.49860182407407405 0.4366405162037037 0.4970690092592593 0.4447936203703704 0.4923480694444444 0.45130814120370366 0.4740048333333333 0.4592006342592593 0.45669084953703704 0.46391915046296295 0.4366243356481481 0.4730565115740741 0.33998061574074073 0.4826565300925926 0.33980774305555556 0.5105680300925927 0.416969724537037 0.5055083356481481 0.5440077106481481 0.5099745 0.5655185138888889 0.472895 0.49477859953703707 0.47075910648148145 0.4906778912037037 0.46883527546296294 0.4905819166666667 0.4663796944444445 0.515299974537037 0.44906528472222224 0.5196428981481481 0.4394362986111111