2 0.45737957175925925 0.7411939074074074 0.4454847152777778 0.7390609537037037 0.4430696412037037 0.7366885162037037 0.4810481296296296 0.8829539444444444 0.49454302083333335 0.8955860833333333 0.45737957175925925 0.7411939074074074
2 0.33630977314814814 0.28935527083333334 0.3349437824074074 0.2842573287037037 0.3218530046296297 0.29064075925925925 0.32294186342592596 0.29078036574074073 0.33074341898148146 0.3319702407407408 0.3668610324074074 0.4432185648148148 0.3754918402777778 0.4325662222222222 0.3562604074074074 0.36381205324074073 0.3407740902777778 0.30239410648148146 0.33436739583333336 0.3095747337962963 0.3290627986111111 0.30366288888888887 0.33630977314814814 0.28935527083333334
2 1 0.6256509027777777 0.9821385138888888 0.6044674560185185 0.9815202754629629 0.6027638657407407 0.9998299907407407 0.7764429328703704 1 0.7765448055555555 1 0.6256509027777777
2 0.9360880949074074 0.3233345902777778 0.9515480717592593 0.32911349768518516 0.9248531249999999 0.15372179166666666 0.9192679374999999 0.13287759722222223 0.9044730902777778 0.08520877083333334 0.8945904953703704 0.08153011574074075 0.8955251180555556 0.08501818055555556 0.9360880949074074 0.3233345902777778
3 0.10373316898148148 0.8563711203703703 0.10448779861111111 0.8561689189814815 0.11983279629629628 0.8621224236111111 0.12094689814814814 0.8632617847222223 0.1254032986111111 0.8678192291666667 0.12615792824074074 0.8676170277777778 0.13406369444444444 0.8669365671296296 0.13445885416666667 0.865392800925926 0.13905800694444445 0.8584089282407407 0.13945316435185184 0.856865162037037 0.14114086342592594 0.8420341087962963 0.1407813912037037 0.8406925462962962 0.14085276851851852 0.8349218865740741 0.14049329629629628 0.8335803217592592 0.1358201759259259 0.8161399953703703 0.1347060740740741 0.8150006342592592 0.12654790046296296 0.8056835416666667 0.12579327083333333 0.8058857430555556 0.12169634027777779 0.802669861111111 0.12094171064814815 0.8028720648148148 0.10850816666666667 0.8047657384259259 0.10315438425925925 0.8119518148148148 0.10275922685185186 0.8134955810185185 0.09693890972222222 0.8279960810185185 0.09729837962962963 0.8293376458333334 0.096472375 0.8353105069444444 0.0968318449074074 0.8366520717592593 0.09783888194444444 0.8464474212962962 0.0989529837962963 0.8475867824074074 0.10373316898148148 0.8563711203703703
3 0.12385835185185184 0.8711089652777778 0.12421782175925926 0.8724505277777778 0.12454160648148148 0.8766774212962963 0.12565570601851853 0.8778167824074075 0.13011210879629628 0.882374226851852 0.13086673842592592 0.882172025462963 0.1335257847222222 0.8800216527777778 0.13392094444444444 0.8784778865740741 0.14168136574074075 0.8591438842592592 0.14243599537037038 0.8589416828703704 0.15321493518518517 0.8387988703703704 0.1528554652777778 0.8374573078703704 0.15177705324074076 0.8334326157407408 0.15066295138888888 0.8322932546296296 0.14843475 0.8300145324074074 0.14768012037037037 0.8302167337962963 0.1402052013888889 0.826468099537037 0.1407457037037037 0.8435778749999999 0.14035054629629629 0.8451216412037037 0.13672274305555557 0.8647861944444444 0.13596811342592593 0.8649883958333333 0.13402800694444444 0.8698218981481481 0.1332733773148148 0.8700240995370371 0.1280266574074074 0.8685541875 0.12727202777777777 0.8687563888888888 0.12385835185185184 0.8711089652777778
3 1 0.5759824976851852 0.999978074074074 0.5759622824074074 0.9946956689814814 0.5773776990740741 0.9915874976851852 0.5803673564814814 0.9919295578703704 0.5881840601851852 0.9884793287037037 0.583357011574074 0.9760466481481481 0.5953156412037037 0.9715188726851851 0.5965288541666667 0.971123712962963 0.5980726203703703 0.9684646666666666 0.6002229930555556 0.9676386597222222 0.6061958564814816 0.968717074074074 0.6102205462962963 0.9683219143518519 0.6117643125 0.9694003287037036 0.6157890023148148 0.9690051689814815 0.6173327685185185 0.9740377615740741 0.6361146597222223 0.9751518611111111 0.6372540208333334 0.9758708032407407 0.6399371481481482 0.9825554074074074 0.6467733171296296 0.9848192939814815 0.6461667106481482 0.986688025462963 0.6471038680555556 0.9874783425925926 0.6440163356481482 0.9871545601851851 0.6397894421296297 0.9879805648148149 0.6338165810185186 0.9872616226851852 0.6311334537037037 0.9873329976851851 0.6253627939814814 0.9840977592592592 0.6132887222222222 0.9844929189814815 0.6117449560185185 0.9823360925925926 0.6036955740740741 0.9936912245370371 0.5977772083333334 0.9958480486111112 0.6058265902777777 0.996962150462963 0.6069659513888889 1 0.6157775231481482 1 0.5759824976851852
3 0.9444975532407407 0.6224616828703704 0.9452521828703704 0.6222594791666667 0.9516486898148148 0.6219834236111111 0.9520438472222222 0.6204396574074074 0.9543434236111111 0.6169477222222222 0.9539839537037037 0.6156061574074074 0.9548456458333333 0.6067479652777777 0.954486175925926 0.6054064027777778 0.952329349537037 0.5973570208333333 0.95121525 0.5962176597222223 0.9426262291666667 0.5913296620370371 0.941871599537037 0.5915318657407407 0.9396077106481481 0.5921384722222223 0.9365535046296296 0.5958326111111112 0.9361583472222222 0.5973763773148149 0.9357275 0.6018054722222222 0.9360869699074074 0.6031470370370371 0.9382081087962963 0.6140817476851852 0.9393222083333334 0.6152211087962962 0.940041150462963 0.6179042361111112 0.94115525 0.6190435972222222 0.9444975532407407 0.6224616828703704
3 0.940005462962963 0.6207895671296296 0.9396459930555556 0.6194480023148148 0.9360869699074074 0.6031470370370371 0.9349728703703704 0.602007675925926 0.9319900393518518 0.5999311550925925 0.9300856226851851 0.6018793263888889 0.9304450925925926 0.6032208888888889 0.927212449074074 0.6213416782407407 0.9275719189814815 0.6226832407407408 0.9293692731481481 0.6293910601851851 0.9301239027777778 0.6291888564814815 0.9361609398148147 0.6275712384259259 0.9365560972222222 0.6260274722222222 0.940005462962963 0.6207895671296296
3 0.6893886782407407 0.17749345833333333 0.6897838356481482 0.17594969444444444 0.6924785717592592 0.17091399074074076 0.6921190995370371 0.16957242592592592 0.6870508194444445 0.15367586574074074 0.6859367199074073 0.15253650462962962 0.6818754768518518 0.14643529398148147 0.6811208472222222 0.14663749537037038 0.6743648680555556 0.1455719861111111 0.6704132824074074 0.16100964814814814 0.6707727523148148 0.16235121064814814 0.6725701087962963 0.1690590300925926 0.6736842083333334 0.1701983912037037 0.6769908217592593 0.17650180324074075 0.6781049212962963 0.17764116435185184 0.6829564837962963 0.18065484490740744 0.6837111134259259 0.1804526412037037 0.6893886782407407 0.17749345833333333
3 0.6628669861111112 0.16303167129629628 0.6636216157407406 0.1628294699074074 0.6669996064814815 0.16336222222222221 0.667394763888889 0.16181845601851852 0.6696586527777777 0.16121184953703704 0.6700538125000001 0.15966808333333335 0.673538863425926 0.15154484953703704 0.6731793935185185 0.15020328472222222 0.6739697106481481 0.1471157523148148 0.6736102384259259 0.1457741898148148 0.6721723564814815 0.14040793518518518 0.6710582546296296 0.13926857407407406 0.6685062708333334 0.13276295833333332 0.6673921712962964 0.13162359722222222 0.6651639699074074 0.129344875 0.6644093402777778 0.12954707638888888 0.6614265092592592 0.12747055555555556 0.6606718796296297 0.12767275925925925 0.6561441041666667 0.12888597222222223 0.6530898981481482 0.13258011111111112 0.652694738425926 0.13412387731481482 0.6515092615740741 0.13875517592592593 0.6518687337962964 0.14009674074074074 0.6539898703703704 0.15103145138888888 0.6551039722222222 0.1521708125 0.6587700555555556 0.15981578935185184 0.6595246851851853 0.15961358796296296 0.6628669861111112 0.16303167129629628
3 0.9066175185185186 0.15811002314814815 0.906258048611111 0.15676846064814814 0.9062937361111111 0.15388312962962963 0.9059342638888889 0.15254156712962963 0.9013682060185185 0.12644524999999998 0.9010087361111111 0.1251036875 0.8984924398148147 0.11571274074074074 0.8977378101851853 0.11591494444444445 0.8954739212962963 0.11652155092592593 0.8915937106481481 0.12618855092592593 0.8919531805555556 0.12753011574074075 0.8918104305555556 0.13907143287037038 0.892169900462963 0.14041299768518517 0.8976333402777777 0.1547657939814815 0.8987474398148149 0.1559051550925926 0.9039584722222223 0.16026039583333332 0.9047131018518518 0.16005819444444444 0.9066175185185186 0.15811002314814815
3 0.6458725717592593 0.19921875 0.6447584699074075 0.19807938888888887 0.6376430208333334 0.19567231712962962 0.6352363819444444 0.20782024305555555 0.6355958541666666 0.20916180555555555 0.6366742662037036 0.21318649768518516 0.6377883657407407 0.2143258587962963 0.6437540277777778 0.21847889814814817 0.6445086574074074 0.2182766967592593 0.6501505347222222 0.2182028425925926 0.6505456921296295 0.2166590763888889 0.6458725717592593 0.19921875
3 0.665029 0.23147077314814815 0.6646695277777778 0.23012921064814815 0.6621175439814815 0.22362359490740744 0.6613629143518518 0.22382579629629631 0.6542831527777778 0.2185333958333333 0.6535285231481481 0.21873559722222224 0.6512646342592592 0.2193422037037037 0.6492888425925926 0.22706103472222222 0.6496483125 0.22840259953703704 0.6518051388888888 0.23645198148148147 0.6529192384259259 0.2375913425925926 0.6581302685185185 0.24194658333333333 0.6588848981481482 0.24174438194444445 0.6645624652777777 0.23878519907407408 0.6649576226851851 0.23724143287037036 0.665029 0.23147077314814815
3 0.6632316435185186 0.2247629560185185 0.6636268032407407 0.2232191898148148 0.6690162731481482 0.2131477847222222 0.6686568032407407 0.21180621990740742 0.6668594467592592 0.20509840277777777 0.6657453472222222 0.20395904166666665 0.6628338935185185 0.19611186111111112 0.6617197916666667 0.19497250000000002 0.6594915902777778 0.19269377777777777 0.6587369606481481 0.19289597916666668 0.6530950833333333 0.1929698333333333 0.6496457199074074 0.19820773842592593 0.6500051898148148 0.19954930092592593 0.6495743425925925 0.20397839814814814 0.6499338148148148 0.20531996064814814 0.6520549513888889 0.21625467361111111 0.6531690532407408 0.21739403472222224 0.6617223842592593 0.2251673611111111 0.6624770138888889 0.2249651574074074 0.6632316435185186 0.2247629560185185
3 0.6812000023148147 0.23145141666666666 0.6808405324074074 0.23010985416666666 0.6775696064814815 0.22092111111111112 0.6764555046296296 0.21978175 0.6753414050925926 0.2186423888888889 0.674586775462963 0.21884459027777778 0.6712444745370371 0.21542650694444443 0.6704898449074074 0.21562870833333334 0.667471326388889 0.21643751851851853 0.6643457453703704 0.2259023171296296 0.6647052152777777 0.2272438796296296 0.6668263541666667 0.23817859259259258 0.6679404537037037 0.2393179537037037 0.670528125 0.24293824074074075 0.6712827546296296 0.24273603703703706 0.6762056921296297 0.23997905787037035 0.676600849537037 0.23843529166666666 0.6812000023148147 0.23145141666666666
3 0.7266412731481481 0.449336837962963 0.7262818032407408 0.44799527546296297 0.7267126481481482 0.4435661805555555 0.7263531782407407 0.44222461574074073 0.7249152939814815 0.43685836111111115 0.7238011944444445 0.43571899999999997 0.7185901620370371 0.43136375694444445 0.7178355324074074 0.4315659606481482 0.7148170138888889 0.4323747685185185 0.71248175 0.4387520347222222 0.7128412222222222 0.44009359953703703 0.713524474537037 0.44566205555555555 0.7146385763888888 0.4468014166666667 0.7164716180555556 0.45062390740740743 0.7172262476851853 0.4504217037037037 0.7205685486111112 0.45383978703703703 0.7213231782407407 0.45363758564814816 0.7266412731481481 0.449336837962963
3 0.7310619861111112 0.4567796134259259 0.7307025162037036 0.45543805092592593 0.7277553726851851 0.4504762013888889 0.7270007430555556 0.45067840277777776 0.7247368564814815 0.4512850092592593 0.7209280208333333 0.4551813518518518 0.7212874907407408 0.4565229143518518 0.7226896875000001 0.46477450000000003 0.7234443171296296 0.4645722962962963 0.7256725162037037 0.4668510185185185 0.7264271458333333 0.46664881712962963 0.7305954537037037 0.4640940393518519 0.7309906111111111 0.46255027314814817 0.7310619861111112 0.4567796134259259
3 0.7198139189814815 0.45404199074074075 0.7186998194444444 0.4529026296296296 0.7157169884259259 0.4508261087962963 0.7149623587962963 0.4510283101851852 0.7119438402777777 0.4518371203703704 0.7088539467592592 0.45841659027777776 0.7092134189814815 0.45975815277777776 0.7117654027777779 0.46626376851851853 0.7128795023148149 0.4674031296296296 0.7158623333333333 0.46947965046296297 0.716616962962963 0.4692774490740741 0.7222945277777777 0.4663182662037037 0.7226896875000001 0.46477450000000003 0.7198139189814815 0.45404199074074075
3 0.6851340555555555 0.43026310879629626 0.685529212962963 0.42871934259259264 0.688295324074074 0.4179129814814815 0.6879358518518518 0.4165714166666667 0.6868574398148148 0.4125467268518519 0.6857433402777778 0.4114073657407407 0.6850243981481482 0.4087242384259259 0.6839102986111111 0.4075848773148148 0.6805679953703704 0.4041667939814815 0.6798133657407407 0.4043689953703704 0.6738120185185186 0.40310128472222223 0.6687820185185186 0.4145142546296296 0.6691414884259259 0.4158558171296296 0.6709388449074074 0.4225636365740741 0.6720529444444444 0.42370299768518516 0.6738859861111111 0.42752548611111113 0.675000087962963 0.4286648472222222 0.6790970185185186 0.43188072916666664 0.6798516481481482 0.4316785254629629 0.6851340555555555 0.43026310879629626
3 0.7002266458333333 0.42621906249999997 0.6998671736111112 0.4248774976851852 0.6980698194444445 0.4181696805555556 0.6969557199074075 0.4170303194444444 0.6947275185185185 0.4147515972222222 0.6939728888888889 0.4149537986111111 0.6898402708333333 0.4146232476851852 0.6863195300925925 0.4256318125 0.6866790023148148 0.426973375 0.6866433125 0.4298587037037037 0.6877574143518518 0.4309980648148148 0.6918543449074074 0.43421394675925923 0.6926089745370371 0.4340117453703704 0.6982508518518519 0.43393789120370374 0.698646011574074 0.432394125 0.7002266458333333 0.42621906249999997
3 0.675112337962963 0.48039857870370367 0.6739982361111111 0.4792592175925926 0.6676017291666667 0.47953527314814814 0.6660210949074075 0.485710337962963 0.6663805648148148 0.48705190046296293 0.6670638194444444 0.4926203564814815 0.6681779189814814 0.4937597199074074 0.6734246388888889 0.4952296319444444 0.6741792685185186 0.4950274305555556 0.6775929444444444 0.4926748541666666 0.6772334745370371 0.49133328935185183 0.675112337962963 0.48039857870370367
3 0.652402074074074 0.4922353101851852 0.6527972337962963 0.49069154398148146 0.653587550925926 0.48760401157407407 0.6532280810185185 0.4862624467592593 0.6488787407407407 0.47304901388888887 0.6477646412037037 0.4719096527777778 0.6436677106481482 0.4686937708333333 0.6429130810185185 0.46889597222222223 0.6414038217592593 0.46930037731481483 0.6383139282407407 0.4758798472222222 0.6386733981481482 0.4772214097222222 0.6382425532407408 0.4816505069444444 0.6386020231481482 0.4829920694444444 0.6400399074074073 0.4883583240740741 0.6411540069444444 0.48949768518518516 0.6452152499999999 0.49559889583333333 0.6459698796296296 0.49539669444444445 0.652402074074074 0.4922353101851852
3 0.6949241111111112 0.6116889699074074 0.6953192685185186 0.6101452037037036 0.6968999050925926 0.6039701412037037 0.6965404328703704 0.6026285763888889 0.6932695069444444 0.5934398333333334 0.6921554074074074 0.5923004722222223 0.686944375 0.5879452291666666 0.6861897453703704 0.5881474328703704 0.6831712268518518 0.5889562407407407 0.6800456458333334 0.5984210393518519 0.6804051180555555 0.5997626041666666 0.6825976296296297 0.6049266550925926 0.6837117314814815 0.6060660162037037 0.6851853009259259 0.6085469421296296 0.6859399305555556 0.6083447407407407 0.6926602222222222 0.6122955787037037 0.6934148518518518 0.6120933749999999 0.6949241111111112 0.6116889699074074
3 0.6878417569444445 0.5762017083333334 0.6874822847222222 0.5748601458333333 0.6834567291666667 0.5658736041666667 0.6823426296296297 0.5647342430555555 0.6752628680555555 0.5594418402777778 0.674508238425926 0.5596440439814815 0.6729989791666667 0.5600484490740741 0.6706994027777777 0.5635403842592592 0.6710588726851852 0.5648819490740741 0.6732156990740741 0.5729313310185186 0.6743297986111111 0.5740706921296296 0.6817333449074074 0.5835899861111111 0.682487974537037 0.5833877847222223 0.6866205925925926 0.5837183356481481 0.6870157499999999 0.5821745694444445 0.6878417569444445 0.5762017083333334
3 0.6793623912037037 0.5928525833333333 0.6790029212962964 0.5915110185185185 0.6768460949074074 0.5834616365740741 0.6760914652777777 0.5836638402777777 0.6738632662037036 0.5813851180555555 0.6731086365740742 0.5815873194444444 0.6685808587962963 0.5828005347222223 0.6674667592592592 0.5816611736111111 0.6648433981481482 0.5809262152777778 0.6640173935185186 0.5868990787037037 0.664376863425926 0.5882406412037037 0.6676477893518518 0.5974293842592593 0.6687618912037038 0.5985687453703704 0.6739729212962963 0.602923988425926 0.674727550925926 0.602721787037037 0.6788958587962962 0.6001670092592593 0.6792910162037037 0.5986232430555555 0.6793623912037037 0.5928525833333333
3 0.6626151967592593 0.5786474930555555 0.6622557268518519 0.5773059305555556 0.6616438472222222 0.5659668148148148 0.6605297476851852 0.5648274513888889 0.656792287037037 0.5629531342592592 0.6560376574074075 0.563155337962963 0.6515098819444445 0.5643685509259259 0.6502887175925927 0.5718851782407407 0.6506481875 0.5732267430555555 0.6520860717592593 0.5785929976851852 0.6532001712962964 0.5797323587962963 0.6572614143518519 0.5858335694444444 0.6580160439814814 0.5856313680555556 0.6613940347222221 0.5861641203703704 0.6617891921296296 0.5846203564814815 0.6626151967592593 0.5786474930555555
3 0.6742201435185186 0.5525318217592593 0.6738606712962962 0.5511902569444445 0.6709492175925925 0.5433430763888889 0.6698351157407407 0.5422037152777778 0.6664928148148148 0.5387856319444444 0.6657381851851852 0.5389878356481481 0.6604557800925925 0.5404032523148148 0.6577610439814814 0.5454389537037037 0.6581205138888889 0.5467805185185185 0.6617509120370371 0.5573108240740741 0.6628650115740741 0.5584501851851852 0.6677165717592592 0.5614638657407407 0.6684712013888889 0.561261662037037 0.6730346666666667 0.5571631180555555 0.6734298263888889 0.5556193518518519 0.6742201435185186 0.5525318217592593
3 0.5799044166666667 0.7287814189814815 0.5802995740740741 0.7272376550925926 0.5860485162037037 0.7185078125 0.5864436736111112 0.7169640462962964 0.5880243078703704 0.7107889814814814 0.587664837962963 0.7094474189814816 0.5854723240740741 0.7042833657407407 0.5847176944444444 0.7044855694444444 0.557441375 0.6902259814814814 0.5566867453703703 0.6904281851851851 0.5469479351851851 0.6872861574074074 0.5504712708333334 0.7064724513888889 0.5515853703703704 0.7076118125 0.5593126967592593 0.7213580023148148 0.5604267986111111 0.7224973634259259 0.5659973009259259 0.7281941689814815 0.5667519305555556 0.7279919675925925 0.5731127500000001 0.7306012407407407 0.5738673796296296 0.7303990393518518 0.5799044166666667 0.7287814189814815
3 0.688441287037037 0.8621798981481482 0.6891959166666667 0.8619776967592593 0.6937236944444444 0.8607644814814814 0.6941188518518518 0.8592207152777779 0.6923571851851852 0.8496275671296296 0.6912430856481481 0.8484882060185185 0.6890505717592593 0.8433241550925926 0.6879364722222222 0.8421847916666666 0.6797426087962962 0.8357530300925925 0.6789879791666666 0.8359552314814814 0.6741007314814815 0.8358268819444444 0.669861050925926 0.8441523194444445 0.6702205208333333 0.8454938842592592 0.6701491458333334 0.8512645439814815 0.6705086157407407 0.8526061064814814 0.6723059699074073 0.8593139259259259 0.6734200717592592 0.860453287037037 0.681325837962963 0.8597728263888889 0.6824399375 0.8609121875 0.688441287037037 0.8621798981481482
3 0.6919977152777778 0.8482860046296297 0.6923571851851852 0.8496275671296296 0.6952686412037037 0.8574747476851853 0.6963827407407407 0.8586141087962963 0.6978920000000001 0.8582097037037038 0.6982871574074074 0.8566659375 0.6977109675925925 0.8424414907407408 0.6973514976851852 0.8410999282407408 0.6930021574074074 0.8278864930555556 0.6918880578703704 0.8267471319444445 0.6859580856481481 0.8197087615740741 0.6852034560185186 0.8199109652777777 0.6780523171296297 0.8203892222222222 0.6756813657407407 0.8296518194444444 0.676040837962963 0.8309933819444445 0.67711925 0.835018074074074 0.6778738796296296 0.8348158703703703 0.6823659699074075 0.8364879861111112 0.6834800694444445 0.8376273472222222 0.6890505717592593 0.8433241550925926 0.6894100416666666 0.8446657175925927 0.6919977152777778 0.8482860046296297
3 0.7129132152777777 0.8599363148148148 0.7117991157407407 0.8587969537037038 0.7066594583333333 0.848671050925926 0.7055453587962963 0.8475316898148149 0.6995440092592593 0.8462639791666667 0.6987180046296296 0.8522368425925926 0.6990774768518518 0.8535784050925926 0.7001202013888889 0.8604884259259259 0.701234300925926 0.861627787037037 0.7120515231481482 0.8687945069444445 0.7128061527777777 0.8685923032407408 0.714315412037037 0.8681879004629629 0.7147105694444446 0.8666441342592592 0.7129132152777777 0.8599363148148148
3 0.7877896064814814 0.7047121898148149 0.7881847662037037 0.7031684236111111 0.7977782291666666 0.6876569097222223 0.7974187592592592 0.6863153472222222 0.7952262453703703 0.6811512939814816 0.7944716157407408 0.6813534976851853 0.7933575162037038 0.680214136574074 0.7926028865740741 0.680416337962963 0.7850565902777779 0.6824383611111111 0.7808525972222222 0.6878784699074074 0.7804574375000001 0.6894222361111111 0.7796671203703703 0.6925097685185185 0.7800265902777779 0.6938513310185186 0.7803146874999999 0.7009635532407408 0.7814287870370371 0.7021029143518519 0.7840164583333333 0.705723201388889 0.784771087962963 0.7055210000000001 0.7877896064814814 0.7047121898148149
3 0.812654099537037 0.6707299814814816 0.81154 0.6695906203703704 0.8100664282407407 0.6671096944444445 0.8093117986111111 0.6673118958333333 0.8036699212962963 0.6673857500000001 0.7945429907407408 0.6755828379629629 0.7941478333333334 0.6771266041666666 0.7955857152777779 0.6824928587962963 0.7966998171296297 0.6836322199074074 0.8000778055555556 0.684164974537037 0.8004729652777778 0.6826212083333333 0.8144514560185185 0.6774377986111111 0.8140919837962963 0.6760962361111111 0.812654099537037 0.6707299814814816
3 0.8309845231481482 0.7089548657407407 0.8306250532407407 0.7076133032407407 0.8280730671296297 0.7011076875 0.8273184375 0.7013098888888889 0.8209219305555556 0.7015859444444444 0.8190175138888889 0.7035341157407408 0.8186223541666666 0.7050778819444444 0.8181915092592592 0.7095069768518519 0.8185509791666666 0.7108485416666667 0.8236549467592593 0.7238597731481482 0.8244095763888889 0.7236575694444445 0.8289730416666666 0.7195590254629629 0.8293682013888889 0.7180152592592592 0.8309845231481482 0.7089548657407407
3 0.8193056087962963 0.710646337962963 0.8181915092592592 0.7095069768518519 0.8155681481481482 0.7087720208333332 0.8098548958333334 0.7146165324074074 0.8102143657407408 0.7159580972222223 0.8127663495370371 0.722463712962963 0.813880451388889 0.723603074074074 0.8164681226851852 0.7272233587962963 0.8172227523148149 0.7270211574074075 0.8229003171296296 0.7240619745370371 0.8225408472222222 0.7227204120370371 0.8193056087962963 0.710646337962963
3 0.3384937152777778 0.36210214583333333 0.33737961574074077 0.3609627847222222 0.3366606736111111 0.3582796574074074 0.33554657407407407 0.3571402962962963 0.3333183726851852 0.35486157407407404 0.3283240601851852 0.36338921296296295 0.3279289027777778 0.36493297916666667 0.3286121574074074 0.37050143750000003 0.32972625694444446 0.3716407986111111 0.3412267314814815 0.38437597453703704 0.3419813611111111 0.3841737731481481 0.3446047222222222 0.3849087291666667 0.34499987962962964 0.38336496296296296 0.3384937152777778 0.36210214583333333
3 0.33544469675925925 0.4261860069444445 0.3361993263888889 0.42598380324074075 0.343421837962963 0.41973488657407404 0.3438169976851852 0.4181911203703704 0.3446073148148148 0.41510359027777777 0.3442478449074074 0.413762025462963 0.34320511805555554 0.4068520046296296 0.34209101851851853 0.40571264351851855 0.339143875 0.4007507939814815 0.338029775462963 0.3996114328703704 0.33245927314814816 0.3939146273148148 0.33170464351851847 0.3941168287037037 0.32566760648148146 0.39573444675925923 0.3233680300925926 0.39922638425925927 0.3229728726851852 0.40077015046296294 0.32254202546296296 0.4051992453703704 0.3229014953703704 0.4065408101851852 0.32394422222222224 0.41345083101851854 0.32505832175925925 0.4145901921296296 0.32725083564814816 0.41975424305555553 0.3283649351851852 0.4208936041666667 0.33544469675925925 0.4261860069444445
3 0.36160691666666667 0.4393062314814815 0.36124744675925924 0.43796466666666667 0.3594857800925926 0.42837151851851857 0.35837167824074073 0.4272321574074074 0.3546699074074074 0.4224725115740741 0.3539152777777778 0.42267471296296294 0.3429909930555556 0.42416398379629633 0.34065572916666664 0.43054125 0.34101519907407407 0.4318828125 0.3424530833333333 0.43724906712962963 0.34356718287037036 0.43838842824074076 0.35057556944444446 0.44945149074074076 0.35133019907407403 0.44924928703703704 0.3558579768518519 0.44803607407407403 0.35625313425925925 0.4464923078703704 0.36160691666666667 0.4393062314814815
3 0.39104981712962966 0.1567812662037037 0.38993571759259255 0.1556419050925926 0.3877432037037037 0.15047785185185186 0.3869885740740741 0.15068005324074074 0.38476037268518515 0.14840133101851852 0.3840057430555555 0.1486035347222222 0.3794779675925926 0.14981674768518516 0.3782924907407408 0.1544480462962963 0.37865196064814816 0.15578961111111111 0.3819228865740741 0.16497835416666667 0.38303698842592593 0.1661177152777778 0.38677444675925926 0.1679920324074074 0.3875290763888889 0.1677898287037037 0.39130222453703706 0.16677881712962964 0.39169738425925926 0.1652350509259259 0.39104981712962966 0.1567812662037037
1 0.3510058356481482 0.3964220856481482 0.36465749305555556 0.393339287037037 0.3443331111111111 0.3186950740740741 0.33347047222222226 0.2847958888888889 0.32088626157407407 0.28974949074074074 0.3220182060185185 0.2894461875 0.32781996296296295 0.30989122916666667 0.3295467199074074 0.33142816435185185 0.30471019444444447 0.31450180092592595 0.303510962962963 0.3263262037037037 0.3273669861111111 0.3495544027777778 0.3334330925925926 0.3516674907407407 0.3372536712962963 0.3589834953703704 0.3510058356481482 0.3964220856481482
1 0.9264817870370371 0.27299447685185185 0.9437959606481482 0.2778451898148148 0.9295759027777778 0.19006225694444442 0.9169209722222222 0.12472230092592593 0.9029060162037038 0.12373258101851851 0.902528701388889 0.12383368287037036 0.9102048310185185 0.16908324074074074 0.9104432222222222 0.1832544097222222 0.9052829328703703 0.18391816435185185 0.8716024490740741 0.16447272685185185 0.8726709328703705 0.17842147685185186 0.9097337523148148 0.2071695925925926 0.9165162685185185 0.22433228472222222 0.9264817870370371 0.27299447685185185
1 0.4543180300925926 0.785006962962963 0.4443301226851852 0.768559363425926 0.43587593750000003 0.7436486550925926 0.42793779398148146 0.7439064259259259 0.43340531944444444 0.7640096597222222 0.45715200925925925 0.8112798124999999 0.4609004351851852 0.8153080162037036 0.46702902314814815 0.8336524490740741 0.4734204675925926 0.8581093472222222 0.48406431481481477 0.8549697592592593 0.47397362962962963 0.813386736111111 0.4709176064814815 0.795944474537037 0.46655756249999997 0.783596638888889 0.4568370555555556 0.7424895810185185 0.4450072152777778 0.7442214930555556 0.4543180300925926 0.785006962962963