2 0.49561476851851854 1 0.5033447337962963 0.9285227962962963 0.5132344560185186 0.7581953449074074 0.5117540069444444 0.7570797175925926 0.5420126273148148 0.5795567199074074 0.6006196828703703 0.3315525833333333 0.6314054444444445 0.20881040972222223 0.648311664351852 0.058480356481481484 0.6476646180555555 0.06089516898148148 0.6506681435185185 0.027046967592592595 0.6199083287037036 0.015066402777777778 0.6085408101851852 0.1115220300925926 0.5788112083333333 0.28012811111111113 0.5184817430555556 0.5408992569444444 0.4972313703703704 0.644053025462963 0.47993634953703707 0.8024748356481481 0.4627818634259259 1 0.49561476851851854 1
2 0.4156859722222222 0.8161734976851852 0.4218374675925926 0.8240046851851852 0.45986125231481484 0.7361294652777778 0.5017235208333334 0.5998195717592593 0.5036786805555555 0.5967487453703704 0.5028809652777778 0.5961036342592593 0.4984974953703704 0.5883148217592593 0.4801168518518519 0.6255197314814814 0.4660719861111111 0.6818599560185185 0.4431609699074074 0.7480465115740741 0.44558214583333333 0.7583290833333334 0.4274635763888889 0.7984799837962963 0.42408227777777774 0.7957047199074074 0.4156859722222222 0.8161734976851852
3 0.4221946180555555 0.13837370138888888 0.42183514814814815 0.1397152662037037 0.4184928472222222 0.14313334953703705 0.41813337500000003 0.14447491203703702 0.41187962037037035 0.15574017592592593 0.41152014814814813 0.15708174074074074 0.4053734560185185 0.17700299305555556 0.40576861342592596 0.17854675694444444 0.4036117893518519 0.1865961388888889 0.40400694675925924 0.1881399050925926 0.40195718518518514 0.20484527777777778 0.4023523449074074 0.20638904398148147 0.4020285601851852 0.2106159351851852 0.40242371990740744 0.2121597013888889 0.4056206759259259 0.2273951597222222 0.40637530555555557 0.22759736342592593 0.4160044583333333 0.2459942060185185 0.41675908796296296 0.24619640740740742 0.42056792361111106 0.25009275000000003 0.42132255324074075 0.2502949513888889 0.42962347916666666 0.2525191782407407 0.4307375787037037 0.25137981712962965 0.43972175694444443 0.24803558564814818 0.44047638657407406 0.24823778935185187 0.44838215277777776 0.2489182476851852 0.4494962546296296 0.2477788865740741 0.45211961342592594 0.24704393055555554 0.4532337152777778 0.24590456944444444 0.46214651851851857 0.23678967824074076 0.4625059884259259 0.23544811574074076 0.4724615162037037 0.21942320370370372 0.47282098842592596 0.2180816412037037 0.4804412523148148 0.19567946296296299 0.48004609259259257 0.19413569675925924 0.48364080324074077 0.1807200625 0.4832456435185185 0.1791762962962963 0.48500731018518517 0.16958314814814812 0.4846121527777778 0.16803938194444445 0.4856191898148148 0.1582440300925926 0.4852240300925926 0.1567002662037037 0.48400286574074075 0.14918363657407407 0.4832482384259259 0.14898143518518517 0.479332337962963 0.13642910416666668 0.4785777083333333 0.1362269027777778 0.4743380277777778 0.1279014652777778 0.47358339814814815 0.12769926157407407 0.4697745625 0.12380292129629629 0.46901993287037036 0.1236007175925926 0.4599643773148148 0.12117428935185186 0.4491114675925926 0.12545568055555556 0.4483568402777778 0.12525347685185184 0.44458369212962967 0.12424246527777777 0.4434695902777778 0.1253818263888889 0.43746824305555554 0.12664953703703705 0.4363541412037037 0.12778889814814814 0.4277651203703704 0.13267689583333334 0.42665102083333334 0.13381625694444443 0.4221946180555555 0.13837370138888888
3 0.4936703009259259 0.14027094907407409 0.4940654583333333 0.14181471527777778 0.49302273379629624 0.14872473611111112 0.4934178935185185 0.1502685023148148 0.49442233564814814 0.17066801157407407 0.49481749537037034 0.17221177777777777 0.5006735 0.18959760879629628 0.5014281296296296 0.18979981250000003 0.5101955879629629 0.19933846296296295 0.5109502175925926 0.19954066666666664 0.5241383912037038 0.20163654166666667 0.5252524907407408 0.20049718055555557 0.5323679398148148 0.1980901087962963 0.5334820416666667 0.1969507476851852 0.5386930717592593 0.19259550462962963 0.5390525439814815 0.19125394212962962 0.5534644745370371 0.17067158564814816 0.5538239444444445 0.16933002314814816 0.5578495 0.16034348148148148 0.5582089699074074 0.15900191898148147 0.5643556643518518 0.13908066666666666 0.5639605046296295 0.13753690046296296 0.5664054259259259 0.12237529398148148 0.5660102662037038 0.12083152777777777 0.5654723564814814 0.10774644444444445 0.565077199074074 0.10620267824074074 0.5634965648148148 0.10002761342592592 0.5627419351851851 0.09982541203703704 0.5504537361111111 0.07927819444444444 0.5496991064814815 0.07907599305555556 0.5342113564814814 0.07348817824074073 0.5192615162037038 0.0809854513888889 0.5189020439814814 0.08232701388888888 0.5096297708333334 0.0927834675925926 0.5092702986111112 0.09412503240740741 0.5052090555555556 0.10022624305555555 0.5048495856481482 0.10156780555555554 0.4990266759259259 0.11726216435185186 0.49866720370370365 0.11860372916666667 0.4936703009259259 0.14027094907407409
3 0.4817260115740741 0.2995513333333333 0.4821211712962963 0.3010950972222222 0.48111413425925925 0.3108904490740741 0.4815092916666667 0.31243421527777776 0.48201151388888885 0.3226339699074074 0.4827661435185185 0.3228361712962963 0.48855077314814815 0.33445134259259257 0.48930540277777773 0.3346535462962963 0.49652791435185184 0.340902462962963 0.49764201388888885 0.3397631018518518 0.5050812476851851 0.33312913657407406 0.5054407175925926 0.3317875740740741 0.5113706898148148 0.3247492037037037 0.511730162037037 0.32340763888888885 0.5190980185185186 0.3110030138888889 0.5194574884259259 0.30966145138888884 0.5238068287037037 0.2964480162037037 0.5234116689814815 0.29490425 0.5252090231481481 0.2881964328703704 0.5248138657407407 0.28665266666666667 0.5257495277777777 0.2710866574074074 0.5253543680555556 0.26954289120370367 0.5217622523148149 0.25276366666666666 0.5210076226851852 0.2525614652777778 0.5202173055555556 0.24947393287037037 0.5194626759259259 0.2492717314814815 0.517198787037037 0.24866512268518517 0.5097952430555556 0.2581844189814815 0.5090406134259259 0.25798221527777776 0.5030392638888889 0.25924992592592594 0.5026797939814814 0.2605914907407407 0.49204101157407404 0.2821848587962963 0.4909269097222222 0.2833242199074074 0.4828044236111111 0.2955266412037037 0.4824449537037037 0.2968682060185185 0.4817260115740741 0.2995513333333333
3 0.4446343194444445 0.3715720069444444 0.4412920185185185 0.3749900925925926 0.44057307638888893 0.37767321990740743 0.43945897685185187 0.3788125810185185 0.43909950694444444 0.3801541435185185 0.4379854050925926 0.38129350462962963 0.4376259351851852 0.3826350694444444 0.4365118333333334 0.38377443055555555 0.4332765972222222 0.39584850231481483 0.4321624953703704 0.39698786342592596 0.42928672916666666 0.4077203726851852 0.4296818865740741 0.4092641388888889 0.4293224166666667 0.4106057037037037 0.42971757407407407 0.4121494699074074 0.4289986342592592 0.4148325972222222 0.4293937916666667 0.4163763634259259 0.42867484953703705 0.41905948842592594 0.4290700092592593 0.4206032546296296 0.4283510671296296 0.4232863819444444 0.42874622453703704 0.4248301481481481 0.4283867546296296 0.42617171296296297 0.42878191435185187 0.4277154791666667 0.42842244212962965 0.4290570416666667 0.42881760185185186 0.4306008078703704 0.4284581296296296 0.4319423726851852 0.42885328935185185 0.4334861388888889 0.42849381712962964 0.4348277013888889 0.4312599282407408 0.4456340648148148 0.4327691875 0.4460384675925926 0.4331643472222222 0.4475822337962963 0.4339189768518519 0.4477844375 0.43431413425925924 0.4493282037037037 0.4350687638888889 0.4495304050925926 0.43546392361111114 0.45107417129629634 0.43621855324074077 0.45127637268518517 0.43661371064814813 0.4528201388888889 0.4373683402777778 0.45302234259259255 0.4377635 0.4545661087962963 0.4468190532407408 0.456992537037037 0.4479331550925926 0.45585317592592595 0.44944241435185184 0.4562575810185185 0.45278471527777775 0.4528394953703704 0.45353934490740744 0.45304169907407404 0.45688164583333335 0.4496236157407407 0.457636275462963 0.4498258171296296 0.45986447685185183 0.44754709490740746 0.4606191064814815 0.4477492962962963 0.4617332060185185 0.4466099351851852 0.46248783564814816 0.4468121388888889 0.4636019351851852 0.4456727777777778 0.4643565648148148 0.44587497916666663 0.46547066666666664 0.44473561805555556 0.4662252962962963 0.44493781944444444 0.4673393958333333 0.4437984583333333 0.46809402546296297 0.4440006620370371 0.46920812500000003 0.4428613009259259 0.4699270671296296 0.4401781736111111 0.4710411689814815 0.43903881250000004 0.4714006388888889 0.43769724768518514 0.4725147407407408 0.43655788657407407 0.4728742106481481 0.43521632407407407 0.47398831018518517 0.434076962962963 0.4743477824074074 0.4327353981481481 0.47546188194444444 0.43159603703703703 0.47582135416666665 0.430254474537037 0.47693545370370366 0.4291151111111111 0.4772949236111111 0.4277735486111111 0.47840902546296293 0.4266341875 0.4820037337962963 0.4132185509259259 0.4816085763888889 0.4116747847222222 0.48268698842592594 0.4076500949074074 0.4822918287037037 0.4061063287037037 0.48372971296296297 0.4007400740740741 0.4833345532407407 0.3991963078703704 0.4836940254629629 0.3978547430555555 0.48329886574074077 0.39631097685185185 0.4840178078703704 0.39362784953703706 0.48362265046296293 0.39208408333333333 0.4843415902777778 0.38940095601851854 0.4839464328703704 0.3878571898148148 0.48430590277777774 0.3865156273148148 0.48193495138888887 0.3772530300925926 0.48229442361111113 0.3759114675925926 0.4803186296296296 0.3681926365740741 0.4788093703703704 0.3677882314814815 0.47841421064814815 0.3662444675925926 0.4776595810185185 0.3660422638888889 0.47726442361111115 0.36449849768518516 0.47650979398148147 0.3642962962962963 0.47611463425925926 0.36275253009259256 0.47536000462962963 0.36255032638888884 0.4749648472222222 0.3610065601851852 0.46515466203703704 0.35837793055555556 0.4640405625 0.3595172916666667 0.46253130324074077 0.35911288657407403 0.4614172037037037 0.3602522476851852 0.4591533148148148 0.3596456412037037 0.45803921296296296 0.3607850023148148 0.4572845833333333 0.36058280092592593 0.4528281828703704 0.3651402453703704 0.4520735532407407 0.36493804166666666 0.4453889490740741 0.37177421064814814 0.4446343194444445 0.3715720069444444
3 0.38311676157407404 0.3234549884259259 0.38275729166666667 0.3247965532407407 0.3757845925925926 0.33874494212962963 0.3754251226851852 0.3400865069444445 0.3721898842592593 0.3521605787037037 0.37258504166666667 0.3537043449074074 0.3712542222222222 0.367726587962963 0.3716493796296297 0.36927035416666665 0.3756723425925926 0.39047867361111116 0.37642697222222227 0.39068087731481477 0.38523011805555557 0.4031048587962963 0.38598474768518515 0.40330706018518514 0.40147249768518517 0.408894875 0.402586599537037 0.4077555138888889 0.4048504884259259 0.4083621203703704 0.405964587962963 0.40722275925925927 0.40970204861111115 0.4053484421296296 0.41081614814814815 0.4042090787037037 0.42458051157407406 0.3920805115740741 0.4249399837962963 0.3907389467592593 0.43417656944444444 0.37739716435185183 0.43453604166666665 0.37605559953703704 0.44003516666666664 0.36458813425925923 0.4396400092592593 0.36304436805555557 0.44373953240740743 0.3296336273148148 0.44334437499999996 0.32808986111111116 0.4428421527777778 0.3178901041666667 0.44244699305555557 0.3163463402777778 0.4405425763888889 0.3143981689814815 0.4297610416666667 0.3244502175925926 0.42900641203703704 0.3242480162037037 0.4181891921296297 0.3314147337962963 0.4174345625 0.3312125324074074 0.39443620370370375 0.32648802546296296 0.39404104629629627 0.3249442592592593 0.38645906249999995 0.3200369050925926 0.38534496296296294 0.32117626620370365 0.38311676157407404 0.3234549884259259
3 0.6342805925925925 0.623691275462963 0.6346400625 0.6223497106481481 0.6341378425925925 0.6121499560185185 0.6352519421296295 0.6110105949074074 0.6385942430555555 0.607592511574074 0.6393488726851851 0.607794712962963 0.6513515694444444 0.6052592916666667 0.6524656712962963 0.6041199305555556 0.6535797708333333 0.6029805694444446 0.6539392430555556 0.6016390069444445 0.6560603796296297 0.5907042939814815 0.65530575 0.5905020925925926 0.6470762013888889 0.5940485254629629 0.6463215717592592 0.593846324074074 0.6361519166666667 0.5925592546296297 0.6357567569444446 0.5910154907407408 0.6308338217592593 0.5882585092592593 0.630438662037037 0.5867147430555556 0.6269179212962963 0.5757061782407408 0.6261632939814815 0.5755039768518518 0.6231447754629629 0.5746951666666666 0.6205571018518519 0.5783154537037037 0.6201976319444445 0.5796570162037037 0.6155245092592593 0.5970973449074074 0.6159196689814814 0.5986411111111111 0.6183619953703704 0.6136743657407407 0.619116625 0.6138765671296297 0.6222065208333334 0.6204560370370371 0.6229611481481482 0.6206582384259259 0.6342805925925925 0.623691275462963
3 0.6342474976851852 0.5906110856481481 0.6350021273148149 0.5908132870370371 0.6455669421296297 0.5936441203703703 0.6466810416666667 0.5925047592592593 0.65530575 0.5905020925925926 0.656419849537037 0.5893627314814815 0.6623498240740742 0.5823243611111111 0.6627092939814815 0.5809827962962962 0.6674894791666667 0.5721984583333333 0.6678489513888889 0.5708568958333333 0.6711198773148148 0.5616681527777778 0.6707247175925927 0.560124386574074 0.6717674421296296 0.5532143657407408 0.6713722847222222 0.551670599537037 0.6686061736111112 0.5408642361111111 0.6678515439814815 0.5406620347222222 0.6511426296296295 0.5275575925925926 0.6440271805555555 0.5299646643518519 0.6429130810185185 0.5311040277777778 0.6343954351851852 0.5417626828703704 0.6340359652777777 0.5431042453703704 0.6264870763888889 0.5712770833333333 0.6268822337962964 0.572820849537037 0.6296483449074074 0.5836272106481482 0.6304029745370371 0.5838294143518519 0.6342474976851852 0.5906110856481481
3 0.6278944583333333 0.5026357777777778 0.6282896180555555 0.5041795439814815 0.6295107800925926 0.5116961712962963 0.6302654097222222 0.511898375 0.6368046689814816 0.5237157476851851 0.637559298611111 0.523917951388889 0.6455007523148149 0.5274837407407408 0.6466148518518519 0.5263443796296297 0.6552395601851851 0.524341712962963 0.656353662037037 0.5232023518518518 0.6633977361111112 0.5150246203703703 0.6637572060185185 0.5136830555555556 0.6707655925925926 0.5026199953703704 0.6711250624999999 0.5012784305555555 0.6747554583333333 0.490748125 0.6743603009259259 0.4892043587962963 0.6761219675925927 0.47961121064814816 0.6757268078703703 0.47806744444444443 0.6737153287037038 0.46746328472222226 0.6729606990740741 0.4672610833333333 0.6675712291666666 0.45718967592592596 0.6668165995370371 0.45698747453703703 0.6599892453703704 0.4522823240740741 0.654742525462963 0.4537522361111111 0.653628425925926 0.4548915972222222 0.6387499606481482 0.46815952777777775 0.6383904907407407 0.46950109259259254 0.6328556759259258 0.4780832268518519 0.6324962037037037 0.4794247916666667 0.6292609675925925 0.4914988634259259 0.6296561249999999 0.49304262962962964 0.6278944583333333 0.5026357777777778
3 0.727037050925926 0.12659355092592592 0.728151150462963 0.12545418981481482 0.7392921550925926 0.1140605787037037 0.7396516249999999 0.11271901388888889 0.7425987685185185 0.10775716435185184 0.7429582407407408 0.10641560185185185 0.745474537037037 0.09702465509259259 0.7450793773148149 0.09548088888888888 0.7460507268518518 0.08280020833333333 0.7452960972222222 0.08259800694444444 0.743751150462963 0.07930827314814815 0.7429965208333333 0.07910606944444444 0.7384687430555557 0.07789285648148149 0.7201766018518518 0.08880821064814814 0.7198171319444445 0.09014977546296296 0.7180197777777778 0.09685759259259259 0.7184149351851852 0.09840135879629629 0.7174078981481481 0.10819670833333334 0.7178030578703704 0.10974047453703704 0.7191312847222222 0.1259130925925926 0.7198859143518519 0.1261152939814815 0.727037050925926 0.12659355092592592
3 0.6742077939814815 0.17282910648148148 0.6749624236111111 0.17303130787037038 0.6855272384259259 0.1758621412037037 0.6866413379629629 0.1747227800925926 0.6992916018518519 0.16373357175925923 0.699651074074074 0.16239200925925926 0.7018792731481481 0.16011328703703706 0.7022387453703703 0.15877172222222222 0.704036099537037 0.1520639050925926 0.7036409398148149 0.15052013888888888 0.7038933495370371 0.14052258564814815 0.7034981898148148 0.13897881944444443 0.701127238425926 0.12971622453703702 0.7003726087962963 0.12951402083333333 0.696168613425926 0.12407391435185185 0.6954139837962963 0.12387171064814816 0.6871130601851853 0.1216474861111111 0.6811473981481482 0.12580052546296297 0.6807879282407407 0.12714209027777776 0.6759720555555555 0.1330410972222222 0.6756125833333334 0.13438266203703705 0.6713703078703703 0.15625208564814816 0.6717654675925926 0.15779584953703704 0.6714773726851851 0.1649080740740741 0.6718725300925926 0.1664518402777778 0.6742077939814815 0.17282910648148148
3 0.17830787962962963 0.8825529050925925 0.17906250925925923 0.8827551064814815 0.18283565740740743 0.8837661180555556 0.18394975694444446 0.8826267569444445 0.1907057361111111 0.88156125 0.19181983564814814 0.880421888888889 0.19440750694444445 0.8768016018518519 0.19476697916666666 0.875460037037037 0.1962048611111111 0.8700937824074074 0.1958097037037037 0.8685500185185185 0.1952361064814815 0.8525796041666667 0.19484094675925925 0.851035837962963 0.19214621296296297 0.8460001342592592 0.1913915833333333 0.8457979328703703 0.1883730648148148 0.8449891226851852 0.18132899074074074 0.8531668541666667 0.1809695208333333 0.8545084166666667 0.17543470601851852 0.8630905532407408 0.1750752337962963 0.8644321157407406 0.17327787962962962 0.8711399351851852 0.17367303935185185 0.872683701388889 0.17410388425925927 0.8771127962962963 0.17485851388888887 0.8773150000000001 0.17830787962962963 0.8825529050925925
3 0.20577301157407407 0.7619405254629629 0.2068871111111111 0.7608011643518519 0.21098404398148146 0.7575852824074074 0.2113435138888889 0.7562437199074075 0.21357171527777777 0.7539649976851851 0.2139311851851852 0.7526234328703704 0.21759727083333333 0.7449784560185185 0.21871137037037036 0.7438390949074074 0.22428187268518518 0.7381422893518519 0.22388671527777776 0.7365985231481481 0.22007787962962963 0.7327021805555555 0.2140765300925926 0.7339698912037037 0.21296243055555555 0.7351092523148148 0.20476856712962963 0.7415410162037036 0.20440909722222222 0.7428825787037037 0.20185711342592594 0.7493881944444445 0.20225227083333333 0.7509319606481482 0.20199986342592594 0.7609295138888889 0.20275449305555554 0.7611317152777778 0.20577301157407407 0.7619405254629629
3 0.03651211111111111 0.3945012800925926 0.037626210648148146 0.39336191898148143 0.04244208333333334 0.3874629120370371 0.04280155555555556 0.3861213472222222 0.04348480787037037 0.3805528912037037 0.04273017824074074 0.3803506875 0.039640284722222224 0.3737712199074074 0.03924512731481481 0.3722274537037037 0.03802396296296297 0.3647108263888889 0.037269333333333335 0.3645086226851852 0.03536491666666667 0.36256045138888887 0.03274155555555555 0.3632954097222222 0.03162745601851852 0.36443477083333337 0.02792568287037037 0.36919441666666664 0.027566212962962963 0.3705359814814815 0.023971504629629627 0.38395161805555555 0.024366662037037037 0.3854953842592593 0.03162486342592593 0.3946296296296296 0.032379493055555555 0.3948318333333333 0.03651211111111111 0.3945012800925926
3 0.044236844907407404 0.41094995370370374 0.04463200462962963 0.4124937199074074 0.04581747916666667 0.4171250162037037 0.046572108796296294 0.4173272199074074 0.04808136805555555 0.417731625 0.049195469907407405 0.4165922638888889 0.05886290277777778 0.4076795763888889 0.05922237268518518 0.40633801157407407 0.06353602314814816 0.3902392476851852 0.06314086574074074 0.3886954814814815 0.052611738425925925 0.38874997916666665 0.05221658101851851 0.387206212962963 0.04804827314814815 0.3846514351851852 0.04395134259259259 0.38786731481481485 0.04359187268518519 0.38920887962962963 0.03992578703703704 0.39685385648148147 0.04103988888888889 0.3957144953703704 0.04362756018518518 0.3920942083333333 0.044382189814814815 0.392296412037037 0.04513681944444445 0.39249861342592596 0.04553197685185185 0.3940423796296296 0.044236844907407404 0.41094995370370374
3 0.04600110416666667 0.37116194444444445 0.046396263888888886 0.37270571064814817 0.04833637037037037 0.3775392106481481 0.049091 0.3777414143518519 0.05250467592592593 0.38009398842592595 0.05289983333333333 0.3816377546296297 0.0545161574074074 0.39069814814814813 0.05563025694444445 0.38955878703703706 0.057894145833333334 0.3901653958333333 0.05828930555555556 0.39170916203703704 0.060588881944444443 0.39520109722222224 0.06094835185185185 0.39385953472222224 0.06935893287037037 0.37454488888888887 0.0697184050925926 0.3732033263888889 0.07187522916666667 0.36515394444444443 0.07148007175925926 0.36361017824074077 0.07101353703703704 0.35629575231481486 0.07025890740740741 0.35609354861111114 0.06720470138888889 0.3523994097222222 0.06386240046296297 0.35581749537037033 0.06310777083333334 0.35561529166666667 0.05933462268518518 0.3546042800925926 0.05822052314814815 0.3557436412037037 0.05487821990740741 0.359161724537037 0.0541235925925926 0.35895952314814816 0.05035044444444444 0.3579485115740741 0.04923634259259259 0.35908787268518516 0.04600110416666667 0.37116194444444445
3 0.08253673379629631 0.4974202083333333 0.08365083333333334 0.4962808449074074 0.08882617824074074 0.4890402731481482 0.08918564814814814 0.4876987106481482 0.09019268518518518 0.4779033587962963 0.08979752777777777 0.4763595925925926 0.08742657407407407 0.46709699768518514 0.08667194444444444 0.4668947962962963 0.08250363888888888 0.4643400162037037 0.07617850694444445 0.4698346203703704 0.07581903703703705 0.47117618518518517 0.07434546527777777 0.47365710879629624 0.07398599537037037 0.4749986736111111 0.07114591435185186 0.4886165115740741 0.07154107407407408 0.49016027777777776 0.07463096759259259 0.49673974768518514 0.07538559722222223 0.4969419490740741 0.08253673379629631 0.4974202083333333
3 0.10391876851851851 0.49308432175925926 0.10431392824074075 0.494628087962963 0.10549940277777778 0.4992593842592593 0.105858875 0.4979178217592593 0.11085578009259259 0.47625060185185186 0.11046062037037038 0.47470683564814814 0.10474736805555557 0.46886232175925924 0.09464908796296297 0.47334591435185186 0.09353498611111111 0.474485275462963 0.09173763194444444 0.4811930949074074 0.09213279166666667 0.48273686111111114 0.09450374305555556 0.4919994560185185 0.0952583726851852 0.4922016597222222 0.09942667824074075 0.4947564375 0.10054078009259258 0.4936170763888889 0.10391876851851851 0.49308432175925926
3 0.3920795763888889 0.9872830162037037 0.3931936759259259 0.9861436550925925 0.3965359768518518 0.9827255717592592 0.3968954490740741 0.9813840069444445 0.40131616203703707 0.9739412314814815 0.4016756342592593 0.9725996689814814 0.4063130671296296 0.952274011574074 0.40591790972222225 0.9507302453703703 0.40696063425925927 0.9438202245370371 0.406565474537037 0.9422764583333333 0.4056680949074074 0.9305329375 0.4052729351851852 0.9289891712962963 0.40214735416666664 0.9195243726851852 0.40139272453703706 0.9193221712962963 0.39456537037037037 0.9146170208333333 0.384933625 0.9264150370370371 0.3845741550925926 0.9277566018518518 0.37770852083333334 0.9503609814814815 0.3765944189814815 0.9515003425925926 0.36441068981481484 0.969803974537037 0.3640512199074074 0.9711455393518519 0.3607446064814815 0.9774489513888889 0.3611397638888889 0.9789927175925925 0.3920795763888889 0.9872830162037037
3 0.3960389421296296 0.9121360949074074 0.39643410185185185 0.9136798611111111 0.40437555555555554 0.9172456504629629 0.40548965509259255 0.9161062893518519 0.41185047453703705 0.9134970162037037 0.4129645763888889 0.9123576550925926 0.42223684953703705 0.901901201388889 0.42259632175925926 0.9005596365740741 0.4288143888888889 0.8864090439814815 0.4291738611111111 0.8850674791666667 0.43129499768518514 0.8741327685185185 0.4308998402777778 0.8725890023148147 0.4289597337962963 0.8677555023148149 0.42820510416666663 0.8675532986111111 0.41084862499999997 0.8629026458333333 0.40750632407407406 0.8663207291666667 0.4079014814814815 0.8678644953703704 0.4095178032407407 0.8769248888888889 0.40915833333333335 0.8782664513888889 0.40710857175925924 0.8949718240740742 0.4059944699074074 0.8961111851851852 0.404556587962963 0.9014774398148148 0.40344248611111105 0.9026168009259259 0.3960389421296296 0.9121360949074074
3 0.34260299537037037 0.9093210439814814 0.3437170949074074 0.9081816828703704 0.34889243981481477 0.9009411111111112 0.3492519097222222 0.8995995486111111 0.3502946342592593 0.8926895277777779 0.34989947685185185 0.891145761574074 0.3482474652777778 0.879200037037037 0.34749283564814815 0.8789978356481482 0.3467382060185185 0.8787956319444444 0.338184875 0.8865689583333334 0.3378254027777778 0.8879105231481481 0.33376415972222223 0.8940117337962964 0.3334046898148148 0.8953532986111111 0.3319668055555556 0.9007195532407407 0.3323619652777778 0.9022633194444445 0.338399 0.9038809375 0.33879415972222227 0.9054247037037036 0.34260299537037037 0.9093210439814814
1 0.6234909212962962 0.26823113657407405 0.6485367685185186 0.24086431018518517 0.7142852430555556 0.1901820902777778 0.7096524768518518 0.156157 0.691280525462963 0.17582205787037036 0.6466923055555556 0.21031831944444443 0.6299535439814815 0.2100030462962963 0.6319308935185185 0.19960496064814814 0.6309766712962963 0.18022542592592591 0.6374714143518518 0.12459412962962962 0.6466904768518519 0.0642288587962963 0.6156815625000001 0.06555386574074074 0.6153542106481481 0.06949222453703705 0.6112039444444444 0.10792196296296296 0.592550912037037 0.22039898842592592 0.5751040532407408 0.3057356273148148 0.545803087962963 0.4208235046296296 0.5747706736111111 0.4216835046296296 0.5855948356481482 0.375552 0.6057252060185185 0.3004244351851852 0.6234909212962962 0.26823113657407405
1 0.4940416458333334 1 0.506915300925926 0.8614676342592593 0.5094324375 0.8004568912037037 0.5178872013888889 0.726945875 0.4889624398148148 0.7295482708333333 0.48771525694444445 0.7320898564814814 0.4811047592592593 0.7966050115740742 0.4760351828703704 0.8275990023148148 0.4700220902777778 0.8400790578703704 0.4288616226851852 0.8385401759259259 0.38275758564814816 0.8234546574074074 0.3751582152777778 0.8536270046296296 0.43967521296296297 0.8736462615740741 0.46857343749999997 0.8871410532407408 0.46957275694444445 0.9253689444444445 0.4618491736111111 1 0.4940416458333334 1
0 0.5887705532407408 1 0.5698554305555555 0.9151422106481482 0.5636572800925926 0.9065795787037038 0.5619402546296297 0.8984987222222223 0.5523317361111112 0.8908915347222222 0.5477284976851852 0.889658099537037 0.5282648958333334 0.9001157731481482 0.5135585092592593 0.9181748287037037 0.5089004421296296 0.9277108310185185 0.5029720254629629 0.9166322847222221 0.5110502523148148 0.8339617083333333 0.4770164606481482 0.8248423796296296 0.4617007361111111 1 0.4975378310185185 1 0.501848650462963 0.9839118055555555 0.5210780092592593 0.9393135254629629 0.5306093101851852 0.9254755555555555 0.5413370532407408 0.9141149976851851 0.5497669722222223 0.9206874398148147 0.5559327430555556 0.9296727592592592 0.5726597245370371 1 0.5887705532407408 1