2 0.5134895833333333 1 0.5184375 0.9993055555555556 0.50015625 0.7965277777777778 0.48578125 0.5405555555555556 0.48578125 0.44347222222222227 0.49875 0.27041666666666664 0.49671875000000004 0.19819444444444445 0.498125 0.002916666666666667 0.463203125 0.0011111111111111111 0.453984375 0.33125 0.44710937500000003 0.4334722222222222 0.44953125 0.4823611111111111 0.4475 0.4990277777777778 0.455078125 0.7409722222222223 0.46734375 0.8456944444444444 0.47250000000000003 0.9504166666666666 0.4819885625 1 0.5134895833333333 1
2 0.07382812500000001 0.21625 0.107890625 0.2127777777777778 0.1378125 0.21347222222222223 0.17296875 0.17125 0.178125 0.15569444444444447 0.18781250000000002 0.14555555555555555 0.18390625000000002 0.14055555555555554 0.158359375 0.1811111111111111 0.14828125 0.19125 0.14390624999999999 0.18944444444444444 0.12984375 0.20222222222222222 0.09164062499999999 0.20500000000000002 0.066328125 0.2011111111111111 0.04140625 0.17958333333333332 0.04140625 0.1811111111111111 0.040625 0.18708333333333332 0.07382812500000001 0.21625
2 0.950625 0.6656944444444444 0.960546875 0.6649999999999999 0.98765625 0.6308333333333332 0.991015625 0.5915277777777778 0.991796875 0.5897222222222221 0.9286718749999999 0.657638888888889 0.950625 0.6656944444444444
2 0.8766406250000001 0.7377777777777779 0.9030468749999999 0.7154166666666667 0.8948437499999999 0.6963888888888888 0.840078125 0.7436111111111111 0.844375 0.7465277777777778 0.8446874999999999 0.7455555555555555 0.86578125 0.7347222222222222 0.8766406250000001 0.7377777777777779
2 0.66 0.9627777777777778 0.655703125 0.9525 0.66015625 0.9450000000000001 0.671015625 0.9393055555555555 0.6904687500000001 0.9238888888888889 0.6921093749999999 0.9138888888888889 0.57421875 0.9994444444444445 0.574375 0.9997222222222222 0.6034375 0.998611111111111 0.66 0.9627777777777778
2 0.316796875 0.9686111111111111 0.3215625 0.9766666666666667 0.328671875 0.9725 0.371171875 0.9995833333333333 0.39273437499999997 0.9987499999999999 0.35890625000000004 0.9751388888888889 0.29546875 0.9369444444444445 0.249140625 0.8951388888888888 0.24625 0.9118055555555555 0.316796875 0.9686111111111111
3 0.165625 0.7930555555555556 0.16484375 0.7944444444444444 0.15234375 0.8069444444444445 0.1515625 0.8083333333333333 0.140625 0.8277777777777778 0.13984375000000002 0.8277777777777778 0.13593750000000002 0.8319444444444444 0.13515625 0.8319444444444444 0.12734375 0.8333333333333334 0.1265625 0.8347222222222223 0.11484375 0.8402777777777778 0.1140625 0.8416666666666667 0.10859375 0.8541666666666666 0.10859375 0.8555555555555556 0.1046875 0.8680555555555556 0.1046875 0.8694444444444445 0.1015625 0.8861111111111112 0.1015625 0.8875 0.1 0.9027777777777778 0.1 0.9041666666666667 0.10078125 0.9291666666666666 0.1015625 0.9305555555555556 0.103125 0.9472222222222222 0.10390625 0.9486111111111112 0.10859375 0.9680555555555556 0.109375 0.9694444444444444 0.11640625 0.9847222222222222 0.1171875 0.9861111111111112 0.1234375 0.9958333333333333 0.12421875 0.9958333333333333 0.19375 0.9972222222222222 0.19453125 0.9958333333333333 0.1984375 0.9944444444444445 0.19921875 0.9930555555555556 0.2078125 0.9833333333333334 0.20859375 0.9819444444444444 0.2125 0.975 0.21328125 0.975 0.22109375 0.9666666666666667 0.221875 0.9652777777777778 0.2296875 0.9513888888888888 0.2296875 0.95 0.23828125 0.9291666666666666 0.23828125 0.9277777777777778 0.2421875 0.9166666666666666 0.2421875 0.9152777777777777 0.2453125 0.8986111111111111 0.2453125 0.8972222222222223 0.246875 0.8722222222222222 0.24609375 0.8708333333333333 0.24375 0.8652777777777778 0.24296875 0.8652777777777778 0.23203125 0.8527777777777777 0.23125 0.8513888888888889 0.22265625 0.8361111111111111 0.22265625 0.8347222222222223 0.21171875 0.8083333333333333 0.21171875 0.8069444444444445 0.20703125 0.7888888888888889 0.20703125 0.7875 0.20625 0.7763888888888888 0.20546875 0.775 0.203125 0.7708333333333334 0.20234375 0.7708333333333334 0.19765625 0.7708333333333334 0.18671875 0.775 0.1859375 0.7763888888888888 0.165625 0.7930555555555556
3 0.27890624999999997 0.6194444444444445 0.27890624999999997 0.6208333333333333 0.278125 0.626388888888889 0.27734375 0.6277777777777778 0.27265625 0.6361111111111112 0.27187500000000003 0.6361111111111112 0.253125 0.65 0.25234375000000003 0.6513888888888888 0.23515625 0.675 0.234375 0.6763888888888888 0.22890625 0.6875 0.228125 0.6875 0.21796875 0.7013888888888888 0.2171875 0.7027777777777778 0.209375 0.7194444444444444 0.209375 0.7208333333333333 0.20625 0.7388888888888888 0.20625 0.7402777777777778 0.20625 0.7625 0.20703125 0.7638888888888888 0.20859375 0.7888888888888889 0.209375 0.7902777777777777 0.2125 0.8055555555555556 0.21328125 0.8069444444444445 0.21875 0.8236111111111112 0.21953125 0.825 0.23046875 0.8472222222222222 0.23125 0.8472222222222222 0.23984375 0.8597222222222222 0.240625 0.8597222222222222 0.25 0.8694444444444445 0.25078125 0.8694444444444445 0.26484375 0.8777777777777778 0.265625 0.8777777777777778 0.28125 0.8791666666666667 0.28203125 0.8777777777777778 0.28671874999999997 0.8777777777777778 0.28750000000000003 0.876388888888889 0.29921875 0.8722222222222222 0.3 0.8708333333333333 0.315625 0.8597222222222222 0.31640625 0.8583333333333334 0.32890625 0.8430555555555556 0.3296875 0.8416666666666667 0.34296875 0.8208333333333334 0.34296875 0.8194444444444444 0.35625 0.7888888888888889 0.35625 0.7875 0.3609375 0.7736111111111111 0.3609375 0.7722222222222223 0.365625 0.7444444444444445 0.365625 0.7430555555555556 0.365625 0.7027777777777778 0.36484375 0.7013888888888888 0.3625 0.6833333333333333 0.36171875 0.6819444444444445 0.3578125 0.6638888888888889 0.35703125 0.6625 0.34453125 0.6319444444444444 0.34375 0.6305555555555555 0.33046875 0.6138888888888888 0.3296875 0.6138888888888888 0.31640625 0.6041666666666666 0.315625 0.6041666666666666 0.29609375 0.6027777777777777 0.28359375000000003 0.6097222222222222 0.28281249999999997 0.6111111111111112 0.27890624999999997 0.6194444444444445
3 0.34609375 0.4388888888888889 0.34609375 0.44027777777777777 0.33984375 0.45416666666666666 0.33984375 0.4555555555555556 0.33515625 0.4694444444444445 0.33515625 0.4708333333333333 0.334375 0.5097222222222222 0.33359375 0.5111111111111112 0.328125 0.5236111111111111 0.328125 0.525 0.321875 0.5499999999999999 0.32109375 0.5513888888888888 0.31328125 0.5708333333333333 0.31328125 0.5722222222222222 0.31015625 0.5944444444444444 0.3109375 0.5958333333333333 0.3125 0.6 0.31328125 0.6 0.3234375 0.6055555555555556 0.32421875 0.6069444444444444 0.3390625 0.6208333333333333 0.33984375 0.6222222222222222 0.35078125 0.6416666666666666 0.35078125 0.6430555555555556 0.359375 0.6625 0.36015625 0.6625 0.36796875 0.6625 0.36875 0.6611111111111112 0.38046875 0.6569444444444444 0.38125 0.6555555555555556 0.39375 0.6458333333333334 0.39453125 0.6444444444444444 0.40546875 0.6319444444444444 0.40625 0.6305555555555555 0.41875 0.6069444444444444 0.41875 0.6055555555555556 0.4234375 0.5930555555555556 0.4234375 0.5916666666666667 0.4296875 0.5625 0.4296875 0.5611111111111111 0.4296875 0.5194444444444445 0.42890625 0.5180555555555556 0.4265625 0.5 0.42578125 0.4986111111111111 0.4234375 0.4902777777777778 0.42265625 0.4888888888888889 0.41875 0.4791666666666667 0.41796875 0.4777777777777778 0.40703125 0.4583333333333333 0.40625 0.4583333333333333 0.39296875 0.4430555555555556 0.3921875 0.4430555555555556 0.3796875 0.4333333333333333 0.37890625 0.4333333333333333 0.37109375 0.4305555555555556 0.3703125 0.4305555555555556 0.35625 0.4305555555555556 0.35078125 0.4333333333333333 0.35 0.43472222222222223 0.34609375 0.4388888888888889
3 0.0875 0.3305555555555556 0.0875 0.33194444444444443 0.08828125 0.3444444444444445 0.0890625 0.3458333333333333 0.09453125 0.35555555555555557 0.0953125 0.35555555555555557 0.0984375 0.35833333333333334 0.09921875 0.35833333333333334 0.10625 0.35833333333333334 0.10703125 0.3569444444444444 0.1109375 0.3513888888888889 0.1109375 0.35 0.1125 0.3458333333333333 0.1125 0.3444444444444445 0.11171875 0.3361111111111111 0.1109375 0.3347222222222222 0.10703125 0.3222222222222222 0.10625 0.3222222222222222 0.09765625 0.3125 0.08984375 0.3194444444444444 0.08984375 0.3208333333333333 0.0875 0.3305555555555556
3 0.096875 0.2902777777777778 0.096875 0.2916666666666667 0.096875 0.3013888888888889 0.09765625 0.3027777777777778 0.09921875 0.3125 0.1 0.3138888888888889 0.1046875 0.3194444444444444 0.10546875 0.3194444444444444 0.10859375 0.3208333333333333 0.109375 0.3194444444444444 0.12265625 0.3125 0.1234375 0.3111111111111111 0.12578124999999998 0.3041666666666667 0.12578124999999998 0.3027777777777778 0.12578124999999998 0.2986111111111111 0.125 0.2972222222222222 0.12421875 0.2902777777777778 0.1234375 0.28888888888888886 0.12109375 0.2833333333333333 0.1203125 0.28194444444444444 0.11328125 0.27361111111111114 0.1125 0.27361111111111114 0.1046875 0.27361111111111114 0.1 0.2777777777777778 0.1 0.2791666666666667 0.096875 0.2902777777777778
3 0.12968749999999998 0.28750000000000003 0.12968749999999998 0.28888888888888886 0.12890625 0.3027777777777778 0.12968749999999998 0.3041666666666667 0.13203125000000002 0.30972222222222223 0.1328125 0.30972222222222223 0.13828125 0.3166666666666667 0.1390625 0.3166666666666667 0.14609375 0.3180555555555556 0.146875 0.3166666666666667 0.153125 0.3083333333333333 0.153125 0.3069444444444444 0.153125 0.2902777777777778 0.15234375 0.28888888888888886 0.14765625000000002 0.28055555555555556 0.146875 0.28055555555555556 0.140625 0.2763888888888889 0.13984375000000002 0.2763888888888889 0.13671875 0.2763888888888889 0.134375 0.2777777777777778 0.13359374999999998 0.2791666666666667 0.12968749999999998 0.28750000000000003
3 0.11953125 0.3305555555555556 0.11953125 0.33194444444444443 0.12109375 0.3486111111111111 0.121875 0.35 0.12812500000000002 0.35555555555555557 0.12890625 0.35555555555555557 0.13593750000000002 0.35555555555555557 0.13671875 0.3541666666666667 0.1421875 0.3513888888888889 0.14296875 0.35 0.146875 0.3402777777777778 0.146875 0.3388888888888889 0.146875 0.3305555555555556 0.14609375 0.32916666666666666 0.14531249999999998 0.3263888888888889 0.14453125 0.325 0.14140624999999998 0.3194444444444444 0.140625 0.3194444444444444 0.13593750000000002 0.31527777777777777 0.13515625 0.31527777777777777 0.12890625 0.31527777777777777 0.125 0.3180555555555556 0.12421875 0.3194444444444444 0.11953125 0.3305555555555556
3 0.1078125 0.37222222222222223 0.10859375 0.3736111111111111 0.11015625 0.3791666666666667 0.1109375 0.3791666666666667 0.115625 0.3847222222222222 0.11640625 0.3847222222222222 0.1203125 0.3861111111111111 0.12109375 0.3861111111111111 0.12890625 0.3833333333333333 0.12968749999999998 0.3819444444444444 0.13359374999999998 0.37222222222222223 0.13359374999999998 0.3708333333333333 0.13203125000000002 0.35833333333333334 0.13125 0.35833333333333334 0.1140625 0.3486111111111111 0.1078125 0.3597222222222222 0.1078125 0.3611111111111111 0.1078125 0.37222222222222223
3 0.0140625 0.31527777777777777 0.0140625 0.3166666666666667 0.0140625 0.325 0.01484375 0.3263888888888889 0.017968750000000002 0.3347222222222222 0.01875 0.3347222222222222 0.02109375 0.3375 0.021875 0.3375 0.0265625 0.3388888888888889 0.02734375 0.3375 0.032031250000000004 0.3361111111111111 0.0328125 0.3347222222222222 0.035937500000000004 0.32916666666666666 0.035937500000000004 0.3277777777777778 0.03515625 0.3194444444444444 0.034374999999999996 0.3194444444444444 0.02890625 0.31527777777777777 0.028125 0.3138888888888889 0.02421875 0.3069444444444444 0.0234375 0.3069444444444444 0.01953125 0.3069444444444444 0.01640625 0.30972222222222223 0.015625 0.3111111111111111 0.0140625 0.31527777777777777
3 0.0375 0.30972222222222223 0.0375 0.3111111111111111 0.03671875 0.3236111111111111 0.0375 0.325 0.03828125 0.32916666666666666 0.0390625 0.3305555555555556 0.04375 0.3347222222222222 0.04453125 0.3347222222222222 0.04921875 0.3347222222222222 0.05 0.3333333333333333 0.0546875 0.3305555555555556 0.05546875 0.32916666666666666 0.0578125 0.3222222222222222 0.0578125 0.3208333333333333 0.0578125 0.3138888888888889 0.05703125 0.3125 0.05546875 0.3069444444444444 0.0546875 0.3055555555555556 0.04375 0.3013888888888889 0.040625 0.3027777777777778 0.03984375 0.3041666666666667 0.0375 0.30972222222222223
3 0.04609375 0.29305555555555557 0.046875 0.29444444444444445 0.04765625 0.3 0.0484375 0.3013888888888889 0.05625 0.3041666666666667 0.05703125 0.3027777777777778 0.06171875 0.3013888888888889 0.0625 0.3 0.06484374999999999 0.29583333333333334 0.06484374999999999 0.29444444444444445 0.06640625 0.28750000000000003 0.065625 0.2861111111111111 0.06406250000000001 0.2763888888888889 0.06328125 0.27499999999999997 0.0578125 0.26944444444444443 0.05703125 0.26944444444444443 0.04921875 0.26805555555555555 0.04609375 0.27499999999999997 0.04609375 0.2763888888888889 0.04609375 0.29305555555555557
3 0.01953125 0.2791666666666667 0.01953125 0.28055555555555556 0.0203125 0.29305555555555557 0.02109375 0.29444444444444445 0.0265625 0.3027777777777778 0.02734375 0.3027777777777778 0.035937500000000004 0.3027777777777778 0.03671875 0.3013888888888889 0.0390625 0.29583333333333334 0.0390625 0.29444444444444445 0.040625 0.28055555555555556 0.03984375 0.2791666666666667 0.03515625 0.2777777777777778 0.034374999999999996 0.2763888888888889 0.0296875 0.26944444444444443 0.02890625 0.26944444444444443 0.02578125 0.26944444444444443 0.02265625 0.2722222222222222 0.021875 0.27361111111111114 0.01953125 0.2791666666666667
3 0.02734375 0.24861111111111112 0.02734375 0.25 0.0265625 0.2611111111111111 0.02734375 0.2625 0.028125 0.26666666666666666 0.02890625 0.26666666666666666 0.0328125 0.2708333333333333 0.03359375 0.2708333333333333 0.03828125 0.27361111111111114 0.0390625 0.27361111111111114 0.04375 0.27361111111111114 0.04453125 0.2722222222222222 0.04921875 0.2569444444444444 0.04921875 0.2555555555555556 0.04921875 0.25277777777777777 0.0484375 0.2513888888888889 0.0453125 0.24166666666666667 0.04453125 0.24166666666666667 0.04140625 0.2388888888888889 0.040625 0.2388888888888889 0.035937500000000004 0.2388888888888889 0.03046875 0.24305555555555555 0.0296875 0.24444444444444444 0.02734375 0.24861111111111112
3 0.06874999999999999 0.2277777777777778 0.06874999999999999 0.22916666666666666 0.06796875000000001 0.24027777777777778 0.06874999999999999 0.24166666666666667 0.07187500000000001 0.25 0.07265624999999999 0.25 0.075 0.25277777777777777 0.07578125 0.25277777777777777 0.0828125 0.25277777777777777 0.08359375 0.2513888888888889 0.08671875 0.24583333333333335 0.08671875 0.24444444444444444 0.08671875 0.23055555555555554 0.0859375 0.22916666666666666 0.08359375 0.2222222222222222 0.0828125 0.2222222222222222 0.08046875 0.21944444444444444 0.0796875 0.21944444444444444 0.07578125 0.21944444444444444 0.07187500000000001 0.2222222222222222 0.07109375 0.2236111111111111 0.06874999999999999 0.2277777777777778
3 0.08125 0.2569444444444444 0.08125 0.2583333333333333 0.08203125 0.2708333333333333 0.0828125 0.2722222222222222 0.08828125 0.2777777777777778 0.0890625 0.2777777777777778 0.096875 0.2763888888888889 0.09765625 0.27499999999999997 0.1 0.26944444444444443 0.1 0.26805555555555555 0.0984375 0.2555555555555556 0.09765625 0.25416666666666665 0.0875 0.24861111111111112 0.0828125 0.25277777777777777 0.08203125 0.25416666666666665 0.08125 0.2569444444444444
3 0.090625 0.24027777777777778 0.09140625 0.24166666666666667 0.09296875 0.24861111111111112 0.09375 0.24861111111111112 0.1 0.25416666666666665 0.10078125 0.25277777777777777 0.10546875 0.2513888888888889 0.10625 0.25 0.1109375 0.24305555555555555 0.1109375 0.24166666666666667 0.11015625 0.23055555555555554 0.109375 0.23055555555555554 0.103125 0.22916666666666666 0.09140625 0.23194444444444445 0.09140625 0.23333333333333334 0.090625 0.24027777777777778
3 0.07890625 0.21666666666666665 0.0796875 0.21805555555555556 0.08125 0.21805555555555556 0.08203125 0.21944444444444444 0.084375 0.21666666666666665 0.0859375 0.22083333333333335 0.0875 0.22083333333333335 0.08984375 0.21666666666666665 0.08828125 0.2138888888888889 0.08671875 0.2138888888888889 0.08671875 0.20833333333333334 0.08984375 0.20555555555555555 0.0921875 0.20555555555555555 0.09375 0.20416666666666666 0.09375 0.19722222222222222 0.0921875 0.19444444444444445 0.09140625 0.1902777777777778 0.0875 0.18611111111111112 0.0830078125 0.19305555555555556 0.08125 0.18611111111111112 0.078125 0.18888888888888888 0.075 0.19444444444444445 0.075 0.20416666666666666 0.0796875 0.20833333333333334 0.07890625 0.21666666666666665
3 0.10562500000000001 0.19527777777777777 0.108125 0.2086111111111111 0.1015625 0.21666666666666665 0.10078125 0.21666666666666665 0.10078125 0.21944444444444444 0.10625 0.2263888888888889 0.1078125 0.2263888888888889 0.10859375 0.2277777777777778 0.1109375 0.2277777777777778 0.11171875 0.2263888888888889 0.11328125 0.2263888888888889 0.1140625 0.225 0.1171875 0.2236111111111111 0.11875 0.21944444444444444 0.11796875 0.2152777777777778 0.1171875 0.21666666666666665 0.11015625 0.21666666666666665 0.109375 0.2152777777777778 0.1078125 0.2013888888888889 0.1125 0.2013888888888889 0.11328125 0.2 0.115625 0.2 0.1171875 0.19722222222222222 0.11640625 0.19166666666666665 0.11171875 0.1902777777777778 0.11015625 0.1875 0.10390625 0.18194444444444444 0.10234375 0.18333333333333335 0.1 0.19166666666666665 0.1 0.2 0.1015625 0.20277777777777775 0.10562500000000001 0.19527777777777777
3 0.103125 0.15833333333333335 0.103125 0.1597222222222222 0.10234375 0.175 0.103125 0.1763888888888889 0.10390625 0.18055555555555555 0.1046875 0.18055555555555555 0.10625 0.18333333333333335 0.10703125 0.18333333333333335 0.1140625 0.1902777777777778 0.11484375 0.1902777777777778 0.11640625 0.1902777777777778 0.1171875 0.18888888888888888 0.12109375 0.18194444444444444 0.12109375 0.18055555555555555 0.12109375 0.16666666666666666 0.1203125 0.1652777777777778 0.11484375 0.15416666666666665 0.1140625 0.15416666666666665 0.109375 0.1513888888888889 0.10625 0.1527777777777778 0.10546875 0.15416666666666665 0.103125 0.15833333333333335
3 0.121875 0.18194444444444444 0.12265625 0.18333333333333335 0.12421875 0.18611111111111112 0.125 0.18611111111111112 0.13125 0.18888888888888888 0.13203125000000002 0.1875 0.1390625 0.175 0.13828125 0.1736111111111111 0.13749999999999998 0.1611111111111111 0.13671875 0.1597222222222222 0.13046875 0.1513888888888889 0.121875 0.16666666666666666 0.121875 0.16805555555555554 0.121875 0.18194444444444444
3 0.11953125 0.1652777777777778 0.1203125 0.1652777777777778 0.12265625 0.1652777777777778 0.1234375 0.1638888888888889 0.12890625 0.15416666666666665 0.12812500000000002 0.1527777777777778 0.12812500000000002 0.15 0.12734375 0.1486111111111111 0.1265625 0.14583333333333334 0.12578124999999998 0.14583333333333334 0.11953125 0.14583333333333334 0.11015625 0.15 0.1109375 0.15 0.11953125 0.1652777777777778
3 0 0.24583333333333335 0.00078125 0.24583333333333335 0.00703125 0.2513888888888889 0.0078125 0.2513888888888889 0.01640625 0.25 0.017187499999999998 0.24861111111111112 0.0203125 0.24305555555555555 0.0203125 0.24166666666666667 0.01875 0.2263888888888889 0.017968750000000002 0.225 0.009375 0.2222222222222222 0 0.225 0 0.2263888888888889 0 0.24583333333333335
3 0.0125 0.21944444444444444 0.01328125 0.22083333333333335 0.015625 0.2236111111111111 0.01640625 0.2236111111111111 0.0234375 0.225 0.02421875 0.2236111111111111 0.0265625 0.2236111111111111 0.02734375 0.2222222222222222 0.032031250000000004 0.21805555555555556 0.032031250000000004 0.21666666666666665 0.03359375 0.2125 0.03359375 0.2111111111111111 0.03359375 0.20555555555555555 0.0328125 0.20416666666666666 0.032031250000000004 0.1986111111111111 0.03125 0.1986111111111111 0.02109375 0.19722222222222222 0.0125 0.2097222222222222 0.0125 0.2111111111111111 0.0125 0.21944444444444444
3 0.017968750000000002 0.18333333333333335 0.017968750000000002 0.1847222222222222 0.01875 0.1902777777777778 0.01953125 0.19166666666666665 0.02109375 0.19444444444444445 0.021875 0.19444444444444445 0.025 0.19722222222222222 0.02578125 0.19722222222222222 0.03359375 0.19722222222222222 0.034374999999999996 0.19583333333333333 0.0390625 0.18888888888888888 0.0390625 0.1875 0.0390625 0.175 0.03828125 0.1736111111111111 0.0328125 0.16666666666666666 0.025 0.17222222222222225 0.02421875 0.1736111111111111 0.017968750000000002 0.18333333333333335
3 0.008593749999999999 0.05555555555555555 0.008593749999999999 0.05694444444444445 0.01171875 0.06666666666666667 0.0125 0.06666666666666667 0.017968750000000002 0.07222222222222222 0.01875 0.07222222222222222 0.0203125 0.07222222222222222 0.02109375 0.07083333333333333 0.028125 0.0638888888888889 0.028125 0.0625 0.028125 0.058333333333333334 0.02734375 0.05694444444444445 0.02421875 0.04722222222222222 0.0234375 0.04722222222222222 0.01875 0.04305555555555556 0.017968750000000002 0.04305555555555556 0.0125 0.04305555555555556 0.009375 0.04861111111111111 0.009375 0.05 0.008593749999999999 0.05555555555555555
3 0.017968750000000002 0.07083333333333333 0.017968750000000002 0.07222222222222222 0.017968750000000002 0.07361111111111111 0.01875 0.07361111111111111 0.02265625 0.07777777777777778 0.0234375 0.07777777777777778 0.03046875 0.07777777777777778 0.03125 0.0763888888888889 0.0328125 0.07222222222222222 0.0328125 0.07083333333333333 0.032031250000000004 0.06527777777777778 0.03125 0.0638888888888889 0.028125 0.059722222222222225 0.02421875 0.06805555555555555 0.0234375 0.06805555555555555 0.017968750000000002 0.07083333333333333
3 0.17109375 0.20555555555555555 0.17109375 0.20694444444444446 0.17109375 0.2138888888888889 0.171875 0.2152777777777778 0.1734375 0.225 0.17421875 0.2263888888888889 0.1828125 0.23472222222222225 0.18359375 0.23472222222222225 0.19375 0.23333333333333334 0.19453125 0.23194444444444445 0.1984375 0.225 0.1984375 0.2236111111111111 0.2 0.21666666666666665 0.19921875 0.2152777777777778 0.19453125 0.1986111111111111 0.19375 0.19722222222222222 0.190625 0.19305555555555556 0.18984375 0.19305555555555556 0.184375 0.19583333333333333 0.18359375 0.19444444444444445 0.17734375 0.19305555555555556 0.17265625 0.2 0.17265625 0.2013888888888889 0.17109375 0.20555555555555555
3 0.2046875 0.19583333333333333 0.20390625 0.19722222222222222 0.2 0.20416666666666666 0.2 0.20555555555555555 0.20234375 0.20833333333333334 0.20234375 0.2097222222222222 0.20390625 0.225 0.2046875 0.2263888888888889 0.2109375 0.23194444444444445 0.21171875 0.23194444444444445 0.221875 0.23055555555555554 0.22265625 0.22916666666666666 0.22421875 0.2277777777777778 0.22421875 0.2263888888888889 0.22578125 0.21944444444444444 0.22578125 0.21805555555555556 0.22578125 0.2097222222222222 0.225 0.20833333333333334 0.22421875 0.20416666666666666 0.2234375 0.20277777777777775 0.21953125 0.19583333333333333 0.21953125 0.19444444444444445 0.21796875 0.18611111111111112 0.2171875 0.1847222222222222 0.21640625 0.1847222222222222 0.21328125 0.1902777777777778 0.2125 0.1902777777777778 0.2046875 0.19583333333333333
3 0.175 0.1625 0.175 0.1638888888888889 0.17421875 0.16805555555555554 0.17421875 0.16944444444444445 0.178125 0.18611111111111112 0.17890625 0.1875 0.184375 0.19444444444444445 0.18515625 0.19444444444444445 0.1984375 0.18055555555555555 0.19921875 0.17916666666666667 0.203125 0.17083333333333334 0.203125 0.16944444444444445 0.203125 0.1625 0.20234375 0.1611111111111111 0.2 0.15416666666666665 0.19921875 0.15416666666666665 0.19140625 0.14722222222222223 0.190625 0.14722222222222223 0.18671875 0.14722222222222223 0.17890625 0.15416666666666665 0.178125 0.15555555555555556 0.175 0.1625
3 0.21796875 0.16666666666666666 0.21796875 0.16805555555555554 0.221875 0.1763888888888889 0.22265625 0.1763888888888889 0.228125 0.17777777777777778 0.22890625 0.1763888888888889 0.23828125 0.1736111111111111 0.2390625 0.17222222222222225 0.23984375 0.17083333333333334 0.23984375 0.16944444444444445 0.2390625 0.1652777777777778 0.23828125 0.1638888888888889 0.23359375 0.15694444444444444 0.2328125 0.15694444444444444 0.22265625 0.15416666666666665 0.21953125 0.15833333333333335 0.21953125 0.1597222222222222 0.21796875 0.16666666666666666
3 0.19453125 0.14722222222222223 0.1953125 0.1486111111111111 0.20234375 0.15416666666666665 0.203125 0.15555555555555556 0.2046875 0.15833333333333335 0.20546875 0.15833333333333335 0.21328125 0.15833333333333335 0.2140625 0.15694444444444444 0.21875 0.15416666666666665 0.21875 0.1527777777777778 0.21953125 0.1513888888888889 0.21953125 0.15 0.21953125 0.14027777777777778 0.21875 0.14027777777777778 0.21796875 0.1388888888888889 0.2171875 0.1388888888888889 0.2015625 0.1388888888888889 0.19453125 0.14166666666666666 0.19453125 0.14305555555555555 0.19453125 0.14722222222222223
3 0.3984375 0.4 0.39921875 0.4013888888888889 0.40390625 0.4111111111111111 0.4046875 0.4111111111111111 0.4078125 0.4138888888888889 0.40859375 0.4125 0.4140625 0.4027777777777778 0.4140625 0.4013888888888889 0.41484375 0.3930555555555556 0.4140625 0.39166666666666666 0.41171875 0.3861111111111111 0.4109375 0.3861111111111111 0.40859375 0.3833333333333333 0.4078125 0.3833333333333333 0.40234375 0.3833333333333333 0.39765625 0.3930555555555556 0.3984375 0.39444444444444443 0.3984375 0.4
3 0.3921875 0.42083333333333334 0.39296875 0.4222222222222222 0.39765625 0.4305555555555556 0.3984375 0.4305555555555556 0.40390625 0.4305555555555556 0.4046875 0.4291666666666667 0.40703125 0.425 0.40703125 0.4236111111111111 0.40625 0.4138888888888889 0.40546875 0.4138888888888889 0.4 0.4055555555555555 0.39921875 0.4055555555555555 0.39765625 0.4055555555555555 0.3921875 0.4138888888888889 0.3921875 0.4152777777777778 0.3921875 0.42083333333333334
3 0.40234375 0.4361111111111111 0.403125 0.4375 0.403125 0.44027777777777777 0.40390625 0.4416666666666667 0.40703125 0.4458333333333333 0.4078125 0.4458333333333333 0.4109375 0.4458333333333333 0.41171875 0.4444444444444444 0.4140625 0.44027777777777777 0.4140625 0.4388888888888889 0.41484375 0.4319444444444444 0.4140625 0.4305555555555556 0.41328125 0.4277777777777778 0.4125 0.4277777777777778 0.40859375 0.425 0.40234375 0.4319444444444444 0.40234375 0.4333333333333333 0.40234375 0.4361111111111111
3 0.40859375 0.41805555555555557 0.409375 0.4194444444444444 0.41171875 0.4263888888888889 0.4125 0.4263888888888889 0.4171875 0.4291666666666667 0.41796875 0.4277777777777778 0.41953125 0.4277777777777778 0.4203125 0.4263888888888889 0.421875 0.4236111111111111 0.421875 0.4222222222222222 0.42265625 0.4166666666666667 0.421875 0.4152777777777778 0.421875 0.4125 0.42109375 0.4111111111111111 0.41875 0.4069444444444445 0.41796875 0.4069444444444445 0.41484375 0.4055555555555555 0.40859375 0.4138888888888889 0.40859375 0.4152777777777778 0.40859375 0.41805555555555557
3 0.4921875 0.3847222222222222 0.49296875 0.3861111111111111 0.49453125 0.39444444444444443 0.4953125 0.39444444444444443 0.5015625 0.3972222222222222 0.50234375 0.3958333333333333 0.5046875000000001 0.39166666666666666 0.5046875000000001 0.3902777777777778 0.50625 0.3833333333333333 0.50546875 0.3819444444444444 0.50546875 0.3791666666666667 0.5046875000000001 0.37777777777777777 0.5031249999999999 0.375 0.50234375 0.375 0.5007812500000001 0.3736111111111111 0.49296875 0.37777777777777777 0.49296875 0.3791666666666667 0.4921875 0.3847222222222222
3 0.5031249999999999 0.4069444444444445 0.50390625 0.4083333333333333 0.51171875 0.4097222222222222 0.5125000000000001 0.4083333333333333 0.5140625 0.4055555555555555 0.5140625 0.4041666666666667 0.51328125 0.3958333333333333 0.5125000000000001 0.39444444444444443 0.50625 0.39166666666666666 0.5031249999999999 0.4 0.5031249999999999 0.4013888888888889 0.5031249999999999 0.4069444444444445
3 0.49296875 0.4069444444444445 0.4921875 0.4083333333333333 0.4921875 0.4125 0.49296875 0.4138888888888889 0.49609375 0.4152777777777778 0.496875 0.4138888888888889 0.5015625 0.4041666666666667 0.5015625 0.4027777777777778 0.50234375 0.3930555555555556 0.5015625 0.39166666666666666 0.49375 0.3888888888888889 0.49140625 0.4 0.49140625 0.4013888888888889 0.49296875 0.4069444444444445
3 0.68125 0.3347222222222222 0.68125 0.3361111111111111 0.68203125 0.3472222222222222 0.6828125 0.3486111111111111 0.68359375 0.3513888888888889 0.684375 0.3513888888888889 0.68828125 0.35555555555555557 0.6890625 0.35555555555555557 0.69765625 0.3527777777777778 0.6984375 0.3513888888888889 0.70078125 0.3486111111111111 0.70078125 0.3472222222222222 0.70234375 0.3430555555555555 0.70234375 0.3416666666666667 0.7 0.33194444444444443 0.69921875 0.3305555555555556 0.69609375 0.325 0.6953125 0.325 0.69140625 0.3222222222222222 0.68359375 0.3263888888888889 0.68359375 0.3277777777777778 0.68125 0.3347222222222222
3 0.525 0.6333333333333334 0.525 0.6347222222222222 0.52578125 0.6416666666666666 0.5265624999999999 0.6430555555555556 0.5304687499999999 0.6472222222222223 0.53125 0.6472222222222223 0.5359375000000001 0.6458333333333334 0.53671875 0.6444444444444444 0.54140625 0.6402777777777778 0.5421874999999999 0.6388888888888888 0.5453125 0.6291666666666667 0.5453125 0.6277777777777778 0.5453125 0.6208333333333333 0.54453125 0.6194444444444445 0.54296875 0.6166666666666666 0.5421874999999999 0.6166666666666666 0.5343749999999999 0.6152777777777778 0.5265624999999999 0.626388888888889 0.5265624999999999 0.6277777777777778 0.525 0.6333333333333334
3 0.53125 0.6069444444444444 0.5320312500000001 0.6083333333333334 0.5359375000000001 0.6138888888888888 0.53671875 0.6138888888888888 0.54453125 0.6194444444444445 0.5453125 0.6194444444444445 0.5476562500000001 0.6194444444444445 0.5484375 0.6180555555555556 0.55234375 0.6111111111111112 0.55234375 0.6097222222222222 0.5515625000000001 0.5944444444444444 0.55078125 0.5930555555555556 0.5484375 0.5875 0.5476562500000001 0.5875 0.5453125 0.5847222222222223 0.54453125 0.5847222222222223 0.5382812499999999 0.5833333333333334 0.53125 0.5902777777777778 0.53125 0.5916666666666667 0.53125 0.6069444444444444
3 0.4390625 0.6166666666666666 0.43984375 0.6180555555555556 0.44296875 0.6208333333333333 0.44375 0.6208333333333333 0.44765625 0.6208333333333333 0.4484375 0.6194444444444445 0.44765625 0.5972222222222222 0.446875 0.5972222222222222 0.44296875 0.5958333333333333 0.43828125 0.6041666666666666 0.43828125 0.6055555555555556 0.4390625 0.6166666666666666
3 0.42890625 0.6097222222222222 0.4296875 0.6111111111111112 0.4328125 0.6180555555555556 0.43359375 0.6180555555555556 0.43671875 0.6194444444444445 0.4375 0.6180555555555556 0.43828125 0.6 0.4375 0.5986111111111112 0.43203125 0.5958333333333333 0.42890625 0.6027777777777777 0.42890625 0.6041666666666666 0.42890625 0.6097222222222222
3 0.43125 0.5847222222222223 0.43203125 0.5861111111111111 0.43203125 0.5902777777777778 0.4328125 0.5916666666666667 0.434375 0.5972222222222222 0.43515625 0.5972222222222222 0.4390625 0.5986111111111112 0.43984375 0.5972222222222222 0.44296875 0.5930555555555556 0.44296875 0.5916666666666667 0.44296875 0.5819444444444445 0.4421875 0.5805555555555556 0.4390625 0.5736111111111112 0.43828125 0.5736111111111112 0.4359375 0.5722222222222222 0.43203125 0.5777777777777777 0.43203125 0.5791666666666666 0.43125 0.5847222222222223
3 0.43671875 0.5666666666666667 0.4375 0.5680555555555555 0.43828125 0.5722222222222222 0.4390625 0.5736111111111112 0.44375 0.5805555555555556 0.44375 0.5791666666666666 0.446875 0.5694444444444444 0.446875 0.5680555555555555 0.44765625 0.5569444444444445 0.446875 0.5555555555555556 0.44609375 0.5499999999999999 0.4453125 0.5499999999999999 0.44296875 0.5486111111111112 0.43671875 0.5569444444444445 0.43671875 0.5583333333333333 0.43671875 0.5666666666666667
3 0.5226562499999999 0.5236111111111111 0.5234375 0.525 0.52578125 0.5291666666666667 0.5265624999999999 0.5291666666666667 0.5304687499999999 0.5277777777777778 0.53125 0.5263888888888889 0.53125 0.5152777777777777 0.5304687499999999 0.5152777777777777 0.52890625 0.5125000000000001 0.5281250000000001 0.5125000000000001 0.5242187500000001 0.5111111111111112 0.5226562499999999 0.5152777777777777 0.5226562499999999 0.5166666666666666 0.5226562499999999 0.5236111111111111
3 0.5140625 0.4111111111111111 0.5140625 0.4125 0.51328125 0.4222222222222222 0.5140625 0.4236111111111111 0.515625 0.4263888888888889 0.5164062500000001 0.4263888888888889 0.5203125000000001 0.42083333333333334 0.5203125000000001 0.4194444444444444 0.52578125 0.4041666666666667 0.525 0.4027777777777778 0.52109375 0.4 0.515625 0.4055555555555555 0.515625 0.4069444444444445 0.5140625 0.4111111111111111
3 0.50625 0.4305555555555556 0.50625 0.4319444444444444 0.5070312499999999 0.4388888888888889 0.5078125 0.44027777777777777 0.51015625 0.4458333333333333 0.5109374999999999 0.4444444444444444 0.51328125 0.4416666666666667 0.51328125 0.44027777777777777 0.5140625 0.4319444444444444 0.5148437499999999 0.4305555555555556 0.5164062500000001 0.4263888888888889 0.5164062500000001 0.425 0.515625 0.42083333333333334 0.5148437499999999 0.4194444444444444 0.5125000000000001 0.4166666666666667 0.5070312499999999 0.4263888888888889 0.5070312499999999 0.4277777777777778 0.50625 0.4305555555555556
3 0.5234375 0.44027777777777777 0.5234375 0.4416666666666667 0.52734375 0.4486111111111111 0.5281250000000001 0.4486111111111111 0.53671875 0.4458333333333333 0.5375 0.4444444444444444 0.5382812499999999 0.4430555555555556 0.5382812499999999 0.4416666666666667 0.5390625 0.4333333333333333 0.5382812499999999 0.4319444444444444 0.5320312500000001 0.4263888888888889 0.52890625 0.4277777777777778 0.52890625 0.4291666666666667 0.5234375 0.44027777777777777
3 0.5125000000000001 0.45416666666666666 0.51328125 0.4555555555555556 0.5187499999999999 0.4638888888888889 0.51953125 0.4638888888888889 0.5242187500000001 0.4638888888888889 0.525 0.4625 0.5265624999999999 0.45694444444444443 0.5265624999999999 0.4555555555555556 0.5265624999999999 0.45 0.52578125 0.4486111111111111 0.5226562499999999 0.4430555555555556 0.521875 0.4430555555555556 0.5187499999999999 0.4430555555555556 0.5125000000000001 0.4486111111111111 0.5125000000000001 0.45 0.5125000000000001 0.45416666666666666
3 0.3046875 0.041666666666666664 0.3046875 0.04305555555555556 0.3015625 0.05694444444444445 0.3015625 0.058333333333333334 0.30234375 0.0638888888888889 0.303125 0.06527777777777778 0.3046875 0.06944444444444445 0.30546875 0.06944444444444445 0.3125 0.075 0.31328125 0.075 0.32265625 0.0763888888888889 0.3234375 0.075 0.325 0.04305555555555556 0.32421875 0.041666666666666664 0.3234375 0.0375 0.32265625 0.03611111111111111 0.31953125 0.03194444444444445 0.31875 0.03194444444444445 0.31328125 0.03194444444444445 0.3078125 0.03611111111111111 0.30703125 0.0375 0.3046875 0.041666666666666664
3 0.31953125 0.10555555555555556 0.3203125 0.10694444444444445 0.3203125 0.1138888888888889 0.32109375 0.11527777777777777 0.3234375 0.12083333333333333 0.32421875 0.12083333333333333 0.3296875 0.12638888888888888 0.33046875 0.12638888888888888 0.334375 0.1277777777777778 0.33515625 0.1277777777777778 0.3453125 0.1277777777777778 0.34609375 0.12638888888888888 0.346875 0.125 0.346875 0.1236111111111111 0.3484375 0.1111111111111111 0.34765625 0.10972222222222222 0.34609375 0.10694444444444445 0.3453125 0.10694444444444445 0.3421875 0.10833333333333332 0.34140625 0.10694444444444445 0.3375 0.10138888888888888 0.33671875 0.10138888888888888 0.32890625 0.09444444444444444 0.328125 0.09444444444444444 0.32109375 0.09444444444444444 0.31953125 0.09861111111111111 0.31953125 0.1 0.31953125 0.10555555555555556
3 0.6984375 0.8277777777777778 0.69921875 0.8291666666666666 0.69921875 0.8388888888888888 0.7 0.8402777777777778 0.7015625 0.85 0.70234375 0.8513888888888889 0.715625 0.8680555555555556 0.71640625 0.8680555555555556 0.72421875 0.8680555555555556 0.725 0.8666666666666666 0.72734375 0.8652777777777778 0.728125 0.8638888888888888 0.73046875 0.8583333333333334 0.73046875 0.8569444444444444 0.7296875 0.8513888888888889 0.72890625 0.8513888888888889 0.71796875 0.8375 0.7171875 0.8361111111111111 0.7015625 0.8083333333333333 0.69921875 0.8152777777777778 0.69921875 0.8166666666666667 0.6984375 0.8277777777777778
3 0.6828125 0.8708333333333333 0.6828125 0.8722222222222222 0.68359375 0.8916666666666666 0.684375 0.8930555555555556 0.68671875 0.9013888888888888 0.6875 0.9027777777777778 0.68984375 0.9055555555555556 0.690625 0.9055555555555556 0.69453125 0.9041666666666667 0.6953125 0.9027777777777778 0.7078125 0.8861111111111112 0.70859375 0.8861111111111112 0.715625 0.8791666666666667 0.71640625 0.8777777777777778 0.71796875 0.8722222222222222 0.7171875 0.8708333333333333 0.70078125 0.8513888888888889 0.7 0.8513888888888889 0.6953125 0.8513888888888889 0.6875 0.8597222222222222 0.68671875 0.8611111111111112 0.6828125 0.8708333333333333
3 0.6953125 0.7861111111111112 0.69609375 0.7875 0.696875 0.7902777777777777 0.69765625 0.7902777777777777 0.7 0.7902777777777777 0.70078125 0.7888888888888889 0.70390625 0.7861111111111112 0.70390625 0.7847222222222222 0.70546875 0.7791666666666667 0.7046875 0.7777777777777778 0.7046875 0.7722222222222223 0.70390625 0.7708333333333334 0.696875 0.7638888888888888 0.6953125 0.7666666666666666 0.6953125 0.7680555555555556 0.6953125 0.7861111111111112
3 0.69609375 0.7611111111111112 0.696875 0.7625 0.7 0.7666666666666666 0.70078125 0.7666666666666666 0.7046875 0.7666666666666666 0.70546875 0.7652777777777778 0.71171875 0.751388888888889 0.7109375 0.751388888888889 0.709375 0.751388888888889 0.70859375 0.75 0.70703125 0.7472222222222222 0.70703125 0.7458333333333333 0.7046875 0.7388888888888888 0.70390625 0.7388888888888888 0.7015625 0.7375 0.69609375 0.748611111111111 0.69609375 0.75 0.69609375 0.7611111111111112
3 0.70703125 0.75 0.70703125 0.751388888888889 0.7078125 0.7555555555555555 0.70859375 0.7569444444444444 0.71171875 0.7583333333333334 0.7125 0.7569444444444444 0.71953125 0.7527777777777778 0.71953125 0.751388888888889 0.71875 0.7444444444444445 0.71796875 0.7430555555555556 0.7125 0.7319444444444444 0.71171875 0.7319444444444444 0.70859375 0.7319444444444444 0.70234375 0.7375 0.70234375 0.7388888888888888 0.70703125 0.75
3 0.6375 0.9125 0.6375 0.9138888888888889 0.63828125 0.9347222222222222 0.6390625 0.936111111111111 0.6421875 0.9416666666666667 0.64296875 0.9416666666666667 0.65625 0.936111111111111 0.65703125 0.9347222222222222 0.659375 0.9263888888888888 0.659375 0.925 0.66015625 0.9194444444444444 0.659375 0.9180555555555556 0.65703125 0.9069444444444444 0.65625 0.9055555555555556 0.64921875 0.8986111111111111 0.64140625 0.9027777777777778 0.640625 0.9041666666666667 0.6375 0.9125
3 0.63828125 0.9875 0.63828125 0.9888888888888888 0.6390625 0.998611111111111 0.63984375 0.998611111111111 0.65859375 0.998611111111111 0.65859375 0.9972222222222222 0.659375 0.9819444444444444 0.65859375 0.9805555555555556 0.6578125 0.9763888888888889 0.65703125 0.975 0.6546875 0.9722222222222222 0.65390625 0.9722222222222222 0.65 0.9722222222222222 0.64609375 0.9791666666666666 0.6453125 0.9791666666666666 0.63828125 0.9875
3 0.62265625 0.9944444444444445 0.6234375 0.9958333333333333 0.62890625 0.998611111111111 0.6296875 0.998611111111111 0.63515625 0.9972222222222222 0.6359375 0.9958333333333333 0.63828125 0.9888888888888888 0.63828125 0.9875 0.6375 0.9847222222222222 0.63671875 0.9833333333333334 0.63203125 0.9819444444444444 0.62421875 0.9875 0.6234375 0.9888888888888888 0.62265625 0.9944444444444445
3 0.69296875 0.6708333333333334 0.69375 0.6722222222222222 0.70078125 0.6708333333333334 0.7015625 0.6694444444444444 0.703125 0.6625 0.70234375 0.6611111111111112 0.7015625 0.6569444444444444 0.70078125 0.6555555555555556 0.69609375 0.6527777777777778 0.69296875 0.6638888888888889 0.69296875 0.6652777777777777 0.69296875 0.6708333333333334
1 0.45625 0.3154166666666666 0.445859375 0.44458333333333333 0.484453125 0.4459722222222222 0.49109375 0.3523611111111111 0.499296875 0.27194444444444443 0.503671875 0.27319444444444446 0.533359375 0.25875 0.603125 0.2098611111111111 0.5971875 0.18486111111111111 0.5296875 0.22305555555555556 0.50890625 0.22569444444444445 0.49851562499999996 0.19805555555555557 0.496328125 0.08722222222222221 0.46140624999999996 0.08861111111111111 0.4621875 0.08986111111111111 0.4584375 0.19541666666666668 0.45625 0.3154166666666666
0 0.499609375 0.20027777777777778 0.4590625 0.20680555555555558 0.45421875 0.33125 0.452890625 0.3301388888888889 0.45046875 0.31916666666666665 0.42624999999999996 0.29666666666666663 0.409140625 0.29736111111111113 0.39242187500000003 0.3022222222222222 0.366171875 0.335 0.337890625 0.41222222222222227 0.343359375 0.41791666666666666 0.350625 0.43125 0.3896875 0.33861111111111114 0.405078125 0.32402777777777775 0.418046875 0.32458333333333333 0.428984375 0.3301388888888889 0.44125000000000003 0.35555555555555557 0.448125 0.39083333333333337 0.44875000000000004 0.48486111111111113 0.451875 0.48305555555555557 0.48359375 0.4855555555555555 0.499609375 0.20027777777777778
0 0.137265625 0.25027777777777777 0.134296875 0.2625 0.136875 0.2627777777777778 0.141171875 0.24375 0.1428125 0.24180555555555555 0.14445312500000002 0.2209722222222222 0.1421875 0.20569444444444443 0.150546875 0.19847222222222222 0.14546875 0.19055555555555553 0.13328125 0.20013888888888887 0.12109375 0.20333333333333334 0.119765625 0.21152777777777776 0.13640625 0.21069444444444443 0.13921875 0.21458333333333335 0.137265625 0.25027777777777777
0 0.063828125 0.19847222222222222 0.054765625000000005 0.18888888888888888 0.051875 0.19444444444444445 0.058671875000000005 0.2026388888888889 0.05234375 0.21611111111111111 0.053515625 0.2238888888888889 0.047343750000000004 0.2448611111111111 0.048984375 0.24666666666666667 0.054375 0.22652777777777777 0.06296875 0.20527777777777778 0.07523437499999999 0.21333333333333332 0.07546875 0.21333333333333332 0.07609375 0.20444444444444443 0.063828125 0.19847222222222222