2 0 0.4517637361111111 0.00538937962962963 0.4497020393518518 0.007008449074074074 0.44832616203703707 0.034503625 0.43449233564814815 0.03632145138888889 0.4341389861111111 0.09775908333333333 0.4105239236111111 0.11525263194444443 0.40078912037037034 0.13920060416666666 0.39079571296296295 0.14101843287037039 0.3904423634259259 0.16283237037037038 0.38620216203703706 0.16484895833333332 0.3868713425925926 0.171495 0.3919464606481482 0.17311406712962962 0.39057058333333333 0.19069607175925926 0.3839694976851852 0.19231513888888888 0.38259362037037037 0.21641447916666667 0.3704615138888889 0.23202702546296297 0.36391121527777776 0.24082921527777776 0.36042948148148146 0.2424482824074074 0.3590536018518518 0.2914615625 0.3381464699074074 0.3311823287037037 0.32058218518518516 0.4504219351851852 0.2740587638888889 0.4522397638888889 0.27370541435185186 0.4841656319444444 0.26325499999999996 0.4859834606481481 0.262901650462963 0.5094164675925926 0.25728557175925926 0.5194666226851852 0.2542708564814815 0.5280239513888889 0.24905290277777775 0.5425638842592593 0.24341422453703704 0.5514542662037036 0.24062494675925927 0.5685264699074074 0.2383676087962963 0.5999103541666666 0.2375730162037037 0.6019269421296296 0.23824219444444442 0.6091692592592592 0.24638490046296296 0.610987087962963 0.24603154861111112 0.6228878541666667 0.24902409027777778 0.6247056805555556 0.24867074074074072 0.6372317199074075 0.2451747638888889 0.638850787037037 0.24379888425925925 0.6491904722222223 0.2290550949074074 0.651008300925926 0.22870174537037039 0.6728512314814815 0.21490543981481483 0.6746690601851852 0.21455209027777777 0.6885618796296297 0.20832312500000003 0.6946623125 0.2074953587962963 0.7041518287037036 0.2109435462962963 0.7059696574074074 0.21059019675925925 0.7130422083333334 0.20815426851851854 0.7128434490740742 0.20713174074074076 0.7182850717592593 0.20056698379629628 0.7221603449074074 0.19683141435185186 0.7219615833333334 0.19580888657407408 0.726222511574074 0.18861366666666668 0.7314645046296296 0.1833695972222222 0.7375559930555555 0.1789825185185185 0.7830739861111111 0.14622936111111112 0.8822203958333333 0.06915303703703704 0.8820216365740741 0.06813050925925926 0.9127839444444444 0.04198882175925926 0.9125851851851853 0.04096629398148148 0.9104278240740741 0.020162377314814812 0.910697988425926 0.015181715277777777 0.9094879421296297 0.00907594212962963 0.9018371481481481 0.014788233796296298 0.8890114050925926 0.02644763425925926 0.887392337962963 0.027823511574074075 0.8677647523148148 0.04331152314814815 0.8659469259259259 0.04366487268518519 0.8555408449074073 0.05169655324074074 0.8470147824074075 0.05933668981481482 0.8329692708333333 0.06811485416666667 0.8311514444444446 0.06846820370370371 0.823549011574074 0.07490679861111112 0.8174413773148148 0.07891287731481482 0.8099047916666667 0.0853320949074074 0.808086962962963 0.08568544444444444 0.7795689976851852 0.1039627337962963 0.7779499282407407 0.1053386111111111 0.7716724120370371 0.11186465277777778 0.7629223032407407 0.1194246087962963 0.7409141504629629 0.13171678472222223 0.7271216921296296 0.14120088425925925 0.6960316875000001 0.15946378009259257 0.6843614814814815 0.16700547685185185 0.6719734097222222 0.17156837962962965 0.6701555810185185 0.17192172916666668 0.6578283032407407 0.17644023611111112 0.656010474537037 0.17679358564814815 0.6396500231481481 0.17997373611111112 0.6376334351851852 0.17930455787037036 0.6247098796296296 0.18075547916666665 0.6228920509259259 0.1811088287037037 0.6103660138888889 0.1846048078703704 0.6087469444444444 0.18598068518518518 0.5958525648148147 0.19454814583333332 0.5856502268518519 0.20321066435185187 0.5723712199074074 0.21137939814814816 0.5563694606481482 0.21738510185185186 0.5476542638888889 0.220836875 0.5262614189814815 0.22748216435185184 0.5244435925925925 0.2278355138888889 0.49737492824074075 0.2341582939814815 0.4957558611111111 0.23553417129629628 0.48734997685185183 0.24105472685185186 0.4817900115740741 0.24460278472222222 0.4735154097222222 0.2472854189814815 0.47169758333333334 0.24763876851851852 0.4046077083333333 0.2712913518518518 0.4029886388888889 0.2726672314814815 0.3573151828703704 0.29003455787037036 0.35549735416666667 0.2903879074074074 0.3490694907407408 0.29340164583333334 0.3311148379629629 0.3007652407407408 0.3150786226851852 0.3056726550925926 0.31326079629629633 0.30602600462962964 0.30566188657407406 0.3092673726851852 0.2965432013888889 0.3138587407407407 0.2890037569444444 0.3171080740740741 0.2871859305555556 0.3174614236111111 0.28173244444444445 0.31852147453703705 0.2801133773148148 0.31989735185185186 0.2506016134259259 0.33306199999999997 0.24878378703703705 0.33341535185185184 0.21180195138888888 0.34697087037037033 0.20998412500000002 0.3473242199074074 0.1918058425925926 0.35085771990740744 0.19018677314814814 0.35223359953703703 0.1705881828703704 0.35816550462962965 0.16896911574074075 0.35954138425925924 0.14067890277777778 0.3692850972222222 0.13905983333333333 0.37066097453703706 0.13036821064814813 0.37447278240740745 0.12855038425925927 0.3748261319444445 0.11420651851851851 0.3786754606481481 0.11258744907407407 0.3800513379629629 0.0880448425925926 0.3901408055555556 0.07236747685185185 0.39635861342592593 0.05518299305555555 0.40500475694444443 0.053365164351851846 0.40535810648148146 0 0.42744303240740744 0 0.4517637361111111
2 0.32867142361111107 0.6237642013888889 0.34413446990740737 0.6219447638888889 0.3736949699074074 0.6221300509259259 0.41443220601851855 0.6201428009259259 0.44146670833333335 0.6181989722222222 0.46475822916666665 0.6186642268518519 0.4668228310185185 0.607586650462963 0.43691272453703706 0.6110280393518518 0.4088125925925926 0.6129314328703704 0.3549940486111111 0.6127163356481482 0.3333397939814815 0.6098080625 0.2713926481481482 0.6111730046296296 0.25221472685185187 0.6101558240740741 0.23789507870370372 0.6070080162037037 0.21306525462962964 0.6094618958333333 0.1983962013888889 0.6099408287037037 0.18507621064814814 0.6119367824074075 0.15743677314814816 0.6107849930555557 0.11738224305555554 0.6108601828703704 0.08196379166666666 0.6076616574074074 0.03728965046296296 0.6056690694444445 0.031193381944444445 0.6068540625 0.02417572685185185 0.614149423611111 0.03319309953703704 0.6171417199074075 0.06929423611111112 0.6184280787037038 0.0715485787037037 0.6191761527777778 0.11814376388888889 0.6202021388888889 0.1534511273148148 0.6228291712962963 0.23119457870370372 0.6213592662037037 0.2683120810185185 0.6224481689814815 0.29866637500000004 0.6212928842592592 0.32867142361111107 0.6237642013888889
3 0.16261682407407407 0.6568406828703703 0.1624180625 0.6558181550925926 0.16568519444444443 0.6435102939814814 0.16366860648148146 0.6428411157407408 0.15864163657407407 0.6363901180555556 0.1566250486111111 0.6357209398148148 0.1461445925925926 0.6303299907407407 0.14432676388888888 0.6306833402777777 0.1287903425925926 0.6283974999999999 0.1269725138888889 0.628750849537037 0.10879423379629628 0.632284349537037 0.10717516435185184 0.6336602268518519 0.10010261111111111 0.6360961550925927 0.09848354166666667 0.6374720347222222 0.07987874768518519 0.6485165810185185 0.08007750694444445 0.6495391111111111 0.08263238657407407 0.6723880833333333 0.10117919212962964 0.6804557453703703 0.10299702083333333 0.6801023958333333 0.11066585185185185 0.680734050925926 0.11248367824074074 0.6803807013888888 0.13066196064814817 0.6768472013888889 0.1322810300925926 0.6754713240740741 0.15290240972222224 0.6650959537037038 0.15452147916666667 0.6637200740740741 0.16261682407407407 0.6568406828703703
3 0.2373755277777778 0.6338197569444445 0.23535894212962963 0.6331505787037037 0.22689507175925924 0.6284288101851851 0.22507724537037035 0.6287821597222222 0.21155740972222223 0.6271654953703704 0.20973958333333334 0.6275188449074074 0.18428998842592592 0.6324657453703705 0.1826709189814815 0.6338416250000001 0.175797125 0.6373000810185184 0.17417805787037038 0.6386759583333332 0.16790054166666668 0.6452019999999999 0.16809930092592593 0.6462245277777777 0.16423589120370372 0.6554648055555555 0.16443465046296296 0.6564873333333333 0.1658259675925926 0.6636450324074075 0.17267076620370372 0.6697426805555556 0.17468735416666667 0.6704118587962964 0.1886047060185185 0.6740735787037038 0.19042253472222223 0.6737202291666667 0.2231434421296296 0.6673599282407408 0.22476250925925925 0.6659840509259259 0.2393341296296296 0.6536011458333334 0.23913537037037036 0.6525786180555556 0.2373755277777778 0.6338197569444445
3 0.27245255324074075 0.6492859027777778 0.27407162268518515 0.6479100231481482 0.28236572453703707 0.6420531597222222 0.2821669652777778 0.6410306319444444 0.286030375 0.6317903564814814 0.28583161574074073 0.6307678263888888 0.2850365787037037 0.6266777152777778 0.28301999074074075 0.6260085347222222 0.2808046435185185 0.6243168287037038 0.27898681712962964 0.6246701782407407 0.24689118287037037 0.6245419583333333 0.24507335416666667 0.6248953101851852 0.23436514351851853 0.6280379375 0.2327460763888889 0.6294138148148148 0.23294483564814816 0.6304363449074074 0.23978963425925925 0.6365339930555556 0.23998839351851853 0.6375565208333334 0.24095319675925925 0.6522252662037038 0.24296978472222222 0.6528944444444446 0.2490195486111111 0.6549019814814815 0.250837375 0.6545486296296297 0.26194310416666666 0.6534510578703704 0.2635621712962963 0.6520751805555556 0.27245255324074075 0.6492859027777778
3 0.2449325810185185 0.6047605717592593 0.24655165046296296 0.6033846921296296 0.2423197175925926 0.6010238078703704 0.2417234375 0.5979562222222222 0.23104422222222223 0.5915427453703704 0.22922639583333332 0.5918960972222223 0.2280048449074074 0.5953170324074074 0.2188494513888889 0.5967429375000001 0.2120419097222222 0.600542238425926 0.20989281712962965 0.5991913750000001 0.21084935416666667 0.5944070671296297 0.2088327662037037 0.5937378888888889 0.20823648842592593 0.5906703055555556 0.20621990046296296 0.5900011273148148 0.19349510416666665 0.5924745763888889 0.18843913888888889 0.5955796828703703 0.18480348148148149 0.5962863819444444 0.17508906944444447 0.6045416527777777 0.17406628009259262 0.6089851157407408 0.1780994537037037 0.6103234722222223 0.1799172824074074 0.6099701226851851 0.18395045833333334 0.6113084791666666 0.1950561851851852 0.6102109074074074 0.19707277314814814 0.6108800856481481 0.20434408564814815 0.6094666851851852 0.2059631550925926 0.6080908078703703 0.20959881018518517 0.6073841087962962 0.2104228425925926 0.6019181157407407 0.23022019212962963 0.5970087384259259 0.23445212499999998 0.5993696226851852 0.2378600300925926 0.6071965 0.23987661574074076 0.6078656782407408 0.24533010185185183 0.6068056273148149 0.2449325810185185 0.6047605717592593
3 0.17310147685185184 0.5943163703703703 0.17108488888888887 0.5936471921296296 0.16847202314814816 0.5899104282407408 0.16645543518518519 0.58924125 0.15415715046296297 0.584203650462963 0.15233932407407405 0.5845570023148148 0.1426539050925926 0.5832561666666667 0.1408360763888889 0.5836095162037037 0.12447562268518518 0.5867896666666667 0.12285655555555557 0.5881655439814815 0.09982106712962963 0.5958266805555555 0.09820199768518519 0.5972025578703705 0.09516262037037038 0.6009768425925927 0.09536137962962964 0.6019993703703704 0.09635517592592592 0.607112011574074 0.10825594212962963 0.6101045532407406 0.11007377083333335 0.6097512037037036 0.1462025787037037 0.6112177800925926 0.1480204074074074 0.6108644305555556 0.17204969212962964 0.6083159375 0.17185093287037037 0.6072934097222222 0.17347000231481483 0.6059175300925926 0.17327124074074074 0.6048950023148149 0.17310147685185184 0.5943163703703703
3 0.9072350833333332 0.20754771064814814 0.938138162037037 0.20154076157407405 0.9431941273148148 0.1984356550925926 0.9290532175925926 0.13539224768518518 0.9074380393518519 0.14065497685185185 0.902382074074074 0.14376008333333334 0.8916738657407407 0.14690271064814814 0.8900547962962962 0.1482785902777778 0.8829822430555555 0.15071451851851853 0.8613380717592592 0.16553335185185183 0.8601165208333333 0.16895428703703705 0.8485842800925926 0.17756290509259262 0.8429030439814815 0.18715653240740743 0.8422777708333333 0.19364505324074074 0.8406587037037037 0.19502093055555556 0.844832650462963 0.21649402546296295 0.8488658240740741 0.21783238194444443 0.8543193078703704 0.2167723310185185 0.8563358958333334 0.21744150925925926 0.8508727476851852 0.22168692824074074 0.8569128425925926 0.2268798310185185 0.8593172870370371 0.23277943518518518 0.8615326342592593 0.23447114120370371 0.8675823958333333 0.23647867592592592 0.8677811550925926 0.2375012060185185 0.8816985092592593 0.24116292592592592 0.9008705856481481 0.24274206712962962 0.9135953842592592 0.24026861574074074 0.9109825185185185 0.23653185416666667 0.8889988148148148 0.23019342129629627 0.8853631574074073 0.23090012037037036 0.8718433240740742 0.22928345601851852 0.8645720115740742 0.23069685648148147 0.867441625 0.2163439398148148 0.9056160138888889 0.20892358796296298 0.9072350833333332 0.20754771064814814
3 0.9406060578703703 0.25305804861111114 0.938986988425926 0.25443392592592595 0.9375666805555555 0.25683233333333333 0.9377654398148147 0.2578548611111111 0.9353223402777778 0.2646967314814815 0.935521099537037 0.26571925925925927 0.9379062106481482 0.277989599537037 0.9477613958333334 0.2898690671296296 0.9497779837962962 0.2905382453703704 0.9580430925925926 0.29423748842592595 0.9598609212962963 0.2938841365740741 0.9614799884259259 0.2925082592592593 0.9612812291666666 0.2914857314814815 0.953529613425926 0.2516071273148148 0.9517117870370371 0.25196047685185186 0.9406060578703703 0.25305804861111114
3 0.7630383912037038 0.5624149814814815 0.7628396319444444 0.5613924537037037 0.7620445949074074 0.5573023402777778 0.7600280069444445 0.556633162037037 0.7262843101851851 0.5674369236111111 0.7242677245370371 0.5667677453703704 0.7167976527777777 0.5671586180555556 0.7147810648148147 0.5664894398148148 0.7002674328703704 0.5597601342592592 0.6984496041666667 0.5601134837962962 0.6911782916666667 0.5615268842592592 0.6913770509259259 0.562549412037037 0.6931368935185185 0.5813082731481481 0.7131040069444444 0.5869775277777778 0.7149218356481482 0.5866241782407408 0.7421892569444445 0.5813239282407408 0.7438083263888889 0.579948048611111 0.749063050925926 0.5778654699074074 0.7506821203703703 0.5764895925925926 0.7603965324074075 0.5682343217592593 0.7601977731481482 0.5672117939814815 0.7630383912037038 0.5624149814814815
3 0.6828468912037037 0.587760238425926 0.6879179768518519 0.5834508495370371 0.6891279976851853 0.5805567939814815 0.6924908703703703 0.5765794490740741 0.692499951388889 0.5735864768518518 0.6964414282407408 0.5665054560185185 0.6963882384259259 0.563192125 0.6951341296296296 0.5597799791666667 0.6933638449074074 0.5597917314814814 0.6917180671296296 0.5604439953703704 0.6870295509259259 0.5636818449074075 0.6691746342592593 0.5721379398148149 0.6598600555555556 0.5789339606481482 0.6550472199074073 0.5815312638888889 0.6527607638888889 0.584966912037037 0.6583828888888889 0.5865330393518519 0.660402175925926 0.5878023101851851 0.662795175925926 0.5909931828703704 0.6633461759259259 0.5968684930555556 0.6652411643518519 0.5974973217592593 0.6686572268518518 0.5968333055555556 0.6724558587962962 0.5950977523148148 0.6761301898148148 0.5927217523148148 0.6785411481481481 0.5899266157407408 0.6828468912037037 0.587760238425926