2 0.8451144837962963 0.5457328564814815 0.8452397037037037 0.5450886643518519 0.9941460300925926 0.5660319513888888 0.9978703148148148 0.5347405833333334 0.8136415578703704 0.5062627777777778 0.6346380856481482 0.48147479861111114 0.40834870370370374 0.4254868425925926 0.20757960185185184 0.3784495 0.02876381712962963 0.3343529953703704 0.022036189814814814 0.3750779513888889 0.04665761342592593 0.37652120833333336 0.1742752361111111 0.4033331597222222 0.28666753472222223 0.4291805949074074 0.4040003148148148 0.4599889467592593 0.4038750949074074 0.4606331412037037 0.49874962037037035 0.4850810625 0.5314302476851852 0.5061094212962963 0.5313050300925926 0.506753613425926 0.6663594606481481 0.5196667152777779 0.8451144837962963 0.5457328564814815
2 1 0.5002707638888889 0.9506027291666667 0.47830970833333336 0.9273257083333334 0.4735410462962963 0.9230104143518518 0.46905183796296296 0.9101380393518519 0.4685022407407407 0.9089933449074075 0.46779159953703703 0.8648296435185185 0.45702105092592593 0.7984175046296296 0.43851950694444447 0.7944288819444445 0.43458193055555555 0.7644899537037037 0.4263323287037037 0.723374775462963 0.4110395462962963 0.676285236111111 0.39532827777777774 0.6159806250000001 0.37656012499999997 0.6049481875 0.3710093032407407 0.5634475439814814 0.36439618749999997 0.5213838680555556 0.3518478449074074 0.49067333564814813 0.3407741273148148 0.38011143750000004 0.298134087962963 0.31274855324074075 0.2689952824074074 0.27434172916666666 0.25083322685185183 0.26839618981481483 0.25259572916666667 0.26064466203703707 0.24792671990740742 0.24168579166666665 0.2432652175925926 0.21219249999999998 0.2348581712962963 0.18978008333333332 0.22564151157407406 0.15033531944444445 0.21068403472222222 0.07022611342592593 0.1892759837962963 0.0731439212962963 0.19755780555555555 0.12738186805555557 0.21143264814814813 0.17110130324074074 0.22613864814814816 0.20351844212962963 0.2394966388888889 0.2225316851851852 0.24611063657407406 0.25183544907407407 0.2532605046296296 0.2677506388888889 0.2580519652777778 0.293325 0.2688595162037037 0.3513345162037037 0.2949704861111111 0.4211784675925926 0.32483562962962964 0.5105298657407408 0.3565400972222222 0.5438848611111111 0.3649761921296296 0.5600991851851852 0.370558 0.5911856597222221 0.37513619444444446 0.6026637361111111 0.3805295717592593 0.6385017847222222 0.38968178009259263 0.6742730856481481 0.4034476851851852 0.6775808310185185 0.40652070833333337 0.6982140925925926 0.4114970671296296 0.7745111226851852 0.4392208402777778 0.8194100740740742 0.45280843981481483 0.8697632106481481 0.465026162037037 0.9421106643518519 0.48637927314814816 1 0.509077486111111 1 0.5002707638888889
2 0.3719757083333334 0.17548455092592594 0.3624958379629629 0.17533971296296297 0.3591148425925926 0.17274058333333334 0.2624145046296296 0.15661807407407408 0.26311269675925925 0.16185798379629632 0.2774260462962963 0.16829061805555556 0.31952097916666666 0.17184637268518518 0.3743463009259259 0.18104954166666667 0.4192365949074074 0.19244946296296295 0.45487646064814813 0.19815681249999997 0.4865161921296296 0.20212095833333332 0.48829976851851853 0.19517745833333333 0.4680400162037037 0.19487915046296297 0.4329278587962963 0.18878624305555555 0.3719757083333334 0.17548455092592594
2 1 0.14834939351851853 0.9962643449074073 0.1478042060185185 0.9159246458333333 0.16087099305555555 0.8538283171296297 0.16898401388888887 0.7536347546296297 0.18645806018518518 0.7166904537037037 0.19192588194444443 0.7009441782407407 0.1995616412037037 0.7358066342592593 0.19587514583333335 0.7536405578703703 0.19302778935185186 0.802647449074074 0.18334671064814817 0.8367174305555556 0.17927271759259258 0.8987325555555555 0.16701598842592594 0.9644278101851852 0.1581487337962963 0.9893903101851852 0.15424635416666665 1 0.15529490277777777 1 0.14834939351851853
2 0.8747911967592593 0.8334843287037037 0.9210424583333333 0.7924620393518518 0.9396603078703704 0.7665594212962963 0.9410960092592592 0.7560676875 0.9329239884259259 0.7631701342592593 0.9164000347222222 0.784609025462963 0.8870996180555556 0.8178158449074074 0.853908826388889 0.8328952106481481 0.8019592939814815 0.8460685532407408 0.7773591666666667 0.8582972199074074 0.744612638888889 0.8647826273148148 0.7011334837962963 0.8820325069444445 0.6779488912037037 0.8837761319444445 0.6421710671296296 0.8931423171296297 0.582372025462963 0.892639550925926 0.4992347615740741 0.8851596203703704 0.4167365439814815 0.868083650462963 0.39041509490740745 0.8605372152777777 0.38608655787037033 0.8669860231481481 0.4518652314814815 0.8842820462962963 0.5140680787037036 0.8946433587962963 0.5867405324074074 0.898699013888889 0.6446269189814815 0.8995303657407407 0.6767126087962964 0.8901362569444444 0.6986974328703703 0.8881594236111111 0.7388849166666667 0.8751298333333333 0.7897164652777777 0.8613996018518518 0.8032355462962962 0.8522166990740742 0.8747911967592593 0.8334843287037037
2 0.8527687245370371 0.9754106620370371 0.932713724537037 0.8721743958333333 0.9379854837962962 0.8419478657407408 0.916336337962963 0.8707312615740741 0.9148370324074074 0.8815502060185184 0.8792562615740741 0.9312470624999999 0.8468609421296297 0.9676618703703703 0.8362974768518519 0.990269974537037 0.8421234768518518 0.9983424421296296 0.8527687245370371 0.9754106620370371
2 0.8359043773148147 0.7283090902777778 0.8633689722222222 0.7160960277777777 0.8778149398148147 0.7083560763888889 0.8859887777777778 0.6938682870370371 0.9061110300925925 0.6661463819444444 0.9196015393518517 0.6541989004629629 0.9220688541666667 0.6483964097222222 0.9184714537037038 0.6416697407407407 0.9264969259259259 0.630177425925926 0.9202377152777778 0.625692375 0.9081461898148149 0.6396627106481482 0.913188287037037 0.6481770555555556 0.9122680277777777 0.6482528541666667 0.9056942037037038 0.6545092916666667 0.8967060277777777 0.6640635555555555 0.879916398148148 0.6884220601851851 0.8746061180555555 0.7019596180555555 0.8529502916666667 0.7145695879629629 0.8260069050925927 0.7269157986111111 0.8068240671296296 0.738255550925926 0.7598572407407408 0.7456908819444444 0.7136640046296295 0.7512815972222222 0.677309224537037 0.7454671180555555 0.6492503657407407 0.7427826643518519 0.6366389467592592 0.7410846782407406 0.6062482175925926 0.7389444490740741 0.5620378935185185 0.7321017500000001 0.5122667106481481 0.7194135092592592 0.4727512268518519 0.7137486875 0.467023375 0.7173999282407407 0.5114407407407408 0.7239539097222222 0.5485347893518518 0.7332441435185184 0.5822405115740741 0.7408464236111111 0.6658958773148148 0.7487666365740742 0.7159362106481482 0.7550234884259259 0.7422786458333334 0.7528537476851852 0.7880525810185185 0.746120363425926 0.8096101944444444 0.7437209166666667 0.8265164374999999 0.7311852129629629 0.8359043773148147 0.7283090902777778
2 0 0.7765142037037037 0.022965900462962964 0.7852921388888888 0.12320976157407407 0.8050216388888889 0.13944350462962962 0.807689025462963 0.19262574768518517 0.8222394236111111 0.2048572060185185 0.8251157245370371 0.24498172222222223 0.8319176481481482 0.24685843055555556 0.8290565069444443 0.23464316435185187 0.826193962962963 0.22692679166666668 0.8204706226851852 0.17233364351851851 0.8086172291666668 0.1376700185185185 0.7986639791666666 0.1269611921296296 0.7993095833333334 0.11317828472222223 0.7953888958333333 0.07190422916666667 0.7876100995370371 0.027369965277777776 0.7784547685185186 0.003945569444444444 0.7696887106481481 0 0.7688387453703703 0 0.7765142037037037
2 0 0.5734805856481482 0.017648851851851853 0.5790402546296296 0.05553653703703704 0.5937587361111112 0.0871024837962963 0.6033433148148148 0.12594408796296297 0.6111162013888889 0.15640132175925925 0.6185433402777777 0.1590860300925926 0.6145340277777778 0.10937998379629629 0.6033546875 0.08519086111111111 0.5973581782407408 0.04101349074074074 0.5814171064814815 0 0.5679973865740741 0 0.5734805856481482
3 0.12716707638888888 0.3023113611111111 0.12918366435185186 0.30164218287037037 0.13705125462962964 0.2999879976851852 0.13725001388888888 0.2989654699074074 0.14429357175925925 0.2918452916666667 0.14449233333333333 0.2908227638888889 0.14548612962962965 0.2857101226851852 0.1438670601851852 0.28433424305555555 0.13838458101851853 0.27371809027777777 0.1365667546296296 0.2733647384259259 0.12827265046296296 0.2675078773148148 0.12645482175925926 0.267154525462963 0.11069064814814815 0.2609067916666667 0.10867406018518519 0.26157596990740745 0.09274012037037037 0.2659068680555556 0.09092229166666667 0.26555351851851855 0.07558462962962963 0.2668168310185185 0.07538587037037037 0.2678393587962963 0.06893858796296295 0.2718919513888889 0.06873982870370371 0.27291447916666667 0.06675223611111111 0.28313976157407406 0.06959285416666666 0.28793657638888887 0.07121192361111112 0.2893124537037037 0.07950602546296297 0.2951693171296296 0.08132385416666667 0.29552266666666666 0.08981671759259259 0.30035700231481477 0.09163454398148148 0.30071035185185185 0.10234275462962962 0.3038529814814815 0.1043593425925926 0.30318380324074073 0.12716707638888888 0.3023113611111111
3 0.10483964583333333 0.2618917986111111 0.10685623148148149 0.26122262037037036 0.12298893287037037 0.2558691921296296 0.12318769212962964 0.2548466643518519 0.12761838425925925 0.2514632523148148 0.1278171435185185 0.25044072222222225 0.12960597916666666 0.2412379675925926 0.12798690972222224 0.23986209027777777 0.12534505092592593 0.23404274768518518 0.12372598148148148 0.23266687037037037 0.1057174675925926 0.2185547361111111 0.1038996388888889 0.21820138657407406 0.08248321990740741 0.21191612962962963 0.08046663194444444 0.2125853078703704 0.058453935185185185 0.2093676365740741 0.05643734722222222 0.21003681481481482 0.051410375 0.2164878148148148 0.05121161574074074 0.21751034259259258 0.047832708333333335 0.23489332407407407 0.04865673842592593 0.24035931481481482 0.05027580787037037 0.24173519444444444 0.06686401388888889 0.2534489189814815 0.06868184259259259 0.25380227083333334 0.07555563657407406 0.25726072685185186 0.07737346296296296 0.2576140763888889 0.09918740046296295 0.26185427546296297 0.10120398842592593 0.2611850972222222 0.10483964583333333 0.2618917986111111
3 0.5447746481481481 0.22112807638888887 0.5449734074074074 0.22010554861111112 0.5447456550925925 0.2115719722222222 0.5431265856481482 0.2101960925925926 0.5340084513888889 0.19887323842592594 0.5321906226851852 0.19851988888888888 0.5271346574074074 0.1954147824074074 0.5253168310185186 0.19506143287037037 0.5107742060185185 0.19223463194444446 0.5087576180555555 0.19290381018518518 0.5012875462962962 0.19251293749999998 0.49927095833333335 0.19318211805555555 0.4932211967592593 0.19518965277777778 0.4930224375 0.19621218055555556 0.4865751550925926 0.20026477083333333 0.4863763958333333 0.20128730092592592 0.4847863217592593 0.20946752777777777 0.4888484907407407 0.21768527546296296 0.49046755787037033 0.21906115277777777 0.4955235231481481 0.22216625925925926 0.49734135185185185 0.22251960879629631 0.5268241203703704 0.22612815277777776 0.5288407083333333 0.22545897453703703 0.5344929513888889 0.22549649537037036 0.5365095393518519 0.2248273171296296 0.5447746481481481 0.22112807638888887
3 0.5700834699074074 0.24620971527777777 0.5719012986111112 0.2465630648148148 0.5819842361111112 0.2432171736111111 0.5821829953703703 0.24219464351851852 0.5849946203703704 0.23743535185185186 0.5870112083333333 0.23676617361111113 0.5966966273148148 0.2354653402777778 0.5968953865740741 0.23444281018518517 0.5966676319444445 0.2259092337962963 0.5948498055555556 0.22555588425925924 0.5865557013888889 0.21969902083333334 0.5867544606481482 0.21867649305555556 0.5843113611111111 0.2118346226851852 0.5826922916666667 0.21045874537037038 0.5758184976851852 0.20700028935185186 0.5740006712962963 0.20664693750000002 0.5572426990740741 0.2055118449074074 0.5552261111111111 0.20618102314814812 0.5471597615740741 0.2088577361111111 0.5469610023148148 0.2098802638888889 0.5455696851851852 0.21703796296296296 0.5461949583333333 0.22352648379629628 0.5478140277777778 0.22490236111111112 0.5577271990740741 0.23213510185185185 0.5575284398148148 0.23315763194444444 0.5607665763888888 0.2359093888888889 0.5605678171296297 0.2369319166666667 0.5601702986111111 0.23897697222222222 0.5617893680555556 0.24035285185185185 0.5700834699074074 0.24620971527777777
3 0.6268626550925925 0.2646746111111111 0.6270614143518519 0.26365208333333334 0.6361215601851852 0.25586272916666664 0.6363203194444444 0.2548402013888889 0.6379103958333333 0.24665997453703703 0.636291326388889 0.2452840949074074 0.635069775462963 0.24186316203703703 0.6334507083333334 0.2404872824074074 0.6195043611111111 0.23459289814814815 0.6174877731481482 0.23526207638888888 0.6078023541666667 0.23656291203703703 0.6076035949074075 0.2375854398148148 0.6053882476851852 0.23927714583333334 0.6096491759259259 0.24647236574074075 0.6114670046296297 0.24682571527777777 0.6163242106481481 0.25095335185185186 0.616125451388889 0.25197587962962964 0.6153304143518519 0.25606599305555555 0.6169494837962963 0.25744187037037036 0.6197901018518519 0.2622386828703704 0.6214091712962962 0.2636145625 0.6268626550925925 0.2646746111111111
3 0.6404404768518518 0.2821701574074074 0.6388214074074073 0.2807942800925926 0.639218925925926 0.27874922453703704 0.6313223425925926 0.27084730324074074 0.6276866851851851 0.27014060416666663 0.6260676180555556 0.26876472453703704 0.6254713402777777 0.27183231018518517 0.619052212962963 0.2718579537037037 0.5980059976851853 0.2811376412037037 0.5968126018518518 0.27368975925925926 0.5947960138888889 0.2743589375 0.5909905925925926 0.28423087037037037 0.5972681087962962 0.2907569120370371 0.6007050046296297 0.2924861412037037 0.6190820462962963 0.2949971111111111 0.6192808055555555 0.2939745833333334 0.607947324074074 0.2843434351851852 0.6081460833333333 0.2833209074074074 0.6283119583333333 0.2766291226851852 0.6345894745370371 0.28315516435185184 0.6398441990740741 0.28523774305555555 0.6364073009259259 0.2835085162037037 0.6404404768518518 0.2821701574074074
3 0.5911893518518518 0.2832083425925926 0.5913881111111111 0.28218581249999997 0.5909615995370371 0.2746747662037037 0.5891437708333334 0.27432141435185187 0.5669323148148148 0.27212627314814813 0.5653132453703703 0.2707503935185185 0.561876349537037 0.2690211666666667 0.5598597615740741 0.2696903449074074 0.5566506180555555 0.2764946921296296 0.562729375 0.28404326157407406 0.5645472013888889 0.2843966111111111 0.5712222361111111 0.2888775972222222 0.5730400648148147 0.28923094675925926 0.5875826898148149 0.29205774768518517 0.5895992777777778 0.29138856944444447 0.5952515208333333 0.29142609027777777 0.5954502800925925 0.2904035625 0.5911893518518518 0.2832083425925926
3 0.5250352870370371 0.23533090740740742 0.5234162175925926 0.23395503009259258 0.5135030462962963 0.22672228703703703 0.5116852175925926 0.2263689375 0.4985629027777778 0.22594054398148147 0.4983641435185185 0.22696307407407407 0.49657530787037035 0.23616582870370373 0.5008362361111112 0.2433610486111111 0.5026540648148148 0.24371439814814816 0.5111469282407407 0.2485487314814815 0.5129647546296296 0.24890208333333333 0.5242692430555556 0.248977125 0.5244680023148148 0.24795459722222224 0.5278759050925926 0.2401277222222222 0.5262568356481482 0.23875184259259258 0.5250352870370371 0.23533090740740742
3 0.5364641435185186 0.4094608958333333 0.5463773148148148 0.4166936365740741 0.5483939027777778 0.41602445833333335 0.553420875 0.40957346064814815 0.5518018055555556 0.4081975810185185 0.5451267708333334 0.40371659722222225 0.5431101828703704 0.404385775462963 0.5412923564814816 0.404032425925926 0.5392757685185186 0.4047016041666667 0.5364641435185186 0.4094608958333333
3 0.5257269398148148 0.396762162037037 0.5237103518518519 0.39743134027777777 0.5206999675925926 0.4032131597222222 0.5219215185185185 0.40663409490740743 0.5237393472222223 0.40698744444444446 0.5289940717592593 0.40907002314814817 0.5310106597222222 0.4084008449074074 0.534845074074074 0.40808501620370374 0.5350438333333334 0.40706248842592596 0.5378554583333334 0.4023031967592593 0.5362363912037037 0.40092731944444443 0.5257269398148148 0.396762162037037
3 0.5504104907407408 0.4153552800925926 0.5534498680555555 0.41912956481481484 0.5554664560185185 0.4184603865740741 0.5647543564814815 0.41920460879629634 0.5649531157407407 0.4181820787037037 0.5659469120370371 0.4130694375 0.5643278425925926 0.4116935601851852 0.5552387013888889 0.4099268101851852 0.5532221157407408 0.41059598842592593 0.5504104907407408 0.4153552800925926
3 0.5661746643518518 0.4216030138888889 0.564356837962963 0.4212496643518518 0.5591021111111112 0.4191670856481482 0.557085525462963 0.4198362638888889 0.5532511087962964 0.4201520925925926 0.553052349537037 0.4211746203703704 0.5524560717592593 0.42424220601851853 0.5536776203703704 0.4276631412037037 0.555495449074074 0.4280164907407407 0.5589323472222222 0.4297457199074074 0.5609489328703704 0.42907654166666664 0.5686177638888888 0.42844488425925925 0.5688165254629629 0.42742235648148147 0.5690152847222222 0.4263998287037037 0.5673962152777777 0.42502394907407404 0.5661746643518518 0.4216030138888889
3 0.4360570833333333 0.3825155972222222 0.44656653472222224 0.38668075462962964 0.44858312268518524 0.3860115763888889 0.4497756782407407 0.3798764050925926 0.4481566087962963 0.37850052777777776 0.4408852962962963 0.3770871273148148 0.43886870833333336 0.3777563055555555 0.43685212268518514 0.37842548379629626 0.4366533634259259 0.37944801157407404 0.4360570833333333 0.3825155972222222
3 0.4182763217592593 0.3769370416666667 0.42151445833333334 0.3796887962962963 0.423332287037037 0.3800421481481482 0.43060359953703703 0.3814555462962963 0.4326201875 0.38078636805555555 0.43523305324074074 0.3770496064814815 0.4336139837962963 0.3756737268518519 0.42290577546296293 0.37253109953703706 0.4208891875 0.3732002777777778 0.4182763217592593 0.3769370416666667
3 0.3854642361111111 0.27399316435185184 0.38364640972222225 0.2736398148148148 0.3790169560185185 0.2780457546296296 0.3771991273148148 0.27769240509259263 0.3711493657407407 0.27969993981481484 0.370553087962963 0.28276752546296297 0.37379122453703706 0.2855192824074074 0.381062537037037 0.2869326828703704 0.3814600555555555 0.28488762500000003 0.3834766435185185 0.2842184467592593 0.380636025462963 0.27942163425925926 0.388702375 0.2767449212962963 0.39052020370370366 0.2770982708333333 0.390718962962963 0.27607574305555554 0.38526547685185186 0.2750156921296296 0.3854642361111111 0.27399316435185184
3 0.494012037037037 0.12318427546296296 0.4923929675925926 0.12180839814814816 0.48165576388888887 0.10910966435185186 0.4798379351851852 0.10875631481481482 0.4630799652777778 0.10762122222222222 0.46106337731481484 0.10829040046296295 0.4544173356481482 0.11336552083333334 0.45970105555555557 0.1250042037037037 0.46151888425925924 0.12535755324074074 0.47807809490740744 0.12751517361111112 0.47969716435185183 0.12889105324074074 0.48838878703703703 0.13270285879629629 0.490206613425926 0.13305621064814815 0.49222320138888886 0.1323870324074074 0.4924219606481482 0.1313645023148148 0.494012037037037 0.12318427546296296
3 0.48481111805555555 0.1511083703703704 0.4850098773148148 0.1500858402777778 0.4892418101851852 0.1477249560185185 0.4894405694444444 0.14670242824074076 0.49162692361111116 0.13545461574074075 0.49000785416666665 0.13407873842592594 0.48838878703703703 0.13270285879629629 0.48657095833333336 0.13234950925925926 0.48151499305555556 0.12924440277777777 0.47969716435185183 0.12889105324074074 0.4687901967592593 0.1267709537037037 0.4667736087962963 0.12744013194444445 0.45890601851851853 0.12909431712962963 0.4587072592592593 0.1301168449074074 0.45811097916666665 0.13318443055555557 0.46478601388888885 0.13766541435185187 0.46458725462962963 0.13868794212962962 0.46137811111111116 0.14549229166666666 0.46299718055555555 0.14686816898148147 0.4662353171296296 0.1496199259259259 0.46805314583333335 0.14997327546296296 0.47896011342592587 0.152093375 0.48097670138888887 0.15142419675925928 0.48481111805555555 0.1511083703703704
3 0.4468064930555556 0.1331093865740741 0.44882308101851853 0.13244020833333334 0.45083966666666664 0.1317710300925926 0.4510384259259259 0.13074850231481483 0.440301224537037 0.11804976851851852 0.43848339583333334 0.11769641898148148 0.4352452592592592 0.11494466203703704 0.43342743055555555 0.1145913125 0.4172657361111111 0.11038863425925927 0.4152491481481481 0.1110578125 0.4051662106481481 0.11440370370370372 0.4049674513888889 0.11542623148148147 0.40013924074074075 0.12085470138888889 0.4040026481481482 0.13009497916666668 0.4056217175925926 0.13147085648148146 0.41229675231481483 0.13595184027777776 0.4143133402777778 0.13528266203703704 0.4179489953703704 0.13598936342592594 0.41996558333333334 0.13532018518518518 0.431866349537037 0.13232764351851853 0.4336841759259259 0.13268099305555556 0.4468064930555556 0.1331093865740741
3 0.1753870162037037 0.1609991898148148 0.17740360416666667 0.16033001157407406 0.18850933101851852 0.16142758333333335 0.1905259189814815 0.1607584050925926 0.19254250694444444 0.16008922685185187 0.19274126620370371 0.15906669907407409 0.1955528912037037 0.1543074074074074 0.19756947916666667 0.15363822916666667 0.203818 0.15060816435185184 0.20401675925925924 0.14958563657407406 0.20461303703703704 0.14651805092592593 0.20279520833333334 0.1461647013888889 0.19773924305555557 0.1430595949074074 0.19592141666666668 0.14270624537037038 0.18319661805555557 0.14023279398148147 0.1811800324074074 0.14090197222222223 0.17370996064814814 0.14051110185185184 0.1735112013888889 0.14153362962962962 0.16854221527777777 0.16709683796296296 0.1766375601851852 0.17397622916666666 0.17845538888888887 0.1743295787037037 0.1948158402777778 0.17750972916666666 0.19501459953703704 0.17648720138888888 0.19640591666666668 0.1693295023148148 0.19478684722222223 0.167953625 0.1931677777777778 0.16657774537037037 0.19134995138888888 0.16622439583333332 0.1753870162037037 0.1609991898148148
3 0.22169452546296298 0.7865362893518518 0.22007545601851852 0.785160412037037 0.20573159027777776 0.7813110833333333 0.20371500231481482 0.7819802615740741 0.19806275925925926 0.7819427407407408 0.1960461712962963 0.7826119189814814 0.18880385185185186 0.7907546226851851 0.19326353935185187 0.7969273148148148 0.19508136805555554 0.7972806643518519 0.20013733333333333 0.8003857708333334 0.20195516203703703 0.8007391226851852 0.21507747685185186 0.8011675162037037 0.21709406481481483 0.800498337962963 0.2237401064814815 0.7954232175925926 0.22393886574074073 0.7944006898148148 0.22169452546296298 0.7865362893518518
3 0.2793267337962963 0.8200232847222223 0.27770766435185185 0.8186474074074075 0.2728214652777778 0.8049636666666666 0.27100363657407406 0.8046103171296296 0.25200132407407405 0.7956108263888888 0.2501834953703704 0.795257474537037 0.23927652777777778 0.793137375 0.23725993981481483 0.7938065532407408 0.22555793287037038 0.7957765671296296 0.22535917361111113 0.7967990949074074 0.2189118935185185 0.8008516875 0.21871313425925928 0.8018742152777778 0.21712305787037037 0.8100544421296296 0.2228042962962963 0.8196480671296297 0.224622125 0.8200014189814815 0.23129715972222223 0.8244824027777778 0.23311498611111112 0.8248357523148149 0.2680512407407407 0.8295043472222223 0.2700678263888889 0.8288351689814816 0.2783329375 0.825135925925926 0.27853169675925926 0.8241133981481482 0.2793267337962963 0.8200232847222223
3 0.42569298842592596 0.8919816944444444 0.423875162037037 0.8916283449074074 0.4149847800925926 0.8888390671296297 0.4129681921296296 0.8895082453703703 0.40328277314814814 0.8908090810185185 0.40308401388888887 0.8918316087962963 0.3978582824074074 0.8993051342592593 0.40717517592592595 0.9096054606481482 0.4089930046296296 0.9099588125000001 0.4219165601851852 0.9114097337962962 0.42393314814814814 0.9107405555555554 0.4301816712962963 0.9077104907407407 0.4303804305555556 0.9066879629629631 0.4319705046296296 0.8985077361111111 0.4303514351851852 0.8971318587962963 0.42569298842592596 0.8919816944444444
3 0.4584428888888889 0.907898099537037 0.45682381944444445 0.9065222222222222 0.4485297175925926 0.9006653587962964 0.44671188888888885 0.9003120092592594 0.43762274768518516 0.8985452592592593 0.435606162037037 0.8992144375000001 0.4277675648148148 0.9104247268518518 0.4352666296296296 0.9203717037037037 0.4370844583333333 0.9207250532407407 0.4423391828703704 0.9228076319444445 0.44435577083333333 0.9221384537037037 0.4495815023148148 0.9146649259259259 0.45159809027777775 0.9139957476851852 0.45784661111111113 0.9109656851851852 0.45804537037037035 0.9099431574074074 0.4584428888888889 0.907898099537037
3 0.48091109259259257 0.9281829236111112 0.47929202314814817 0.9268070462962963 0.4713954398148148 0.9189051273148148 0.4695776111111111 0.918551775462963 0.4625050578703704 0.9161158472222222 0.4604884699074074 0.9167850254629629 0.45060429166666666 0.9191083888888889 0.4504055324074074 0.9201309189814815 0.44617359953703706 0.9224918032407408 0.4459748402777778 0.9235143310185185 0.4453785601851852 0.9265819166666667 0.44963948842592594 0.9337771365740741 0.4514573171296296 0.9341304861111112 0.46378459490740737 0.9386489930555556 0.46580118287037037 0.9379798148148148 0.46943684027777777 0.9386865138888888 0.47145342592592593 0.938017335648148 0.47750318981481477 0.9360098009259259 0.4777019490740741 0.9349872731481482 0.48091109259259257 0.9281829236111112
3 0.38436744212962964 0.9104779027777778 0.38235085416666664 0.9111470810185186 0.377125125 0.9186206087962964 0.3838001574074074 0.9231015925925926 0.38561798611111114 0.9234549421296295 0.39127022916666665 0.9234924652777777 0.3932868171296296 0.922823287037037 0.3975187523148148 0.9204624004629629 0.3977175115740741 0.9194398726851851 0.39851254861111113 0.9153497592592593 0.3968934791666667 0.9139738819444445 0.38436744212962964 0.9104779027777778
3 0.4739087314814815 0.682754261574074 0.4722896643518518 0.6813783842592592 0.4674324560185185 0.6772507476851851 0.46561462962962963 0.6768973981481481 0.4549064189814815 0.6737547708333333 0.4528898310185185 0.6744239490740741 0.4428068958333333 0.6777698402777778 0.44260813425925927 0.6787923680555555 0.43920023148148146 0.6866192453703703 0.4465005393518519 0.69758875 0.44831836574074074 0.697942099537037 0.4553909189814815 0.7003780277777778 0.45740750694444443 0.699708849537037 0.47476175694444445 0.6977763587962963 0.47496051620370366 0.6967538310185185 0.4781696597222222 0.6899494814814815 0.4765505925925926 0.6885736041666667 0.4739087314814815 0.682754261574074
3 0.4396557384259259 0.7036863981481482 0.4398544976851852 0.7026638703703704 0.4414445717592593 0.6944836435185185 0.4398255046296296 0.6931077662037036 0.43718364583333336 0.6872884236111111 0.43556457638888885 0.6859125462962963 0.4192041226851852 0.6827323958333333 0.41718753472222225 0.6834015740740741 0.40307142361111115 0.6880858217592594 0.4028726643518518 0.6891083495370371 0.40168010648148145 0.6952435208333333 0.4043219675925926 0.701062861111111 0.4061397939814815 0.7014162106481481 0.4111957615740741 0.7045213171296296 0.413013587962963 0.7048746689814814 0.42372179861111114 0.7080172962962963 0.4257383865740741 0.7073481180555555 0.4313906296296296 0.707385638888889 0.4334072175925926 0.7067164606481482 0.4396557384259259 0.7036863981481482
3 0.40088506944444446 0.6993336342592592 0.4010838287037037 0.6983111041666666 0.40085607638888887 0.6897775277777778 0.3992370069444444 0.688401650462963 0.39781669907407413 0.6860032430555556 0.3959988703703704 0.6856498935185186 0.38125748611111115 0.6838456226851852 0.37963841666666664 0.6824697430555555 0.37074803472222223 0.6796804652777778 0.36873144907407407 0.6803496435185186 0.3624829259259259 0.6833797060185185 0.3622841666666667 0.6844022361111111 0.35907502314814815 0.6912065833333334 0.36333595138888886 0.6984018032407407 0.36495502083333337 0.6997776828703705 0.36839191666666665 0.7015069097222223 0.3702097453703704 0.7018602592592593 0.38838802546296297 0.7053937592592592 0.390404613425926 0.7047245810185184 0.3942390300925926 0.7044087523148148 0.3944377893518518 0.703386224537037 0.40088506944444446 0.6993336342592592
3 0.41610675694444443 0.659845900462963 0.4142889282407407 0.659492550925926 0.40519978935185186 0.6577258009259259 0.40318320138888886 0.6583949791666667 0.39148119444444446 0.6603649930555555 0.3912824351851852 0.6613875208333333 0.3870505023148148 0.6637484050925926 0.38685174074074075 0.6647709328703704 0.3860567037037037 0.6688610462962963 0.390715150462963 0.6740112106481482 0.3925329791666667 0.6743645601851852 0.4127278472222222 0.6772288819444445 0.4147444351851852 0.6765597037037038 0.42684396064814817 0.6725446342592593 0.4270427199074074 0.6715221064814815 0.4274402384259259 0.6694770486111111 0.4258211689814815 0.6681011712962963 0.41610675694444443 0.659845900462963
3 0.46257525 0.6731231134259259 0.4609561828703704 0.6717472361111112 0.45771804398148147 0.6689954791666667 0.4559002175925926 0.6686421296296297 0.4393410046296296 0.6664845069444445 0.43732441666666666 0.6671536851851853 0.4341152731481482 0.6739580347222223 0.43675713194444443 0.6797773749999999 0.43857496064814816 0.6801307245370369 0.44039278935185183 0.6804840763888889 0.4405915486111111 0.6794615462962962 0.44905541666666665 0.6747397777777778 0.4508732453703704 0.6750931273148149 0.4603599050925926 0.6748148194444444 0.4623764907407408 0.6741456412037037 0.46257525 0.6731231134259259
3 0.4671509143518518 0.717520224537037 0.4651343263888889 0.7181894027777778 0.4605048726851852 0.7225953449074074 0.46496456018518517 0.728768037037037 0.4667823888888889 0.7291213865740741 0.47930842592592593 0.732617363425926 0.4813250138888889 0.7319481851851852 0.48939136342592593 0.7292714722222222 0.4895901226851852 0.7282489444444444 0.4903851597222222 0.7241588310185185 0.48876609259259257 0.7227829537037037 0.4671509143518518 0.717520224537037
3 0.5045302662037037 0.7290306875 0.5029111967592592 0.7276548101851852 0.49563988425925926 0.7262414097222222 0.4936232986111111 0.7269105879629629 0.4809274953703704 0.7339932430555556 0.4821490439814815 0.7374141782407407 0.4837681134259259 0.7387900555555555 0.49044314814814816 0.7432710416666667 0.4922609768518519 0.7436243912037037 0.503565462962963 0.7436994351851852 0.5037642222222223 0.7426769050925927 0.5069733657407407 0.7358725578703704 0.505354298611111 0.7344966782407408 0.5045302662037037 0.7290306875
3 0.24554145138888891 0.5959176296296297 0.24392238194444446 0.5945417523148149 0.24451866203703704 0.5914741666666666 0.24270083333333334 0.5911208171296296 0.2323901412037037 0.5859331319444444 0.23057231481481483 0.5855797824074074 0.2192678263888889 0.585504738425926 0.21725123842592595 0.5861739166666667 0.21301930555555554 0.5885348032407408 0.2128205462962963 0.5895573310185186 0.21202550694444444 0.5936474444444444 0.21506488657407405 0.5974217291666667 0.21688271527777778 0.5977750787037037 0.22537557638888892 0.6026094143518519 0.22719340509259262 0.6029627638888889 0.2344647175925926 0.6043761643518519 0.23648130555555558 0.6037069861111112 0.24051447916666666 0.6023686296296297 0.24071323842592593 0.6013460995370371 0.24554145138888891 0.5959176296296297
3 0.19288242361111113 0.6047826898148148 0.19268366435185186 0.6058052175925925 0.19188862731481482 0.6098953310185186 0.22500705092592593 0.6142105740740741 0.2270236388888889 0.6135413958333333 0.2316530925925926 0.6091354560185186 0.23003402314814814 0.6077595763888889 0.2185017824074074 0.5991509560185185 0.2166839560185185 0.5987976064814815 0.20739605555555554 0.5980533842592592 0.2053794675925926 0.5987225648148148 0.19288242361111113 0.6047826898148148
3 0.19682861805555554 0.5747760185185185 0.1952095486111111 0.5734001412037038 0.1903523425925926 0.5692725069444444 0.1885345138888889 0.5689191550925926 0.17984289351851854 0.565107349537037 0.17802506481481484 0.564754 0.1685384050925926 0.5650323055555555 0.16652181712962963 0.5657014837962963 0.15706415277777777 0.5755358958333333 0.15686539351851853 0.5765584236111111 0.15626911342592592 0.5796260092592592 0.1576894236111111 0.5820244166666667 0.15950725231481483 0.5823777662037037 0.16981794212962964 0.5875654513888888 0.17163577083333334 0.5879188009259259 0.1845593263888889 0.5893697222222222 0.18657591435185186 0.5887005439814815 0.19725512962962963 0.5822870671296296 0.19745388888888887 0.5812645393518518 0.19682861805555554 0.5747760185185185
3 0.14598741666666668 0.5839944282407408 0.1441695902777778 0.5836410787037037 0.13488168981481483 0.5828968564814815 0.13468293055555555 0.583919386574074 0.12459999305555555 0.5872652777777778 0.12440123379629629 0.5882878055555556 0.11715891435185186 0.5964305115740741 0.1286911550925926 0.6050391296296297 0.1305089837962963 0.6053924814814815 0.14525036805555555 0.6071967523148147 0.14726695601851852 0.606527574074074 0.15533330555555555 0.6038508611111111 0.15553206481481482 0.6028283310185185 0.1559005902777778 0.5912271712962963 0.15428152083333335 0.5898512916666666 0.14598741666666668 0.5839944282407408
3 0.10156450462962964 0.5796041435185185 0.09954791898148148 0.5802733217592593 0.09310063657407408 0.5843259120370371 0.09290187731481482 0.5853484398148149 0.09170932175925925 0.5914836111111111 0.09474869907407407 0.5952578958333333 0.09656652777777779 0.5956112453703704 0.10344032175925927 0.5990697013888889 0.10525814814814814 0.5994230532407407 0.1127282199074074 0.5998139236111112 0.11474480787037038 0.5991447453703704 0.12136185416666666 0.5845135208333333 0.11974278703703704 0.5831376435185185 0.10156450462962964 0.5796041435185185
3 0.13525021527777778 0.5712956967592593 0.13363114583333335 0.5699198171296297 0.12553580092592592 0.563040425925926 0.12371797453703703 0.5626870763888889 0.10917534953703703 0.5598602754629629 0.10715876157407409 0.5605294537037037 0.10150651851851852 0.5604919328703704 0.09948993055555555 0.5611611111111111 0.09264512962962963 0.5672587592592593 0.09244637037037037 0.5682812870370371 0.09125381481481482 0.5744164583333333 0.09773009027777778 0.5799199699074075 0.09974667824074074 0.5792507916666667 0.10559768055555556 0.5782657847222222 0.10741550925925926 0.578619136574074 0.11852123611111111 0.5797167083333333 0.12053782407407407 0.5790475300925926 0.13425641666666668 0.576408337962963 0.13445517592592593 0.5753858101851852 0.13525021527777778 0.5712956967592593
3 0.19580162962962963 0.5024172939814815 0.19378504166666666 0.5030864722222222 0.1863149699074074 0.502695599537037 0.18429838194444445 0.5033647777777778 0.17603327314814815 0.5070640208333334 0.17583451388888888 0.5080865486111111 0.1752382361111111 0.5111541342592593 0.18313481944444446 0.5190560532407408 0.18495264814814816 0.5194094027777778 0.19585961805555557 0.5215295023148149 0.19787620370370368 0.5208603240740741 0.20776038194444443 0.5185369606481481 0.20795914120370368 0.5175144328703704 0.21014549537037036 0.5062666226851852 0.20832766666666666 0.5059132708333333 0.19580162962962963 0.5024172939814815
3 0.22812501620370368 0.5108226504629629 0.22630718981481482 0.5104693009259259 0.22468812037037036 0.5090934212962963 0.22267153240740742 0.5097625995370371 0.21318487268518518 0.5100409074074074 0.21298611342592594 0.5110634351851852 0.20918069212962964 0.5209353680555556 0.2174747962962963 0.5267922314814815 0.2192926226851852 0.5271455810185185 0.2229282800925926 0.5278522824074074 0.22494486805555555 0.5271831041666667 0.23281245833333333 0.5255289189814815 0.2330112175925926 0.5245063888888889 0.2344025324074074 0.5173486921296296 0.23278346296296296 0.5159728124999999 0.22812501620370368 0.5108226504629629
3 0.25562019212962966 0.5246564768518519 0.25380236342592594 0.5243031273148149 0.2430941550925926 0.5211604976851851 0.24107756712962963 0.5218296759259259 0.23724315046296296 0.5221455046296296 0.2370443912037037 0.5231680324074074 0.23443152546296295 0.5269047962962963 0.2386924537037037 0.5341000162037037 0.2405102824074074 0.5344533657407408 0.2514172523148148 0.5365734652777777 0.253433837962963 0.5359042870370371 0.2592848425925926 0.5349192824074074 0.2594836018518518 0.5338967523148148 0.26047739814814813 0.5287841111111111 0.2588583287037037 0.5274082337962963 0.25562019212962966 0.5246564768518519
3 0.2788834328703704 0.5408511875 0.27686684490740743 0.5415203657407408 0.27303242824074075 0.5418361944444444 0.2728336689814815 0.5428587222222222 0.27041956481481483 0.5455729583333334 0.2750780115740741 0.5507231203703703 0.27689583796296297 0.5510764722222222 0.2821505648148148 0.5531590486111111 0.284167150462963 0.5524898703703703 0.2898193958333333 0.5525273935185185 0.2900181550925926 0.551504863425926 0.2928297800925926 0.5467455717592592 0.29121071064814813 0.5453696944444444 0.2788834328703704 0.5408511875
3 0.21011650231481482 0.4967105162037037 0.20849743287037037 0.4953346388888889 0.2002033287037037 0.48947777546296295 0.19838550231481483 0.4891244259259259 0.19111418981481482 0.4877110254629629 0.18909760185185184 0.48838020370370366 0.18142877083333334 0.48901186111111117 0.17961094212962964 0.4886585115740741 0.1689027337962963 0.48551588194444445 0.16688614583333333 0.4861850601851852 0.15680320833333333 0.4895309513888889 0.15660444907407406 0.4905534814814815 0.15580941203703705 0.49464359490740745 0.1620869259259259 0.5011696365740741 0.16390475462962964 0.5015229861111111 0.1762320324074074 0.5060414930555556 0.17824862037037037 0.5053723148148148 0.19034814583333334 0.5013572430555556 0.1921659722222222 0.5017105925925927 0.2067085972222222 0.5045373935185185 0.20872518518518518 0.5038682152777777 0.21011650231481482 0.4967105162037037
3 0.469072125 0.5523522083333333 0.46725429629629633 0.5519988564814815 0.4581651574074074 0.5502321064814815 0.45796639814814816 0.551254636574074 0.44748594212962967 0.5566455833333334 0.44728718287037034 0.5576681134259259 0.446889662037037 0.5597131689814815 0.45174687037037037 0.5638408032407407 0.4535646967592593 0.5641941550925926 0.4624550787037037 0.5669834328703703 0.46447166666666667 0.5663142546296297 0.4741570856481481 0.5650134189814815 0.47435584490740745 0.5639908912037037 0.475548400462963 0.5578557199074075 0.47392933101851853 0.5564798425925926 0.469072125 0.5523522083333333
3 0.4472291944444444 0.5385559027777778 0.44541136574074075 0.5382025532407407 0.43268656944444445 0.5357291018518519 0.43066998148148145 0.5363982800925926 0.4264380462962963 0.5387591666666667 0.426239287037037 0.5397816944444445 0.42564300925925924 0.5428492800925926 0.4315230069444444 0.5514203773148149 0.4331420763888889 0.5527962569444445 0.4398171087962963 0.5572772407407407 0.4416349375 0.5576305902777777 0.45575105092592594 0.5529463425925926 0.45594981018518516 0.5519238148148148 0.45572205555555556 0.5433902384259259 0.45410298842592595 0.5420143587962963 0.4472291944444444 0.5385559027777778
3 0.4457798912037037 0.5266013912037038 0.44376330324074076 0.5272705694444445 0.43407788425925925 0.5285714050925926 0.433879125 0.5295939328703704 0.43146501851851854 0.5323081689814815 0.43814005324074073 0.5367891527777777 0.4399578819444444 0.5371425023148148 0.4561195763888889 0.5413451805555556 0.458136162037037 0.5406760023148148 0.4595274791666667 0.5335183055555556 0.4579084097222222 0.5321424259259259 0.451233375 0.5276614421296296 0.44941554629629626 0.5273080902777778 0.4457798912037037 0.5266013912037038
3 0.42512951620370365 0.5066699166666667 0.42311292824074076 0.5073390949074074 0.41868223379629627 0.5107225092592592 0.42010254398148145 0.5131209143518519 0.4219203726851852 0.513474263888889 0.4308107546296296 0.5162635439814814 0.4328273402777778 0.5155943657407407 0.44049617129629626 0.5149627083333334 0.4406949305555556 0.5139401805555556 0.4429102777777778 0.5122484722222223 0.44129121064814814 0.5108725949074073 0.42512951620370365 0.5066699166666667
3 0.3976343402777778 0.4928360902777778 0.3956177546296296 0.4935052685185185 0.39280612962962963 0.4982645601851852 0.39746457638888893 0.5034147245370371 0.3992824027777778 0.5037680740740741 0.4065537152777778 0.5051814722222222 0.4085703032407408 0.5045122939814815 0.41280223842592595 0.5021514097222222 0.41300099768518517 0.5011288819444444 0.4119782060185185 0.4966854189814815 0.4101603796296296 0.49633206944444447 0.3976343402777778 0.4928360902777778
3 0.5737153148148147 0.6448518819444444 0.5718974884259259 0.6444985324074074 0.5682618310185186 0.6437918333333333 0.5662452430555556 0.644461011574074 0.5579801342592593 0.6481602523148148 0.557781375 0.6491827800925926 0.5571850972222222 0.6522503657407407 0.563462613425926 0.6587764074074074 0.5652804398148148 0.6591297569444444 0.5725517523148148 0.6605431574074074 0.5745683402777778 0.6598739791666667 0.5826346898148148 0.6571972662037037 0.5828334490740741 0.6561747361111111 0.5838272476851851 0.6510620949074074 0.5822081782407408 0.6496862175925926 0.5737153148148147 0.6448518819444444
3 0.5537482013888889 0.6505211365740741 0.5519303726851852 0.650167787037037 0.5388080555555556 0.6497393935185185 0.5386092962962963 0.6507619212962963 0.5359964305555556 0.6544986851851852 0.5418764282407408 0.6630697847222222 0.5436942569444445 0.6634231342592593 0.5529821574074074 0.6641673564814815 0.5549987430555555 0.6634981782407408 0.5610485069444444 0.6614906412037037 0.5612472662037037 0.6604681134259259 0.5571850972222222 0.6522503657407407 0.5553672685185185 0.6518970162037037 0.5537482013888889 0.6505211365740741
3 0.5902455347222223 0.6374533981481482 0.5884277060185186 0.637100048611111 0.5775207384259259 0.6349799490740741 0.575504150462963 0.6356491273148147 0.5692556273148148 0.6386791898148148 0.5690568680555556 0.6397017199074073 0.5684605902777777 0.6427693032407407 0.5769534537037037 0.6476036388888888 0.5787712824074074 0.6479569884259259 0.5860425949074074 0.6493703888888889 0.5880591805555555 0.6487012106481481 0.5943077037037037 0.6456711481481482 0.594506462962963 0.6446486180555555 0.5949039814814815 0.6426035625 0.593284912037037 0.6412276851851851 0.5902455347222223 0.6374533981481482
3 0.6693521504629629 0.6963378587962963 0.6673355625 0.697007037037037 0.6616833194444445 0.6969695162037036 0.6614845601851852 0.6979920439814814 0.6588716944444444 0.7017288078703703 0.6647516898148148 0.7102999050925926 0.6665695185185185 0.7106532569444445 0.6738408310185185 0.7120666550925926 0.6758574189814816 0.7113974768518518 0.6798905925925927 0.7100591203703703 0.6800893541666667 0.7090365925925926 0.6808843912037038 0.7049464791666666 0.6792653217592592 0.7035706018518518 0.6693521504629629 0.6963378587962963
3 0.6720230023148148 0.7117133055555556 0.6700064166666666 0.7123824837962963 0.6643541712962964 0.712344962962963 0.6641554120370371 0.7133674907407408 0.6609462685185186 0.7201718402777778 0.6692403726851852 0.7260287037037038 0.671058199074074 0.7263820532407408 0.6746938564814814 0.7270887523148148 0.6767104444444444 0.7264195740740741 0.6829589652777778 0.7233895115740742 0.683157724537037 0.7223669814814815 0.6823336944444444 0.7169009907407408 0.680714625 0.715525113425926 0.6720230023148148 0.7117133055555556
3 0.6691285949074074 0.7557195462962963 0.6673107662037038 0.7553661944444444 0.660238212962963 0.7529302662037037 0.658221625 0.7535994444444444 0.6523706226851852 0.7545844513888889 0.6521718634259259 0.7556069814814814 0.6485652013888888 0.7644563842592592 0.6530248888888889 0.7706290763888889 0.6548427152777777 0.7709824259259259 0.6598986805555556 0.7740875324074075 0.6617165092592593 0.7744408842592593 0.6710044097222222 0.7751851041666667 0.6712031689814815 0.774162576388889 0.6748098310185185 0.7653131712962963 0.673190761574074 0.7639372939814815 0.6691285949074074 0.7557195462962963
3 0.690971525462963 0.7695158495370371 0.6907727662037038 0.7705383773148148 0.6899777291666667 0.7746284907407407 0.7009136898148148 0.7863046967592593 0.7027315185185186 0.7866580462962963 0.7065659351851852 0.7863422175925926 0.7067646944444443 0.7853196898148148 0.7119904259259259 0.7778461643518518 0.7103713564814815 0.7764702847222222 0.705514150462963 0.7723426504629629 0.7036963217592592 0.7719893009259259 0.690971525462963 0.7695158495370371
3 0.6267760601851853 0.7018570277777778 0.6249582314814816 0.7015036782407408 0.6174881597222223 0.7011128055555557 0.6172894004629629 0.7021353356481482 0.6146765347222222 0.7058720972222223 0.6225731180555556 0.7137740185185185 0.6243909467592593 0.7141273680555555 0.6318610185185185 0.7145182384259259 0.6320597777777778 0.7134957106481481 0.6342751249999999 0.7118040046296296 0.6326560555555555 0.7104281273148148 0.6277988495370371 0.7063004907407406 0.6279976087962963 0.7052779629629629 0.6267760601851853 0.7018570277777778
3 0.6602920023148149 0.7041272152777778 0.6584741759259259 0.7037738657407407 0.6554347962962963 0.6999995787037037 0.6536169699074074 0.6996462291666666 0.6429087592592593 0.6965036018518519 0.6408921712962963 0.6971727800925926 0.6340473726851852 0.7032704282407407 0.6387058194444444 0.7084205902777777 0.6405236458333333 0.7087739421296296 0.6475961990740741 0.7112098703703703 0.6496127870370371 0.7105406921296296 0.6570828587962964 0.7109315625 0.6590994467592592 0.7102623842592592 0.6615135532407408 0.7075481504629629 0.6598944837962962 0.7061722708333333 0.6602920023148149 0.7041272152777778
3 0.35690126157407404 0.9062001805555555 0.35488467361111115 0.9068693587962963 0.3446029768518518 0.9112377800925926 0.3444042175925926 0.9122603078703704 0.3438079398148148 0.9153278935185185 0.3557376990740741 0.9218914560185185 0.357754287037037 0.9212222777777778 0.36542311805555555 0.9205906203703704 0.3656218773148148 0.9195680925925926 0.37005257175925926 0.9161846805555556 0.37025133101851854 0.915162150462963 0.36922853935185185 0.9107186875000001 0.3676094699074074 0.9093428101851851 0.35690126157407404 0.9062001805555555
3 0.6937167685185186 0.609813824074074 0.6969549050925926 0.6125655810185185 0.6987727337962963 0.6129189305555556 0.709878462962963 0.6140165023148149 0.7118950486111111 0.6133473240740741 0.7149054328703704 0.6075655046296297 0.7132863657407407 0.6061896273148148 0.6969259120370371 0.6030094768518518 0.6967271527777777 0.6040320046296296 0.6937167685185186 0.609813824074074
3 0.7256426365740741 0.6202642384259259 0.7276592245370371 0.6195950601851853 0.7278579837962963 0.6185725300925926 0.7237958148148148 0.6103547824074075 0.7219779861111112 0.6100014328703703 0.7145079143518518 0.6096105601851852 0.7143091550925925 0.6106330902777778 0.7135141180555555 0.6147232037037037 0.7256426365740741 0.6202642384259259
3 0.7256716296296296 0.6298203425925926 0.7282844953703703 0.6260835787037037 0.7266654282407408 0.6247077013888889 0.7121228032407407 0.621880900462963 0.7119240439814816 0.6229034282407407 0.7056755208333334 0.6259334930555556 0.7254728703703704 0.6308428703703703 0.7256716296296296 0.6298203425925926
3 0.6340969652777778 0.586552113425926 0.6322791365740741 0.5861987638888889 0.6268256527777778 0.5851387129629629 0.6266268935185185 0.5861612407407407 0.6223949583333334 0.5885221273148148 0.622196199074074 0.5895446550925926 0.6214011620370371 0.5936347685185185 0.6246392986111111 0.596386525462963 0.6264571273148148 0.596739875 0.6337284398148149 0.598153275462963 0.6357450277777777 0.5974840972222223 0.639976962962963 0.5951232106481482 0.6401757222222222 0.5941006828703704 0.6391529305555556 0.5896572199074074 0.6373351018518518 0.5893038703703704 0.6340969652777778 0.586552113425926
3 0.539284162037037 0.5405321273148148 0.5418970277777778 0.5367953634259259 0.5402779583333334 0.5354194861111111 0.5311888194444444 0.5336527361111111 0.5291722314814815 0.5343219143518518 0.5263606064814814 0.5390812060185185 0.5390854027777778 0.5415546550925926 0.539284162037037 0.5405321273148148
3 0.4158622152777778 0.379651275462963 0.4156634560185185 0.3806738032407408 0.41506717824074074 0.3837413888888889 0.41810655555555554 0.3875156736111111 0.41992438425925926 0.38786902314814814 0.42921228472222217 0.38861324537037034 0.42759321527777777 0.38723736805555553 0.42858701157407403 0.382124724537037 0.42676918518518514 0.38177137499999997 0.42515011574074074 0.3803954976851852 0.423332287037037 0.3800421481481482 0.4158622152777778 0.379651275462963
3 0.4310301134259259 0.3889665949074074 0.43426824999999997 0.3917183518518519 0.4360860787037037 0.3920717013888889 0.44355615046296293 0.3924625740740741 0.44375490972222226 0.3914400462962963 0.4445499467592593 0.3873499328703704 0.4429308773148148 0.38597405324074074 0.43242142824074076 0.3818088981481481 0.4322226689814815 0.3828314259259259 0.4310301134259259 0.3889665949074074
3 0.44557273842592593 0.39179339583333334 0.4469930462962963 0.3941918009259259 0.448810875 0.3945451527777778 0.45406559953703707 0.39662772916666666 0.45608218749999996 0.3959585509259259 0.45909257175925927 0.3901767314814815 0.4574735023148148 0.3888008541666667 0.4483843634259259 0.38703410416666667 0.4481856018518519 0.38805663194444445 0.44557273842592593 0.39179339583333334
3 0.7871294745370371 0.06131025462962963 0.7853116458333333 0.06095690277777778 0.7762225069444445 0.05919015277777778 0.7742059189814815 0.05985933101851852 0.7715930532407407 0.0635960949074074 0.7758539814814815 0.07079131481481482 0.7776718101851853 0.07114466435185185 0.7831252939814816 0.07220471527777778 0.7851418819444445 0.07153553703703704 0.7893738148148147 0.06917465277777778 0.7895725740740741 0.06815212268518518 0.7901688541666666 0.06508453935185185 0.7885497847222221 0.06370865972222223 0.7871294745370371 0.06131025462962963
3 0.07192417592592593 0.3244692893518519 0.07010634722222221 0.3241159375 0.06081844907407407 0.3233717175925926 0.05880186111111111 0.32404089583333334 0.052553337962962965 0.32707095833333333 0.0523545787037037 0.3280934861111111 0.05155954166666667 0.332183599537037 0.05803581712962963 0.3376871134259259 0.05985364583333333 0.338040462962963 0.06712495833333333 0.33945386342592593 0.06914154629629629 0.3387846851851852 0.0749925486111111 0.33779967824074075 0.07519130787037037 0.33677715046296297 0.08001952083333333 0.33134868055555555 0.07840045138888889 0.3299728009259259 0.07192417592592593 0.3244692893518519
3 0.03946001620370371 0.33619866898148143 0.050366986111111116 0.33831877083333334 0.052383574074074075 0.3376495925925926 0.054598921296296295 0.33595788425925927 0.05297985185185185 0.3345820069444444 0.04974171296296297 0.33183025000000005 0.04792388657407408 0.33147690046296296 0.04428822916666667 0.3307701990740741 0.0422716412037037 0.33143937962962966 0.03946001620370371 0.33619866898148143
1 0.3915598935185185 0.18731372453703704 0.39321249537037034 0.17978234953703703 0.3638146087962963 0.17088449074074075 0.36186093055555557 0.13240897453703704 0.3557229652777778 0.1319586875 0.35648946759259253 0.17168906944444445 0.33791076851851853 0.16924501620370372 0.3409418680555556 0.1769439953703704 0.3915598935185185 0.18731372453703704
1 0.23379194675925927 0.24291931249999998 0.23530045601851854 0.24777553935185187 0.26490869907407405 0.2594733125 0.27423635185185186 0.26001302777777774 0.28820547453703704 0.2667607708333333 0.29481466203703705 0.2628457662037037 0.2976805347222222 0.2626600231481482 0.27270754398148145 0.24846752777777775 0.2648333148148148 0.23462743981481482 0.2659492685185185 0.2298568912037037 0.2585201689814815 0.20305102083333335 0.25212091666666664 0.20297441203703703 0.2621641412037037 0.24641809722222222 0.2528592638888889 0.24673174074074072 0.23379194675925927 0.24291931249999998