2 0.563265925925926 0.3034163541666666 0.6044925925925926 0.2971357291666667 0.6568849999999999 0.29085510416666666 0.7376207407407407 0.284574375 0.7556574074074075 0.28215875 0.7367618518518518 0.270080625 0.728172962962963 0.26476625 0.6886638888888889 0.26718187499999996 0.6500138888888889 0.271046875 0.578725925925926 0.27636125 0.5435114814814815 0.2811925 0.5143090740740741 0.288439375 0.5125912962962963 0.2903719791666667 0.5349225925925926 0.2971357291666667 0.5383581481481481 0.2971357291666667 0.5606892592592593 0.3034163541666666 0.563265925925926 0.3034163541666666
2 0.02662851851851852 0.36541749999999995 0.004128333333333333 0.37185916666666663 0.007606111111111111 0.38857135416666666 0.028982407407407408 0.3824403125 0.04791962962962963 0.37978270833333333 0.09574333333333333 0.37185916666666663 0.16064555555555557 0.36095635416666666 0.18020074074074074 0.3589758333333333 0.22028240740740743 0.355755 0.2718157407407408 0.35333937499999996 0.3200472222222222 0.3479988541666667 0.35627333333333333 0.3446252083333333 0.41639574074074076 0.3364298958333333 0.38891111111111115 0.3193594791666666 0.3536966666666667 0.3241907291666667 0.2978687037037037 0.32708947916666664 0.28154981481481484 0.32902197916666664 0.2626542592592593 0.32998822916666665 0.23259314814814813 0.32998822916666665 0.1750474074074074 0.33723510416666663 0.1355385185185185 0.3435157291666667 0.09885555555555554 0.35085239583333333 0.058238333333333336 0.3589758333333333 0.02662851851851852 0.36541749999999995
2 1 0.8306691666666667 0.9275972222222222 0.824040625 0.8592501851851851 0.8266919791666667 0.7979735185185185 0.824040625 0.7602648148148148 0.8213892708333334 0.7178424074074073 0.8280177083333333 0.6985950000000001 0.8349186458333334 0.6598844444444445 0.8426815625 0.5670075925925926 0.8638115624999999 0.5622938888888889 0.8664629166666666 0.504872037037037 0.8768211458333334 0.48480518518518523 0.8786069791666667 0.4681864814814815 0.8860888541666667 0.43621907407407406 0.894376875 0.4130877777777778 0.8977872916666667 0.38713425925925926 0.8982116666666667 0.37180148148148146 0.8969090625 0.31069407407407407 0.9055033333333333 0.2576566666666667 0.9097717708333334 0.23088185185185187 0.9117231250000001 0.12864351851851852 0.9115366666666667 0.03437185185185185 0.9247936458333333 0.0013766666666666667 0.9247936458333333 0.003733518518518519 0.926119375 0.0060901851851851855 0.9460047916666666 0.10719925925925926 0.945183125 0.13922962962962962 0.9433318749999999 0.17788962962962962 0.9447516666666667 0.215845 0.9407019791666668 0.3101168518518519 0.9433534375 0.38932333333333335 0.9328372916666666 0.4138157407407408 0.9247936458333333 0.49159 0.9128623958333334 0.5225688888888889 0.9064272916666667 0.5549903703703704 0.8966363541666666 0.5878787037037038 0.8886144791666667 0.6210464814814814 0.8821399999999999 0.6487596296296296 0.874679375 0.6777188888888889 0.8695922916666666 0.7060585185185185 0.8664629166666666 0.7317361111111111 0.8616489583333333 0.7649783333333333 0.85850875 0.826255 0.8545316666666667 0.9393811111111111 0.8558573958333333 1 0.8664629166666666 1 0.8306691666666667
3 0.7092592592592593 0.13854166666666667 0.7111111111111111 0.13958333333333334 0.7185185185185184 0.14270833333333333 0.7203703703703703 0.14270833333333333 0.7333333333333334 0.14166666666666666 0.7351851851851853 0.140625 0.7425925925925926 0.13333333333333333 0.7425925925925926 0.13229166666666667 0.7425925925925926 0.12604166666666666 0.7296296296296296 0.12083333333333333 0.7277777777777777 0.12083333333333333 0.7111111111111111 0.12395833333333332 0.7092592592592593 0.125 0.7055555555555556 0.12812500000000002 0.7055555555555556 0.12916666666666665 0.7055555555555556 0.13229166666666667 0.7074074074074075 0.13333333333333333 0.7092592592592593 0.13854166666666667
3 0.7444444444444445 0.14895833333333333 0.7462962962962962 0.14895833333333333 0.7555555555555555 0.14895833333333333 0.7574074074074074 0.14791666666666667 0.7611111111111112 0.14375000000000002 0.7611111111111112 0.14270833333333333 0.7611111111111112 0.13854166666666667 0.7592592592592593 0.13333333333333333 0.7574074074074074 0.13229166666666667 0.7555555555555555 0.13125 0.7537037037037038 0.13125 0.7462962962962962 0.13125 0.7444444444444445 0.13229166666666667 0.7351851851851853 0.14166666666666666 0.7370370370370369 0.14270833333333333 0.7444444444444445 0.14895833333333333
3 0.512962962962963 0.7572916666666666 0.512962962962963 0.75625 0.5166666666666666 0.753125 0.5166666666666666 0.7520833333333333 0.5166666666666666 0.7489583333333334 0.5111111111111112 0.7447916666666666 0.5092592592592593 0.7447916666666666 0.4981481481481481 0.7447916666666666 0.4962962962962963 0.7458333333333333 0.49259259259259264 0.7479166666666667 0.49259259259259264 0.7489583333333334 0.4962962962962963 0.7604166666666666 0.4981481481481481 0.7604166666666666 0.512962962962963 0.7572916666666666
3 0.4777777777777778 0.7625 0.47962962962962963 0.7625 0.4888888888888889 0.7625 0.49074074074074076 0.7614583333333333 0.4944444444444444 0.7583333333333334 0.4888888888888889 0.75 0.48703703703703705 0.75 0.4777777777777778 0.7489583333333334 0.4759259259259259 0.75 0.4740740740740741 0.7510416666666666 0.4740740740740741 0.7520833333333333 0.4722222222222222 0.75625 0.4740740740740741 0.7572916666666666 0.4777777777777778 0.7625
3 0.5444444444444444 0.925 0.5462962962962963 0.9260416666666667 0.5462962962962963 0.928125 0.5481481481481482 0.9291666666666666 0.5574074074074075 0.934375 0.5592592592592592 0.934375 0.5703703703703704 0.9354166666666667 0.5722222222222222 0.934375 0.5796296296296296 0.9291666666666666 0.5796296296296296 0.928125 0.5814814814814815 0.9229166666666666 0.5777777777777777 0.91875 0.575925925925926 0.91875 0.5703703703703704 0.9166666666666666 0.5685185185185185 0.9166666666666666 0.5537037037037037 0.9166666666666666 0.5518518518518518 0.9177083333333333 0.5462962962962963 0.9208333333333334 0.5462962962962963 0.921875 0.5444444444444444 0.925
3 0.5203703703703704 0.9520833333333334 0.5222222222222223 0.9510416666666667 0.5277777777777778 0.9479166666666666 0.5277777777777778 0.946875 0.5333333333333333 0.9375 0.5203703703703704 0.9302083333333334 0.5185185185185185 0.9302083333333334 0.5074074074074074 0.9291666666666666 0.5055555555555555 0.9302083333333334 0.5037037037037037 0.9375 0.5055555555555555 0.9385416666666666 0.5074074074074074 0.9510416666666667 0.5092592592592593 0.9510416666666667 0.5203703703703704 0.9520833333333334
3 0.46481481481481485 0.934375 0.46481481481481485 0.9354166666666667 0.46296296296296297 0.940625 0.4611111111111111 0.9416666666666667 0.45925925925925926 0.9427083333333334 0.45925925925925926 0.94375 0.45925925925925926 0.946875 0.4611111111111111 0.9479166666666666 0.4981481481481481 0.9572916666666667 0.5 0.95625 0.5037037037037037 0.953125 0.5037037037037037 0.9520833333333334 0.5037037037037037 0.9395833333333333 0.4944444444444444 0.93125 0.49259259259259264 0.93125 0.48703703703703705 0.9291666666666666 0.48518518518518516 0.9291666666666666 0.4777777777777778 0.9291666666666666 0.4759259259259259 0.9302083333333334 0.4722222222222222 0.9302083333333334 0.4703703703703703 0.93125 0.46481481481481485 0.934375
3 0.49074074074074076 0.9791666666666666 0.49259259259259264 0.9802083333333333 0.512962962962963 0.9947916666666666 0.5148148148148148 0.9947916666666666 0.5185185185185185 0.9947916666666666 0.5203703703703704 0.99375 0.5240740740740741 0.990625 0.5240740740740741 0.9895833333333334 0.5240740740740741 0.978125 0.5203703703703704 0.975 0.5185185185185185 0.975 0.512962962962963 0.9739583333333334 0.5111111111111112 0.9739583333333334 0.5018518518518519 0.9760416666666666 0.5 0.9760416666666666 0.49074074074074076 0.9760416666666666 0.49074074074074076 0.9770833333333334 0.49074074074074076 0.9791666666666666
3 0.924074074074074 0.6708333333333334 0.9259259259259259 0.671875 0.9351851851851852 0.6864583333333334 0.9370370370370371 0.6875 0.9444444444444444 0.690625 0.9462962962962963 0.690625 0.9574074074074075 0.690625 0.9592592592592593 0.6895833333333333 0.9777777777777777 0.6854166666666667 0.9777777777777777 0.684375 0.9814814814814815 0.6677083333333333 0.9722222222222222 0.6583333333333333 0.9703703703703703 0.6583333333333333 0.9648148148148148 0.65625 0.9629629629629629 0.65625 0.9481481481481482 0.6552083333333334 0.9462962962962963 0.65625 0.9277777777777778 0.6614583333333334 0.9277777777777778 0.6625 0.924074074074074 0.6708333333333334
3 0.8740740740740741 0.65 0.8722222222222222 0.6510416666666666 0.862962962962963 0.6572916666666666 0.862962962962963 0.6583333333333333 0.862962962962963 0.6614583333333334 0.8648148148148148 0.6625 0.8740740740740741 0.6677083333333333 0.8740740740740741 0.66875 0.8777777777777778 0.6822916666666666 0.8796296296296297 0.6833333333333333 0.8814814814814815 0.6854166666666667 0.8833333333333334 0.6854166666666667 0.8907407407407407 0.6854166666666667 0.8925925925925926 0.684375 0.9111111111111112 0.678125 0.9129629629629629 0.6770833333333334 0.9185185185185185 0.6729166666666666 0.9185185185185185 0.671875 0.9185185185185185 0.6677083333333333 0.9129629629629629 0.65625 0.9111111111111112 0.6552083333333334 0.9 0.6489583333333334 0.8981481481481481 0.6489583333333334 0.8944444444444444 0.6479166666666666 0.8925925925925926 0.6479166666666666 0.8814814814814815 0.6479166666666666 0.8796296296296297 0.6489583333333334 0.8740740740740741 0.65
3 0.7129629629629629 0.5916666666666667 0.7129629629629629 0.5906250000000001 0.7166666666666667 0.5875 0.7166666666666667 0.5864583333333333 0.7166666666666667 0.5833333333333334 0.7074074074074075 0.578125 0.7055555555555556 0.578125 0.6962962962962963 0.5791666666666666 0.6962962962962963 0.5802083333333333 0.6962962962962963 0.5833333333333334 0.6981481481481482 0.584375 0.7055555555555556 0.5916666666666667 0.7074074074074075 0.5916666666666667 0.7129629629629629 0.5916666666666667
3 0.24259259259259258 0.9802083333333333 0.24444444444444444 0.9791666666666666 0.2518518518518518 0.9729166666666667 0.24444444444444444 0.96875 0.24259259259259258 0.96875 0.23148148148148148 0.9666666666666667 0.22962962962962963 0.9677083333333334 0.22592592592592592 0.975 0.2277777777777778 0.9760416666666666 0.23333333333333334 0.9802083333333333 0.23518518518518516 0.9802083333333333 0.24259259259259258 0.9802083333333333
3 0.2437538888888889 0.787405625 0.23536611111111114 0.7869338541666666 0.23201092592592593 0.7859902083333333 0.22865592592592593 0.7864620833333333 0.22278444444444445 0.7892929166666667 0.22530074074074075 0.7935392708333333 0.23117222222222222 0.7954265625 0.23368851851851852 0.7954265625 0.2345274074074074 0.7958983333333334 0.2462703703703704 0.7958983333333334 0.24962555555555554 0.7949546875000001 0.25046425925925925 0.7940111458333333 0.25046425925925925 0.7902365625000001 0.24710907407407406 0.7883492708333334 0.2437538888888889 0.787405625
3 0.20013722222222224 0.7855184375 0.19845962962962962 0.7869338541666666 0.19510444444444447 0.7878775 0.19510444444444447 0.7897647916666666 0.19762092592592595 0.7916519791666666 0.20013722222222224 0.7921238541666666 0.21271888888888887 0.7921238541666666 0.22278444444444445 0.7892929166666667 0.22194555555555556 0.7855184375 0.20013722222222224 0.7855184375