3 0.5604166666666667 0.22037037037037038 0.5604166666666667 0.2222222222222222 0.5604166666666667 0.24074074074074073 0.5614583333333334 0.24259259259259258 0.5635416666666666 0.2574074074074074 0.5645833333333333 0.25925925925925924 0.5677083333333334 0.27037037037037037 0.56875 0.27037037037037037 0.5927083333333334 0.2759259259259259 0.59375 0.2740740740740741 0.5947916666666666 0.26851851851851855 0.5958333333333333 0.26666666666666666 0.603125 0.2555555555555556 0.603125 0.2537037037037037 0.6052083333333333 0.24629629629629632 0.6052083333333333 0.24444444444444444 0.603125 0.22407407407407406 0.6020833333333334 0.2222222222222222 0.5927083333333334 0.20555555555555555 0.5916666666666667 0.20555555555555555 0.5791666666666666 0.2 0.5635416666666666 0.2111111111111111 0.5635416666666666 0.21296296296296297 0.5604166666666667 0.22037037037037038
3 0.55625 0.2925925925925926 0.55625 0.29444444444444445 0.5520833333333334 0.3111111111111111 0.5520833333333334 0.31296296296296294 0.5520833333333334 0.32592592592592595 0.553125 0.3277777777777778 0.5552083333333333 0.3388888888888889 0.55625 0.34074074074074073 0.5614583333333334 0.35 0.5625 0.35 0.571875 0.3574074074074074 0.5729166666666666 0.3574074074074074 0.5791666666666666 0.3574074074074074 0.5802083333333333 0.35555555555555557 0.5864583333333333 0.35185185185185186 0.5875 0.35 0.5958333333333333 0.3351851851851852 0.5958333333333333 0.3333333333333333 0.5989583333333334 0.32407407407407407 0.5989583333333334 0.3222222222222222 0.6 0.3074074074074074 0.5989583333333334 0.3055555555555556 0.5989583333333334 0.3 0.5979166666666667 0.29814814814814816 0.5895833333333333 0.2796296296296296 0.5885416666666666 0.2796296296296296 0.5822916666666667 0.2740740740740741 0.5812499999999999 0.2740740740740741 0.5750000000000001 0.2722222222222222 0.5635416666666666 0.2777777777777778 0.5625 0.2796296296296296 0.55625 0.2925925925925926
3 0.5322916666666666 0.24259259259259258 0.5333333333333333 0.24444444444444444 0.5343749999999999 0.24629629629629632 0.5333333333333333 0.24814814814814815 0.5322916666666666 0.24814814814814815 0.5239583333333333 0.25 0.5229166666666667 0.2518518518518518 0.5208333333333334 0.2537037037037037 0.5197916666666667 0.2518518518518518 0.5166666666666666 0.24629629629629632 0.515625 0.24814814814814815 0.5125000000000001 0.24814814814814815 0.5114583333333333 0.25 0.50625 0.26851851851851855 0.50625 0.27037037037037037 0.5083333333333333 0.28703703703703703 0.509375 0.28888888888888886 0.5125000000000001 0.29814814814814816 0.5135416666666667 0.3 0.5239583333333333 0.3111111111111111 0.525 0.3111111111111111 0.5364583333333334 0.30925925925925923 0.5375 0.3074074074074074 0.5458333333333334 0.30185185185185187 0.546875 0.3 0.5541666666666667 0.2740740740740741 0.5541666666666667 0.2722222222222222 0.5520833333333334 0.24814814814814815 0.5510416666666667 0.24629629629629632 0.5437500000000001 0.23333333333333334 0.5427083333333333 0.23333333333333334 0.5354166666666667 0.22962962962962963 0.5322916666666666 0.23518518518518516 0.5322916666666666 0.23703703703703705 0.5322916666666666 0.24259259259259258
3 0.5291666666666667 0.35555555555555557 0.5291666666666667 0.3574074074074074 0.5291666666666667 0.37407407407407406 0.5302083333333334 0.37592592592592594 0.5333333333333333 0.3888888888888889 0.5343749999999999 0.3907407407407408 0.5427083333333333 0.4 0.5437500000000001 0.4 0.5479166666666666 0.40185185185185185 0.5489583333333333 0.40185185185185185 0.5635416666666666 0.39814814814814814 0.5645833333333333 0.39629629629629626 0.5697916666666667 0.3925925925925926 0.5708333333333333 0.3907407407407408 0.5739583333333333 0.3851851851851852 0.5739583333333333 0.3833333333333333 0.5770833333333334 0.37222222222222223 0.5770833333333334 0.37037037037037035 0.5760416666666667 0.3592592592592592 0.5750000000000001 0.3592592592592592 0.5635416666666666 0.35370370370370374 0.5625 0.35185185185185186 0.5510416666666667 0.3351851851851852 0.5395833333333333 0.337037037037037 0.5385416666666667 0.3388888888888889 0.5291666666666667 0.35555555555555557
3 0.771875 0.007407407407407408 0.771875 0.009259259259259259 0.7697916666666667 0.014814814814814815 0.7697916666666667 0.016666666666666666 0.76875 0.025925925925925925 0.7697916666666667 0.027777777777777776 0.7802083333333334 0.05185185185185185 0.78125 0.05185185185185185 0.7864583333333334 0.05740740740740741 0.7875 0.05740740740740741 0.7979166666666666 0.06481481481481481 0.7989583333333333 0.06481481481481481 0.8145833333333333 0.06296296296296296 0.815625 0.06111111111111111 0.821875 0.05 0.821875 0.04814814814814815 0.828125 0.03148148148148148 0.828125 0.02962962962962963 0.8302083333333333 0.007407407407407408 0.8291666666666666 0.005555555555555556 0.8083333333333333 0.003703703703703704 0.775 0.005555555555555556 0.7739583333333334 0.007407407407407408 0.771875 0.007407407407407408
3 0.7958333333333334 0.09444444444444444 0.7947916666666667 0.0962962962962963 0.7895833333333334 0.11666666666666667 0.7885416666666666 0.11851851851851852 0.7864583333333334 0.12222222222222222 0.7864583333333334 0.12407407407407407 0.7895833333333334 0.13148148148148148 0.790625 0.13148148148148148 0.8 0.14074074074074072 0.8010416666666667 0.14074074074074072 0.8166666666666667 0.1259259259259259 0.8177083333333334 0.12407407407407407 0.8385416666666666 0.09074074074074075 0.8385416666666666 0.08888888888888889 0.8375 0.08148148148148149 0.8364583333333334 0.07962962962962962 0.8333333333333334 0.07407407407407407 0.8322916666666667 0.07407407407407407 0.8270833333333334 0.06851851851851852 0.8260416666666667 0.06851851851851852 0.8114583333333334 0.06481481481481481 0.7947916666666667 0.07222222222222222 0.7947916666666667 0.07407407407407407 0.7958333333333334 0.09444444444444444
3 0.825 0.06481481481481481 0.8270833333333334 0.06481481481481481 0.83125 0.06851851851851852 0.840625 0.08703703703703704 0.8427083333333334 0.08333333333333333 0.846875 0.07962962962962962 0.853125 0.09814814814814815 0.8479166666666667 0.10555555555555556 0.8447916666666666 0.11666666666666667 0.846875 0.1111111111111111 0.8510416666666666 0.11666666666666667 0.853125 0.11296296296296296 0.859375 0.10740740740740741 0.8625 0.10185185185185185 0.8645833333333334 0.09444444444444444 0.8614583333333333 0.09074074074074075 0.8645833333333334 0.08703703703703704 0.8623697916666666 0.08587962962962964 0.86015625 0.07731481481481481 0.85625 0.07037037037037036 0.8572916666666667 0.06851851851851852 0.8635416666666667 0.06666666666666667 0.8697916666666666 0.05925925925925926 0.8697916666666666 0.05555555555555555 0.8645833333333334 0.037037037037037035 0.8604166666666666 0.02962962962962963 0.8583333333333334 0.02962962962962963 0.8552083333333333 0.025925925925925925 0.8490885416666666 0.03449074074074074 0.846875 0.025925925925925925 0.8458333333333333 0.027777777777777776 0.8427083333333334 0.027777777777777776 0.8416666666666667 0.02962962962962963 0.8385416666666666 0.02962962962962963 0.8364583333333334 0.03148148148148148 0.8291666666666666 0.044444444444444446 0.8291666666666666 0.046296296296296294 0.8239583333333333 0.05555555555555555 0.8239583333333333 0.06111111111111111 0.825 0.06481481481481481
3 0.4083333333333333 0.03888888888888889 0.4083333333333333 0.040740740740740744 0.4083333333333333 0.05740740740740741 0.409375 0.05925925925925926 0.41875 0.07592592592592592 0.4197916666666667 0.07592592592592592 0.4322916666666667 0.07592592592592592 0.4322916666666667 0.07407407407407407 0.434375 0.07037037037037036 0.434375 0.06851851851851852 0.43645833333333334 0.05555555555555555 0.43645833333333334 0.053703703703703705 0.43645833333333334 0.03888888888888889 0.4354166666666667 0.037037037037037035 0.4322916666666667 0.027777777777777776 0.43125 0.027777777777777776 0.4197916666666667 0.020370370370370372 0.4104166666666667 0.03148148148148148 0.4104166666666667 0.03333333333333333 0.4083333333333333 0.03888888888888889
3 0.4197916666666667 0.018518518518518517 0.42083333333333334 0.020370370370370372 0.428125 0.025925925925925925 0.4291666666666667 0.025925925925925925 0.43854166666666666 0.022222222222222223 0.4395833333333333 0.020370370370370372 0.44375 0.011111111111111112 0.44375 0.009259259259259259 0.4427083333333333 0.005555555555555556 0.4416666666666667 0.005555555555555556 0.41875 0.005555555555555556 0.4177083333333333 0.011111111111111112 0.41875 0.012962962962962963 0.4197916666666667 0.018518518518518517
3 0.4177083333333333 0.1111111111111111 0.41875 0.1111111111111111 0.425 0.11296296296296296 0.4260416666666667 0.1111111111111111 0.4291666666666667 0.10740740740740741 0.4291666666666667 0.10555555555555556 0.43125 0.09814814814814815 0.43125 0.0962962962962963 0.4322916666666667 0.07777777777777778 0.43125 0.07592592592592592 0.41875 0.07592592592592592 0.4135416666666667 0.09444444444444444 0.4145833333333333 0.0962962962962963 0.4177083333333333 0.1111111111111111
3 0.45208333333333334 0.040740740740740744 0.45 0.044444444444444446 0.4489583333333333 0.05555555555555555 0.4510416666666667 0.05740740740740741 0.45416666666666666 0.05 0.4572916666666667 0.046296296296296294 0.453125 0.040740740740740744 0.45208333333333334 0.040740740740740744
3 0.446875 0.09259259259259259 0.45625 0.08333333333333333 0.459375 0.07222222222222222 0.4583333333333333 0.06851851851851852 0.45625 0.06851851851851852 0.45625 0.05925925925925926 0.4572916666666667 0.05925925925925926 0.4510416666666667 0.05740740740740741 0.4552083333333333 0.06111111111111111 0.4552083333333333 0.07037037037037036 0.4458333333333333 0.07777777777777778 0.44375 0.08148148148148149 0.4427083333333333 0.08888888888888889 0.446875 0.09259259259259259
3 0.45208333333333334 0.03333333333333333 0.45208333333333334 0.03518518518518518 0.45208333333333334 0.04259259259259259 0.453125 0.04259259259259259 0.45416666666666666 0.044444444444444446 0.4552083333333333 0.044444444444444446 0.4614583333333333 0.044444444444444446 0.4625 0.04259259259259259 0.4666666666666667 0.040740740740740744 0.46770833333333334 0.03888888888888889 0.4708333333333333 0.03148148148148148 0.4708333333333333 0.02962962962962963 0.4729166666666667 0.018518518518518517 0.4729166666666667 0.016666666666666666 0.4729166666666667 0.007407407407407408 0.471875 0.007407407407407408 0.4708333333333333 0.005555555555555556 0.46979166666666666 0.005555555555555556 0.4583333333333333 0.005555555555555556 0.4552083333333333 0.011111111111111112 0.4552083333333333 0.012962962962962963 0.45208333333333334 0.03333333333333333
3 0.3989583333333333 0.3425925925925926 0.4 0.3444444444444445 0.4020833333333333 0.35555555555555557 0.403125 0.35555555555555557 0.4104166666666667 0.362962962962963 0.4114583333333333 0.3611111111111111 0.4114583333333333 0.3574074074074074 0.4125 0.35555555555555557 0.41875 0.3444444444444445 0.41875 0.3425925925925926 0.41875 0.34074074074074073 0.4177083333333333 0.3388888888888889 0.415625 0.33148148148148143 0.4145833333333333 0.33148148148148143 0.40729166666666666 0.3222222222222222 0.4 0.33148148148148143 0.4 0.3333333333333333 0.3989583333333333 0.3425925925925926
3 0.3989583333333333 0.3925925925925926 0.4 0.39444444444444443 0.4020833333333333 0.4055555555555555 0.403125 0.4074074074074074 0.40625 0.412962962962963 0.40729166666666666 0.412962962962963 0.4104166666666667 0.412962962962963 0.4114583333333333 0.4111111111111111 0.4135416666666667 0.4111111111111111 0.4145833333333333 0.40925925925925927 0.4166666666666667 0.4055555555555555 0.4166666666666667 0.40370370370370373 0.4177083333333333 0.3851851851851852 0.4166666666666667 0.3833333333333333 0.4145833333333333 0.37222222222222223 0.4135416666666667 0.37037037037037035 0.4114583333333333 0.3666666666666667 0.4104166666666667 0.3666666666666667 0.4083333333333333 0.3666666666666667 0.4010416666666667 0.37592592592592594 0.4010416666666667 0.37777777777777777 0.3989583333333333 0.3925925925925926
3 0.890625 0.2851851851851852 0.890625 0.28703703703703703 0.8895833333333334 0.29074074074074074 0.8895833333333334 0.2925925925925926 0.8916666666666666 0.30185185185185187 0.8927083333333333 0.3037037037037037 0.8989583333333334 0.3111111111111111 0.9 0.3111111111111111 0.9052083333333334 0.3074074074074074 0.90625 0.3074074074074074 0.9208333333333334 0.3055555555555556 0.921875 0.3037037037037037 0.9239583333333333 0.30185185185185187 0.9239583333333333 0.3 0.9260416666666667 0.2925925925925926 0.9260416666666667 0.29074074074074074 0.9260416666666667 0.2833333333333333 0.925 0.28148148148148144 0.9229166666666666 0.2740740740740741 0.921875 0.2740740740740741 0.9145833333333334 0.26481481481481484 0.9135416666666666 0.26481481481481484 0.9072916666666666 0.26481481481481484 0.9010416666666666 0.26851851851851855 0.9010416666666666 0.27037037037037037 0.890625 0.2851851851851852
3 0.8604166666666666 0.28888888888888886 0.8604166666666666 0.29074074074074074 0.8604166666666666 0.29814814814814816 0.8614583333333333 0.3 0.865625 0.3074074074074074 0.8666666666666666 0.3074074074074074 0.8739583333333334 0.31296296296296294 0.875 0.3111111111111111 0.8802083333333334 0.3055555555555556 0.8802083333333334 0.3037037037037037 0.8833333333333334 0.29814814814814816 0.8833333333333334 0.2962962962962963 0.884375 0.2851851851851852 0.8833333333333334 0.2833333333333333 0.8739583333333334 0.27037037037037037 0.8729166666666667 0.27037037037037037 0.8697916666666666 0.27037037037037037 0.8625 0.28148148148148144 0.8625 0.2833333333333333 0.8604166666666666 0.28888888888888886
3 0.859375 0.33148148148148143 0.859375 0.3333333333333333 0.859375 0.337037037037037 0.8604166666666666 0.3388888888888889 0.8708333333333333 0.35185185185185186 0.8708333333333333 0.35370370370370374 0.875 0.3648148148148148 0.8760416666666666 0.3648148148148148 0.8854166666666666 0.3666666666666667 0.8864583333333333 0.3648148148148148 0.8916666666666666 0.34814814814814815 0.8916666666666666 0.34629629629629627 0.8916666666666666 0.33148148148148143 0.890625 0.32962962962962966 0.8854166666666666 0.3185185185185185 0.884375 0.3185185185185185 0.8739583333333334 0.3166666666666667 0.871875 0.32407407407407407 0.8708333333333333 0.32407407407407407 0.859375 0.33148148148148143
3 0.89375 0.32592592592592595 0.89375 0.3277777777777778 0.89375 0.3444444444444445 0.8947916666666667 0.34629629629629627 0.9 0.3574074074074074 0.9010416666666666 0.3574074074074074 0.903125 0.35555555555555557 0.903125 0.35370370370370374 0.90625 0.34074074074074073 0.9072916666666666 0.3388888888888889 0.909375 0.3351851851851852 0.9104166666666667 0.3351851851851852 0.921875 0.32592592592592595 0.9229166666666666 0.32592592592592595 0.925 0.32592592592592595 0.925 0.32407407407407407 0.9260416666666667 0.3222222222222222 0.925 0.32037037037037036 0.9177083333333333 0.3074074074074074 0.9166666666666666 0.3074074074074074 0.909375 0.3074074074074074 0.9020833333333333 0.3111111111111111 0.9010416666666666 0.31296296296296294 0.89375 0.32592592592592595
3 0.9510416666666667 0.4722222222222222 0.9510416666666667 0.4740740740740741 0.9479166666666666 0.48518518518518516 0.9479166666666666 0.48703703703703705 0.9489583333333333 0.5018518518518519 0.95 0.5037037037037037 0.95 0.5074074074074074 0.9510416666666667 0.5092592592592593 0.953125 0.512962962962963 0.9541666666666666 0.512962962962963 0.9739583333333334 0.5444444444444444 0.975 0.5444444444444444 0.99375 0.5499999999999999 0.9947916666666666 0.5481481481481482 0.9958333333333333 0.45185185185185184 0.9947916666666666 0.45 0.9885416666666667 0.4462962962962963 0.9875 0.4462962962962963 0.9760416666666666 0.4462962962962963 0.9645833333333333 0.45185185185185184 0.9635416666666666 0.4537037037037037 0.9510416666666667 0.4722222222222222
3 0.9052083333333334 0.4981481481481481 0.9041666666666667 0.4981481481481481 0.8947916666666667 0.4981481481481481 0.89375 0.4962962962962963 0.8885416666666667 0.4944444444444444 0.8875 0.49259259259259264 0.8822916666666666 0.48518518518518516 0.88125 0.48518518518518516 0.878125 0.48333333333333334 0.8770833333333333 0.48518518518518516 0.875 0.5018518518518519 0.8760416666666666 0.5037037037037037 0.8885416666666667 0.5055555555555555 0.8895833333333334 0.5074074074074074 0.9020833333333333 0.5148148148148148 0.903125 0.5166666666666666 0.9270833333333334 0.5425925925925926 0.928125 0.5407407407407407 0.9364583333333334 0.512962962962963 0.9364583333333334 0.5111111111111112 0.9375 0.48703703703703705 0.9364583333333334 0.48518518518518516 0.9322916666666666 0.4666666666666667 0.93125 0.46481481481481485 0.928125 0.45925925925925926 0.9270833333333334 0.45925925925925926 0.9239583333333333 0.45925925925925926 0.91875 0.4777777777777778 0.9177083333333333 0.47962962962962963 0.9052083333333334 0.4981481481481481
3 0.3104166666666667 0.7185185185185184 0.3104166666666667 0.7203703703703703 0.309375 0.7481481481481481 0.3104166666666667 0.75 0.3166666666666667 0.7611111111111112 0.3177083333333333 0.7611111111111112 0.3333333333333333 0.7611111111111112 0.334375 0.7592592592592593 0.3416666666666667 0.75 0.3416666666666667 0.7481481481481481 0.34375 0.7425925925925926 0.34375 0.7407407407407407 0.34479166666666666 0.7314814814814815 0.34375 0.7296296296296296 0.340625 0.7129629629629629 0.3395833333333333 0.7111111111111111 0.3302083333333333 0.7074074074074075 0.31875 0.7203703703703703 0.3177083333333333 0.7203703703703703 0.3104166666666667 0.7185185185185184
3 0.728125 0.9666666666666667 0.7291666666666666 0.9666666666666667 0.7395833333333334 0.9629629629629629 0.740625 0.9648148148148148 0.746875 0.9907407407407407 0.7479166666666667 0.9907407407407407 0.7572916666666666 0.9907407407407407 0.7583333333333334 0.9888888888888888 0.7614583333333333 0.9722222222222222 0.7614583333333333 0.9703703703703703 0.759375 0.9518518518518518 0.7583333333333334 0.95 0.7458333333333333 0.9370370370370371 0.7447916666666666 0.9370370370370371 0.7364583333333333 0.9351851851851852 0.728125 0.95 0.728125 0.9518518518518518 0.728125 0.9666666666666667
3 0.14895833333333333 0.22962962962962963 0.14895833333333333 0.23148148148148148 0.14791666666666667 0.24259259259259258 0.14895833333333333 0.24444444444444444 0.15208333333333335 0.2574074074074074 0.153125 0.25925925925925924 0.15729166666666666 0.26481481481481484 0.15833333333333335 0.26481481481481484 0.17083333333333334 0.26481481481481484 0.171875 0.26296296296296295 0.17395833333333335 0.2611111111111111 0.17395833333333335 0.25925925925925924 0.17604166666666665 0.25 0.17604166666666665 0.24814814814814815 0.175 0.23148148148148148 0.17395833333333335 0.22962962962962963 0.16979166666666665 0.22037037037037038 0.16875 0.22037037037037038 0.16354166666666667 0.21481481481481482 0.1625 0.21481481481481482 0.159375 0.21481481481481482 0.15208333333333335 0.22037037037037038 0.15208333333333335 0.2222222222222222 0.14895833333333333 0.22962962962962963
3 0.13749999999999998 0.19814814814814813 0.13854166666666667 0.2 0.14479166666666665 0.2111111111111111 0.14583333333333334 0.2111111111111111 0.15104166666666666 0.21666666666666665 0.15208333333333335 0.21666666666666665 0.15416666666666665 0.21666666666666665 0.15520833333333334 0.21481481481481482 0.159375 0.21296296296296297 0.16041666666666665 0.2111111111111111 0.165625 0.2037037037037037 0.165625 0.20185185185185187 0.165625 0.19444444444444445 0.16458333333333333 0.1925925925925926 0.15416666666666665 0.17777777777777778 0.15416666666666665 0.17592592592592593 0.159375 0.1685185185185185 0.159375 0.16666666666666666 0.15833333333333335 0.16296296296296298 0.15729166666666666 0.16296296296296298 0.14583333333333334 0.1611111111111111 0.13854166666666667 0.17037037037037037 0.13854166666666667 0.17222222222222225 0.13749999999999998 0.19814814814814813
3 0.17395833333333335 0.20555555555555555 0.17291666666666666 0.2074074074074074 0.16666666666666666 0.20555555555555555 0.16666666666666666 0.2074074074074074 0.16666666666666666 0.20925925925925928 0.16770833333333335 0.2111111111111111 0.175 0.2277777777777778 0.17604166666666665 0.2277777777777778 0.178125 0.22962962962962963 0.17916666666666667 0.2277777777777778 0.18229166666666666 0.22592592592592592 0.18229166666666666 0.22407407407407406 0.184375 0.21851851851851853 0.184375 0.21666666666666665 0.1875 0.18518518518518517 0.18645833333333334 0.18333333333333335 0.175 0.1796296296296296 0.171875 0.18333333333333335 0.171875 0.18518518518518517 0.17395833333333335 0.20555555555555555
3 0.8291666666666666 0.025925925925925925 0.8302083333333333 0.027777777777777776 0.8333333333333334 0.02962962962962963 0.834375 0.02962962962962963 0.8479166666666667 0.025925925925925925 0.8489583333333334 0.024074074074074074 0.8552083333333333 0.016666666666666666 0.8552083333333333 0.014814814814814815 0.85625 0.011111111111111112 0.85625 0.009259259259259259 0.8552083333333333 0.005555555555555556 0.8541666666666666 0.005555555555555556 0.8510416666666666 0.003703703703703704 0.85 0.003703703703703704 0.8322916666666667 0.003703703703703704 0.8291666666666666 0.007407407407407408 0.8291666666666666 0.009259259259259259 0.8291666666666666 0.025925925925925925
2 0.8635416666666667 0.027777777777777776 0.8635416666666667 0.02962962962962963 0.871875 0.05 0.871875 0.053703703703703705 0.875 0.06296296296296296 0.875 0.08148148148148149 0.8770833333333333 0.08703703703703704 0.878125 0.0962962962962963 0.8802083333333334 0.10185185185185185 0.88125 0.10925925925925926 0.8833333333333334 0.11296296296296296 0.8833333333333334 0.11481481481481481 0.8854166666666666 0.11851851851851852 0.8854166666666666 0.12037037037037036 0.8927083333333333 0.1388888888888889 0.8947916666666667 0.15555555555555556 0.9072916666666666 0.19814814814814813 0.9072916666666666 0.20185185185185187 0.9114583333333334 0.21666666666666665 0.9114583333333334 0.22592592592592592 0.9125 0.2277777777777778 0.9125 0.23148148148148148 0.9229166666666666 0.2555555555555556 0.9260416666666667 0.26666666666666666 0.9260416666666667 0.27037037037037037 0.9270833333333334 0.2722222222222222 0.928125 0.2851851851851852 0.9375 0.3185185185185185 0.9385416666666666 0.32037037037037036 0.940625 0.32037037037037036 0.9416666666666667 0.3222222222222222 0.94375 0.3222222222222222 0.9479166666666666 0.32592592592592595 0.9510416666666667 0.3425925925925926 0.9510416666666667 0.3611111111111111 0.95 0.362962962962963 0.9489583333333333 0.3833333333333333 0.946875 0.387037037037037 0.946875 0.39814814814814814 0.9479166666666666 0.4 0.9479166666666666 0.4074074074074074 0.9541666666666666 0.42037037037037034 0.9572916666666667 0.4333333333333333 0.959375 0.43703703703703706 0.9614583333333334 0.4444444444444444 0.975 0.4444444444444444 0.9770833333333334 0.43703703703703706 0.9760416666666666 0.42962962962962964 0.975 0.4277777777777778 0.975 0.42407407407407405 0.971875 0.4148148148148148 0.971875 0.4111111111111111 0.9697916666666666 0.4055555555555555 0.9697916666666666 0.40185185185185185 0.9677083333333334 0.39629629629629626 0.9677083333333334 0.3925925925925926 0.965625 0.387037037037037 0.965625 0.3833333333333333 0.9635416666666666 0.37777777777777777 0.9635416666666666 0.37407407407407406 0.9614583333333334 0.36851851851851847 0.9614583333333334 0.3648148148148148 0.959375 0.3592592592592592 0.959375 0.35555555555555557 0.9572916666666667 0.35 0.9572916666666667 0.34629629629629627 0.9552083333333333 0.34074074074074073 0.9552083333333333 0.337037037037037 0.953125 0.33148148148148143 0.9510416666666667 0.3333333333333333 0.95 0.33148148148148143 0.95 0.32962962962962966 0.953125 0.32407407407407407 0.9520833333333334 0.3222222222222222 0.9520833333333334 0.3148148148148148 0.9510416666666667 0.31296296296296294 0.9510416666666667 0.3037037037037037 0.95 0.30185185185185187 0.95 0.29814814814814816 0.946875 0.28888888888888886 0.946875 0.2851851851851852 0.9447916666666666 0.2796296296296296 0.9447916666666666 0.2759259259259259 0.9427083333333334 0.27037037037037037 0.9427083333333334 0.26666666666666666 0.940625 0.2611111111111111 0.940625 0.2574074074074074 0.9385416666666666 0.2518518518518518 0.9385416666666666 0.24814814814814815 0.934375 0.23333333333333334 0.934375 0.22962962962962963 0.9322916666666666 0.2222222222222222 0.9302083333333334 0.21851851851851853 0.928125 0.20925925925925928 0.925 0.20185185185185187 0.925 0.2 0.9395833333333333 0.19074074074074077 0.9395833333333333 0.18888888888888888 0.9385416666666666 0.18888888888888888 0.9363715277777778 0.18117283796296296 0.9074652777777777 0.11172839351851852 0.903125 0.11481481481481481 0.8989583333333334 0.10555555555555556 0.8989583333333334 0.1037037037037037 0.9042534722222222 0.10401234722222223 0.9010416666666666 0.0962962962962963 0.8958333333333334 0.0962962962962963 0.8927083333333333 0.09074074074074075 0.8927083333333333 0.08888888888888889 0.8978298611111112 0.08858024537037038 0.8946180555555556 0.08086419907407408 0.8895833333333334 0.08148148148148149 0.8885416666666667 0.07962962962962962 0.8875 0.07407407407407407 0.89140625 0.07314814814814816 0.8881944444444444 0.06543209722222222 0.8864583333333333 0.07037037037037036 0.884375 0.06481481481481481 0.8849826388888888 0.057716050925925924 0.8833333333333334 0.05740740740740741 0.8833333333333334 0.05185185185185185 0.8817708333333334 0.05 0.8760416666666666 0.02962962962962963 0.8760416666666666 0.022222222222222223 0.875 0.020370370370370372 0.8739583333333334 0.009259259259259259 0.8708333333333333 0.005555555555555556 0.8625 0.003703703703703704 0.8614583333333333 0.005555555555555556 0.8583333333333334 0.005555555555555556 0.8583333333333334 0.016666666666666666 0.8635416666666667 0.027777777777777776
2 0.027770312499999998 0.41928055555555555 0.05237927083333333 0.47794425925925926 0.058811249999999995 0.4744642592592592 0.0630059375 0.4754585185185185 0.06328552083333333 0.4764527777777778 0.054336875 0.48192148148148145 0.053218229166666665 0.48192148148148145 0.0565740625 0.5082705555555556 0.0674803125 0.5510255555555555 0.0739121875 0.556494074074074 0.07894583333333333 0.5500311111111111 0.07419177083333334 0.5346194444444444 0.07447145833333334 0.532630925925926 0.0694378125 0.5172192592592593 0.06412447916666666 0.48490444444444447 0.06132802083333333 0.4471209259259259 0.042311979166666666 0.4138118518518518 0.00428 0.3233303703703704 0.0028817708333333334 0.3745368518518518 0.027490729166666665 0.41729185185185186 0.027770312499999998 0.41928055555555555
2 0.0916428125 0.8905577777777778 0.013388645833333334 0.781995 0.01076 0.8024853703703704 0.08496989583333334 0.9121264814814815 0.0916428125 0.8905577777777778
2 0.5772240625 0.08319925925925925 0.5760495833333333 0.08598333333333333 0.5760495833333333 0.08737537037037038 0.5705684375 0.09015925925925926 0.5693939583333334 0.09433537037037036 0.5690025 0.10477555555555555 0.574875 0.1138237037037037 0.5772240625 0.11521574074074074 0.5807476041666667 0.14096814814814815 0.6073701041666667 0.19943314814814814 0.6195067708333334 0.190385 0.6030635416666668 0.1576724074074074 0.5944503124999999 0.1326161111111111 0.5944503124999999 0.12983203703703705 0.5877947916666666 0.09294333333333332 0.5819221875 0.05257481481481481 0.5737005208333333 0.005245925925925926 0.5666534375 0.00455 0.5772240625 0.0811111111111111 0.5772240625 0.08319925925925925
2 0.44281510416666664 0.004610185185185185 0.42259437499999997 0.13689851851851853 0.413090625 0.2123890740740741 0.4173369791666667 0.2109512962962963 0.43513124999999997 0.10885925925925927 0.4482746875 0.05062351851851852 0.4563629166666666 0.004969814814814815 0.44281510416666664 0.004610185185185185
3 0.125 0.9407407407407407 0.12604166666666666 0.9425925925925925 0.13020833333333334 0.9907407407407407 0.13125 0.9925925925925926 0.13333333333333333 0.9944444444444445 0.134375 0.9944444444444445 0.13749999999999998 0.9925925925925926 0.13749999999999998 0.9907407407407407 0.13854166666666667 0.9777777777777777 0.13958333333333334 0.975925925925926 0.14791666666666667 0.9592592592592593 0.14895833333333333 0.9592592592592593 0.15625 0.9537037037037037 0.15729166666666666 0.9537037037037037 0.171875 0.9537037037037037 0.171875 0.9518518518518518 0.171875 0.9444444444444444 0.17083333333333334 0.9425925925925925 0.16770833333333335 0.9296296296296297 0.16666666666666666 0.9277777777777778 0.16458333333333333 0.924074074074074 0.16354166666666667 0.924074074074074 0.13958333333333334 0.924074074074074 0.13854166666666667 0.9222222222222222 0.12916666666666665 0.9203703703703704 0.125 0.9277777777777778 0.125 0.9296296296296297 0.125 0.9407407407407407
3 0.2635416666666667 0.8166666666666667 0.2635416666666667 0.8185185185185185 0.25937499999999997 0.8370370370370371 0.25937499999999997 0.8388888888888888 0.2604166666666667 0.8481481481481481 0.26145833333333335 0.8481481481481481 0.26458333333333334 0.8481481481481481 0.265625 0.8462962962962963 0.2760416666666667 0.8370370370370371 0.27708333333333335 0.8351851851851853 0.2864583333333333 0.8222222222222222 0.2864583333333333 0.8203703703703703 0.2833333333333333 0.8074074074074075 0.28229166666666666 0.8074074074074075 0.27499999999999997 0.8074074074074075 0.26666666666666666 0.8166666666666667 0.265625 0.8166666666666667 0.2635416666666667 0.8166666666666667
3 0.10416666666666667 0.9944444444444445 0.10520833333333333 0.9944444444444445 0.125 0.9944444444444445 0.125 0.9925925925925926 0.125 0.9888888888888888 0.12395833333333332 0.9870370370370369 0.11979166666666667 0.9777777777777777 0.11875 0.9777777777777777 0.115625 0.9740740740740741 0.11458333333333333 0.9740740740740741 0.10729166666666667 0.9722222222222222 0.10416666666666667 0.975925925925926 0.10416666666666667 0.9777777777777777 0.10416666666666667 0.9944444444444445
3 0.9489583333333333 0.6666666666666666 0.95 0.6685185185185185 0.96875 0.7 0.96875 0.7018518518518518 0.9770833333333334 0.7240740740740741 0.978125 0.7240740740740741 0.9833333333333334 0.725925925925926 0.984375 0.7240740740740741 0.9916666666666666 0.7203703703703703 0.9927083333333334 0.7185185185185184 0.9958333333333333 0.7148148148148148 0.9958333333333333 0.7129629629629629 0.9958333333333333 0.6629629629629629 0.9947916666666666 0.6611111111111112 0.99375 0.6592592592592593 0.9927083333333334 0.6592592592592593 0.9854166666666666 0.6685185185185185 0.984375 0.6666666666666666 0.9760416666666666 0.6555555555555556 0.975 0.6555555555555556 0.9520833333333334 0.6537037037037037 0.9489583333333333 0.6592592592592593 0.9489583333333333 0.6611111111111112 0.9489583333333333 0.6666666666666666
3 0.959375 0.6203703703703703 0.9604166666666666 0.6203703703703703 0.9635416666666666 0.6203703703703703 0.9645833333333333 0.6185185185185185 0.9697916666666666 0.6111111111111112 0.9708333333333333 0.6111111111111112 0.9729166666666667 0.6111111111111112 0.9739583333333334 0.612962962962963 0.9885416666666667 0.6481481481481481 0.9895833333333334 0.6481481481481481 0.9947916666666666 0.6481481481481481 0.9958333333333333 0.6462962962962963 0.9958333333333333 0.5981481481481481 0.9947916666666666 0.5962962962962963 0.9791666666666666 0.5814814814814815 0.978125 0.5814814814814815 0.971875 0.5796296296296296 0.9708333333333333 0.5777777777777777 0.9635416666666666 0.5703703703703704 0.9625 0.5703703703703704 0.9583333333333334 0.5703703703703704 0.9541666666666666 0.5814814814814815 0.9552083333333333 0.5833333333333334 0.959375 0.6203703703703703