2 1 0.2665217152777778 0.8945535162037037 0.2649807175925926 0.7802799166666666 0.26870322916666667 0.6570061805555555 0.28076255092592595 0.6228801550925925 0.28165544675925924 0.5860391851851852 0.2913130972222222 0.4899717476851852 0.29369100694444444 0.38412125694444443 0.2896819375 0.13850080092592593 0.2872542615740741 0.01690825 0.2830081550925926 0.016367574074074073 0.28257235416666665 0.012995289351851853 0.29954833796296293 0.09748644675925926 0.29968462037037036 0.15116073842592592 0.30677047453703704 0.3554195023148148 0.30504378472222227 0.5516689282407408 0.30981236342592594 0.5820898703703704 0.3088943125 0.7840709236111111 0.2874928125 0.8592251805555555 0.2843845972222222 0.9987737175925925 0.28383777083333334 1 0.27789863425925926 1 0.2665217152777778
2 0.8379335069444445 0.9418545416666667 0.6634713958333334 0.9446217546296296 0.4938505810185185 0.9414084490740741 0.005492164351851852 0.9760527569444444 0.0052961875 0.9763586041666668 0.20818970833333333 0.987196087962963 0.43544933564814814 0.9688661689814815 0.6663624884259259 0.962650300925926 0.7616278333333334 0.9620162939814816 0.8299304467592592 0.9640887824074075 0.9780795601851852 0.9613407731481481 0.9787666458333334 0.9416652662037037 0.8379335069444445 0.9418545416666667
2 0.07813487037037037 0.6410609675925926 0.06744419675925926 0.641031599537037 0.06974319212962964 0.6452393958333333 0.10848432638888889 0.6459043472222222 0.2197693703703704 0.6508223865740741 0.22159302777777778 0.6426414629629629 0.19555060185185186 0.6449944467592593 0.18609958333333335 0.6444872175925925 0.1858692662037037 0.6425926087962963 0.09800374305555556 0.6403893888888889 0.09642583564814815 0.6415329328703704 0.09519236111111111 0.6418338194444444 0.07813487037037037 0.6410609675925926
3 0.767462664351852 0.26961063194444446 0.7328805694444444 0.2517261736111111 0.7054105439814814 0.24242848611111112 0.6980076481481482 0.2421699699074074 0.6886449675925925 0.2449699236111111 0.6812057199074074 0.24575244212962963 0.6861035254629629 0.26468490509259257 0.6822566643518518 0.268719775462963 0.6820748958333334 0.27392493749999997 0.6801878171296296 0.2749013402777778 0.6800787569444444 0.2780244375 0.6719415185185185 0.29879477083333333 0.6737268055555555 0.3007332569444444 0.6699890046296296 0.3016450324074074 0.6698799444444444 0.3047681273148148 0.6919432129629629 0.3097078009259259 0.7010150648148148 0.31523610416666664 0.719522300925926 0.3158823912037037 0.7419491087962963 0.3104117430555555 0.7589328055555555 0.30162411342592593 0.7666265300925926 0.29355437037037035 0.7543621828703704 0.2733223587962963 0.7562492592592592 0.2723459560185185 0.7618014305555555 0.2725398425925926 0.767462664351852 0.26961063194444446
3 0.6793186412037037 0.2467288449074074 0.6775042731481482 0.24562318287037038 0.6721702222222222 0.23918310416666666 0.6703558518518519 0.23807744444444445 0.6576189074074074 0.23137884953703705 0.6557681851851852 0.23131422222222223 0.6335594999999999 0.23053867824074073 0.6335231458333334 0.23157971064814814 0.6316360694444444 0.23255611342592594 0.6315997152777777 0.23359714583333333 0.6350466875 0.2410136273148148 0.6350103333333332 0.2420546597222222 0.632577951388889 0.2586465439814815 0.6306908726851852 0.25962294675925923 0.6305818125 0.2627460439814815 0.6286947361111112 0.26372244675925927 0.6151580115740741 0.2799265601851852 0.6652002592592593 0.27958947222222225 0.667087337962963 0.27861306712962963 0.6726395092592592 0.2788069537037037 0.6745265856481482 0.2778305509259259 0.6783007407407408 0.27587774305555557 0.6783370949074075 0.2748367106481482 0.6843618634259259 0.26149718055555554 0.6825474930555556 0.26039151851851855 0.6793186412037037 0.2467288449074074
3 0.594545574074074 0.28650287037037037 0.596432650462963 0.28552646527777775 0.6114565624999999 0.27979730324074076 0.6114929166666667 0.2787562708333333 0.6268076574074074 0.2646988518518518 0.626844011574074 0.26365781944444444 0.6307635810185185 0.25754088425925925 0.6307999351851851 0.25649985185185187 0.6315270069444444 0.23567920833333333 0.6297126365740741 0.23457354861111113 0.6262293125 0.22819809953703704 0.6244149421296297 0.2270924375 0.6154521527777779 0.21844103703703704 0.6136377824074074 0.21733537731481484 0.5954577268518518 0.20731980092592595 0.5936070023148148 0.20725517129629628 0.5752815347222222 0.20140372453703706 0.5734308101851852 0.2013390949074074 0.5345292569444444 0.20102292592592594 0.5326421805555556 0.2019993287037037 0.5214651296296297 0.20369362037037037 0.5195780532407407 0.20467002314814817 0.5045904953703704 0.2093581550925926 0.5045541412037037 0.2103991875 0.4913082453703704 0.21827504398148148 0.4912718912037037 0.21931607407407408 0.4796949513888889 0.2324617199074074 0.47965859953703704 0.2335027523148148 0.47729892361111115 0.24801257407407407 0.4876761944444445 0.2692209884259259 0.48949056481481484 0.2703266481481481 0.5075615578703704 0.28346532175925926 0.5094122824074074 0.2835299490740741 0.5277013981481482 0.29042242824074077 0.5295521203703704 0.2904870578703704 0.5666393032407407 0.28969756712962963 0.5685263796296296 0.28872116435185186 0.594545574074074 0.28650287037037037
3 0.4906142152777778 0.29121191898148147 0.5072707291666666 0.2917935787037037 0.5091578055555556 0.29081717361111115 0.5184114236111111 0.2911403171296296 0.5184477777777777 0.29009928472222224 0.48938150231481486 0.27344974537037037 0.4822694375 0.2648629722222222 0.48063683564814813 0.25855215277777777 0.4788224652777778 0.2574464907407407 0.4771898634259259 0.2511356689814815 0.47537549305555554 0.2500300092592593 0.47595715046296294 0.2333734953703704 0.4704049791666667 0.23317960879629632 0.4685179027777778 0.23415601157407406 0.46111500694444446 0.23389749768518517 0.4592279305555556 0.23487390046296297 0.4555264837962963 0.2347446435185185 0.44431307870370373 0.2374799675925926 0.4254786597222222 0.24620296990740742 0.4139380717592593 0.2583075833333333 0.4114329837962963 0.2769815324074074 0.41324735416666664 0.2780871921296296 0.41491630787037037 0.2833569814814815 0.423879099537037 0.29200838194444445 0.44056469444444446 0.2917572152777778 0.4423863356481481 0.29265466898148146 0.45163995601851853 0.2929778125 0.44784762268518513 0.29545113657407407 0.4696964074074074 0.30653289814814816 0.4731579212962963 0.31353296759259264 0.4768593680555555 0.31366222453703707 0.4786737384259259 0.31476788657407406 0.4861493402777778 0.31294433564814816 0.4897417268518518 0.3161966898148148 0.4952938981481481 0.3163905763888889 0.4990680532407407 0.3144377685185185 0.49725368287037036 0.3133321087962963 0.47697933564814815 0.31022681944444447 0.47758644212962964 0.2928415833333333 0.47947351851851855 0.29186517824074076 0.4887271365740741 0.29218832175925924 0.4906142152777778 0.29121191898148147
3 0.6141004421296296 0.3632737592592593 0.6179473055555555 0.3592388865740741 0.6274190462962963 0.35331583796296295 0.6274917523148148 0.35123377314814813 0.6332256921296296 0.3462225 0.6339164120370371 0.3264428888888889 0.630324025462963 0.32319053472222226 0.6303967314814815 0.3211084722222222 0.6285823634259259 0.3200028101851852 0.6268770532407407 0.3157740532407407 0.6160271851851852 0.30809905555555556 0.5993343194444444 0.3085584305555556 0.5861974837962963 0.3133111898148148 0.5861611296296296 0.31435222222222226 0.5728425277777778 0.3243101412037037 0.5707736828703703 0.3304917060185185 0.5688866041666667 0.3314681087962963 0.5688138981481482 0.3335501736111111 0.5649670347222222 0.3375850439814815 0.564857974537037 0.3407081412037037 0.5629708981481482 0.34168454398148146 0.5529396921296296 0.3408875462962963 0.5482378148148148 0.3390854513888889 0.5520846759259259 0.3350505787037037 0.5522300902777778 0.3308864513888889 0.5541171689814814 0.3299100486111111 0.5562587222222222 0.3216464189814815 0.5581457986111111 0.3206700162037037 0.5582912129629629 0.3165058865740741 0.5546988263888889 0.3132535347222222 0.5454452083333333 0.3129303912037037 0.543630837962963 0.31182472916666665 0.5362279421296297 0.3115662152777778 0.5343408657407407 0.3125426180555555 0.5176843518518519 0.31196096064814816 0.51020875 0.31378450925925927 0.5046565787037037 0.31359062268518517 0.5008824236111111 0.31554343055555556 0.49511212962962964 0.32159573611111114 0.49485765509259255 0.32888296064814815 0.4929705763888889 0.32985936574074076 0.49275245601851847 0.33610555787037033 0.49456682638888894 0.33721121759259254 0.49445776388888885 0.34033431481481485 0.4962721342592593 0.34143997453703706 0.4979047361111111 0.3477507962962963 0.5015334768518519 0.3499621180555556 0.5068311736111111 0.35744322916666665 0.5140886527777778 0.36186587268518516 0.5159393773148148 0.3619305023148148 0.5195681180555556 0.3641418240740741 0.5232695648148148 0.3642710810185185 0.5415950347222223 0.37012252777777777 0.5453328356481482 0.3692107523148148 0.561989349537037 0.36979241203703705 0.5638037199074074 0.37089807175925926 0.5637310115740741 0.3729801365740741 0.5692468287037037 0.3742150555555555 0.5841980347222222 0.3705679560185185 0.5934880069444445 0.36985006712962964 0.606588486111111 0.36613834027777775 0.6122497199074074 0.3632091296296296 0.6141004421296296 0.3632737592592593
3 0.6837735810185186 0.38446822685185184 0.6856606574074073 0.38349182407407406 0.7025352939814815 0.37782728935185184 0.7025716458333333 0.3767862569444444 0.7045314305555556 0.3737277893518518 0.7027170625000001 0.3726221273148148 0.7011935208333333 0.36318821064814816 0.7030805972222223 0.3622118078703704 0.7088872453703703 0.35511846759259263 0.7107743217592593 0.3541420648148148 0.7202097083333333 0.3492600486111111 0.7202460625 0.34821901620370366 0.724347400462963 0.3368969189814815 0.7225330300925926 0.3357912592592593 0.7082361921296296 0.3206997800925926 0.7064218217592592 0.3195941203703704 0.6991643402777777 0.3151714768518519 0.6973136157407408 0.3151068472222222 0.6918705069444444 0.31178986574074075 0.6900197824074075 0.3117252361111111 0.6735086828703705 0.3069794490740741 0.6716579606481482 0.3069148217592592 0.6438243958333333 0.3080274537037037 0.6419373194444444 0.30900385879629627 0.6307239143518518 0.31173918287037033 0.6306875624999999 0.3127802152777778 0.6286914236111111 0.31687971296296297 0.6305057939814815 0.317985375 0.6358398425925926 0.3244254537037037 0.6358034884259259 0.32546648611111106 0.6374360902777778 0.33177730787037035 0.637399738425926 0.3328183402777778 0.6350764166666666 0.3462871273148148 0.6331893379629631 0.34726353240740737 0.627346337962963 0.3553979027777778 0.625459261574074 0.35637430555555555 0.604592349537037 0.3702378402777778 0.6099627523148149 0.37563688657407407 0.6118134768518518 0.3757015138888889 0.6209216805555555 0.38018878703703707 0.6227724027777778 0.38025341435185184 0.6411342268518518 0.38506383101851854 0.6429849513888889 0.38512846064814815 0.6688950833333333 0.3860332615740741 0.6707821597222222 0.3850568587962963 0.6837735810185186 0.38446822685185184
3 0.3861739050925926 0.3104954189814815 0.38432318055555553 0.31043078935185187 0.3696264513888889 0.30679066435185187 0.36777572685185184 0.30672603472222226 0.351119212962963 0.3061443773148148 0.34923213657407404 0.3071207800925926 0.34719964351851856 0.3122613125 0.3580495115740741 0.3199363101851852 0.3599002361111111 0.3200009375 0.3745242569444444 0.3257231273148148 0.37637498148148146 0.32578775694444445 0.3819635069444445 0.3249406111111111 0.38199985879629633 0.3238995787037037 0.38780650694444446 0.31680624074074076 0.38784285879629626 0.3157652083333333 0.3861739050925926 0.3104954189814815
3 0.435304 0.3893413981481481 0.4371910763888889 0.38836499537037034 0.4409652314814815 0.3864121875 0.4410015856481482 0.38537115509259257 0.44132876851851854 0.3760018680555555 0.43951439814814813 0.37489620601851853 0.4304425486111111 0.3693679027777778 0.4285918240740741 0.36930327314814815 0.41563675694444446 0.3688508726851852 0.4138223865740741 0.3677452129629629 0.4009400277777778 0.3652107476851852 0.39905295138888885 0.36618715046296296 0.39342807175925926 0.36807532870370374 0.3933917199074074 0.3691163611111111 0.39331901157407406 0.3711984236111111 0.40239086342592595 0.37672672916666666 0.4042415856481481 0.3767913564814815 0.41164448148148153 0.3770498726851852 0.4135315578703704 0.3760734699074074 0.41726935879629634 0.3751616944444444 0.4190837291666667 0.3762673541666666 0.4297518287037037 0.38914751157407407 0.43160255324074076 0.38921214120370373 0.435304 0.3893413981481481
3 0.40192157638888887 0.33710287962962965 0.3908172337962963 0.3367151087962963 0.38893015740740744 0.33769151157407407 0.38700672685185183 0.3397089467592593 0.38589959490740744 0.3448817939814815 0.39038099074074073 0.3492074930555556 0.3884939143518519 0.3501838958333333 0.3847924652777778 0.3500546388888889 0.38845756018518524 0.35122492824074075 0.3921953611111111 0.3503131527777778 0.39215900694444444 0.3513541851851852 0.3957877476851852 0.35356550694444444 0.38827579166666665 0.356430087962963 0.3836853356481481 0.3552274861111111 0.3845379907407407 0.35734186342592594 0.3826872662037037 0.35727723611111106 0.38257820601851855 0.36040033101851854 0.3843925763888889 0.3615059930555556 0.38805766898148153 0.3626762824074074 0.4010127361111111 0.36312868287037037 0.4028998125 0.3621522800925926 0.4048959513888889 0.35805278009259256 0.4197380949074074 0.35752877777777775 0.42347589583333334 0.35661700231481486 0.4238030787037037 0.347247712962963 0.41476758333333336 0.3406783773148148 0.41106613425925925 0.3405491203703704 0.40192157638888887 0.33710287962962965
3 0.29769938888888886 0.3501401875 0.2995864652777778 0.3491637824074074 0.3108725763888889 0.3443463958333333 0.31272330092592593 0.34441102314814814 0.32941616898148146 0.34395165046296294 0.3313032453703704 0.34297524537037033 0.33522281481481486 0.33685831018518514 0.3334084444444444 0.33575265046296293 0.32241316203703707 0.33224178240740737 0.3205987939814815 0.3311361203703704 0.30786184953703705 0.3244375277777778 0.306011125 0.3243728981481482 0.29120533564814816 0.32385586805555555 0.28931825694444446 0.3248322731481481 0.27059289814814813 0.3304321782407407 0.2705565439814815 0.33147321064814816 0.26670968287037033 0.33550808101851853 0.2666733287037037 0.3365491134259259 0.2664552060185185 0.34279530555555554 0.2681605162037037 0.3470240625 0.26997488657407404 0.34812972453703706 0.273603625 0.3503410462962963 0.275454349537037 0.3504056736111111 0.28652233796296295 0.35183447916666666 0.28833670833333336 0.35294013888888887 0.29196544907407407 0.3551514606481482 0.293852525462963 0.35417505787037035 0.29769938888888886 0.3501401875
3 0.4119022685185185 0.3166053819444445 0.41008789814814817 0.31549971990740744 0.4028304189814815 0.31107707638888893 0.4009796944444445 0.3110124490740741 0.38802462731481485 0.31056004861111114 0.387988275462963 0.31160107870370374 0.3876974444444445 0.3199293356481481 0.3858103680555555 0.32090574074074074 0.37989465972222225 0.3311221759259259 0.3834506921296296 0.33541556018518515 0.3853014166666667 0.33548018981481487 0.39825648379629625 0.33593259027777783 0.4001435601851852 0.3349561875 0.40950624074074077 0.3321562337962963 0.4095425949074074 0.3311152013888889 0.4136075787037037 0.3208341388888889 0.4117932083333333 0.31972847685185185 0.4119022685185185 0.3166053819444445
3 0.03834027546296297 0.40153665972222224 0.03837662962962963 0.40049562731481486 0.042405259259259254 0.3912555972222222 0.04244161342592592 0.3902145648148148 0.03565672916666667 0.3722585046296296 0.033842358796296296 0.3711528425925926 0.028471956018518516 0.3657537962962963 0.026657585648148147 0.3646481342592593 0.013920641203703702 0.35794954166666665 0.01206991898148148 0.35788491203703704 0.008583280092592592 0.4046667291666666 0.010252236111111111 0.40993651851851853 0.010288590277777777 0.40889548611111115 0.02008751388888889 0.3936031481481482 0.021938238425925925 0.3936677777777778 0.029268425925925927 0.3960083564814815 0.029232071759259258 0.3970493888888889 0.0346388287037037 0.40140740277777776 0.03648955092592593 0.40147203240740736 0.03834027546296297 0.40153665972222224
3 0.8210178888888889 0.9646113912037038 0.8192035185185185 0.9635057314814814 0.7803019652777777 0.9631895601851852 0.7784148888888889 0.964165962962963 0.7635363912037036 0.9657309976851851 0.7635000370370371 0.9667720300925926 0.7615766064814815 0.9687894652777778 0.77057575 0.9763998333333334 0.7724264745370371 0.976464462962963 0.7907519421296297 0.9823159097222223 0.7926026666666667 0.9823805393518519 0.8055577337962964 0.9828329398148148 0.8074448101851851 0.981856537037037 0.8206543518518518 0.975021712962963 0.8206907060185186 0.9739806805555555 0.8210178888888889 0.9646113912037038
3 0.7604867106481481 1 0.7605950578703704 0.9968973333333333 0.7587806874999999 0.9957916712962963 0.7552246550925926 0.9914982870370371 0.7534102847222223 0.9903926249999999 0.7425604189814814 0.9827176273148148 0.7407096944444445 0.982653 0.7333795069444444 0.9803124212962963 0.7315287824074075 0.9802477916666666 0.7240895347222222 0.9810303101851852 0.7222024560185185 0.9820067129629629 0.7090292685185184 0.9878005046296296 0.7089929143518519 0.988841537037037 0.7051824074074075 0.9918353750000001 0.7051460532407406 0.9928764074074075 0.7049642847222223 0.9980815671296297 0.7060124490740741 1 0.7604867106481481 1
3 0.7189736064814815 0.968344037037037 0.7134941435185185 0.966068087962963 0.7133850810185185 0.9691911828703703 0.7114980046296296 0.9701675879629629 0.7077965578703704 0.9700383310185186 0.7042405231481481 0.9657449444444445 0.7023534467592593 0.9667213472222222 0.694950550925926 0.9664628333333334 0.6929907662037037 0.969521300925926 0.6872931805555557 0.9734915416666666 0.6871477662037037 0.9776556712962963 0.6852606898148148 0.978632074074074 0.685115275462963 0.9827962037037038 0.6922273402777778 0.991382974537037 0.6940417106481481 0.992488636574074 0.6995938819444445 0.9926825208333333 0.7185737175925927 0.9797953912037037 0.7241258888888888 0.9799892777777778 0.7278636898148149 0.9790775023148148 0.7279000416666667 0.9780364699074074 0.7242713032407407 0.9758251481481481 0.7262674398148148 0.9717256481481482 0.7226750532407408 0.9684732962962963 0.7189736064814815 0.968344037037037
3 0.5069071134259259 0.8858927962962964 0.5050927430555555 0.8847871365740742 0.4960208935185185 0.8792588310185185 0.4941701689814815 0.8791942037037037 0.48110604166666665 0.8818648981481482 0.4810696875 0.8829059305555556 0.47725918055555555 0.8858997708333334 0.47722282638888885 0.886940800925926 0.4770410578703704 0.892145962962963 0.4824478148148148 0.8965039768518518 0.48429853935185185 0.8965686064814814 0.48977800231481483 0.8988445555555555 0.4916287268518519 0.8989091851851853 0.49718089814814814 0.8991030717592593 0.49906797453703705 0.8981266666666667 0.5047655601851851 0.8941564259259259 0.5048019143518518 0.8931153935185185 0.5069071134259259 0.8858927962962964
3 0.4787827199074074 0.8953336875 0.4769319976851852 0.8952690578703704 0.46764202546296296 0.8959869467592592 0.46575494675925927 0.8969633518518518 0.45998465509259256 0.9030156574074074 0.4599483009259259 0.9040566898148148 0.4598028865740741 0.9082208171296295 0.46698765972222217 0.9147255254629629 0.46883838194444444 0.9147901550925925 0.47994272453703707 0.9151779259259258 0.48182980324074076 0.9142015231481482 0.4894144652777778 0.9092548773148148 0.48945081944444446 0.9082138449074074 0.4878909259259259 0.8998209606481481 0.48607655555555557 0.8987152986111111 0.4787827199074074 0.8953336875
3 0.44920749537037036 0.8932585972222222 0.44735677083333336 0.8931939675925926 0.4418773078703704 0.8909180162037037 0.44002658333333333 0.8908533888888889 0.43447441203703707 0.8906595023148148 0.4325873333333333 0.8916359050925926 0.4250026712962963 0.896582550925926 0.4249663171296297 0.8976235833333334 0.4228611180555556 0.9048461805555555 0.4318602615740741 0.912456548611111 0.4337109861111111 0.912521175925926 0.45414165277777774 0.9111500277777778 0.4541780069444445 0.9101089953703704 0.4580248703703704 0.906074125 0.45806122222222223 0.9050330925925926 0.45824299074074076 0.8998279328703703 0.4564286203703704 0.8987222708333333 0.44920749537037036 0.8932585972222222
3 0.4915923726851852 0.8999502175925926 0.49155601851851854 0.90099125 0.49130154398148146 0.908278474537037 0.4930795601851852 0.9104251666666667 0.4949302847222223 0.9104897962962963 0.49678100694444444 0.910554423611111 0.49866808564814813 0.9095780208333333 0.5061436875 0.9077544722222222 0.5061800416666666 0.9067134398148148 0.5064345162037037 0.8994262152777778 0.5045837916666667 0.8993615856481482 0.4915923726851852 0.8999502175925926
3 0.4699620347222222 0.935675425925926 0.46999838657407406 0.9346343935185186 0.4722490023148148 0.9232476689814815 0.4704346319444444 0.9221420069444444 0.4632862106481482 0.9145962685185185 0.46143548842592597 0.9145316388888889 0.4448153287037037 0.912908949074074 0.44292824999999997 0.9138853518518518 0.4354890023148148 0.9146678703703705 0.4336019236111111 0.9156442731481482 0.4298277685185185 0.9175970810185186 0.4297914166666667 0.9186381111111112 0.4259809074074074 0.9216319513888889 0.42594455324074076 0.9226729837962963 0.4257627847222222 0.9278781435185186 0.43668535879629633 0.9334710763888888 0.4366490069444445 0.9345121087962963 0.43653994444444444 0.9376352060185185 0.4383906689814815 0.9376998333333333 0.4495677199074074 0.9360055416666667 0.451382087962963 0.9371112013888889 0.4605993541666667 0.9384753773148148 0.46248643055555555 0.937498974537037 0.4699620347222222 0.935675425925926
3 0.4200255347222222 0.9860466851851852 0.42006188657407406 0.9850056527777779 0.42049813194444446 0.9725132662037036 0.4186837615740741 0.9714076064814814 0.37223389814814817 0.9749970486111111 0.37034682175925926 0.9759734537037038 0.36653631249999996 0.9789672916666666 0.37564451851851854 0.9834545648148149 0.37749524074074076 0.9835191921296297 0.39767143518518516 0.9894352685185185 0.3994858055555555 0.9905409305555556 0.4031145439814815 0.99275225 0.40496526851851855 0.9928168796296296 0.40866671527777776 0.9929461365740742 0.4105537939814815 0.9919697337962964 0.4200255347222222 0.9860466851851852
3 0.3752479398148148 0.941748650462963 0.3733608611111111 0.9427250532407407 0.3639981828703704 0.9455250069444445 0.3639618287037037 0.9465660393518519 0.3600786134259259 0.9516419421296297 0.3693322314814815 0.9519650856481482 0.37121931018518517 0.9509886828703704 0.3953877800925926 0.9487057592592593 0.3972748564814815 0.9477293564814815 0.3991982870370371 0.9457119189814814 0.39738391666666667 0.9446062592592592 0.38820300694444443 0.9422010509259259 0.38635228240740743 0.942136423611111 0.3752479398148148 0.941748650462963
3 0.3555410324074074 0.9754564236111111 0.35365395370370367 0.976432826388889 0.3425132592592593 0.9770860856481481 0.34062618055555555 0.9780624907407407 0.3367066111111111 0.9841794259259259 0.366281837962963 0.9862545162037037 0.36816891435185184 0.985278113425926 0.37187036342592594 0.9854073703703704 0.3719067175925926 0.984366337962963 0.3719794236111111 0.9822842731481481 0.3701286990740741 0.9822196458333333 0.366645375 0.9758441944444444 0.36479465046296294 0.9757795671296295 0.3555410324074074 0.9754564236111111
1 0.7107029467592592 0.27659233333333333 0.7207936851851853 0.29539344675925927 0.8825733819444445 0.2843660925925926 0.8817937662037038 0.2748539236111111 0.8818264861111111 0.2739169953703704 0.8780493564814814 0.2653424513888889 0.8070724490740742 0.26025812962962963 0.7754181342592593 0.2540454583333333 0.6822484074074074 0.22650627314814817 0.6717134907407407 0.2310372037037037 0.7731202592592593 0.26678552546296297 0.7830632731481482 0.2685919652777778 0.7107029467592592 0.27659233333333333
1 0.5471042430555555 0.3609341990740741 0.5510770185185185 0.3745186226851852 0.5629543680555555 0.37399531712962963 0.5621869837962963 0.3429079305555555 0.5715615625 0.3238484884259259 0.5872537199074074 0.3095957893518519 0.6624555671296297 0.2998185046296296 0.6555837662037036 0.2790451944444444 0.6275651296296296 0.28015136574074073 0.5891021319444444 0.2885016134259259 0.48519985648148145 0.29237783796296296 0.4876553680555556 0.31226731712962963 0.5534614861111111 0.3115426435185185 0.5573116527777778 0.3127193958333333 0.5471042430555555 0.3609341990740741
1 0.2546502407407407 0.28818338425925927 0.25557097222222225 0.30426698148148146 0.3372751388888889 0.3046186296296296 0.4118120462962963 0.3085765092592592 0.4142044398148148 0.29312975925925927 0.4173724814814815 0.2926150069444444 0.34525969212962965 0.28822063194444447 0.339508238425926 0.2831209675925926 0.32345156712962964 0.2069933912037037 0.3108811875 0.2061375023148148 0.3204322361111111 0.26692452546296297 0.3148827060185185 0.28257371527777775 0.30898914351851847 0.28684980555555556 0.2546502407407407 0.28818338425925927
1 0.15743038657407407 0.38193090277777775 0.1464741087962963 0.3348531875 0.15392591898148147 0.30717972685185185 0.20141350694444443 0.3057111273148148 0.1984751550925926 0.2890359212962963 0.05263085416666667 0.28415138657407407 0.059310641203703704 0.29981071296296297 0.10906239351851851 0.3024861550925926 0.12102269444444445 0.3101999282407408 0.12915397916666668 0.3267437847222222 0.1478175300925926 0.3812825231481481 0.15743038657407407 0.38193090277777775
1 0.6653184837962962 0.9447904861111112 0.6709420370370371 0.9641652152777778 0.813509900462963 0.9620561435185185 0.8681244259259259 0.9634421736111111 0.8627295694444445 0.9428246689814814 0.8636694722222222 0.9424405717592592 0.7848431828703704 0.9392709768518519 0.7771431805555556 0.9316017453703703 0.7529575277777778 0.9184580046296297 0.7034153124999999 0.8726385925925926 0.6918823287037037 0.8792192731481481 0.7533412222222222 0.9340016967592594 0.7517006851851852 0.9385305347222223 0.6653184837962962 0.9447904861111112