3 0.2874938634259259 0.6645094652777778 0.28580500694444444 0.6657987222222223 0.25974728009259257 0.6799799351851852 0.25989225231481483 0.6810114652777778 0.2667492939814815 0.7031896527777778 0.26506043749999997 0.7044789097222222 0.2594647824074074 0.7178881712962962 0.25960975462962965 0.7189197013888888 0.2603346134259259 0.7240773472222223 0.2586457569444444 0.7253666041666667 0.25160038194444445 0.7284605740740742 0.2517453518518518 0.7294921041666667 0.2518903240740741 0.7305236319444445 0.2538691273148148 0.7312974351851852 0.26955456944444445 0.7364563148148149 0.27138839814814814 0.7361985879629629 0.2808474907407407 0.7369730069444445 0.2828262916666667 0.7377468078703703 0.29696784953703703 0.745226474537037 0.2988016782407407 0.7449687476851852 0.31009460185185184 0.7454854375000001 0.3119284305555556 0.7452277083333334 0.33026672916666666 0.7426504305555556 0.33195558564814814 0.7413611736111112 0.3350433587962963 0.7367195995370371 0.3370221597222222 0.737493400462963 0.35198274074074076 0.7374946365740741 0.3536715995370371 0.7362053773148148 0.3585932013888889 0.7313060787037037 0.3604270300925926 0.731048349537037 0.36945120833333334 0.7287281805555555 0.3693062361111111 0.727696650462963 0.38238218055555556 0.7142880069444445 0.38223721064814814 0.7132564768518519 0.38812280787037035 0.7019102731481481 0.38797783564814814 0.7008787430555555 0.38792703009259255 0.6872111342592592 0.3682331782407407 0.6668370439814815 0.3662543773148148 0.6660632430555556 0.35438156712962965 0.6614204351851852 0.3525477384259259 0.661678162037037 0.3429436736111111 0.6598722152777777 0.3411098425925926 0.6601299421296296 0.32233662962962967 0.6596126342592592 0.32050279861111114 0.6598703634259259 0.2874938634259259 0.6645094652777778
3 0.23853187962962963 0.781840513888889 0.22868867824074074 0.7916391157407406 0.22926856481481483 0.7957652337962963 0.23124736805555557 0.7965390347222223 0.2315373125 0.7986020925925926 0.2216941087962963 0.8084006944444445 0.2231438287037037 0.818715988425926 0.22512262962962964 0.8194897893518518 0.22628240509259256 0.8277420231481482 0.23265372685185184 0.8331580138888889 0.2626256967592593 0.8468280925925926 0.27787622222222225 0.8488923842592593 0.2890241736111111 0.8483775462962962 0.29100297453703705 0.8491513472222222 0.300172125 0.8478627083333333 0.3018609814814815 0.846573451388889 0.31103013194444445 0.8452848101851851 0.31271898842592594 0.8439955532407408 0.3182204768518519 0.8432223703703704 0.32159819444444443 0.8406438541666666 0.34809083564814813 0.8295572314814814 0.3649794143518519 0.8166646597222221 0.37269884259259256 0.8050607268518518 0.37211895370370374 0.8009346087962963 0.3738078125 0.7996453518518519 0.3732279236111111 0.7955192361111111 0.3749167824074074 0.7942299791666666 0.3675048148148148 0.790913775462963 0.3741194375 0.7885565671296296 0.3717273981481482 0.7715363356481482 0.3697485972222222 0.7707625347222223 0.36704493518518516 0.7648310856481482 0.36506613425925927 0.7640572847222222 0.36265241666666664 0.7601888958333334 0.3509245787037037 0.7565776180555555 0.34725691898148153 0.7570930740740741 0.3366888564814815 0.7617340300925926 0.3325862800925926 0.7591548981481482 0.33229633564814814 0.757091837962963 0.32635993055555557 0.7547704351851853 0.31873466898148145 0.7537382893518518 0.2692212638888889 0.7606969444444445 0.25513051388888885 0.7668848842592593 0.23993079398148148 0.7784881990740741 0.23853187962962963 0.781840513888889
3 0.20960318287037036 0.6691448657407407 0.20776935185185186 0.6694025925925926 0.18392956481481482 0.6727530555555555 0.18224070833333333 0.6740423148148148 0.1554581226851852 0.6830658796296296 0.15376926388888887 0.684355136574074 0.13432199537037037 0.6923477916666667 0.1326331388888889 0.6936370486111111 0.11559958796296296 0.7054980902777778 0.11574456018518518 0.7065296203703704 0.10802513194444445 0.718133550925926 0.10817010416666666 0.7191650810185185 0.11077959953703703 0.7377326064814815 0.11275840046296297 0.7385064097222221 0.12550104398148149 0.7493383912037037 0.1274798449074074 0.7501121921296297 0.14345523148148148 0.7573341319444444 0.14528906018518517 0.7570764050925926 0.16604107638888888 0.7583675138888888 0.1678749050925926 0.758109787037037 0.1862132037037037 0.7555325069444444 0.18790206018518518 0.7542432499999999 0.20242772685185187 0.7511498958333334 0.20411658564814814 0.7498606388888889 0.23582077314814814 0.7359377731481481 0.23750962962962963 0.7346485162037036 0.25285432175925926 0.7240767291666667 0.25270934953703705 0.7230452013888888 0.26211763657407405 0.710152011574074 0.26197266435185185 0.7091204814814815 0.26375568981481484 0.6951951458333333 0.256514537037037 0.6835899791666668 0.2545357337962963 0.6828161782407407 0.24801944212962965 0.6763686574074074 0.2460406388888889 0.6755948564814815 0.23614663194444444 0.6717258495370371 0.2343128009259259 0.6719835763888888 0.2265425671296296 0.6699199004629629 0.2247087361111111 0.6701776296296296 0.20960318287037036 0.6691448657407407
3 0.08101829861111111 0.8187042569444444 0.08232304629629629 0.8279880208333333 0.08063418981481482 0.8292772777777778 0.08135904861111111 0.8344349236111112 0.085461625 0.8370140555555556 0.0878753425925926 0.8408824444444444 0.09183294675925925 0.8424300462962963 0.09608049305555556 0.8460407083333332 0.1117659351851852 0.851199587962963 0.11543359490740741 0.8506841319444445 0.13830938425925926 0.8537805717592593 0.1529800208333333 0.85171875 0.15466887962962964 0.8504294930555555 0.1656718587962963 0.848883125 0.1673607152777778 0.8475938680555556 0.17638489351851852 0.8452736967592592 0.19694112962962965 0.8318656689814815 0.1967961574074074 0.8308341412037037 0.20186273148148148 0.8269663680555556 0.20171775925925925 0.8259348402777777 0.2101620486111111 0.8194885532407407 0.21479370601851852 0.8125261944444445 0.2246369074074074 0.8027275925925926 0.2261807939814815 0.8004068055555555 0.2220782175925926 0.7978276736111112 0.22062849999999998 0.7875123819444445 0.21425717824074073 0.7820963912037037 0.2069218587962963 0.7831273032407408 0.20055053703703704 0.7777113101851852 0.2001156226851852 0.7746167222222223 0.19417921527777776 0.7722953194444444 0.19403424537037037 0.7712637893518518 0.1880978402777778 0.7689423865740741 0.18795286805555556 0.7679108564814814 0.17834880324074073 0.7661049097222222 0.1433610648148148 0.7699702106481482 0.13631568981481482 0.7730641805555556 0.12545768287037037 0.7756420787037037 0.1220799675925926 0.7782205925925927 0.10967807638888889 0.7831192754629629 0.08449018055555556 0.8034896643518518 0.084780125 0.8055527222222223 0.08169235416666666 0.8101942962962964 0.0827071574074074 0.817415 0.08101829861111111 0.8187042569444444
3 0.2582752222222222 0.5497507569444444 0.2564413912037037 0.5500084861111111 0.24543841435185185 0.5515548541666666 0.24374955555555555 0.5528441111111111 0.23655920833333333 0.5549065509259259 0.23670418055555556 0.5559380810185185 0.22546206481481482 0.5690889976851852 0.22560703703703702 0.5701205277777778 0.2267668125 0.578372761574074 0.22874561342592592 0.5791465625 0.23328310648148148 0.5848202824074074 0.2352619074074074 0.5855940833333333 0.24317711342592593 0.5886892893518518 0.24501094444444446 0.5884315601851852 0.2620952986111111 0.590238125 0.26392912962962967 0.5899803981481482 0.2785997662037037 0.5879185740740741 0.280288625 0.5866293171296296 0.2891678310185185 0.5832776180555556 0.2908566875 0.5819883611111111 0.3028236643518519 0.5739950902777777 0.3026786921296296 0.5729635601851852 0.3087092638888889 0.5626488865740741 0.3085642916666667 0.5616173564814815 0.3076944583333333 0.5554281805555555 0.3030119953703704 0.5487229328703703 0.30103319444444443 0.5479491319444444 0.2928280439814815 0.5427908680555555 0.29099421296296296 0.5430485949074074 0.2870366111111111 0.5415009930555555 0.2852027800925926 0.5417587222222222 0.2740548310185185 0.5422735601851852 0.2723659722222222 0.5435628171296296 0.2582752222222222 0.5497507569444444
3 0.2099649537037037 0.5386579606481482 0.2098199814814815 0.5376264305555556 0.2075512361111111 0.5347895717592593 0.2057174074074074 0.5350472986111111 0.19625831481481482 0.5342728796296297 0.1944244837962963 0.5345306087962963 0.18158767592592592 0.5363347037037037 0.17989881944444444 0.5376239606481481 0.17454230092592593 0.5394286736111111 0.17468727314814814 0.5404602037037036 0.17386824768518516 0.5479386365740742 0.1721793888888889 0.5492278935185185 0.16909161805555556 0.5538694652777778 0.16740275925925927 0.555158724537037 0.15205806712962963 0.5657305092592593 0.15220303935185184 0.5667620393518519 0.15234801157407407 0.5677935671296296 0.1543268148148148 0.5685673680555555 0.15476172916666667 0.5716619560185185 0.1567405324074074 0.5724357569444445 0.1609880787037037 0.5760464189814815 0.16296687962962964 0.5768202199074074 0.1746947199074074 0.5804314976851852 0.1765285486111111 0.5801737708333333 0.1859876412037037 0.5809481898148148 0.1878214722222222 0.5806904606481482 0.20249210879629628 0.578628636574074 0.20418096759259258 0.5773393796296296 0.21503897453703705 0.5747614837962963 0.21672783101851853 0.5734722268518518 0.22517212037037038 0.5670259398148149 0.22502714814814814 0.5659944097222221 0.23429046296296296 0.5520696921296296 0.2238165671296296 0.5440745694444444 0.2219827361111111 0.5443322962962963 0.19630912037037035 0.5479404884259259 0.19433031944444445 0.5471666875 0.18670505555555555 0.5461345393518519 0.18656008333333335 0.545103011574074 0.1934604861111111 0.540977511574074 0.1952943171296296 0.5407197847222223 0.2099649537037037 0.5386579606481482
3 0.21719866203703703 0.5102918310185185 0.2153648310185185 0.5105495601851852 0.20479676851851852 0.5151905162037037 0.20494174074074073 0.5162220439814815 0.20595654398148147 0.52344275 0.2042676875 0.5247320069444444 0.20103494444444442 0.5283420509259259 0.20286877314814813 0.5280843217592592 0.21063900925925927 0.5301479976851852 0.21078398148148147 0.5311795277777778 0.21107392361111113 0.5332425856481481 0.21305272685185184 0.534016386574074 0.22690433796296294 0.5394329953703704 0.22873816898148147 0.5391752685185186 0.2583693888888889 0.5371146782407408 0.26005824537037037 0.5358254212962963 0.2850070023148148 0.5270595833333334 0.2848620300925926 0.5260280555555555 0.28215836805555555 0.5200966064814815 0.2838472268518518 0.518807349537037 0.2835572824074074 0.5167442916666667 0.2852461412037037 0.5154550347222222 0.29031271296296296 0.5115872638888889 0.29016774074074075 0.5105557337962963 0.28944288194444445 0.5053980879629629 0.28109275925925925 0.4992082939814815 0.27911395833333336 0.49843449305555554 0.25947091203703704 0.49172800925925925 0.2576370810185185 0.4919857384259259 0.24465530092592594 0.49275830555555555 0.24296644444444446 0.49404756250000004 0.2374649537037037 0.49482074537037035 0.2357760972222222 0.49611000231481484 0.21719866203703703 0.5102918310185185
3 0.17882576157407407 0.4767643541666666 0.1771369050925926 0.4780536111111111 0.16348107175925927 0.4873361388888889 0.16362604166666664 0.4883676689814815 0.16068324305555556 0.4940407708333333 0.15899438425925927 0.4953300277777778 0.15392781249999998 0.4991977986111111 0.15407278472222222 0.5002293287037037 0.15325375694444446 0.507707761574074 0.1552325601851852 0.5084815625 0.1620387962962963 0.5169921412037037 0.1638726273148148 0.5167344143518519 0.1733317199074074 0.5175088333333333 0.1750205763888889 0.516219574074074 0.18587858333333335 0.5136416782407407 0.1838997824074074 0.5128678773148148 0.18302994907407408 0.5066787013888889 0.18471880787037037 0.5053894444444444 0.18978538194444444 0.5015216736111111 0.1917641828703704 0.502295474537037 0.20180316435185186 0.5071960092592592 0.2019481365740741 0.5082275393518518 0.20040425 0.510548324074074 0.19857041898148148 0.5108060532407408 0.19321390277777778 0.5126107662037037 0.193358875 0.5136422962962963 0.19915030787037036 0.5149321689814814 0.20083916666666665 0.513642912037037 0.21903249074074072 0.5100341041666666 0.22072134953703704 0.5087448472222222 0.2357760972222222 0.49611000231481484 0.23563112500000002 0.495078474537037 0.23688506712962965 0.4906946296296296 0.2256863101851852 0.4775418587962963 0.22370750925925925 0.47676805787037035 0.21777110416666667 0.4744466550925926 0.21593727314814815 0.4747043819444445 0.20054177546296295 0.47160856018518515 0.19870794675925924 0.47186628703703704 0.1913726273148148 0.4728971990740741 0.1896837685185185 0.4741864560185185 0.17882576157407407 0.4767643541666666
3 0.11025664814814815 0.5211139375 0.10856778935185185 0.5224031944444444 0.09645584259259259 0.5293649351851852 0.0947669837962963 0.5306541944444445 0.0867576111111111 0.5401950671296296 0.08690258333333334 0.5412265972222222 0.09047607638888888 0.5533472199074074 0.0924548773148148 0.5541210208333334 0.10307374768518518 0.5631476736111112 0.1050525486111111 0.563921474537037 0.12990713888888888 0.5677917152777778 0.1317409699074074 0.567533988425926 0.1482454375 0.5652144351851852 0.14993429398148148 0.5639251782407407 0.16219121527777777 0.5579949652777777 0.16388007175925925 0.5567057083333333 0.17188944444444446 0.5471648356481482 0.17174447453703703 0.5461333055555555 0.17116458564814815 0.5420071898148149 0.16450331944444443 0.5345281388888888 0.16252451851851854 0.533754337962963 0.1488178796296296 0.5293692569444445 0.1486729074074074 0.5283377291666667 0.14215661342592592 0.5218902083333333 0.1401778125 0.5211164074074074 0.1229484837962963 0.5182783125 0.12111465509259259 0.5185360393518518 0.11025664814814815 0.5211139375
2 0.6183307106481482 0.6465444791666667 0.5977444768518518 0.6555849074074074 0.5393369675925926 0.671989875 0.49869626388888894 0.6852147754629629 0.4725328541666667 0.6977711319444445 0.4355587662037037 0.711163724537037 0.38514269212962965 0.7325927916666666 0.35979363425925925 0.7423025902777778 0.4291391550925926 0.7346057152777777 0.44552719444444444 0.7302535231481481 0.4797433217592592 0.7145163217592592 0.5353928981481482 0.6957669513888889 0.5826132083333333 0.6775191296296297 0.650076076388889 0.6564265092592593 0.7265942800925926 0.6306460254629629 0.7631309027777777 0.6227790300925926 0.8469817962962963 0.5973341111111111 0.8938584189814814 0.5852818125 0.948409224537037 0.5681416481481482 0.9718475347222223 0.5621154976851852 0.9786154166666667 0.558432224537037 0.9527762152777778 0.5483145694444445 0.9202260787037037 0.5586265925925926 0.8678032037037037 0.572687724537037 0.8221802962962963 0.5867494722222223 0.7957711828703703 0.5923734953703703 0.7856371319444444 0.5928414583333333 0.7337416018518519 0.6106535162037038 0.6879869004629631 0.6237775 0.6790256990740742 0.6291351319444445 0.6512009027777778 0.6385097638888888 0.6183307106481482 0.6465444791666667
2 0.4852082314814815 0.5910879953703704 0.5128037175925926 0.5934823101851853 0.516352775462963 0.5922866365740741 0.5160309953703703 0.5811804166666666 0.4491360787037037 0.5724608449074075 0.3992519490740741 0.5613505625 0.3752055092592593 0.5577604699074075 0.3378560046296296 0.5476764212962963 0.31035656250000004 0.5459654930555555 0.3113171180555555 0.5528002013888889 0.3137809166666667 0.5615144027777778 0.3136848564814815 0.560830912037037 0.3251965046296296 0.5633949004629629 0.34841206712962963 0.5698896226851852 0.36075475925925926 0.5695488495370371 0.4005342708333333 0.5792913819444444 0.45236831250000004 0.5866427708333334 0.4852082314814815 0.5910879953703704
2 0.5714941412037037 0.5753167708333333 0.5435528773148148 0.5724008148148149 0.5270793935185185 0.5736354976851852 0.5272458449074074 0.5793745370370371 0.5320378796296296 0.581582224537037 0.5420341574074075 0.5798172731481481 0.5597276736111111 0.5831799328703704 0.5860975277777778 0.5849568333333334 0.6147376087962962 0.5868866643518519 0.6346482268518518 0.5873297453703704 0.6482303587962962 0.5883020671296296 0.7020980092592592 0.5980187638888889 0.715350236111111 0.601198375 0.7324191550925926 0.6042017569444444 0.7391271689814815 0.6018183194444445 0.7320047083333334 0.5966968148148148 0.7296248263888889 0.5934297777777778 0.6943302777777777 0.5883059236111111 0.6791447013888889 0.5850378541666666 0.6707839699074074 0.5847722962962963 0.6655129328703703 0.583712337962963 0.6525585069444445 0.5826516944444444 0.6282850208333334 0.5784999236111111 0.6186188425925926 0.578057662037037 0.6077963194444445 0.5784982592592592 0.5928094675925926 0.5766428425925926 0.5714941412037037 0.5753167708333333
2 1 0.7266043587962963 0.9744475185185185 0.7368955347222221 0.9518124351851852 0.7449378518518519 0.9517286851851852 0.7443419375 0.9072768194444444 0.756435826388889 0.8703930624999999 0.7652432013888889 0.8494222523148148 0.7696577592592592 0.8361295717592592 0.7726544050925925 0.817857875 0.7756563402777777 0.7367157453703704 0.7857579699074074 0.7141953287037036 0.7902251597222223 0.6979464699074074 0.7899045902777778 0.6845060625 0.7930955625 0.6624043680555555 0.8005421180555556 0.6343303611111111 0.814904349537037 0.6082269930555555 0.8268194444444444 0.5840348148148148 0.8358617384259259 0.5688628611111111 0.8432024143518518 0.5863399930555556 0.8442203912037037 0.6336341203703704 0.8228106921296297 0.6483928101851852 0.8188911388888889 0.677147400462963 0.8056231712962962 0.6993279074074074 0.8000453958333333 0.7282818796296296 0.7959761805555556 0.7495595231481481 0.7917556018518518 0.7979855648148148 0.7861799675925926 0.8376630393518518 0.780603662037037 0.858207548611111 0.7789466250000001 0.8737901226851852 0.7747791643518518 0.8911786087962962 0.7692824305555556 0.9111476342592592 0.7636969444444445 0.9351336712962963 0.7582934375 0.9561571736111111 0.7522632199074074 0.9720796157407408 0.7449800115740741 0.9874802962962964 0.7417098263888889 1 0.7362117685185184 1 0.7266043587962963
3 0.19682331018518517 0.4584564074074074 0.19880211111111112 0.45923020833333333 0.21897423842592592 0.45639520138888884 0.22066309722222222 0.45510594444444447 0.22389584027777779 0.451495900462963 0.22375086805555555 0.45046437037037035 0.2227360648148148 0.4432436666666667 0.21863348842592595 0.4406645347222222 0.21679965972222223 0.4409222615740741 0.20917439583333333 0.4398901157407408 0.20734056712962962 0.4401478449074074 0.19648256018518517 0.4427257407407407 0.1947937013888889 0.4440149976851852 0.19228581944444445 0.4527826875 0.19426462037037037 0.45355648842592594 0.19682331018518517 0.4584564074074074
3 0.1948953148148148 0.47135021527777776 0.19672914351851853 0.4710924861111111 0.20802206712962962 0.47160917592592594 0.21000086805555557 0.47238297916666666 0.22554133796296297 0.4765103287037037 0.22737516898148147 0.47625260185185186 0.23229676851851852 0.4713533009259259 0.2256355046296296 0.46387425 0.22365670370370372 0.46310044907407405 0.2178652685185185 0.4618105740740741 0.21603143981481482 0.4620683032407407 0.19600428472222223 0.46593484027777776 0.19431542592592593 0.46722409722222225 0.19262656944444445 0.4685133541666667 0.19277154166666666 0.4695448842592593 0.1948953148148148 0.47135021527777776
3 0.6546811550925925 0.802247326388889 0.656514986111111 0.801989599537037 0.6721496203703703 0.7934808726851851 0.6720046481481482 0.7924493425925926 0.6732585902777778 0.7880654976851852 0.6626397222222222 0.7790388449074074 0.6608058935185185 0.779296574074074 0.6517817152777778 0.7816167430555555 0.6500928587962963 0.782906 0.6433374259259259 0.7880630277777777 0.6434823981481481 0.7890945578703703 0.6464760046296296 0.7970890648148148 0.6484548055555556 0.7978628657407407 0.6546811550925925 0.802247326388889
3 0.7039987800925926 0.7805895347222221 0.7058326111111112 0.7803318078703704 0.7210831365740741 0.782396099537037 0.7229169652777778 0.7821383726851852 0.7265846250000001 0.7816229166666666 0.7264396527777778 0.7805913865740741 0.7309263402777778 0.7725974976851852 0.7285126226851851 0.7687291087962963 0.7265338194444445 0.7679553078703704 0.7225762152777777 0.7664077060185185 0.7207423865740741 0.7666654328703705 0.7043828912037037 0.7700165138888889 0.7026940324074075 0.7713057731481482 0.699606261574074 0.7759473449074074 0.6997512337962962 0.7769788750000001 0.7039987800925926 0.7805895347222221