2 0.9670647106481481 1 0.9677666481481482 0.9866062245370371 0.9659718518518519 0.9854690671296297 0.927027224537037 0.9855142592592593 0.9251233935185185 0.9864575787037038 0.8786724791666666 0.9881955740740741 0.8768231643518518 0.9880986574074073 0.8029051226851851 0.9831816805555555 0.8010012939814815 0.984125 0.7673865416666666 0.9886219027777777 0.7654827106481482 0.9895652245370371 0.7523194467592593 0.99304775 0.7504701342592592 0.9929508333333333 0.7244161875 0.9947146921296296 0.7225123564814815 0.9956580115740741 0.718759212962963 0.9965044143518519 0.7169098981481482 0.9964074953703703 0.6295862384259259 1 0.9670647106481481 1
3 0.9680937476851852 0.9803647893518518 0.9699975787037037 0.9794214699074074 0.9756127916666666 0.8722768425925926 0.9738179930555555 0.8711396851851851 0.9422161064814815 0.8726127893518518 0.9403122754629629 0.8735561087962963 0.9290528425925926 0.8760953171296296 0.927149011574074 0.8770386365740741 0.9195336898148149 0.8808119189814815 0.9194791736111112 0.8818521597222222 0.9078926388888888 0.890632800925926 0.9078381226851852 0.8916730393518518 0.9038123958333334 0.8977206365740741 0.9037578773148148 0.898760875 0.9028310949074074 0.9164449398148149 0.9144678935185185 0.9420891087962963 0.9162626921296296 0.9432262662037038 0.9214835347222222 0.9497584560185186 0.9232783310185185 0.9508956134259259 0.949982224537037 0.9721139328703704 0.951777023148148 0.9732510902777778 0.9625458055555556 0.9800740347222222 0.9643951203703703 0.9801709537037037 0.9680937476851852 0.9803647893518518
3 0.44668424074074076 0.597343074074074 0.44662972453703703 0.5983833125000001 0.44461686111111115 0.601407111111111 0.4552766111111111 0.6103105347222223 0.45712592592592594 0.6104074537037036 0.4721385046296296 0.6070218449074074 0.4721930208333333 0.6059816064814816 0.4707253240740741 0.5986030138888888 0.468930525462963 0.5974658564814815 0.463600650462963 0.5930141435185186 0.46175133564814813 0.5929172268518519 0.44668424074074076 0.597343074074074
3 0.9010823125 0.9851976388888889 0.9140275115740741 0.9858760694444444 0.9159313402777778 0.9849327476851852 0.927027224537037 0.9855142592592593 0.9289310555555557 0.9845709375 0.9418762523148148 0.9852493680555555 0.9437800833333333 0.9843060462962963 0.949328025462963 0.9845968009259259 0.9512318564814815 0.9836534814814816 0.9605329421296296 0.9830978333333333 0.9624912893518519 0.9811142731481481 0.9249095787037037 0.955153488425926 0.9214835347222222 0.9497584560185186 0.9178939398148148 0.9474841412037037 0.916208175925926 0.9442665046296297 0.9126185810185184 0.9419921898148148 0.9056029421296296 0.9343228425925927 0.8908084305555556 0.9335474953703703 0.8833021412037037 0.9352402986111111 0.8759048842592593 0.934852625 0.8730785231481482 0.918014962962963 0.8712837245370371 0.9168778055555555 0.8710656597222223 0.921038761574074 0.8599152592592593 0.9214974907407407 0.8580114282407407 0.9224408101851852 0.8524634861111111 0.9221500555555556 0.8546399004629629 0.9160055393518518 0.8433804652777778 0.9185447453703703 0.8395182893518518 0.9214716273148148 0.8394637708333333 0.9225118657407407 0.8431078842592592 0.9237459421296296 0.8360162199074074 0.9263731851851852 0.8290120856481481 0.9361763009259259 0.8329345300925927 0.9409454143518519 0.8310307013888889 0.9418887337962963 0.8255100162037037 0.9410778587962964 0.8254282407407407 0.9426382175925926 0.8220079490740742 0.9459794189814815 0.8178674351851852 0.9453712615740741 0.814059775462963 0.9472579027777778 0.8185058819444444 0.9508809768518518 0.8119378773148148 0.9523621805555555 0.8150038125 0.9557825347222222 0.8115017453703705 0.9606840925925927 0.8132965416666667 0.96182125 0.8128058935185185 0.9711834027777777 0.8146006898148147 0.9723205601851852 0.8143281064814815 0.9775217546296296 0.8179177013888889 0.9797960717592593 0.8196034652777777 0.9830137060185186 0.8270007222222223 0.9834013796296296 0.828904550925926 0.9824580601851851 0.8326031805555556 0.9826518958333333 0.8343979768518518 0.9837890532407407 0.8768776805555555 0.9870584166666667 0.8787815115740741 0.9861150972222221 0.8843294537037037 0.9864058518518518 0.8862332847222222 0.9854625300925925 0.8991784814814815 0.9861409606481482 0.9010823125 0.9851976388888889
3 0.48156913194444445 0.8870658634259259 0.4797743333333333 0.8859287060185186 0.46329405787037037 0.8819357222222223 0.46144474305555555 0.8818388032407407 0.45399297222222224 0.8824913703703703 0.4539384537037037 0.8835316087962963 0.4498036944444444 0.8916596851851851 0.4532297384259259 0.8970547175925927 0.45502453703703705 0.898191875 0.45872316435185184 0.8983857106481481 0.46051796064814815 0.8995228680555556 0.4640530393518518 0.9028374236111111 0.46590235416666664 0.9029343402777777 0.4827642453703704 0.899645650462963 0.4828187615740741 0.898605412037037 0.48156913194444445 0.8870658634259259
3 0.2651487199074074 0.9221653124999999 0.26708872222222224 0.9237552731481481 0.2698639351851852 0.927227775462963 0.27239784027777775 0.9273009074074074 0.2743130324074074 0.9271386273148148 0.2811934421296296 0.9285423101851852 0.2824853333333333 0.9293609398148148 0.28471985185185184 0.9278611435185184 0.28477436805555556 0.9268209050925926 0.2867872314814815 0.9237971041666667 0.28684174768518517 0.9227568657407408 0.2800986921296296 0.9098863240740741 0.2782493773148148 0.9097894050925925 0.2709066388888889 0.9083614907407408 0.2690028078703704 0.9093048125000001 0.2614965185185185 0.9109976157407408 0.2614420023148148 0.9120378564814815 0.257208599537037 0.9148793564814816 0.25833357175925925 0.9155922314814815 0.26203553935185186 0.9192006111111112 0.26427688657407405 0.9209815 0.2651487199074074 0.9221653124999999
3 0.2783275069444444 0.9340722939814815 0.28024608333333334 0.9333995949074074 0.28141088194444447 0.9315691921296296 0.28088198842592593 0.9301754351851851 0.2794275787037037 0.9293441157407407 0.27053163425925925 0.9280146319444443 0.2683297777777778 0.9272741111111111 0.2632705763888889 0.921723287037037 0.26045580092592596 0.920120236111111 0.2572800138888889 0.919528425925926 0.2572800462962963 0.919527800925926 0.2540506087962963 0.9199596898148149 0.2521928564814815 0.9208800787037037 0.25084562962962964 0.9232262222222223 0.2521314236111111 0.9268892638888888 0.2518761388888889 0.9332606782407408 0.25440165972222223 0.9359317222222222 0.26973818981481484 0.9376027060185186 0.27449152083333334 0.9368461689814814 0.27795874537037035 0.935468449074074 0.2783275069444444 0.9340722939814815
3 0.6634823541666667 0.2112853310185185 0.6530406689814815 0.19822095138888887 0.6404225717592593 0.19130108796296297 0.6311214837962963 0.1918567361111111 0.6252464421296297 0.19780741435185187 0.6250828935185185 0.20092813194444445 0.6231790625 0.20187145370370368 0.6230155138888889 0.20499216898148148 0.6211116828703703 0.20593549074074075 0.6209481319444444 0.20905620833333333 0.619044300925926 0.20999952777777778 0.6188807523148149 0.2131202453703704 0.6169769212962962 0.21406356712962962 0.6168133703703703 0.21718428472222223 0.6149095416666667 0.21812760416666668 0.6147459907407408 0.22124832175925924 0.6128421597222222 0.22219164120370372 0.6020188587962962 0.21640893518518517 0.6021824097222223 0.21328821990740743 0.6040862407407408 0.21234489814814814 0.6042497893518518 0.20922418055555556 0.6061536203703703 0.20828086111111113 0.6065897546296297 0.19995894675925927 0.5976157662037037 0.19427315972222223 0.5957664537037037 0.19417624074074075 0.5882601643518518 0.19586904629629628 0.5843434699074074 0.19983616435185184 0.5818944722222222 0.2111818773148148 0.5925542245370371 0.2200853009259259 0.5953009351851852 0.2207507986111111 0.5981566828703704 0.21933581712962963 0.6000059953703704 0.21943273611111114 0.6020041689814816 0.22553525694444443 0.6107747800925927 0.22625568055555553 0.6106112291666667 0.22937639814814814 0.6087074004629629 0.2303197175925926 0.608543849537037 0.23344043518518517 0.6102841296296296 0.23561783333333336 0.613873724537037 0.23789214814814816 0.6212164652777779 0.2393200601851852 0.6230112615740742 0.2404572175925926 0.6340526296296296 0.2420789675925926 0.6359564583333333 0.24113564583333333 0.6508600046296296 0.2398305162037037 0.6546676643518519 0.237943875 0.6605427060185185 0.23199319444444444 0.6606517407407407 0.2299127175925926 0.6664722662037037 0.2250022777777778 0.6668538819444444 0.21772060416666666 0.6650590833333333 0.21658344675925925 0.6634823541666667 0.2112853310185185
3 0.6465616944444444 0.2510793101851852 0.6462891111111111 0.25628050462962965 0.638510238425926 0.2631745046296296 0.6201806481481482 0.25908460185185184 0.6182223009259259 0.26106816203703703 0.6199080648148148 0.2642857986111111 0.6283390115740741 0.2626414537037037 0.6384012060185185 0.2652549837962963 0.6401960023148149 0.2663921412037037 0.6400324513888889 0.2695128587962963 0.6417727337962963 0.2716902546296296 0.6454168449074075 0.27292433101851854 0.6601568402777778 0.2747399166666667 0.6658683310185185 0.27190995601851853 0.6664134976851851 0.2615075648148148 0.6628784189814815 0.25819300925925925 0.6630419699074074 0.2550722916666667 0.6612471712962963 0.2539351342592593 0.6596159236111111 0.24967725925925924 0.6559172962962962 0.2494834236111111 0.6540134652777778 0.25042674305555557 0.6465616944444444 0.2510793101851852
3 0.5912415740740741 0.2805160856481481 0.5912960902777777 0.27947584722222224 0.5990204467592593 0.27362208564814816 0.599074962962963 0.27258184722222223 0.5955398842592593 0.26926729398148147 0.5936905694444445 0.269170375 0.5751974305555555 0.26820118981481483 0.5734026342592592 0.2670640324074074 0.5368524884259259 0.25680375231481484 0.5350031736111112 0.25670683333333333 0.5220034583333333 0.2570686435185185 0.5219489421296296 0.2581088819444445 0.519718011574074 0.26529363657407407 0.521403775462963 0.26851127314814816 0.5232530902777778 0.26860819212962966 0.5449542083333333 0.27913336574074077 0.5468035231481482 0.2792302824074074 0.5654602106481481 0.27707875 0.567309525462963 0.2771756689814815 0.5821040370370371 0.2779510162037037 0.5838988333333334 0.2790881736111111 0.5912415740740741 0.2805160856481481
3 0.5845070185185185 0.1967154490740741 0.586410849537037 0.19577212731481483 0.5940261712962963 0.1919988449074074 0.5940806898148148 0.19095860648148147 0.5907091597222222 0.18452333333333332 0.5889143634259258 0.18338617592592593 0.5835299722222222 0.1799747037037037 0.5816806574074074 0.17987778472222224 0.5687354606481482 0.1791993564814815 0.5668316296296296 0.18014267824074073 0.5423544143518518 0.18720465046296297 0.5494245717592593 0.19383375925925925 0.5493700532407407 0.1948739976851852 0.5525780324074074 0.20442998611111113 0.5544273472222222 0.20452690509259258 0.5562221435185185 0.2056640625 0.5580714583333334 0.20576098148148148 0.5784139120370371 0.20682708333333333 0.5803177430555555 0.20588376388888888 0.5845070185185185 0.1967154490740741
3 0.5368064722222222 0.18691389583333334 0.5240793425925926 0.18207450925925925 0.520380712962963 0.18188067361111113 0.5058042685185185 0.17694436805555555 0.5022146736111112 0.17467005324074075 0.5154869722222222 0.1691070486111111 0.5246245069444444 0.17167211805555557 0.5282141018518518 0.17394643287037037 0.535502326388889 0.17641458564814816 0.5410502662037037 0.1767053402777778 0.5412683333333334 0.17254438425925928 0.5377877731481482 0.1681895902777778 0.5324033796296296 0.16477811805555553 0.5305540671296296 0.16468119907407408 0.5215255625 0.16003565046296298 0.506731050925926 0.15926030324074072 0.5048272199074074 0.160203625 0.5047181875 0.16228410185185183 0.49784650694444443 0.1636624675925926 0.4908657986111111 0.16712131018518517 0.4895420601851852 0.16879042824074075 0.4786097268518518 0.16508820138888888 0.4711034375 0.16678100462962964 0.4710489189814815 0.16782124537037038 0.46528291203703703 0.17169144675925926 0.4629429490740741 0.18095667824074077 0.48480761574074077 0.18836113425925927 0.4901920069444444 0.1917726087962963 0.49367256944444443 0.19612740046296295 0.4935090185185185 0.19924811805555556 0.4916051898148148 0.20019143981481483 0.49144163888888887 0.20331215740740738 0.48948329166666665 0.20529571527777776 0.49486768287037036 0.2087071875 0.4967169976851852 0.20880410648148148 0.5043323194444445 0.20503082407407408 0.5044413541666667 0.20295034722222222 0.5122747430555555 0.1950161064814815 0.5179862337962963 0.19218614583333335 0.5198355486111111 0.1922830648148148 0.5236432083333333 0.1903964212962963 0.5292456666666667 0.1896469375 0.5368064722222222 0.18691389583333334
3 0.511725324074074 0.24088354629629627 0.5136291550925927 0.23994022453703703 0.5156965347222222 0.23587618749999997 0.5139017384259259 0.23473903009259262 0.4977485625 0.2245046111111111 0.4958992476851852 0.22440769444444444 0.4922006203703703 0.22421385648148148 0.49029678935185184 0.22515717824074072 0.4826814675925926 0.22893046064814815 0.4826269513888889 0.22997069907407408 0.47876477314814814 0.23289757870370373 0.4787102569444444 0.23393781944444444 0.4747935625 0.2379049375 0.47473904629629626 0.23894517824074074 0.474302912037037 0.2472670902777778 0.48148210185185186 0.2518157199074074 0.4833314166666667 0.2519126388888889 0.4907286712962963 0.2523003125 0.4926325023148148 0.25135699074074075 0.5075905648148148 0.24901162268518517 0.5057957662037037 0.24787446527777776 0.4986165763888889 0.24332583333333332 0.5005204074074074 0.24238251388888887 0.511725324074074 0.24088354629629627
3 0.2262300138888889 0.6285565023148147 0.22438069907407407 0.6284595833333333 0.21883275694444446 0.6281688287037037 0.21692892824074073 0.6291121481481482 0.21127195138888888 0.6309018703703703 0.21121743518518518 0.6319421111111111 0.21094485185185186 0.6371433055555555 0.23096020601851852 0.6444508425925926 0.23280952083333334 0.6445477615740741 0.23835746296296295 0.6448385162037037 0.24026129166666668 0.6438951967592593 0.2422196388888889 0.6419116365740741 0.2422741574074074 0.6408713981481482 0.2371623472222222 0.6322587291666666 0.23536755092592593 0.6311215717592593 0.2262300138888889 0.6285565023148147
3 0.4428220648148148 0.6002699537037037 0.4410272662037037 0.5991327962962963 0.43738315509259257 0.5978987199074074 0.4355338402777778 0.5978018032407407 0.4206848125 0.5980666944444444 0.4187809814814815 0.599010013888889 0.41306949074074073 0.6018399768518519 0.41301497453703706 0.6028802152777778 0.412687875 0.609121650462963 0.42166186111111115 0.6148074375 0.4235111759259259 0.6149043564814816 0.4327577453703704 0.615388949074074 0.43466157638888886 0.6144456273148149 0.4403185509259259 0.6126559050925926 0.4403730671296296 0.6116156666666667 0.44630262499999995 0.6046247476851853 0.4445078287037037 0.6034875902777778 0.4428220648148148 0.6002699537037037
3 0.4325477546296296 0.5871645902777778 0.43484858564814816 0.587810474537037 0.4377190810185185 0.5882760300925926 0.44247416203703704 0.5884201944444444 0.446503375 0.588158625 0.44858242592592595 0.5876898125 0.4507437083333333 0.5874352847222222 0.4542554236111111 0.5863586412037036 0.4571644861111111 0.584304949074074 0.45808221064814814 0.5828297083333334 0.4585646666666667 0.5807537800925926 0.45842524999999995 0.5780674884259259 0.4563356736111111 0.5751739537037037 0.4534570787037037 0.5730795972222222 0.45134814814814816 0.5723387291666666 0.4478228425925926 0.5718913240740741 0.44679027777777774 0.5719947175925926 0.44484285879629626 0.571735150462963 0.4435444027777778 0.5715619583333333 0.4411148587962963 0.5715922430555556 0.4374333865740741 0.5723448703703704 0.4347791828703703 0.5730987638888889 0.4317221458333333 0.5744093171296296 0.4293854837962963 0.5762304606481481 0.4293464490740741 0.5823217638888889 0.4296365393518518 0.5839128773148148 0.43038954166666665 0.5855807175925926 0.4315426365740741 0.5867442222222222 0.4325477546296296 0.5871645902777778
3 0.3392152175925926 0.06494728240740741 0.3374204189814815 0.063810125 0.33203602777777774 0.06039865277777778 0.330186712962963 0.060301733796296296 0.31729603240740745 0.05858306712962963 0.31539220138888885 0.05952638657407408 0.31158454166666666 0.06141302777777778 0.31153002314814815 0.06245326851851852 0.3109848587962963 0.07285565972222223 0.321699125 0.08071884259259259 0.32354843981481485 0.08081576157407407 0.33094569444444444 0.08120343518518519 0.332849525462963 0.08026011342592593 0.34225964583333335 0.07762398842592592 0.342314162037037 0.07658375 0.3443815416666667 0.07251971296296296 0.34258674537037037 0.07138255555555556 0.3392152175925926 0.06494728240740741
3 0.3092990925925926 0.06963802314814814 0.3093536111111111 0.06859778472222222 0.30799494675925926 0.05913871296296296 0.30620014814814817 0.058001555555555556 0.30081575694444446 0.05459008333333334 0.29896644212962964 0.05449316435185185 0.28417193055555556 0.05371781712962963 0.282268099537037 0.05466113888888889 0.27846043981481483 0.05654778009259259 0.2784059236111111 0.05758801851851852 0.27628402546296293 0.0626922962962963 0.27780624074074073 0.06903064814814815 0.27960103703703704 0.07016780555555556 0.284930912037037 0.07461951851851853 0.28678022685185184 0.0747164351851852 0.2978761111111111 0.07529794675925927 0.2997799398148148 0.0743546273148148 0.30538239814814816 0.07360514351851852 0.30543691666666667 0.07256490277777777 0.3092990925925926 0.06963802314814814
3 0.3013566712962963 0.07965274074074075 0.2995073587962963 0.07955582175925927 0.29575421296296295 0.08040222453703703 0.29385038194444446 0.08134554398148149 0.2899882037037037 0.08427242592592592 0.2899336875 0.08531266435185186 0.2897701388888889 0.08843338194444444 0.29678577777777776 0.09610272916666666 0.2986350925925926 0.09619964814814815 0.3023337199074074 0.0963934837962963 0.3042375509259259 0.09545016435185184 0.31000355787037037 0.09157996296296297 0.3100580740740741 0.09053972222222223 0.31223448842592594 0.08439520601851852 0.31043969212962963 0.08325804861111112 0.3013566712962963 0.07965274074074075
3 0.27519369212962963 0.0834970763888889 0.2732898634259259 0.08444039814814815 0.2695367175925926 0.08528680092592593 0.2694822013888889 0.08632703935185185 0.26719675462962966 0.09455203472222223 0.27791102083333336 0.1024152175925926 0.2797603356481482 0.10251213657407408 0.2910197685185185 0.09997293055555555 0.291074287037037 0.09893268981481482 0.2931416666666667 0.09486865277777777 0.29134686805555554 0.09373149537037039 0.2862895763888889 0.08407858796296297 0.2844402638888889 0.08398166898148149 0.27519369212962963 0.0834970763888889
3 0.25860438425925925 0.08158457175925926 0.25675506944444443 0.08148765509259259 0.2475085 0.08100306249999999 0.2456046689814815 0.08194638194444445 0.24157894212962963 0.08799397916666667 0.25229321064814814 0.09585716435185185 0.25414252314814817 0.09595408333333334 0.2596904652777778 0.09624483796296296 0.26159429629629627 0.09530151851851852 0.2654019583333333 0.0934148773148148 0.2654564745370371 0.09237463657407406 0.26404329398148146 0.08395580555555557 0.26224849537037037 0.08281864814814816 0.25860438425925925 0.08158457175925926