2 0.3024619722222222 0.8652818240740741 0.31107009490740745 0.8573523356481482 0.32141489351851854 0.8575932777777778 0.33276724305555555 0.872259974537037 0.36190453240740744 0.8672866458333333 0.375868025462963 0.8716385717592593 0.390633349537037 0.8636201342592592 0.4136133981481482 0.8587355740740741 0.43052394907407404 0.857581111111111 0.4508051134259259 0.8593699930555556 0.4789650902777777 0.8594843703703704 0.4985019675925926 0.8577716643518519 0.5242686064814814 0.8498548101851852 0.5848488449074074 0.8442978518518518 0.647501587962963 0.8517202939814815 0.6716495138888888 0.8587872361111111 0.7191133425925926 0.865778201388889 0.7381540046296295 0.8617309837962963 0.765058361111111 0.8462525324074074 0.7903288865740741 0.8360011435185185 0.8088732291666667 0.8296194351851852 0.8351361875000001 0.8240370717592592 0.8535928287037037 0.8140142152777777 0.8512721527777778 0.799867761574074 0.850367462962963 0.7988400648148148 0.8350181828703703 0.8008826620370371 0.8169700162037037 0.8095987013888889 0.7875845555555556 0.8134049791666667 0.7629706736111111 0.8235166041666666 0.7362992430555556 0.8304057847222223 0.707978900462963 0.8327654791666667 0.6733257708333333 0.8279314884259259 0.6502428981481481 0.8194181689814815 0.6392414791666666 0.8193166064814815 0.6250299143518518 0.8137976041666667 0.6178650601851852 0.7994608217592593 0.6123644027777778 0.7994100277777777 0.610249474537037 0.8120593125 0.6034201134259258 0.811418925925926 0.5465316134259259 0.8060834513888889 0.5357934837962963 0.8169056736111111 0.5051826666666667 0.8246321967592593 0.47217854861111114 0.8243276689814815 0.4529624027777778 0.8210922291666667 0.43367373379629626 0.8239721689814815 0.40164693055555556 0.8185799328703703 0.3766093935185185 0.8202418472222222 0.3631421527777778 0.8182246134259259 0.3305464722222222 0.816613087962963 0.3123954189814815 0.8119314513888889 0.28389952777777777 0.8070086921296296 0.26452311805555556 0.8062473009259259 0.22015153240740742 0.7815193449074074 0.21126504166666665 0.7687685000000001 0.20698984027777778 0.7647974375 0.1925300300925926 0.7581110208333334 0.18195230555555555 0.7664593518518518 0.1605909675925926 0.7563601157407407 0.1526143402777778 0.7578585162037037 0.14136637037037036 0.7568470324074075 0.11025270601851851 0.7487601365740741 0.049394263888888894 0.7336365347222222 0.04258034027777778 0.7338648865740741 0.05060752314814815 0.7748578449074074 0.08756614583333333 0.784081761574074 0.10136933796296296 0.7909075578703703 0.12674272453703703 0.7940542314814815 0.1451417824074074 0.7999031458333333 0.18135618518518518 0.8056252708333334 0.2200516273148148 0.8230197777777777 0.249131375 0.833918400462963 0.27049271296296296 0.844017636574074 0.29078899305555556 0.85556325 0.3024619722222222 0.8652818240740741
2 0.2903805208333333 0.8568700671296297 0.253246349537037 0.8403636944444445 0.23993933564814812 0.8358722291666667 0.1916737800925926 0.8412516064814816 0.127707875 0.8341082870370371 0.07729699074074074 0.8326237083333333 0.06161186111111111 0.8298577199074074 0.07052844907407407 0.8621218703703704 0.09647067592592592 0.8614876504629629 0.1132934837962963 0.8566918611111112 0.1358801412037037 0.8628706666666667 0.14950788657407407 0.8624139861111111 0.16620049074074075 0.8796053680555554 0.18146202777777778 0.8739214421296296 0.19491422685185184 0.8661823055555556 0.2252920162037037 0.8670450763888888 0.28283749305555556 0.8633533587962964 0.2903805208333333 0.8568700671296297
2 0.6008273634259259 0.8775009282407408 0.6219103935185186 0.8669196273148148 0.6336560347222223 0.8705229791666667 0.6439705717592593 0.8512508425925925 0.6168756875 0.8496902685185185 0.5683043425925925 0.8697741805555554 0.5473091180555555 0.8839966087962963 0.525993162037037 0.9031671851851852 0.4963022152777778 0.9216779305555556 0.49614184953703705 0.9241520046296297 0.4470168865740741 0.9577735185185184 0.45410897685185186 0.9782255439814814 0.47034786805555556 0.9674540925925926 0.48225393749999995 0.9685831689814814 0.49144587500000003 0.966629363425926 0.49971814583333335 0.9538912893518519 0.5215303171296296 0.9370552268518518 0.5421170300925926 0.9241394328703704 0.5491638796296296 0.9153218101851851 0.5489157708333333 0.9141545532407407 0.5688459398148148 0.9013785046296297 0.6008273634259259 0.8775009282407408
2 0.7821082199074074 0.7230706620370371 0.7631552986111111 0.7307592083333333 0.7512643726851851 0.7393864791666667 0.7489738958333333 0.7447533078703704 0.6743727245370371 0.7618302685185185 0.6669023194444444 0.7621981597222223 0.6643486180555556 0.756641 0.6592564699074074 0.7552835717592593 0.6521218796296296 0.7604598680555555 0.6523699884259259 0.7616271226851852 0.6378527731481481 0.7708128171296296 0.6122463981481482 0.7762556203703703 0.5969848587962964 0.7819395462962964 0.5846703796296296 0.7821170856481481 0.5671183263888889 0.7931676574074075 0.5461957638888889 0.8012748657407407 0.524032662037037 0.8035457916666666 0.5049754143518519 0.8027368194444444 0.4998121111111111 0.8025942523148147 0.49601957175925926 0.802848886574074 0.45786402314814817 0.8054106296296296 0.4324181134259259 0.808379337962963 0.41609152083333334 0.8155096412037037 0.4553406203703703 0.8193667291666666 0.46486851157407405 0.8222214861111111 0.49171538888888894 0.8226147824074075 0.5281627152777778 0.8197476365740741 0.543336511574074 0.8104223796296296 0.5558113564814815 0.8077707708333334 0.5853723425925926 0.8112473333333333 0.6033478472222222 0.8086465162037036 0.6274806944444444 0.8059569074074074 0.6475864097222223 0.8004633125 0.6500371504629631 0.7926224328703704 0.6777735347222221 0.7842868958333333 0.6905692523148148 0.7766872986111111 0.7319332800925926 0.7678951018518518 0.7607347199074075 0.7581131875000001 0.7758358935185186 0.7549033356481482 0.7767255023148147 0.7461744814814815 0.7854213263888888 0.741886138888889 0.7821082199074074 0.7230706620370371
2 0.1482839212962963 1 0.15209768981481483 0.9972808495370371 0.18056331712962964 0.9826905300925927 0.2019820949074074 0.9769178356481482 0.20279904166666665 0.9743042013888888 0.22256880787037037 0.9640020416666667 0.24109807175925924 0.9478637847222222 0.2561992430555555 0.9446539305555556 0.26285280324074073 0.9468996527777778 0.26890711805555556 0.9334130254629629 0.30064053472222224 0.9083681736111111 0.33269462037037034 0.8783753773148149 0.3280834675925926 0.8695957523148148 0.3183074699074074 0.865573738425926 0.3000112337962963 0.8731227037037037 0.2849251412037037 0.8860891064814815 0.2233252939814815 0.922362048611111 0.20823924074074074 0.9353286342592592 0.19307466203703705 0.945168210648148 0.17418521064814815 0.9462268310185186 0.17256639583333333 0.9612106481481482 0.15936234490740742 0.9701172222222222 0.13261835416666667 0.9831216018518518 0.09799552546296296 0.9978008703703704 0.09851709722222222 1 0.1482839212962963 1
2 0.5449766574074074 0.5746183055555556 0.5453311087962963 0.5762858657407407 0.5390787569444444 0.590686037037037 0.5284910046296296 0.6077504374999999 0.5158501643518518 0.624379974537037 0.5117438055555555 0.6235099050925925 0.5083982592592593 0.6216068611111111 0.508327136574074 0.6315515555555555 0.4946638773148148 0.6515400300925925 0.47598885879629627 0.6720663333333333 0.46153475231481483 0.6916954537037037 0.45029005092592594 0.7010568171296296 0.4426826087962963 0.7113879560185185 0.43889566898148147 0.7208470092592593 0.4267588611111111 0.7287152962962963 0.42314213194444444 0.7372366157407407 0.4103142986111111 0.7505104027777777 0.3830096111111111 0.7650283217592593 0.3660793865740741 0.7721580046296296 0.35342875 0.7787672777777778 0.3334346388888889 0.7854117060185186 0.32420705555555557 0.795810238425926 0.31511516435185183 0.8081538032407407 0.33478328935185186 0.8118723101851851 0.3384900046296296 0.8017898333333333 0.3426526111111111 0.7992295416666666 0.35271736111111107 0.7913972893518518 0.357312 0.7853443703703704 0.36491431249999995 0.7787401828703703 0.3854906527777778 0.7767007013888888 0.3857824282407407 0.7757672337962963 0.38906533564814816 0.7750694282407408 0.4155464675925926 0.758983662037037 0.4284380347222222 0.7527578611111111 0.4478737291666666 0.7311984189814815 0.4515521388888889 0.7208309699074074 0.46630888657407404 0.707237486111111 0.4798876273148148 0.6904085925925926 0.48736975925925924 0.6748755740740741 0.5048776736111111 0.6580831481481482 0.5231052384259259 0.6515944074074075 0.516288837962963 0.6425864374999999 0.5275746898148148 0.621887849537037 0.5289815925925926 0.6215888032407407 0.5408617569444444 0.6059924027777778 0.5436021643518519 0.5958243333333334 0.5587435902777778 0.5655922777777778 0.5674121643518518 0.5210505231481481 0.5701827962962963 0.49257632175925925 0.5732236597222222 0.4492307754629629 0.5749634282407408 0.4366612337962963 0.5648965925925926 0.4492578472222222 0.5619163240740741 0.45599128703703706 0.5606454560185186 0.46846115972222224 0.5613543194444445 0.47179610185185183 0.5605115023148148 0.4955034699074074 0.5609285902777777 0.4997718773148148 0.5550003217592593 0.5341455833333333 0.5501030601851852 0.5526147847222223 0.5504055972222223 0.5586504444444444 0.5485296921296297 0.5590491805555555 0.5449766574074074 0.5746183055555556
2 0.7475004606481482 0.6718678564814815 0.7715114143518519 0.6510788148148149 0.7688639722222221 0.6455415810185186 0.757262400462963 0.6553222291666666 0.7447687337962963 0.6497919212962963 0.7454884212962963 0.6600957870370371 0.7403404351851852 0.6681612523148148 0.7299925856481481 0.688660462962963 0.7239174583333333 0.7038944143518518 0.7151018842592592 0.7292962546296295 0.715946923611111 0.7448021805555556 0.7160095601851851 0.7474030300925926 0.7193442800925927 0.7423371481481481 0.7243561296296297 0.7221008773148149 0.7300249953703704 0.7095674444444445 0.738529287037037 0.7103741527777778 0.7351729814814815 0.7015019791666667 0.7391430648148147 0.6902010810185186 0.7475004606481482 0.6718678564814815
2 0.535813462962963 0.6838030925925926 0.545378912037037 0.6782130949074074 0.5659666111111111 0.6609436273148148 0.5681300208333333 0.6475905509259259 0.5891002731481482 0.6262384398148149 0.6185676111111111 0.6048585208333334 0.6275697013888889 0.6025005393518519 0.6308556365740741 0.5991345416666667 0.6305733425925927 0.5907471712962963 0.637256474537037 0.5786562314814815 0.6386866898148148 0.5747954305555555 0.6309603935185185 0.5702133564814814 0.6272807986111111 0.5705509490740741 0.6221181828703705 0.5792064236111111 0.6083407013888888 0.5956148564814815 0.5876051180555556 0.6074384745370371 0.5680705023148148 0.6284854328703703 0.5612064236111111 0.6397255856481481 0.5330689375 0.6697147361111111 0.5117049884259259 0.6880382615740741 0.4910214282407408 0.7013265902777778 0.47984491898148146 0.7099265810185186 0.4712365277777778 0.7153131481481482 0.4647495810185185 0.7189150138888889 0.45758234722222224 0.7275520555555555 0.43756362962962964 0.7451451111111111 0.4220802152777778 0.7546605625 0.3978658958333333 0.7678103194444444 0.38872049305555556 0.7742000925925926 0.3652714421296296 0.7791843425925926 0.3583379236111111 0.7842149050925926 0.3500063032407407 0.7944332199074075 0.3387393935185185 0.8026078958333334 0.3348050810185185 0.8123360624999999 0.3661347847222223 0.8150133472222222 0.37628479861111114 0.8004071944444445 0.38563749537037034 0.7926393981481481 0.3970906689814815 0.7888711736111111 0.4117339166666667 0.7777558101851851 0.47683688194444446 0.738131099537037 0.508627511574074 0.7100331898148148 0.5263812685185185 0.6982566689814815 0.5331604675925926 0.6901468263888889 0.535813462962963 0.6838030925925926
2 0.5014083541666666 0.7431339513888888 0.5255157407407407 0.7188921875 0.5690419027777778 0.6954132222222222 0.5793627013888889 0.6945532430555557 0.5879600486111111 0.6820554259259259 0.5934104791666667 0.6853429467592592 0.5959785949074075 0.682129525462963 0.5951008958333334 0.6756470162037037 0.6066335717592592 0.6651930162037037 0.6516681180555556 0.6111607384259259 0.6592444907407407 0.5962123842592594 0.6605147615740741 0.5857167013888889 0.6596050555555556 0.5779072222222222 0.6575420439814814 0.5787904467592593 0.6284319189814815 0.6183227685185185 0.6163943194444444 0.6311073055555555 0.603612275462963 0.6462729143518519 0.5924412916666667 0.6584285300925926 0.5717632523148148 0.6752724837962963 0.5577153726851852 0.6844828032407407 0.5455762847222222 0.6897305972222222 0.5317677453703704 0.6988900416666667 0.5230954375 0.7016226458333333 0.5164596550925926 0.7057006759259259 0.5085105833333333 0.711836349537037 0.49981727314814817 0.7203530486111112 0.49005543749999997 0.7344321620370371 0.4832443703703704 0.7412151921296297 0.469904125 0.7461272361111112 0.46608598148148145 0.7510866712962964 0.4612474837962963 0.7565609814814814 0.44749195601851854 0.7612633032407408 0.43627791666666665 0.7649806967592592 0.4276165509259259 0.7748245717592593 0.41859359953703706 0.7829668101851852 0.40782612962962966 0.7852555046296296 0.40056293287037037 0.7899114259259259 0.3915928888888889 0.7935965625 0.38598370370370366 0.8036807337962962 0.37457140277777773 0.8142666643518518 0.3894085138888889 0.8127339166666666 0.40352573148148146 0.8097332083333334 0.40690759027777773 0.8103481481481482 0.41745668287037035 0.8023260486111111 0.4286862037037037 0.7892689328703704 0.445222599537037 0.7835309907407407 0.45613337962962963 0.7772105046296296 0.46672000462962965 0.7740710023148147 0.47400965046296295 0.7671862476851852 0.4799970555555556 0.7694703842592593 0.4850427824074074 0.7626182499999999 0.4936511736111111 0.7572316805555555 0.5014083541666666 0.7431339513888888
2 0.6283458402777777 0.6979242222222223 0.6300417800925926 0.6917839166666667 0.6379323541666666 0.6865499259259259 0.6500229675925925 0.6693082638888889 0.6499480046296296 0.6595430486111111 0.6493470763888889 0.6578922847222223 0.6223419699074073 0.6849731898148148 0.6169554560185185 0.6843396342592593 0.6108997384259259 0.6958526851851852 0.6013606759259259 0.6992140509259259 0.5898809097222222 0.7052109490740741 0.5835747685185185 0.7096634398148148 0.5727015578703704 0.7208667037037038 0.5658055717592593 0.7307798657407408 0.5604940162037038 0.7399115254629629 0.5579204814814814 0.739569300925926 0.5529066990740741 0.7477486087962963 0.5420388703703704 0.7625073379629629 0.5340578935185185 0.7673160185185185 0.5218978425925926 0.7783480902777777 0.5149114537037037 0.7878359375 0.4949457083333333 0.8009716875 0.5040382037037037 0.7990390185185186 0.5119982152777778 0.8000146180555555 0.5179161805555555 0.796089164351852 0.5358717453703703 0.7793791712962963 0.5489249374999999 0.7654897060185185 0.5596174444444445 0.7534357939814815 0.5686294537037037 0.7381822847222222 0.5787904097222222 0.7306874027777778 0.5920564143518519 0.7189755370370371 0.6060137893518518 0.7093399259259259 0.6242516481481482 0.7010173032407407 0.6283458402777777 0.6979242222222223
2 0.251098212962963 0.876713537037037 0.2579100671296296 0.8670744143518518 0.24323776620370371 0.8664125300925926 0.22518209259259261 0.8715105115740741 0.21184431944444443 0.8837970810185185 0.16614103935185187 0.9155650138888889 0.14511626620370371 0.9200339675925926 0.13092671990740742 0.9299811388888889 0.09116809259259259 0.9396922268518518 0.08582514814814815 0.939567775462963 0.08911150231481482 0.9533614837962964 0.11043015509259259 0.9469398703703704 0.12794352314814816 0.9476279305555556 0.14689618055555556 0.9467499328703703 0.15428155555555556 0.9514811481481481 0.1611309398148148 0.9386833449074075 0.18107749537037035 0.922471775462963 0.20950173842592593 0.9044582199074074 0.2229677476851852 0.8927744560185185 0.2360726273148148 0.8943995717592592 0.251098212962963 0.876713537037037
3 0.4501518287037037 1 0.44810588425925924 0.9672972546296296 0.44772086342592593 0.9654858703703704 0.4424667222222222 0.9457772175925926 0.4410627962962963 0.9441824074074074 0.4367148587962963 0.9337472499999999 0.43531093287037037 0.9321524398148149 0.4236945092592592 0.9175825787037036 0.4226756041666667 0.9177991527777778 0.41744492361111113 0.9132312986111111 0.4164260208333333 0.9134478726851852 0.4115803634259259 0.9106914027777777 0.41056145833333335 0.9109079768518519 0.39794959259259255 0.9116954884259258 0.3905684050925926 0.9170508541666668 0.3899345231481482 0.9190788148148149 0.3849761666666667 0.9258124143518519 0.3843422847222222 0.927840375 0.3754679351851852 0.9562318032407406 0.37585295601851854 0.9580431875000001 0.37313337731481483 1 0.4501518287037037 1
3 0.3839484513888889 0.3448113032407407 0.385352375 0.3464061134259259 0.3926443263888889 0.36568161805555555 0.39404825000000004 0.36727642592592596 0.40081901851851853 0.3790898194444445 0.4022229421296296 0.3806846296296296 0.42187789814814813 0.4030119652777778 0.42289680324074075 0.4027953912037037 0.43947158564814814 0.4106316527777778 0.4404904884259259 0.41041507870370375 0.45742683101851855 0.4049219236111111 0.45806071296296297 0.4028939652777778 0.46670966435185185 0.3934826805555556 0.4673435462962963 0.39145471990740743 0.47379506481481487 0.36168505787037036 0.47341004398148145 0.3598736736111111 0.47171033333333334 0.33183660879629634 0.47132531250000004 0.33002522453703703 0.4670900740740741 0.31009999537037036 0.4656861481481481 0.30850518518518516 0.4612020509259259 0.29241930092592594 0.459798125 0.29082449074074074 0.45583521064814814 0.2822007175925926 0.4544312847222222 0.2806059074074074 0.4456227106481481 0.26922566435185186 0.44460380555555556 0.2694422384259259 0.4303156921296296 0.2573334837962963 0.429296787037037 0.2575500601851852 0.41552985648148144 0.2529034189814815 0.4145109537037037 0.25311999305555555 0.40330301157407406 0.2555023148148148 0.387272875 0.2702689652777778 0.3866389907407407 0.27229692361111113 0.38156793518518517 0.28852059722222223 0.38195295601851853 0.2903319814814815 0.37980244907407407 0.3002552013888889 0.3801874722222222 0.30206658796296293 0.3803470949074074 0.3228581134259259 0.38073211574074073 0.3246695 0.3839484513888889 0.3448113032407407
3 0.4176238078703704 0.45314000694444445 0.4180088310185185 0.45495139120370376 0.43071454398148146 0.5147270787037037 0.43211846990740743 0.5163218888888889 0.44629388657407404 0.537920712962963 0.44731278935185187 0.5377041388888889 0.46019697916666663 0.5482180833333333 0.46121588194444446 0.5480015092592593 0.47357888888888894 0.5510533402777779 0.47459779166666666 0.5508367662037037 0.4827490231481481 0.5491041689814815 0.4833829050925926 0.5470762083333333 0.49445468518518515 0.5390431597222223 0.4950885671296297 0.5370152013888889 0.5021974305555555 0.5203583773148148 0.5018124097222222 0.5185469930555556 0.507108863425926 0.4833431782407407 0.5067238425925926 0.4815317939814815 0.5054091550925927 0.45530611111111113 0.5050241319444444 0.4534947268518518 0.49822990509259263 0.42654053472222225 0.4968259791666667 0.42494572685185183 0.4942669884259259 0.4179167638888889 0.4928630625 0.4163219537037037 0.4846883703703704 0.40291375 0.4832844467592593 0.40131894212962965 0.47626481944444443 0.39334489351851853 0.4752459143518518 0.3935614675925926 0.47040025694444443 0.3908049976851852 0.45514016203703705 0.40919441666666667 0.4541212592592593 0.4094109907407407 0.4378187986111111 0.4128761851851852 0.4364148726851852 0.4112813773148148 0.4281274814814815 0.40736324537037033 0.4271085787037037 0.40757981944444444 0.42303296296296294 0.4084461180555556 0.42239908101851853 0.4104740787037037 0.4176238078703704 0.45314000694444445
3 0.4537219953703704 0.5628469467592593 0.4530881134259259 0.5648749050925926 0.4533604375 0.5761763611111111 0.45272655324074074 0.5782043217592593 0.4514587893518518 0.582260238425926 0.4518438125 0.5840716226851852 0.4523649953703704 0.5915337361111112 0.45376891898148153 0.5931285462962963 0.4624413333333333 0.5988580601851852 0.4634602361111111 0.598641486111111 0.4754382222222222 0.5998819328703704 0.476457125 0.5996653587962962 0.48766506712962965 0.597283037037037 0.48829894907407406 0.5952550787037038 0.4979668032407407 0.5856272199074074 0.4986006851851852 0.5835992592592593 0.504305625 0.5653476273148148 0.5039206018518518 0.5635362430555555 0.505686087962963 0.5518016388888889 0.5053010648148148 0.5499902523148148 0.5054137638888888 0.5405001828703704 0.5050287430555556 0.5386887962962963 0.5023335925925926 0.5260091064814815 0.49649249074074076 0.5386100092592593 0.495473587962963 0.5388265856481481 0.4851718518518519 0.5504824027777778 0.4841529467592593 0.5506989791666667 0.46746546527777777 0.5523527893518518 0.46606153935185185 0.5507579791666667 0.4508906828703704 0.5445165277777778 0.45025680092592596 0.5465444861111111 0.4537219953703704 0.5628469467592593
3 0.37983974305555557 0.5709782106481481 0.38124366898148143 0.5725730208333333 0.3845727013888889 0.5832247523148149 0.38597662731481486 0.5848195625 0.39172849074074073 0.5968495300925926 0.39313241666666665 0.5984443402777778 0.4078055509259259 0.6123644768518518 0.4088244560185185 0.6121479027777779 0.41813075 0.6158494583333334 0.4191496550925926 0.6156328842592592 0.4334143078703704 0.6126008379629629 0.4340481898148148 0.6105728796296297 0.44079549305555554 0.6072454722222221 0.44142937499999996 0.6052175138888889 0.4480405185185185 0.5962393773148148 0.4486744004629629 0.5942114189814816 0.4524542314814815 0.5669028657407408 0.45206921064814815 0.5650914791666667 0.4489890370370371 0.5506004050925926 0.4475851111111111 0.5490055949074074 0.4464300462962963 0.5435714421296297 0.44502612037037037 0.5419766319444445 0.4304656851851852 0.5185664212962963 0.42906175925925927 0.5169716111111111 0.4238310787037037 0.5124037569444444 0.42281217592592596 0.5126203310185186 0.4091814050925926 0.5136244189814815 0.4077774791666667 0.5120296087962962 0.3903199537037037 0.510060650462963 0.38459155324074074 0.5131714814814815 0.38395767129629627 0.5151994421296296 0.3783654328703704 0.5239610023148148 0.3777315509259259 0.5259889606481482 0.3757172037037037 0.5415629097222222 0.37610222685185185 0.5433742939814815 0.37598952777777783 0.5528643657407407 0.37637454861111114 0.55467575 0.37983974305555557 0.5709782106481481
3 0.3612413935185185 0.4083277592592593 0.36481928935185187 0.41514014814814815 0.36853334259259257 0.4276032638888889 0.3703222916666667 0.4310094583333334 0.37695689583333336 0.43717212268518524 0.3791308657407408 0.4423897013888889 0.38372766203703707 0.44898551620370375 0.3847465671296297 0.4487689398148148 0.39176619444444444 0.4567429884259259 0.39278509722222227 0.4565264143518519 0.40120865046296295 0.4660952731481482 0.40363147916666664 0.46747350925925923 0.4042653611111111 0.4654455486111111 0.40630316898148144 0.46501240046296294 0.40922371759259263 0.4587119490740741 0.4090875578703703 0.4530612199074074 0.4103553217592592 0.44900530092592594 0.4117357847222222 0.43545931250000003 0.4076367083333334 0.4211848101851852 0.4002320601851852 0.41139937731481485 0.39984703703703706 0.40958799305555554 0.3952502407407408 0.4029921805555556 0.39817078935185185 0.39669172685185183 0.39434403472222224 0.3937186828703703 0.39230622685185185 0.39415183101851853 0.3856950833333333 0.40312996759259256 0.3781777361111111 0.4028346064814815 0.3777927152777778 0.4010232199074074 0.3796943611111111 0.3949393425925926 0.378154275462963 0.38769380555555555 0.370885787037037 0.38355909953703704 0.37226624999999997 0.3700131111111111 0.37736076851851846 0.3689302384259259 0.377994650462963 0.36690227777777773 0.3800324583333334 0.36646912962962963 0.37362325231481486 0.34132632175925925 0.36979649768518513 0.33835327546296295 0.3671248078703704 0.3408143842592593 0.3680263194444444 0.3470597222222222 0.36420425694444447 0.34711483796296294 0.3623026111111111 0.35319871527777774 0.3612837083333333 0.3534152893518519 0.3597670833333333 0.36131055092592596 0.3623260740740741 0.3683395138888889 0.3653827847222222 0.36768978935185187 0.36678671064814816 0.369284599537037 0.3657724976851852 0.3725293333333333 0.3684629583333333 0.3821808657407408 0.366425150462963 0.3826140138888889 0.365021224537037 0.3810192060185185 0.35890780324074073 0.38231865277777777 0.35816122222222224 0.3938366828703704 0.3612413935185185 0.4083277592592593
3 0.3605982916666666 0.2399675787037037 0.35933052777777774 0.24402349768518516 0.3588328055555556 0.25170218518518517 0.36075791435185184 0.2607591064814815 0.36216184027777776 0.2623539166666667 0.3652420138888889 0.27684499305555554 0.36664593749999996 0.2784398009259259 0.368186025462963 0.28568534027777776 0.3695899513888889 0.28728015046296296 0.37035999305555556 0.2909029189814815 0.3721489398148148 0.2943091134259259 0.37737962037037037 0.2988769675925926 0.378398525462963 0.29866039351851853 0.3803001712962963 0.29257651620370373 0.37991514814814814 0.2907651319444444 0.3846011851851852 0.27273007407407407 0.38229105555555554 0.2618617662037037 0.394517900462963 0.2592628703703704 0.3951517824074074 0.257234912037037 0.39820849305555556 0.25658518750000003 0.39884237499999997 0.2545572291666667 0.4171826435185185 0.25065888425925925 0.42100939583333336 0.25363192824074077 0.4240661087962963 0.2529822060185185 0.4254700347222222 0.2545770138888889 0.4285267453703704 0.25392729166666667 0.4299306712962963 0.25552209953703703 0.4315834560185185 0.2532775671296296 0.42286412037037036 0.21726645138888886 0.4178823009259259 0.20885925462962962 0.4171122569444445 0.2052364861111111 0.413534363425926 0.19842409722222223 0.4107265115740741 0.19523447685185186 0.4039557453703704 0.18342108564814816 0.3997439699074074 0.1786366550925926 0.3963022361111111 0.17747499537037037 0.39349438425925926 0.174285375 0.3848219722222222 0.1685558611111111 0.3617323009259259 0.17015058101851852 0.36100216435185184 0.17172569444444447 0.3595982384259259 0.17013088425925926 0.35654152777777776 0.1707806087962963 0.35590764583333334 0.17280856712962964 0.34852645833333334 0.17816393287037038 0.3456059097222222 0.18446438657407407 0.3445870046296296 0.18468096064814812 0.3426853587962963 0.19076483796296295 0.3416664560185185 0.19098141203703703 0.34067101388888893 0.20633878703703704 0.34144105555555554 0.20996155555555554 0.34055831481481486 0.2158288587962963 0.3428684444444445 0.22669716435185186 0.34427237037037034 0.22829197453703706 0.34542743518518515 0.2337261273148148 0.3496392106481481 0.23851055787037037 0.35065811342592595 0.23829398148148148 0.35255976157407404 0.23221010416666665 0.36046212962962965 0.23431685185185186 0.3605982916666666 0.2399675787037037
3 0.6554888101851852 0.12427641203703704 0.6561226921296296 0.1222484513888889 0.6601748449074074 0.10624135416666666 0.659789824074074 0.1044299699074074 0.6580008773148148 0.10102377546296297 0.6569819722222222 0.10124034953703703 0.651117412037037 0.0987004537037037 0.6448912893518518 0.10948997453703704 0.6442574074074074 0.11151793287037037 0.6418580393518518 0.12528049768518518 0.6422430625 0.12709188194444443 0.6495584722222222 0.16150818749999998 0.6501923541666668 0.15948022685185187 0.6522301620370371 0.1590470787037037 0.6518451412037037 0.15723569444444443 0.6554888101851852 0.12427641203703704
3 0.6164746828703704 0.10606399305555556 0.6174935879629629 0.10584741898148148 0.6287015277777778 0.10346509722222222 0.6283165069444444 0.10165371296296295 0.6300819930555556 0.0899191087962963 0.6311008958333333 0.08970253240740741 0.6366931342592592 0.08094097222222223 0.636308113425926 0.07912958796296296 0.6292650254629629 0.05601473842592593 0.6278610995370371 0.05441993055555555 0.6208414722222222 0.04644588194444444 0.6198225694444445 0.04666245601851852 0.617784761574074 0.047095604166666666 0.6095208310185185 0.05831827314814815 0.6085019282407408 0.05853484953703703 0.6023885046296296 0.059834296296296295 0.6017546226851851 0.061862256944444444 0.5968197268518518 0.0837366574074074 0.5972047500000001 0.08554804166666666 0.5987448356481481 0.09279357870370371 0.6001487615740742 0.0943883888888889 0.6164746828703704 0.10606399305555556
3 0.5867903125 0.10669393055555555 0.5911147893518519 0.10198828935185185 0.5925187152777778 0.10358309953703702 0.5932887569444445 0.10720586805555556 0.614347638888889 0.1311280138888889 0.6156154027777778 0.1270720949074074 0.6163619837962963 0.11555406481481481 0.614436875 0.10649714351851852 0.6081872916666667 0.10214586342592592 0.6061494837962963 0.10257901157407406 0.6013038263888889 0.09982254166666665 0.598495974537037 0.09663292361111112 0.5945330601851851 0.08800915046296297 0.5893023796296296 0.08344129629629629 0.5859968078703703 0.08793036342592593 0.5874007337962963 0.0895251736111111 0.5881707777777778 0.09314794212962962 0.5857479467592592 0.09176970601851853 0.5832124189814815 0.09988154398148147 0.5801557083333333 0.1005312662037037 0.5795218263888889 0.10255922685185184 0.5787752453703704 0.11407725694444444 0.581085375 0.12494556250000001 0.5824893009259259 0.1265403726851852 0.5832593425925926 0.1301631412037037 0.5888750439814815 0.13654238194444443 0.5929506597222222 0.13567608333333334 0.5935845416666666 0.13364812268518517 0.5926783379629629 0.12437462731481481 0.591274412037037 0.12277981712962963 0.5867903125 0.10669393055555555
3 0.6383459212962963 0.07869643750000001 0.6397498472222223 0.0802912476851852 0.6541741226851853 0.09805073148148148 0.655193025462963 0.09783415509259259 0.6594048032407407 0.10261858564814814 0.6604237060185185 0.10240201157407407 0.6614426087962962 0.10218543518518519 0.6620764907407407 0.10015747685185186 0.6683026134259259 0.08936795601851852 0.6679175925925925 0.08755657175925925 0.6706785185185185 0.06046459259259259 0.6702934976851852 0.05865320833333333 0.6705188958333332 0.039673064814814814 0.6694999930555555 0.039889638888888884 0.6664432800925927 0.04053936342592593 0.662888849537037 0.04886777546296296 0.6618699444444445 0.04908434953703704 0.6472437314814814 0.0654458101851852 0.6462248287037037 0.06566238425925926 0.6401114074074074 0.06696183333333333 0.6387074814814815 0.06536702314814814 0.6324578981481481 0.06101574305555556 0.6328429189814815 0.06282712731481481 0.6383459212962963 0.07869643750000001
3 0.615322125 0 0.6201218587962963 0.015142365740740741 0.6202479236111111 0.017656842592592592 0.6198445185185185 0.025366412037037038 0.6193321898148149 0.025838430555555555 0.6144692592592592 0.025056856481481482 0.60693575 0.019397261574074072 0.6063973449074075 0.018785652777777776 0.6044173148148148 0.018117349537037038 0.5991114166666667 0.015251777777777777 0.5966929699074074 0.015402712962962964 0.5928808101851851 0.014760912037037036 0.5924206990740741 0.017399983796296297 0.5935974351851853 0.020054254629629627 0.5977319513888889 0.039505625 0.5982965347222223 0.04120084259259259 0.6000117777777777 0.04446670138888889 0.6055653587962964 0.04945796990740741 0.6066160925925926 0.049597560185185185 0.6146267152777777 0.047894849537037036 0.6159205810185185 0.047256900462962964 0.6244607754629631 0.040359078703703706 0.6258284490740741 0.04006837037037037 0.6263407777777777 0.03959635185185185 0.6280706689814815 0.028226372685185182 0.6277815949074074 0.02730977777777778 0.627717863425926 0.026206324074074076 0.6288312314814816 0.023601437500000003 0.6286197592592593 0.019724196759259262 0.6276635972222222 0.01426537037037037 0.6276476365740741 0.012425710648148148 0.6279202060185185 0.0115536875 0.6279510023148148 0.011529724537037036 0.6232561273148148 0.003947942129629629 0.622348462962963 0.0015995972222222223 0.6214383958333334 0 0.615322125 0
3 0.5882802453703704 0.0746905462962963 0.589663662037037 0.07776756712962962 0.5921230578703703 0.07698562268518519 0.5977330833333333 0.07112543287037038 0.5981330324074073 0.07026249537037037 0.5983344097222222 0.06503339583333333 0.5974069930555556 0.06341530092592593 0.5955554004629631 0.06225301851851852 0.5923423078703703 0.06086138888888889 0.5917654351851852 0.060206081018518515 0.5877735949074074 0.05171927777777778 0.5875626412037037 0.05072682175925926 0.5872056574074074 0.04561640509259259 0.5873420092592593 0.0435128287037037 0.5872982361111111 0.03781728240740741 0.5866403194444444 0.029918310185185183 0.5858492939814814 0.026196821759259258 0.5854988518518519 0.02523401388888889 0.584397712962963 0.024171398148148147 0.5810296550925925 0.024109375000000002 0.579755037037037 0.02360237962962963 0.5757045462962963 0.022388932870370373 0.5783478078703703 0.03894182870370371 0.5784192731481481 0.039963935185185186 0.5782114583333333 0.04104540509259259 0.5805473449074074 0.05066211805555555 0.5830813078703704 0.052976027777777775 0.5832922222222222 0.05396830324074074 0.5844118749999999 0.05580490740740741 0.5863412708333333 0.06213694907407407 0.5874892175925926 0.07096905787037036 0.5882802453703704 0.0746905462962963
3 0.5842966898148148 0.4707228449074074 0.5839116666666667 0.46891146064814815 0.5833904837962963 0.46144934953703703 0.5819865578703703 0.45985453935185183 0.5736991666666666 0.45593640740740743 0.5704170578703703 0.47556627546296293 0.5708020787037037 0.47737765972222224 0.5706893796296296 0.4868677314814815 0.5717082847222222 0.48665115740740744 0.5788406111111111 0.48513513425925925 0.5794744930555555 0.48310717592592595 0.5821461828703703 0.48064606712962965 0.5827800648148148 0.4786181064814815 0.5842966898148148 0.4707228449074074
3 0.5916544143518518 0.4502266805555556 0.5912693912037037 0.4484152962962963 0.5901143263888888 0.4429811412037037 0.5890954236111111 0.4431977175925926 0.574558449074074 0.43492830555555556 0.5735630069444445 0.45028568055555557 0.5739480277777778 0.4520970648148148 0.577140900462963 0.4570980694444444 0.5781598055555556 0.45688149305555553 0.5840243657407408 0.4594213888888889 0.5846582476851852 0.4573934305555556 0.5877149606481482 0.4567437060185185 0.5883488425925926 0.4547157476851852 0.5916544143518518 0.4502266805555556