2 1 0.23129435185185188 0.40597638194444446 0.2946819583333333 0.3732015023148148 0.3048406712962963 0.3983516712962963 0.31767739120370375 0.6414545231481482 0.29056182407407405 0.9961654930555556 0.25716396296296296 0.998233125 0.2554289513888889 1 0.23924714814814815 1 0.23129435185185188
2 0.3053049097222222 0.17311481481481483 0.2998280972222222 0.17916598842592593 0.3026942569444444 0.1847376898148148 0.39121328935185185 0.20670257175925927 0.6231868912037037 0.24419428009259259 0.6322271342592592 0.23560074537037037 0.5336005486111111 0.21971038657407405 0.3761143171296296 0.19102000462962962 0.3053049097222222 0.17311481481481483
3 0.32363644444444445 0.20521046759259257 0.321784875 0.20517814814814817 0.2902718287037037 0.2067117361111111 0.2884020787037037 0.20772092592592592 0.27355316203703706 0.20954538657407407 0.27168341203703705 0.2105545763888889 0.2567981342592593 0.21446205324074072 0.2549283865740741 0.21547124305555557 0.2342884236111111 0.23073834953703704 0.23427024537037036 0.2317798587962963 0.23042166898148148 0.24004728472222223 0.23040348842592592 0.24108879166666666 0.2320732615740741 0.25153619212962963 0.23390665277777778 0.2526100185185185 0.24459794212962963 0.27675861805555557 0.24643133101851852 0.2778324467592593 0.25924688425925924 0.2863907453703704 0.25737713425925923 0.2873999328703704 0.2554892037037037 0.28945062962962964 0.2573225949074074 0.29052445833333335 0.28119302777777777 0.30240119675925925 0.28304459722222225 0.3024335162037037 0.29039633796296294 0.3056873171296296 0.2922479074074074 0.3057196365740741 0.30517253703703706 0.30802888657407407 0.3070241064814815 0.3080612060185185 0.32553980555555556 0.30838439814814816 0.3274095532407407 0.30737521064814816 0.34781318055555555 0.3056477060185185 0.3478313611111111 0.30460619907407405 0.3534769675925926 0.29949561574074074 0.3553103587962963 0.30056944444444444 0.3626984583333333 0.30174022916666665 0.36456820601851847 0.30073103935185186 0.3832475208333333 0.29168065972222224 0.3832657013888889 0.29063915277777774 0.39466599305555555 0.2741689398148148 0.39468417361111113 0.27312743055555555 0.3968993356481481 0.2523295902777778 0.38978392824074076 0.23553618518518518 0.3879505393518518 0.2344623587962963 0.37520770601851855 0.2217380277777778 0.3733743148148148 0.22066419907407406 0.35685562268518517 0.21204126157407407 0.35500405324074075 0.21200894212962962 0.3421157824074074 0.20761667592592592 0.34026421296296294 0.20758435648148146 0.32363644444444445 0.20521046759259257
3 0.0841840138888889 0.23541104629629628 0.0729655162037037 0.24146617824074074 0.07292915740740741 0.24354919444444445 0.06539562037037037 0.2507104722222222 0.06497749074074075 0.27466515740740743 0.06681087962962963 0.2757389837962963 0.06853519212962962 0.2830618611111111 0.07220197453703704 0.2852095138888889 0.07581421527777778 0.29048169444444444 0.08494480787037037 0.29793384490740743 0.09402086111111112 0.30851052314814814 0.09768764120370371 0.31065817592592593 0.10874252083333333 0.31397661574074076 0.11987012037037037 0.31312902314814817 0.1363524513888889 0.32383497685185186 0.14005559027777778 0.3238996157407407 0.14742551157407408 0.32611190972222226 0.18075376851851852 0.3266936574074074 0.18634483564814813 0.32470759722222226 0.19004797685185185 0.3247722361111111 0.19191772453703704 0.3237630486111111 0.19012069444444446 0.3206062037037037 0.19908509722222223 0.3198944907407408 0.21341984259259258 0.31215737731481485 0.21437289814814817 0.3106112754629629 0.2180578587962963 0.31171742129629626 0.22361256712962962 0.3118143796296296 0.22058721527777778 0.3082888194444444 0.22775459027777778 0.30442026388888893 0.2329613148148148 0.3067684351851852 0.23301585185185184 0.30364391203703706 0.23488560185185184 0.30263472222222226 0.23645775694444443 0.297453037037037 0.23134607870370372 0.29319651157407406 0.2387523587962963 0.29332578935185183 0.2380299097222222 0.29227135416666666 0.2406221064814815 0.29231659953703704 0.23960206481481483 0.28708966898148147 0.2426009351851852 0.28505836342592594 0.2411742175925926 0.2819079837962963 0.2427463703703704 0.2767262986111111 0.2409129814814815 0.2756524722222222 0.24094934027777778 0.2735694560185185 0.23911594907407407 0.27249562962962964 0.2391523101851852 0.27041261342592593 0.23731891898148147 0.2693387847222222 0.2373552777777778 0.2672557685185185 0.2355218888888889 0.26618194212962965 0.23555824768518518 0.26409892592592593 0.23372485648148147 0.263025099537037 0.2337612152777778 0.26094208333333335 0.23192782638888887 0.25986825462962965 0.2319641851851852 0.25778523842592593 0.2301307939814815 0.25671141203703707 0.23016715509259258 0.2546283958333333 0.22653673379629627 0.25039772453703707 0.2265730925925926 0.24831471064814817 0.22475788194444443 0.246199375 0.1935902476851852 0.22794431018518518 0.1898871087962963 0.2278796712962963 0.18436875694444443 0.22569969907407406 0.18066561805555553 0.22563506018518517 0.16592577777777778 0.2212104722222222 0.13444909027777777 0.2206610462962963 0.1270064537037037 0.22261478472222224 0.11402728472222223 0.22343005787037035 0.09542068981481482 0.2283144050925926 0.08420219212962962 0.23436953703703706 0.0841840138888889 0.23541104629629628
3 0.1268582685185185 0.3372129861111111 0.12498851851851853 0.33822217361111107 0.09532704166666667 0.33978808101851854 0.09345729398148148 0.34079727083333333 0.07294458796296296 0.34877382175925925 0.07292640972222222 0.3498153310185185 0.061671553240740744 0.3579534791666667 0.06165337268518519 0.3589949884259259 0.057859335648148144 0.36413788888888887 0.05784115740740741 0.3651793958333333 0.05584415046296297 0.3734791412037037 0.05767753935185185 0.3745529699074074 0.0665354375 0.39762774074074075 0.0683688287037037 0.39870156944444446 0.07564784953703703 0.40612140277777775 0.07748124074074074 0.4071952291666667 0.08664819212962963 0.41256436574074073 0.08849976157407406 0.4125966851851852 0.10323960185185185 0.41702127083333335 0.10509117129629629 0.4170535902777778 0.13466175 0.4206952222222223 0.13651331944444445 0.4207275416666667 0.1624716550925926 0.4190969953703704 0.1643414050925926 0.41808780787037036 0.190427 0.4091667060185185 0.19229674768518518 0.4081575162037037 0.19979392592592593 0.4030792523148148 0.19981210416666664 0.40203774537037035 0.19846956481481481 0.3728432013888889 0.1966361736111111 0.37176937499999996 0.19487550231481482 0.36652951388888894 0.19674525231481482 0.3655203263888889 0.20240903703703703 0.3593682361111111 0.19500275925925925 0.3592389583333333 0.19316936805555557 0.35816513194444444 0.1895571273148148 0.3528929537037037 0.18772373611111112 0.351819125 0.18039017592592593 0.34752381712962965 0.17853860648148145 0.3474914976851852 0.15646520601851852 0.33877160185185184 0.1546136365740741 0.3387392824074074 0.1268582685185185 0.3372129861111111
3 0.33608565509259264 0.3408650625 0.33423408564814816 0.34083274305555555 0.31929427083333334 0.3478647453703704 0.31746087962962966 0.3467909189814815 0.30822121064814817 0.3455878148148148 0.3063514606481481 0.34659700231481483 0.2988906435185185 0.34959225 0.29705725231481483 0.3485184236111111 0.2934268310185185 0.3442877523148148 0.2915752615740741 0.34425543287037036 0.27865063194444445 0.3419461828703704 0.2767808842592593 0.3429553703703704 0.2619501458333333 0.34373832407407406 0.2600803958333333 0.3447475138888889 0.24149197916666665 0.3485903518518519 0.23962222916666664 0.3495995416666667 0.21907316666666665 0.3596591087962963 0.2190549861111111 0.36070061805555553 0.20206362500000002 0.3791568888888889 0.20204544675925926 0.38019839583333337 0.2035697824074074 0.39897785879629627 0.20540317361111113 0.4000516875 0.2235552800925926 0.42120503935185183 0.2253886712962963 0.4222788680555556 0.2548138125 0.4342525648148148 0.25666538194444444 0.43428488425925926 0.271423400462963 0.43766796064814817 0.2732749699074074 0.4377002800925926 0.3103245462962963 0.43730515740740744 0.31219429629629625 0.43629596990740743 0.31774900462962963 0.4363929282407408 0.31961875462962963 0.435383738425926 0.34194666898148146 0.42952252083333337 0.34381641898148146 0.42851333333333336 0.3568864861111111 0.4224905208333333 0.35690466435185186 0.4214490115740741 0.3700292708333333 0.41230167361111114 0.3700474490740741 0.41126016666666665 0.37578395601851855 0.4009420439814815 0.37580213425925924 0.39990053703703704 0.37594757175925925 0.3915684722222222 0.3742414375 0.38320408796296296 0.37240804861111115 0.3821302615740741 0.3688139861111111 0.37581657407407404 0.3669805949074074 0.3747427476851852 0.3303673310185185 0.3501416782407407 0.33038550925925925 0.3491001689814815 0.33790086574074074 0.3429803981481481 0.3379190462962963 0.3419388912037037 0.33608565509259264 0.3408650625
3 0.4210061018518519 0.25066672453703703 0.41913635185185183 0.2516759143518519 0.4116573541666667 0.2557126689814815 0.41163917361111113 0.2567541759259259 0.40786331712962964 0.26085556944444444 0.40784513657407406 0.2618970787037037 0.4076633402777778 0.2723121574074074 0.4094967314814815 0.2733859861111111 0.41307261342592594 0.2807411805555556 0.41492418287037036 0.2807735 0.42225774537037036 0.28506880787037037 0.42410931481481484 0.2851011273148148 0.43701576388888885 0.28845188657407406 0.43886733333333333 0.2884842060185185 0.448143363425926 0.28760429398148146 0.45001311111111114 0.28659510648148145 0.4630649976851852 0.2816138009259259 0.46308317824074074 0.28057229166666664 0.4668408564814815 0.2775124074074074 0.45771026388888886 0.2700602546296296 0.45772844444444444 0.2690187476851852 0.45427981944444445 0.2543729953703704 0.4524464282407408 0.25329916898148147 0.4487978287037037 0.25011000694444446 0.44694625694444445 0.25007768750000003 0.4303003101851852 0.24874530555555555 0.42843056018518516 0.24975449305555555 0.4210061018518519 0.25066672453703703
3 0.461395224537037 0.271166400462963 0.46322861574074076 0.2722402291666666 0.47054399537037034 0.2775770462962963 0.4723955671296296 0.27760936574074074 0.48161705555555556 0.27985397685185187 0.483468625 0.2798862962962963 0.5020025023148148 0.2791679814814815 0.5038722523148148 0.2781587916666667 0.5132028194444445 0.27415435648148145 0.5132209999999999 0.273112849537037 0.5152543657407408 0.262730087962963 0.5080480625 0.2511442222222222 0.5062146712962963 0.25007039583333335 0.4896414421296296 0.2445719814814815 0.48778987037037036 0.24453966203703703 0.4654983148148148 0.24831786342592593 0.46362856481481485 0.24932705324074075 0.45607684953703703 0.2575298402777778 0.4560586712962963 0.2585713472222222 0.461395224537037 0.271166400462963
3 0.3991508541666666 0.2294487337962963 0.40098424537037036 0.2305225601851852 0.4119664074074074 0.23800703240740742 0.41381797685185184 0.23803935185185185 0.43048210416666666 0.23833022453703703 0.43235185416666666 0.23732103703703705 0.4435158125 0.23439042824074074 0.4453855625 0.23338123842592592 0.44914324074074075 0.23032135416666666 0.4491614189814815 0.2292798449074074 0.4529190972222222 0.22621996064814814 0.45293727777777776 0.2251784513888889 0.45489792592592593 0.21896172453703702 0.4475461851851852 0.2157079212962963 0.44569461574074076 0.21567560416666667 0.4087541157407408 0.20982167824074074 0.40688436805555556 0.21083086574074075 0.39938718981481486 0.21590912962962963 0.3993690092592593 0.21695063657407407 0.3955567939814815 0.2231350462962963 0.39739018287037037 0.224208875 0.3991508541666666 0.2294487337962963
3 0.4573494212962963 0.1846242777777778 0.45547967129629635 0.18563346759259258 0.44987042361111107 0.1886610324074074 0.4498522430555556 0.18970254166666667 0.4442429953703704 0.19273010648148148 0.44422481712962963 0.19377161574074075 0.43854284953703704 0.200965212962963 0.4403762407407407 0.20203904166666667 0.47728037962962966 0.2099759814814815 0.4791319490740741 0.21000830092592593 0.5031659976851852 0.21251146759259257 0.5031841759259259 0.21146996064814816 0.5070691111111111 0.20111951851851853 0.5016598402777778 0.19269049768518517 0.4998264490740741 0.1916166689814815 0.4961596689814815 0.18946901388888887 0.494308099537037 0.18943669675925925 0.4814380092592593 0.18400292129629628 0.4795864375 0.18397060185185185 0.46664362962962963 0.18270285879629627 0.4647738796296296 0.18371204629629628 0.4573494212962963 0.1846242777777778
3 0.4461127453703704 0.19172091898148147 0.43856103009259256 0.19992370601851853 0.4422096296296296 0.20311286805555556 0.44591277083333336 0.20317750694444445 0.45696765046296295 0.20649594675925925 0.46252235879629633 0.2065929050925926 0.46435575 0.2076667314814815 0.46991045833333334 0.2077636898148148 0.471743849537037 0.2088375162037037 0.4846866574074074 0.21010525925925927 0.49205657870370373 0.21231755324074073 0.49761128703703705 0.21241451157407407 0.49944467824074074 0.21348833796296296 0.5049993865740741 0.2135852962962963 0.5068327777777778 0.2146591226851852 0.5197755856481481 0.21592686574074074 0.5271455069444444 0.2181391597222222 0.5327002152777778 0.21823611574074075 0.5345336064814815 0.21930994444444443 0.5306304907407408 0.23070189351851852 0.5195210717592592 0.23050797916666668 0.5195028935185185 0.2315494861111111 0.5231696736111111 0.23369714120370372 0.5287243819444444 0.23379409953703703 0.5305941319444445 0.2327849097222222 0.5342972708333333 0.2328495486111111 0.537462 0.22839021296296297 0.5443298657407407 0.22399551388888891 0.5419217060185185 0.22048072916666667 0.5474764143518519 0.2205776875 0.5493098055555555 0.2216515138888889 0.5511977337962963 0.21960081712962964 0.5566979050925925 0.2228222986111111 0.5659557546296297 0.22298389583333333 0.5697316111111111 0.21888250231481482 0.5698225092592593 0.21367496296296298 0.5716922592592593 0.21266577314814814 0.5649334675925926 0.21081142361111113 0.571801337962963 0.20641672453703705 0.5681709166666666 0.20218605555555555 0.5479672638888888 0.19245696990740743 0.5238968564814814 0.19203681944444445 0.5089570416666667 0.19906882175925927 0.4998264490740741 0.1916166689814815 0.49428991898148145 0.19047820370370372 0.4832713981481482 0.18507674768518517 0.4795864375 0.18397060185185185 0.46847701851851853 0.18377668518518517 0.46660727083333337 0.18478587500000002 0.4573494212962963 0.1846242777777778 0.4461127453703704 0.19172091898148147
3 0.7950224351851852 1 0.7950403217592593 0.9989751597222223 0.7748912106481481 0.9861215509259259 0.7730396388888889 0.9860892314814814 0.7454297083333334 0.9762308703703704 0.7435781388888889 0.976198550925926 0.7065649236111111 0.9745106597222223 0.7046951736111111 0.9755198472222223 0.699140462962963 0.9754228888888888 0.6972707152777778 0.9764320787037037 0.6786822986111111 0.9802749166666667 0.6768125486111111 0.9812841064814815 0.6581332337962963 0.9903344861111111 0.6581150555555555 0.9913759930555556 0.6505996990740741 0.9974957638888888 0.652433087962963 0.9985695925925926 0.7343810972222222 1 0.7950224351851852 1
3 0.8666389351851852 0.8231146111111111 0.8647691851851852 0.8241237986111111 0.846108050925926 0.8321326712962963 0.8460898726851852 0.8331741782407407 0.8422958333333334 0.8383170810185185 0.8422776550925926 0.839358587962963 0.8421685763888889 0.8456076365740741 0.8440019675925926 0.846681462962963 0.8476142083333333 0.8519536412037036 0.8494475995370371 0.8530274699074073 0.86965125 0.8627565532407407 0.8715028194444444 0.8627888726851851 0.8807243101851852 0.8650334861111111 0.8825758796296297 0.8650658032407407 0.8992581875 0.8643151689814815 0.9011279375 0.8633059814814815 0.9067190069444444 0.8613199236111112 0.9067371851851852 0.8602784143518518 0.9105494027777778 0.8540940046296297 0.8976974907407408 0.8476187222222222 0.8977156712962964 0.8465772152777779 0.8922336805555555 0.8423142245370371 0.8922518587962963 0.8412727152777778 0.8886396180555556 0.8360005370370371 0.8886577986111112 0.8349590300925925 0.8888395925925926 0.8245439490740741 0.8869880231481482 0.8245116296296296 0.8666389351851852 0.8231146111111111
3 0.9123646134259259 0.8562093402777777 0.9123464328703704 0.857250849537037 0.9085705763888889 0.8613522430555556 0.9067008263888888 0.8623614305555556 0.8992400092592592 0.8653566782407408 0.8973884398148149 0.8653243587962963 0.871466460648148 0.8648718888888889 0.8714482824074075 0.8659133958333334 0.8750059837962963 0.874310099537037 0.876839375 0.875383925925926 0.8859881458333333 0.8817945717592592 0.8878397152777778 0.8818268912037036 0.9081160856481482 0.8873899421296296 0.9099676550925926 0.8874222615740741 0.9229286435185186 0.8876484976851852 0.9247983935185184 0.8866393078703704 0.9340744236111111 0.8857593958333333 0.9359441712962963 0.8847502083333333 0.9379048194444445 0.8785334791666666 0.9305894375 0.873196662037037 0.9306076180555556 0.8721551527777778 0.9343834745370371 0.8680537592592593 0.9344016550925927 0.8670122523148147 0.9345289120370371 0.8597216967592592 0.9326955231481482 0.8586478680555556 0.9290105625 0.8575417222222222 0.9271589930555556 0.8575094027777778 0.9123646134259259 0.8562093402777777
3 0.896354951388889 0.8184241782407407 0.8963367708333334 0.8194656875 0.8907093425925926 0.8235347615740741 0.8906911643518519 0.8245762685185185 0.8904730092592593 0.8370743657407408 0.8923063981481482 0.8381481921296297 0.8959004606481481 0.8444618796296296 0.897733851851852 0.8455357060185186 0.9050492314814815 0.8508725231481482 0.9069008009259258 0.8509048425925926 0.9179375023148147 0.8552647893518518 0.9197890717592593 0.8552971087962964 0.9438413009259259 0.8567587685185186 0.9457110486111111 0.8557495787037036 0.9531355092592593 0.854837349537037 0.9550052569444445 0.8538281597222223 0.966260113425926 0.845690011574074 0.9662782939814816 0.8446485023148148 0.9682571203703704 0.8373902662037037 0.9628660277777777 0.827919736111111 0.961032636574074 0.8268459097222222 0.9463655138888889 0.8182552916666667 0.9445139444444445 0.8182229722222223 0.9316256736111111 0.8138307037037037 0.9297741041666667 0.8137983842592592 0.9075552662037037 0.8134105532407406 0.9056855185185185 0.8144197430555555 0.896354951388889 0.8184241782407407
3 0.9301376967592593 0.7929682245370371 0.9282679467592593 0.7939774143518519 0.9133463101851852 0.7999679074074074 0.9133281319444444 0.8010094166666667 0.907682525462963 0.8061199976851852 0.9076643449074074 0.8071615069444446 0.9094431967592592 0.8113598564814815 0.9112947662037038 0.8113921759259258 0.9316438541666666 0.8127891967592592 0.9334772453703705 0.8138630231481481 0.9463836944444445 0.8172137824074075 0.9482170856481481 0.8182876111111111 0.9647175972222222 0.8279520555555556 0.9646994166666667 0.8289935648148149 0.9701632291666668 0.8342980625 0.9720147986111111 0.8343303819444444 0.9850485046296297 0.8303905833333333 0.9850666851851853 0.8293490763888889 0.9871364097222222 0.8168832986111111 0.9817089583333334 0.8094957847222223 0.9798755671296296 0.8084219583333334 0.9762087870370371 0.8062743032407407 0.9762269652777777 0.8052327939814815 0.9744662939814815 0.7999929351851852 0.9726329050925926 0.7989191087962964 0.9560414953703704 0.7944622037037037 0.9541899236111111 0.7944298842592593 0.9301376967592593 0.7929682245370371
3 0.5142644212962962 0.6377699305555556 0.5161159930555556 0.63780225 0.5235222708333334 0.6379315277777777 0.5253920208333334 0.6369223402777777 0.5328346597222222 0.6349685995370371 0.532852837962963 0.6339270925925925 0.5347771273148149 0.6297933796296297 0.5164250462962963 0.6200966134259259 0.5145552962962964 0.6211058032407407 0.5089824074074074 0.6220503541666667 0.5089642268518518 0.623091861111111 0.5033186203703703 0.6282024444444445 0.5033004398148149 0.6292439513888889 0.5032640810185185 0.6313269675925925 0.5050974722222222 0.6324007939814814 0.5142644212962962 0.6377699305555556
3 0.46536831018518515 0.3618745555555556 0.46720169907407405 0.36294838425925924 0.47640500925925927 0.3662345046296296 0.47825658101851853 0.36626682407407407 0.49876928472222226 0.3582902708333333 0.49878746527777773 0.3572487638888889 0.5007117523148148 0.35311505092592593 0.49341455092592595 0.346736724537037 0.4915629814814815 0.34670440509259265 0.47865653009259257 0.34335364814814817 0.4768049606481482 0.34332132870370374 0.46754711111111114 0.3431597314814815 0.4656773634259259 0.3441689212962963 0.4600135763888889 0.350321011574074 0.4599953958333333 0.3513625185185185 0.46536831018518515 0.3618745555555556
1 0.5977107569444444 0.27125378240740744 0.5293402893518518 0.28339573611111113 0.5311754976851852 0.2843654120370371 0.5327995486111111 0.30804319444444445 0.7168082337962963 0.28156305555555555 0.7145814467592593 0.2605834976851852 0.6333390694444445 0.2673958287037037 0.6256151967592593 0.26423971296296295 0.6815030740740741 0.21385325 0.6677126527777778 0.20809086342592592 0.5977107569444444 0.27125378240740744
0 0.5977499282407407 0.3008423055555556 0.6002187800925926 0.2973431921296296 0.6136191643518519 0.29361816203703706 0.657583175925926 0.2896973425925926 0.6518856736111112 0.2659484560185185 0.4808888796296297 0.2897386087962963 0.4898358564814815 0.30770999074074074 0.4883255138888889 0.30935054861111105 0.5291382222222223 0.305583087962963 0.5713103819444444 0.30881958564814815 0.5632886388888889 0.3121175902777778 0.5002552754629629 0.31560137037037034 0.5010374421296296 0.3238454444444444 0.6076136018518519 0.3193506018518519 0.6148131828703703 0.3100998425925926 0.6064523055555555 0.3009942060185185 0.5977499282407407 0.3008423055555556
1 0.7473002430555555 0.24302684722222223 0.7347332013888889 0.24145311574074071 0.731761599537037 0.2419221574074074 0.7225216550925926 0.2513456666666667 0.7515094930555556 0.2565398657407407 0.7895612083333333 0.25178656944444444 0.7635558796296296 0.2454984236111111 0.8181707407407408 0.21498860416666668 0.808745914351852 0.2137822662037037 0.7719100347222222 0.2337674351851852 0.7473002430555555 0.24302684722222223