2 0.8069042476851851 0.63014425 0.596267298611111 0.6155342268518518 0.4105489236111111 0.5925491643518518 0.1577110763888889 0.5771221018518519 0.004322530092592592 0.5691286342592593 0.002412509259259259 0.6238244606481481 0.31599187037037035 0.6466571319444445 0.5383897060185185 0.6603645555555556 0.565106125 0.6678952824074074 0.708784650462963 0.6854515347222223 0.7606497638888889 0.6780174884259259 0.9890063703703703 0.6892959745370371 0.9954147731481482 0.6400312800925926 0.8069042476851851 0.63014425
2 0.7437010995370371 0.43322478472222226 0.7699529884259259 0.43548609027777774 0.814866550925926 0.4350324421296296 0.8320602685185186 0.43933303009259256 0.8595852916666666 0.43962715046296297 0.8595500277777778 0.4406369537037037 0.9404298935185186 0.4555728842592593 0.9950626296296297 0.4675806041666667 0.9960841643518519 0.45583826851851855 0.9788603055555556 0.45187016435185184 0.8717758101851851 0.43331958564814815 0.8348417430555556 0.42866318518518515 0.7899634444444444 0.42810703240740744 0.7337991018518518 0.4254682337962963 0.690041613425926 0.4273068240740741 0.6575417777777778 0.4325716365740741 0.6246729259259259 0.4314238310185185 0.5893276041666667 0.4322116111111111 0.5695872546296296 0.43185579861111106 0.5696108865740741 0.43117912731481484 0.545617375 0.4326968564814815 0.5012792893518518 0.43418163425925926 0.43906658101851853 0.4333536875 0.38206316435185184 0.43776281712962967 0.3791991365740741 0.4454904884259259 0.4024719884259259 0.44338475 0.4542124074074074 0.43952144444444446 0.49858648379629633 0.44284293287037035 0.5567928703703703 0.4384758148148148 0.6029261597222223 0.43705372685185184 0.6674088773148148 0.4413275763888889 0.686145837962963 0.4359261134259259 0.7437010995370371 0.43322478472222226
2 0.18844797916666667 0.4557250208333333 0.20801796064814815 0.4530000925925926 0.24835128009259258 0.45052077777777777 0.24903320601851853 0.44372793981481484 0.22739130555555556 0.44370179861111114 0.22377776620370368 0.44795327777777777 0.21353259027777777 0.44418718287037035 0.19087652546296296 0.4482635625 0.18844797916666667 0.4557250208333333
2 0.015487861111111112 0.4642981875 0.07700218518518519 0.46230837731481483 0.08891800462962964 0.45590783564814813 0.005761780092592593 0.4578715046296296 0.015487861111111112 0.4642981875
2 1 0.04550376620370371 0.932133349537037 0.05693633333333333 0.8539264560185186 0.0662751412037037 0.8066911597222223 0.06635587037037037 0.784615625 0.08352298611111111 0.8423784652777777 0.08071425231481483 0.9693431412037037 0.062717625 1 0.06279148611111111 1 0.04550376620370371
2 0.5567966828703704 0.10937963657407408 0.5461364467592593 0.11590740972222223 0.5351301273148148 0.11483514120370371 0.4152485324074074 0.14065664814814816 0.41973161342592596 0.15289347685185184 0.6056715208333334 0.1148803611111111 0.5913432523148148 0.1033420324074074 0.5567966828703704 0.10937963657407408
2 0.08025024305555555 0.1793326851851852 0.1642769027777778 0.17950486342592592 0.32415184027777777 0.16783772685185186 0.33875316203703704 0.15351566435185185 0.2956675833333333 0.15786881712962963 0.28563008333333334 0.16407437731481483 0.2685887199074074 0.16071718055555556 0.14872715509259257 0.16792387962962962 0.07764187962962962 0.1664734050925926 0.07761788657407408 0.16716048611111112 0.08025024305555555 0.1793326851851852
2 0.5732029143518519 0.39942055787037034 0.6253932893518518 0.4017746597222222 0.6570154837962963 0.3993559513888889 0.7339396273148148 0.4007497476851852 0.7734413425925927 0.40192071759259257 0.7814314444444445 0.4071194027777778 0.8486225324074075 0.4150212337962963 0.893645650462963 0.4209815648148148 0.9441723564814815 0.4439151435185185 0.9793278449074074 0.44962469675925926 0.9683203356481482 0.4443414884259259 0.9086819884259258 0.4196721944444444 0.9071397731481482 0.4187323842592593 0.8184101296296297 0.40625316203703704 0.7846851180555555 0.4009687893518518 0.783648712962963 0.4009325972222222 0.7765208148148148 0.3959829050925926 0.6732469259259259 0.3961913263888889 0.6392344907407407 0.3970152291666667 0.5736191944444444 0.39280605555555553 0.5732029143518519 0.39942055787037034
2 0.8808696296296297 0.7560627291666667 0.8686981759259259 0.7766817615740741 0.8244449212962963 0.8086359768518518 0.8027090949074074 0.8192588796296296 0.7720918402777778 0.8433091689814814 0.7279065347222222 0.8621744513888889 0.6940977430555556 0.8794529837962963 0.6977153796296297 0.8851660509259259 0.7050415023148148 0.8828473981481482 0.7281305069444444 0.866903898148148 0.7621861712962963 0.853698962962963 0.7843779050925925 0.841163724537037 0.8234763634259259 0.8146162337962963 0.8775229560185186 0.7754890138888889 0.8864683981481482 0.759697837962963 0.887549726851852 0.6852214560185185 0.8806759074074074 0.6852003009259259 0.8824767592592593 0.6994280648148148 0.8808696296296297 0.7560627291666667
3 0.5031264143518518 0.4104712384259259 0.5013120439814814 0.4093655787037037 0.49409091666666666 0.40390190277777777 0.4922401921296296 0.40383727314814816 0.47369660185185186 0.40423201851851853 0.4718095231481481 0.4052084212962963 0.4716641087962963 0.4093725509259259 0.47329671064814816 0.4156833726851852 0.4751110810185185 0.41678903240740744 0.480517837962963 0.4211470462962963 0.4823685625 0.42121167592592595 0.49713799768518513 0.4227697384259259 0.4990250763888889 0.42179333333333335 0.5027992314814815 0.41984052777777775 0.5028355833333333 0.41879949537037037 0.5031264143518518 0.4104712384259259
3 0.46074153472222223 0.40377961805555557 0.46066882870370374 0.40586168287037033 0.45319322453703703 0.4076852314814815 0.45337499305555556 0.4024800717592592 0.4515242708333333 0.4024154421296296 0.44401231481481485 0.40528002314814815 0.4513061481481482 0.4086616342592592 0.45108802546296295 0.41490782870370374 0.4436487777777778 0.4156903449074074 0.44546314814814814 0.4167960046296296 0.44731387037037035 0.4168606342592593 0.45858180555555556 0.41256376157407404 0.45838186111111107 0.41828943981481487 0.46389767824074074 0.41952435648148145 0.4714096342592593 0.416659775462963 0.4716277569444444 0.41041358333333333 0.46981338657407407 0.4093079212962963 0.4699588009259259 0.4051437939814815 0.4663300601851852 0.40293247222222217 0.46074153472222223 0.40377961805555557
3 0.5046499537037037 0.4199051550925926 0.5027628773148148 0.4208815601851852 0.495178212962963 0.4258282060185185 0.4951418587962963 0.42686923842592595 0.49488738425925927 0.43415646296296295 0.5115075439814815 0.4357791527777778 0.5133946226851852 0.43480275 0.5189831458333333 0.4339556041666666 0.5190195 0.43291457175925924 0.5211246990740741 0.42569197453703705 0.5193103287037037 0.42458631481481485 0.513903574074074 0.4202282986111111 0.512052849537037 0.4201636712962963 0.5046499537037037 0.4199051550925926
3 0.7526229583333334 1 0.7530831018518519 0.9997619143518519 0.7532285162037037 0.995597787037037 0.7459346828703703 0.9922161759259259 0.7255403680555556 0.9925462916666666 0.721766212962963 0.9944990972222222 0.7049642847222223 0.9980815671296297 0.6941507708333333 0.9893655393518519 0.716686638888889 0.9807717939814815 0.7428512476851852 0.9743893703703704 0.7502541435185185 0.9746478865740741 0.7521412199074073 0.9736714837962963 0.752213925925926 0.9715894189814814 0.7485851875 0.9693780972222222 0.7450655069444444 0.9640436782407407 0.7414367662037037 0.9618323564814815 0.7396951041666667 0.9586446319444444 0.7342519930555556 0.955327650462963 0.7268854537037037 0.9540281041666667 0.7177408958333333 0.9505818634259259 0.6899800393518518 0.9496124328703703 0.6710729120370371 0.9604174999999999 0.6687859444444444 0.9728452546296297 0.6706003148148149 0.9739509166666667 0.6705276064814816 0.9760329814814815 0.6741805833333333 0.9775502800925926 0.6722692685185185 0.9792207060185185 0.6740836388888889 0.9803263657407407 0.6757525949074074 0.9855961550925926 0.6811593518518518 0.9899541712962964 0.6811229976851852 0.990995201388889 0.6903644976851852 0.9916653564814815 0.6957591365740741 0.9963703819444445 0.7030772083333333 0.9990579722222223 0.7024735810185185 1 0.7526229583333334 1
3 0.8311869722222222 0.8325941990740741 0.8293362476851852 0.8325295717592593 0.8163448287037036 0.8331182013888889 0.8144577523148149 0.8340946064814815 0.8087601666666666 0.8380648472222222 0.8087238125 0.8391058796296297 0.80861475 0.8422289768518518 0.8249077291666667 0.8532209560185186 0.8267584513888889 0.8532855833333334 0.841636949074074 0.8517205486111111 0.8416733032407407 0.8506795185185185 0.8438875625000001 0.840333824074074 0.8420731921296296 0.8392281643518518 0.8403315300925925 0.8360404398148148 0.8384808055555555 0.8359758101851852 0.8311869722222222 0.8325941990740741
3 0.8523777546296296 0.8625186435185185 0.850563386574074 0.8614129814814815 0.8488944305555556 0.8561431921296296 0.8470800601851851 0.8550375324074074 0.8434513194444444 0.8528262106481482 0.8416005949074075 0.8527615810185186 0.8378991481481483 0.852632324074074 0.8360120717592593 0.8536087268518519 0.824871375 0.8542619884259259 0.8229842962962963 0.8552383912037037 0.8172867106481482 0.8592086342592593 0.8172503587962964 0.8602496666666667 0.8171776504629629 0.8623317291666667 0.8261767939814815 0.8699420972222222 0.8280275185185185 0.8700067268518519 0.8372447824074074 0.8713709027777777 0.839131861111111 0.8703945 0.8428333078703704 0.8705237569444444 0.8447203842592592 0.8695473518518518 0.8484945393518518 0.8675945462962963 0.8485308935185185 0.8665535138888889 0.8523777546296296 0.8625186435185185
3 0.7747927731481482 0.8556401087962963 0.7729056944444445 0.856616511574074 0.7688770648148149 0.8658565439814815 0.7797269328703704 0.8735315416666667 0.7815776550925926 0.8735961689814815 0.7890169050925926 0.8728136527777778 0.7909039814814816 0.87183725 0.7930818888888889 0.862532587962963 0.7912675185185185 0.8614269282407407 0.7895622083333333 0.8571981712962964 0.7877114861111111 0.8571335416666668 0.7747927731481482 0.8556401087962963
3 0.7670263402777778 0.8657919143518519 0.7651392638888889 0.8667683194444444 0.7595143842592592 0.8686564976851853 0.7594780324074074 0.8696975300925927 0.7594053240740741 0.8717795925925926 0.7665900972222223 0.8782843009259259 0.7684408217592592 0.8783489305555555 0.7739929930555556 0.8785428148148149 0.7758800694444444 0.8775664120370371 0.779654224537037 0.8756136064814816 0.7796905787037036 0.8745725740740741 0.7797632847222222 0.8724905092592593 0.7779489143518519 0.8713848472222222 0.7670263402777778 0.8657919143518519
3 0.7307025856481482 0.8447197314814815 0.7288882152777778 0.8436140694444445 0.7252594745370371 0.8414027500000001 0.72340875 0.8413381203703705 0.7160058564814814 0.8410796064814815 0.7141187777777778 0.8420560092592593 0.7140460717592592 0.844138074074074 0.7176021041666667 0.8484314583333332 0.71756575 0.8494724907407408 0.7173476296296296 0.8557186828703705 0.7191983518518519 0.8557833125000001 0.7284156180555555 0.8571474884259259 0.7284519722222222 0.8561064560185185 0.7324442476851851 0.8479074560185185 0.7324806018518518 0.8468664236111111 0.7307025856481482 0.8447197314814815
3 0.7012364189814814 0.8395215439814815 0.6993493425925926 0.8404979467592594 0.6937608171296297 0.8413450925925926 0.6918737407407407 0.8423214976851852 0.6879178171296296 0.849479462962963 0.6915102037037038 0.8527318171296296 0.6933609282407408 0.8527964467592594 0.706134224537037 0.8584540069444444 0.7080213032407408 0.8574776041666666 0.7156059652777778 0.8525309583333333 0.7156423194444445 0.8514899259259259 0.714082425925926 0.8430970416666667 0.7122680555555555 0.8419913796296297 0.7012364189814814 0.8395215439814815
3 0.7311718703703703 0.8843435810185185 0.7293575 0.8832379189814815 0.723878037037037 0.8809619699074075 0.7220273125 0.8808973402777777 0.7071851689814814 0.8814213425925926 0.7052980925925927 0.8823977453703704 0.7014875833333334 0.8853915856481481 0.7014512291666667 0.8864326180555556 0.7013058148148148 0.8905967453703704 0.7084905879629629 0.8971014537037036 0.7103413125000001 0.8971660810185185 0.7176351458333333 0.9005476921296297 0.7194858703703704 0.9006123217592593 0.7306629189814815 0.8989180300925925 0.7306992731481481 0.8978769976851851 0.7345097824074074 0.8948831597222222 0.7345461342592593 0.8938421273148148 0.7311718703703703 0.8843435810185185
3 0.6859216782407408 0.8535789629629629 0.6840346018518518 0.8545553680555555 0.6784097222222222 0.8564435462962963 0.6783733680555556 0.8574845763888889 0.6745628611111111 0.8604784166666667 0.6834892962962963 0.870170849537037 0.6853400208333333 0.8702354768518519 0.6964080092592592 0.8716642824074073 0.6982950856481481 0.8706878773148148 0.704247148148148 0.859430412037037 0.7024327777777778 0.85832475 0.695175298611111 0.8539021064814816 0.693324574074074 0.8538374791666667 0.6859216782407408 0.8535789629629629
3 0.6977861365740741 0.8852623287037038 0.6959717662037037 0.8841566666666666 0.69419375 0.882009974537037 0.6923793796296296 0.8809043125 0.6795697268518518 0.8762877847222222 0.6777190046296296 0.8762231550925926 0.6645821689814815 0.8809759143518519 0.6645458148148149 0.8820169467592592 0.662513324074074 0.8871574791666667 0.6714397592592593 0.896849912037037 0.6732541296296296 0.8979555717592592 0.6787699467592593 0.8991904907407408 0.6806206712962962 0.8992551203703704 0.6936847986111111 0.8965844236111111 0.6937211527777778 0.8955433912037037 0.6974953055555555 0.8935905856481482 0.6975316597222223 0.8925495532407408 0.6977861365740741 0.8852623287037038
3 0.6916159537037038 0.9027659884259259 0.6897652291666667 0.9027013587962963 0.6860274282407408 0.9036131342592593 0.6841403495370371 0.9045895370370372 0.6819260902777777 0.9149352291666667 0.6928850185185185 0.9194871296296296 0.6947357407407407 0.9195517592592592 0.7003242662037037 0.918704613425926 0.7003606203703704 0.9176635810185186 0.7061309143518519 0.9116112731481482 0.7061672662037037 0.9105702430555556 0.7044619583333334 0.9063414861111111 0.702647587962963 0.905235824074074 0.6916159537037038 0.9027659884259259
3 0.6767738078703703 0.9032899907407407 0.6749594398148148 0.9021843287037037 0.671330699074074 0.8999730069444445 0.669479974537037 0.8999083796296297 0.6565249074074074 0.8994559791666666 0.6546378310185185 0.9004323819444444 0.6508273217592593 0.9034262199074073 0.6507909699074075 0.9044672523148148 0.6506092013888889 0.9096724143518519 0.6614227152777779 0.9183884421296297 0.6632734375 0.9184530717592593 0.6669385324074073 0.9196233611111111 0.6687892546296297 0.9196879884259259 0.6781882893518519 0.9158470046296296 0.6782246435185185 0.9148059722222223 0.6801844282407408 0.9117475046296297 0.6783700578703703 0.9106418449074073 0.6767738078703703 0.9032899907407407
3 0.6780461875 0.8668538657407407 0.6762318171296295 0.8657482060185185 0.676304523148148 0.8636661412037037 0.6744901527777778 0.8625604814814815 0.6690106898148147 0.8602845300925926 0.6671599652777778 0.860219900462963 0.6560556226851851 0.8598321296296296 0.6541685462962964 0.8608085324074074 0.6503943912037037 0.8627613402777777 0.6503580370370371 0.8638023726851851 0.6483618981481482 0.8679018703703704 0.6500672083333333 0.8721306296296296 0.6518815787037037 0.8732362893518518 0.6573246875000001 0.8765532708333333 0.659175412037037 0.876617900462963 0.6665783078703704 0.8768764143518518 0.6684653842592593 0.875900011574074 0.6740902638888889 0.8740118333333333 0.6741266180555555 0.8729708009259259 0.6780461875 0.8668538657407407
3 0.7176351458333333 0.9005476921296297 0.7157480694444445 0.9015240972222223 0.7138609907407407 0.9025005 0.7138246365740741 0.9035415324074074 0.708127050925926 0.907511775462963 0.7080906990740741 0.9085528055555556 0.7080179907407407 0.9106348703703704 0.7170898402777778 0.9161631759259259 0.7189405648148148 0.9162278032407407 0.7301176157407409 0.9145335115740741 0.7320046921296296 0.9135571087962964 0.7341462453703704 0.9052934791666667 0.732331875 0.9041878194444444 0.7306265648148148 0.8999590624999999 0.7287758425925926 0.8998944328703703 0.7176351458333333 0.9005476921296297
3 0.4290445486111111 0.6747134537037036 0.42719382638888886 0.6746488263888888 0.4216053009259259 0.6754959722222222 0.4197182222222222 0.676472375 0.41402063657407406 0.6804426180555555 0.4139842847222222 0.681483650462963 0.41391157638888887 0.683565712962963 0.42301978009259256 0.6880529861111112 0.42487050462962966 0.6881176157407408 0.4304226759259259 0.6883115000000001 0.43230975231481483 0.6873350972222222 0.43800733796296293 0.6833648541666667 0.4380436921296296 0.6823238217592592 0.43815275462962966 0.6792007268518518 0.4363383842592593 0.6780950648148149 0.4290445486111111 0.6747134537037036
3 0.4157259467592592 0.684671375 0.4138752222222222 0.6846067453703704 0.4046216041666667 0.6842836018518519 0.40273452777777774 0.6852600069444444 0.3969642337962963 0.6913123125 0.4041490069444445 0.6978170208333333 0.4059997314814815 0.6978816481481481 0.413402625 0.6981401643518518 0.41528970370370366 0.6971637592592592 0.4228380115740741 0.6932581458333333 0.4228743657407407 0.692217113425926 0.42301978009259256 0.6880529861111112 0.4212054097222222 0.686947324074074 0.4157259467592592 0.684671375
3 0.3876379074074074 0.6930712337962963 0.38575083101851854 0.6940476365740741 0.37820252083333333 0.69795325 0.3834638634259259 0.7064753935185185 0.3853145856481482 0.7065400231481481 0.3982696527777778 0.7069924236111111 0.39830600694444446 0.7059513912037038 0.40592702314814816 0.6999637129629629 0.40596337731481486 0.6989226805555555 0.39689152546296297 0.6933943773148149 0.3950408032407407 0.6933297476851853 0.3876379074074074 0.6930712337962963
3 0.21639308564814816 0.6620759930555555 0.2145423611111111 0.6620113657407407 0.2052523888888889 0.6627292546296296 0.2033653125 0.6637056574074074 0.20133281944444445 0.6688461898148148 0.2048525 0.6741806064814815 0.20670322453703704 0.6742452361111111 0.2140697638888889 0.6755447824074075 0.2159568425925926 0.6745683796296297 0.22161807407407408 0.6716391689814815 0.22165442824074072 0.6705981365740741 0.22183619675925925 0.6653929768518518 0.2200218263888889 0.6642873148148148 0.21639308564814816 0.6620759930555555
3 0.34726572685185186 0.4164937800925926 0.3454150046296296 0.41642915277777776 0.3307546296296296 0.4117479953703704 0.3289039050925926 0.41168336574074077 0.32520245833333333 0.4115541087962963 0.32516610416666664 0.41259514120370366 0.32298819675925927 0.42189980092592594 0.3265078773148148 0.42723421759259256 0.32832224768518514 0.4283398796296296 0.33739409722222224 0.4338681828703703 0.33924482175925924 0.43393281250000004 0.34479699305555556 0.4341266990740741 0.3448333449074074 0.43308566666666665 0.3488256226851852 0.4248866666666667 0.34886197685185183 0.42384563425925925 0.34726572685185186 0.4164937800925926
3 0.35343591203703706 0.39899012037037035 0.3515851875 0.3989254930555556 0.33884824305555555 0.3922268981481482 0.33699751851851856 0.3921622708333333 0.3259295300925926 0.39073346527777775 0.3258931759259259 0.39177449768518513 0.3219736064814815 0.3978914328703703 0.32894025925925924 0.41064233333333333 0.33079098148148145 0.410706962962963 0.34360063425925924 0.41532349074074076 0.3454513587962963 0.4153881203703704 0.34915280555555556 0.41551737731481486 0.3491891597222222 0.41447634490740737 0.35510486574074074 0.4042599097222222 0.35514121990740743 0.4032188773148148 0.35343591203703706 0.39899012037037035
3 0.31090561805555555 0.39646262962962964 0.30905489351851856 0.396398 0.29613618287037036 0.3949045671296296 0.29424910416666666 0.3958809699074074 0.2865553796296296 0.403950712962963 0.2955545231481481 0.4115610810185185 0.29740524768518517 0.4116257106481481 0.30665886574074075 0.41194885416666666 0.30854594444444444 0.4109724490740741 0.31794497685185186 0.4071314652777778 0.3179813310185185 0.4060904328703704 0.3181267453703704 0.40192630555555553 0.31631237500000003 0.4008206435185185 0.31090561805555555 0.39646262962962964
3 0.313338 0.37987074305555557 0.31148727777777774 0.37980611574074075 0.3004192870370371 0.3783773101851852 0.2985322106481481 0.3793537152777778 0.292834625 0.3833239560185185 0.2927982708333334 0.3843649884259259 0.29261650231481484 0.389570150462963 0.29802325925925927 0.39392816435185185 0.29987398379629626 0.3939927916666666 0.31279269675925925 0.3954862245370371 0.31467977314814816 0.3945098217592593 0.3222280833333333 0.3906042083333333 0.32226443749999995 0.38956317592592593 0.32233714351851855 0.3874811111111111 0.32052277314814814 0.3863754513888889 0.313338 0.37987074305555557
3 0.30862196296296296 0.35573312037037036 0.3085856087962963 0.35677415046296296 0.3065167638888889 0.36295571527777776 0.3154795532407408 0.3716071157407408 0.3173302777777778 0.3716717453703704 0.3322814814814815 0.36802464583333333 0.33231783564814815 0.36698361342592595 0.33249960416666663 0.3617784537037037 0.3306852337962963 0.36067279166666666 0.32346410648148144 0.3552091157407407 0.32161338194444444 0.3551444884259259 0.30862196296296296 0.35573312037037036
3 0.1674216527777778 0.36643681944444445 0.1656072824074074 0.3653311597222222 0.16020052546296296 0.3609731435185185 0.15834980324074074 0.3609085162037037 0.1435076597222222 0.3614325185185185 0.14162058101851852 0.3624089212962963 0.13951538194444446 0.3696315185185185 0.14488578472222222 0.37503056481481484 0.14673650925925927 0.37509519444444445 0.15584471296296296 0.3795824652777778 0.1576954375 0.3796470949074074 0.16328396064814812 0.3787999490740741 0.16517103935185184 0.3778235439814815 0.1670944699074074 0.37580610879629633 0.16713082407407406 0.3747650763888889 0.1674216527777778 0.36643681944444445
3 0.14576489583333332 0.24373126157407407 0.14387781944444444 0.24470766435185187 0.14010366435185184 0.2466604722222222 0.1400673101851852 0.24770150462962964 0.13995825 0.25082459953703706 0.15646934953703703 0.2555703865740741 0.15832007175925927 0.2556350162037037 0.16575932175925928 0.2548524976851852 0.16579567592592592 0.25381146527777776 0.1676827523148148 0.2528350625 0.1677191064814815 0.2517940300925926 0.15871996296296298 0.24418366203703704 0.15686923842592593 0.24411903240740743 0.14576489583333332 0.24373126157407407
3 0.40417881481481477 0.2194016226851852 0.4023280902777778 0.21933699305555554 0.3502897037037037 0.22377358333333333 0.3484389814814815 0.2237089537037037 0.32993174305555556 0.22306266666666666 0.32989538888888886 0.22410369907407407 0.32978632870370367 0.22722679629629627 0.34067254861111107 0.2338607615740741 0.3425232731481482 0.2339253888888889 0.3535185532407407 0.23743625694444445 0.35536927777777777 0.23750088657407406 0.3831664884259259 0.23742928472222222 0.38505356481481484 0.23645288194444444 0.40203726157407405 0.22766525 0.4020736157407407 0.2266242175925926 0.40417881481481477 0.2194016226851852
3 0.5313731157407408 0.18527818518518518 0.5167127384259259 0.18059702777777778 0.5037576736111111 0.18014462731481481 0.5018705949074074 0.18112103009259262 0.5035759050925926 0.18534978703703703 0.49150984722222224 0.1859707337962963 0.49054813194444447 0.18697945138888888 0.4869193912037037 0.18476812962962963 0.48114909722222227 0.19082043518518518 0.4921443796296296 0.19433130324074074 0.4957731203703704 0.196542625 0.49929279861111114 0.20187704398148146 0.5029942476851852 0.20200630092592592 0.5031760138888889 0.19680114120370368 0.5106879699074074 0.19393656018518518 0.517800037037037 0.2025233310185185 0.5214287777777777 0.20473465277777778 0.526980949074074 0.20492853935185185 0.5402995509259259 0.19497061805555554 0.5367071643518518 0.19171826388888888 0.5350018541666667 0.18748950694444447 0.5313731157407408 0.18527818518518518
3 0.4125665694444444 0.13839500462962964 0.4162680185185185 0.13852426157407408 0.42189289583333334 0.13663608333333335 0.412857400462963 0.13006674768518517 0.4110066759259259 0.13000211805555556 0.4090832453703704 0.13201955324074074 0.4004327638888889 0.13432322685185186 0.38317311111111113 0.13111475231481481 0.38320946527777777 0.1300737199074074 0.3889070509259259 0.12610347685185186 0.3890161134259259 0.12298038194444444 0.38164957175925923 0.12168083333333334 0.3797624930555556 0.12265723842592592 0.36677107407407405 0.12324586805555555 0.3498237314814815 0.1309924675925926 0.34213000694444445 0.13906221064814814 0.33987939351851854 0.15044893518518518 0.3435444861111111 0.15161922453703702 0.34913301157407406 0.1507720787037037 0.34852987500000004 0.14814526157407407 0.3744813194444444 0.14123424305555557 0.37555209490740743 0.13710243055555557 0.37743917361111107 0.13612602546296296 0.3831318009259259 0.13893057175925924 0.39178228240740737 0.13662689814814816 0.40901053703703705 0.13410161805555557 0.4125665694444444 0.13839500462962964
3 0.45952207175925924 0.17338837731481482 0.46140914814814815 0.17241197453703702 0.46696131944444447 0.1726058611111111 0.4669249652777778 0.1736468935185185 0.4668159050925926 0.17676998842592595 0.4649288287037037 0.1777463912037037 0.4574895787037037 0.1785289097222222 0.4556025023148148 0.1795053125 0.4518283472222222 0.18145812037037037 0.45179199305555556 0.18249915277777778 0.451719287037037 0.1845812152777778 0.45353365740740736 0.1856868773148148 0.45904947453703704 0.18692179398148148 0.46093655092592595 0.18594539120370368 0.4665250763888889 0.18509824537037037 0.46841215277777776 0.1841218425925926 0.4797346180555555 0.1782634212962963 0.4797709722222222 0.1772223888888889 0.4817671111111111 0.1731228888888889 0.47995274074074074 0.17201722916666665 0.4730587962962963 0.1571842638888889 0.47124442592592597 0.15607860416666666 0.46591037731481477 0.14963852546296297 0.4640596527777778 0.14957389583333333 0.4474031388888889 0.14899223842592593 0.44551606250000003 0.14996864120370368 0.41753708333333334 0.15524540277777776 0.4175007291666667 0.15628643518518517 0.411621375 0.16546183796296296 0.41158502083333337 0.16650287037037034 0.4113305462962963 0.1737900949074074 0.4225075972222222 0.17209580324074075 0.42254394907407405 0.17105477083333334 0.4357171388888889 0.16526097916666665 0.4375678611111111 0.16532560879629632 0.45426072916666665 0.16486623379629628 0.456075099537037 0.16597189583333335 0.4597038402777778 0.1681832175925926 0.45966748611111113 0.16922425000000002 0.45952207175925924 0.17338837731481482
3 0.46619789351851854 0.19446753472222222 0.44616711574074075 0.1843873310185185 0.43495371064814814 0.18712265509259257 0.4294015393518518 0.1869287685185185 0.42207135185185185 0.1845881898148148 0.42022062962962964 0.1845235601851852 0.41829719675925925 0.1865409953703704 0.41644647453703704 0.18647636805555554 0.41841493287037035 0.18980230092592595 0.40938645370370375 0.2161959976851852 0.4097673402777777 0.21855447685185184 0.4060295393518519 0.2194662523148148 0.40758075925925924 0.22147473611111113 0.4057750625 0.22675347685185188 0.41673399074074075 0.23130537731481482 0.4278019791666666 0.23273418055555556 0.44090246064814814 0.22902245370370372 0.4429713055555556 0.2228408888888889 0.4357138263888889 0.21841824537037038 0.45487542824074073 0.20032595601851852 0.4622056157407407 0.2026665347222222 0.46964486574074077 0.2018840162037037 0.46971757175925927 0.19980195370370368 0.4679032037037037 0.19869629166666666 0.46619789351851854 0.19446753472222222
1 0.32765398611111113 0.5536011967592592 0.31798857870370373 0.5809888958333334 0.3048662847222222 0.5853252430555556 0.16636340740740743 0.5771532500000001 0.17469892592592592 0.6356047638888889 0.5117292708333333 0.6629044166666667 0.5420408287037037 0.6120562986111111 0.5456589930555555 0.6092642037037037 0.40037784027777773 0.5935593981481482 0.36607963657407405 0.562239162037037 0.36070428240740743 0.5198382337962963 0.3885371990740741 0.412619275462963 0.401701136574074 0.3805591597222222 0.35830959490740744 0.3973884004629629 0.33755734953703703 0.4928681550925926 0.32765398611111113 0.5536011967592592