2 1 0.11141011111111111 0.9933769814814815 0.11207218518518519 0.9913723796296297 0.11277645601851852 0.9829922060185184 0.11764522222222222 0.9811684884259259 0.11732365046296296 0.9654934421296296 0.12090613425925927 0.9634888402777777 0.12161040509259259 0.9552895509259259 0.1254533287037037 0.9534658333333333 0.12513175694444445 0.947632912037037 0.12621872916666665 0.9456283101851852 0.126923 0.8752863726851852 0.1525983148148148 0.875105488425926 0.1536241574074074 0.8667253148148149 0.15849292361111111 0.8647207129629629 0.15919719444444447 0.8590686759259258 0.15925832175925925 0.8570640740740741 0.1599625925925926 0.8346516898148147 0.16976125462962963 0.8328279722222222 0.16943968287037037 0.8149674421296297 0.1747522777777778 0.8147865578703704 0.17577812037037038 0.7537440925925927 0.20203544907407409 0.7535632083333333 0.20306128935185186 0.7451830347222221 0.20793005555555555 0.7431784351851852 0.20863432638888887 0.7253179027777777 0.2139469212962963 0.7251370208333333 0.21497276157407408 0.6987154328703703 0.22617996527777778 0.6968917152777778 0.22585839351851852 0.6730173796296297 0.23328380092592593 0.6728364953703704 0.2343096412037037 0.6296545601851852 0.25525437500000003 0.6276499583333334 0.25595864583333333 0.605780224537037 0.2626797824074074 0.6055993425925926 0.263705625 0.5841062569444444 0.2789550625 0.5821016574074074 0.2796593333333333 0.5101317662037037 0.3145672222222223 0.5081271643518518 0.3152714930555555 0.48661919675925924 0.3199409467592592 0.48643831481481487 0.32096678703703707 0.4496319513888889 0.3377470254629629 0.4494510671296296 0.3387728680555555 0.44107089583333337 0.34364163425925925 0.43906629398148145 0.3443459050925926 0.40298346527777773 0.35702277777777774 0.40115974768518514 0.3567012060185185 0.38949390509259263 0.35887514814814814 0.3893130208333333 0.35990098842592594 0.36872435416666666 0.3700212199074074 0.36690063657407407 0.369699650462963 0.34685462037037035 0.3767423564814815 0.34503090277777776 0.376420787037037 0.34120258333333336 0.37680348611111114 0.33919798148148145 0.37750775694444444 0.31696647916666665 0.3862805763888889 0.31514276157407406 0.3859590046296296 0.31131444212962966 0.3863417060185185 0.30930984027777775 0.3870459768518518 0.28489285416666665 0.3975489074074074 0.28306913657407407 0.3972273356481481 0.2692178101851852 0.40113139120370367 0.26903692592592593 0.40215723148148147 0.2628422384259259 0.4052958842592592 0.26101851851851854 0.40497431481481483 0.25700931712962966 0.4063828564814815 0.255185599537037 0.40606128472222225 0.2327583310185185 0.40527996064814814 0.23075372916666664 0.4059842314814815 0.21926877083333332 0.40713233101851853 0.2172641689814815 0.4078366018518519 0.15620682175925926 0.42351394675925924 0.15438310416666667 0.423192375 0.14307902777777778 0.4233146342592593 0.14107442592592592 0.4240189050925926 0.11938557638888889 0.4297141990740741 0.1175618587962963 0.4293926296296296 0.09240645370370369 0.43341894212962967 0.09040185416666667 0.43412321064814813 0.08420716435185185 0.4372618657407407 0.08402628240740741 0.4382877060185186 0.08366451388888889 0.4403393888888889 0.09388328935185185 0.44637217824074077 0.09570700694444445 0.44669375 0.10482559722222222 0.44830160416666665 0.10683019907407408 0.4475973333333333 0.12943834953703703 0.4473528148148148 0.1314429513888889 0.44664854398148146 0.15094631712962964 0.4426833611111111 0.15277003472222223 0.44300493287037035 0.22204155555555558 0.43406465046296294 0.2240461574074074 0.4333603796296296 0.30205961805555553 0.41749964814814816 0.3040642199074074 0.4167953773148148 0.32192475000000004 0.4114827824074074 0.3237484675925926 0.4118043518518519 0.33541431018518514 0.40963041203703704 0.3372380277777778 0.4099519814814815 0.3521895393518519 0.4104728657407407 0.3541941412037037 0.4097685949074074 0.3618507800925926 0.40900319444444444 0.3638553819444445 0.4082989236111111 0.3820776805555556 0.4009346458333333 0.38225856249999995 0.39990880324074074 0.42179306250000004 0.37832092824074076 0.42379766435185184 0.3776166574074074 0.5420542731481481 0.32548470138888885 0.544058875 0.32478043055555555 0.5783179861111111 0.3117819884259259 0.5784988680555555 0.31075614583333333 0.6074677083333333 0.29576714814814814 0.6094723101851852 0.2950628796296296 0.6561207962962963 0.2757871273148148 0.6579445162037038 0.2761086990740741 0.6936655763888888 0.26548350925925923 0.6938464606481481 0.26445766666666665 0.7151586597222221 0.25023406944444443 0.7171632615740741 0.24952979861111113 0.7557933425925926 0.23307113194444445 0.7559742268518519 0.23204528935185187 0.7701873217592593 0.22608955324074073 0.7703682037037036 0.22506371296296296 0.770549087962963 0.22403787037037037 0.7725536898148149 0.22333359953703702 0.8007989953703704 0.2124479699074074 0.8009798796296296 0.21142212731481483 0.8239349143518518 0.19854594212962962 0.8259395162037038 0.1978416712962963 0.872768886574074 0.17754008101851854 0.8747734861111112 0.17683581018518518 0.9150464027777778 0.16172455324074075 0.9168701203703704 0.162046125 0.986488525462963 0.14047417361111111 0.9866694074074074 0.13944833333333334 1 0.13320041898148147 1 0.11141011111111111
2 1 0.11744367592592592 0.9959391157407408 0.118870375 0.9870014097222223 0.11623668055555557 0.986820525462963 0.11726252083333334 0.9808067222222222 0.11937533333333333 0.9804449537037037 0.1214270162037037 0.9746120324074075 0.12251398842592592 0.9709645972222222 0.1218708449074074 0.9709720393518518 0.12716083796296296 0.9673320439814815 0.1318076898148148 0.9582134537037037 0.13019983564814816 0.9587561041666667 0.1271223125 0.9571132685185185 0.12577490046296297 0.9374290208333333 0.1307659236111111 0.9370672546296297 0.13281760648148147 0.9405338055555555 0.1344865902777778 0.9355675231481482 0.13599080555555554 0.9270442453703703 0.13633896064814816 0.9248587615740741 0.13806907175925925 0.9246778773148149 0.13909491435185184 0.9285061967592592 0.13871221296296296 0.9337060254629629 0.14121568750000002 0.9303447986111111 0.14961376851851854 0.9110074328703703 0.141973125 0.5166320162037037 0.6927536435185184 0.5216098587962963 0.697376099537037 0.5214289745370371 0.6984019398148148 0.5194243726851853 0.6991062106481482 0.5133727129629629 0.6973055486111112 0.5130488009259259 0.7032707060185186 0.5101134143518519 0.7018574560185186 0.5088587152777778 0.7057050879629629 0.506854113425926 0.7064093587962963 0.5137872175925926 0.709747324074074 0.5174346550925926 0.7103904675925926 0.531300863425926 0.7170663981481482 0.5367720185185185 0.7180311087962963 0.5808732546296296 0.7025371550925926 0.5810541365740741 0.7015113125 0.5930817453703704 0.6972856875 0.5954481157407407 0.6945297361111111 0.6058328912037036 0.6889566990740741 0.6067373078703704 0.6838274907407408 0.6087419097222222 0.6831232199074074 0.6092845601851852 0.6800456967592593 0.6156601319444444 0.675881201388889 0.6160218981481482 0.6738295185185186 0.6202119861111112 0.6713951365740741 0.6205737523148147 0.6693434537037036 0.6271302083333333 0.6641531180555555 0.627491974537037 0.6621014351851853 0.6316820601851851 0.6596670509259259 0.6320438287037037 0.6576153680555555 0.6364147986111112 0.6541551435185184 0.6404240023148148 0.6527466018518518 0.6449758564814815 0.648260537037037 0.6489850578703703 0.6468519953703704 0.6513514282407408 0.6440960416666667 0.6553606296296296 0.6426875000000001 0.6837719375 0.6201960439814814 0.6866809560185184 0.6143625648148148 0.6906901597222223 0.6129540231481481 0.710359525462963 0.5973830138888888 0.7130876597222223 0.5925753796296296 0.7172777476851852 0.5901409953703703 0.7200058819444445 0.5853333587962963 0.7241959699074074 0.5828989768518519 0.7292904745370371 0.575335386574074 0.7334805601851853 0.5729010046296297 0.7338423263888889 0.5708493217592593 0.7358469282407407 0.5701450509259259 0.7385750648148148 0.5653374143518518 0.742765150462963 0.5629030300925926 0.745493287037037 0.5580953958333333 0.7496833726851853 0.5556610115740741 0.7500451412037037 0.5536093287037037 0.7675290208333334 0.5397684328703704 0.7813803495370371 0.5358643796296296 0.7837467175925925 0.5331084259259259 0.7899414050925926 0.5299697708333334 0.791388474537037 0.5217630393518519 0.7933930763888889 0.5210587685185185 0.7944783773148147 0.5149037222222222 0.7986684629629629 0.5124693379629629 0.799211113425926 0.5093918148148148 0.8012157152777777 0.5086875439814814 0.8017583657407408 0.5056100185185185 0.8037629675925926 0.5049057476851851 0.8043056180555556 0.501828224537037 0.8063102199074074 0.5011239537037037 0.8068528703703705 0.49804642824074075 0.8088574722222222 0.49734215972222223 0.8119473749999999 0.4904828402777778 0.8183229467592592 0.48631834490740744 0.8186847129629629 0.484266662037037 0.8206893148148148 0.4835623912037037 0.8210510810185185 0.48151070833333337 0.8230556828703703 0.4808064375 0.8234174513888889 0.47875475462962963 0.8254220532407408 0.4780504837962963 0.8257838194444445 0.47599880092592595 0.8277884212962964 0.4752945300925926 0.8281501874999999 0.4732428472222222 0.8301547893518518 0.47253857638888885 0.8352492939814815 0.4649749861111111 0.8414439814814815 0.46183633333333335 0.8480004375 0.4566459976851852 0.8483622037037037 0.4545943148148148 0.8503668055555555 0.4538900439814815 0.8507285740740741 0.45183836111111114 0.8527331736111111 0.4511340902777778 0.8530949421296297 0.4490824074074074 0.8550995439814815 0.44837813657407405 0.8554613101851851 0.4463264537037037 0.857465912037037 0.44562218287037036 0.8578276782407407 0.4435705 0.8598322800925926 0.4428662291666666 0.8601940486111112 0.4408145462962963 0.8621986481481481 0.44011027546296294 0.8625604166666667 0.43805859259259256 0.8645650185185185 0.4373543217592593 0.8649267847222222 0.43530263888888887 0.8669313865740741 0.4345983680555556 0.8672931527777777 0.43254668518518513 0.8692977546296297 0.4318424143518519 0.8743922592592592 0.4242788263888889 0.8829533171296297 0.4183842175925926 0.885681451388889 0.4135765810185185 0.9401376967592592 0.37134962037037034 0.9406803472222223 0.3682720972222222 0.9470559189814814 0.36410760185185187 0.9474176851851852 0.36205591898148143 0.9537932569444444 0.3578914236111111 0.9541550231481482 0.35583974074074076 0.9694534189814815 0.3437289560185185 0.9699960694444444 0.3406514305555555 0.9720006712962963 0.339947162037037 0.9723624398148147 0.3378954791666666 0.9767334097222222 0.33443525462962964 0.9772760601851852 0.33135772916666667 0.979280662037037 0.33065345833333337 0.9820087962962963 0.3258458217592593 1 0.3119203657407407 1 0.21518017824074073 0.9372779027777777 0.15295173379629629 0.9412871064814815 0.15154319444444445 0.9486500949074075 0.1364465787037037 0.9518378819444444 0.13436433101851852 0.9556662013888889 0.13398162962962962 0.963692048611111 0.13645453935185184 0.9658849768518519 0.1400144212962963 0.963880375 0.14071869212962962 0.9602329374999999 0.14007555092592594 0.9615140046296297 0.14347464583333333 0.9669851597222222 0.14443935648148148 0.968989761574074 0.14373508564814813 0.9764655162037037 0.14399552777777777 0.9784701180555556 0.14329125694444445 0.9770081666666667 0.1409180023148148 0.9888548935185185 0.1377182199074074 0.9892166597222222 0.13566653703703704 0.996873300925926 0.13490113657407407 0.988840011574074 0.1271382361111111 0.9908446134259259 0.12643396527777778 0.9963157662037037 0.12739867592592594 1 0.12941152083333332 1 0.12719748379629628 0.9978129537037037 0.12601730555555554 1 0.1252140462962963 1 0.11744367592592592
2 0.7054951296296296 0.37968940046296296 0.7080572662037037 0.3864875902777778 0.703037175925926 0.44695110416666667 0.7046800092592592 0.4482985162037037 0.7039713587962964 0.46298186574074074 0.7056141944444444 0.46432927777777777 0.708944511574074 0.49876405787037037 0.7067739097222222 0.5110741527777778 0.7084167430555555 0.5124215648148148 0.7078740925925926 0.5154990902777777 0.7095169282407406 0.5168465023148149 0.7113406458333332 0.5171680740740741 0.7133452476851851 0.5164638032407407 0.7195399351851852 0.5133251481481481 0.7235342569444444 0.5013366226851852 0.7218914212962964 0.49998921064814816 0.7177929212962963 0.4379178425925926 0.7230385439814815 0.4081684421296296 0.7250431435185185 0.40746417129629625 0.7290374652777778 0.39547564583333333 0.7273946296296296 0.3941282337962963 0.7207786435185185 0.35699862962962964 0.7191358078703703 0.35565121759259255 0.7145541898148148 0.3389773148148148 0.7129113541666667 0.3376299027777778 0.7059633657407408 0.32371195138888886 0.7061442499999999 0.32268611111111106 0.702965050925926 0.26606552083333335 0.7013222152777778 0.26471810879629626 0.6871091203703704 0.2706738449074074 0.6860238194444443 0.2768288935185185 0.6877113032407407 0.30991625925925925 0.6857215856481481 0.3212005162037037 0.6873644189814816 0.3225479282407408 0.7014412777777778 0.34935798611111113 0.7012603958333334 0.3503838287037037 0.7051184814814815 0.3711610972222222 0.7038522962962963 0.3783419884259259 0.7054951296296296 0.37968940046296296
2 0.6926006689814814 0.41184813425925926 0.692515 0.40990784259259255 0.6911023217592592 0.40821493981481477 0.680863800925926 0.3837892916666667 0.6741434652777778 0.35396790972222225 0.6716613101851853 0.32922547453703704 0.6630756180555556 0.3002784606481481 0.6654489583333333 0.2771139791666667 0.6523021342592592 0.27888673842592593 0.6492015648148148 0.31588013425925926 0.6756307268518519 0.40861524074074074 0.6780130393518519 0.45090695138888887 0.6740275555555556 0.5074769097222223 0.6749656967592592 0.5846476296296297 0.6854861875 0.5735080694444444 0.6877050277777778 0.5584982523148148 0.6860182662037038 0.5389495046296296 0.6871777662037037 0.5081110949074075 0.692808863425926 0.4713232638888889 0.6952132152777778 0.44070446064814817 0.6982206967592594 0.4260743356481481 0.6940958310185186 0.4130743125 0.6926006689814814 0.41184813425925926
2 0.4021294236111111 0.9164145578703704 0.4019485393518519 0.9174404004629629 0.4173064652777778 0.9476495555555556 0.4191301851851852 0.947971125 0.4266059398148148 0.9482315671296296 0.42678682407407403 0.9472057245370371 0.42915319212962966 0.9444497708333333 0.4275103587962963 0.9431023587962962 0.42420980555555554 0.9298275509259258 0.4225669722222222 0.9284801388888889 0.40282319212962964 0.891151224537037 0.4011803564814815 0.8898038125 0.37946174074074074 0.8743391365740741 0.379642625 0.8733132962962963 0.3599286087962963 0.857144349537037 0.3601094930555555 0.8561185092592593 0.33108112268518514 0.8287875671296296 0.32925740277777776 0.8284659953703704 0.3157529606481482 0.8197383819444445 0.3139292430555556 0.8194168101851852 0.308458087962963 0.818452099537037 0.30827720370370365 0.8194779398148149 0.30755367129629635 0.8235813055555555 0.3395059444444445 0.8556587546296297 0.3411487777777778 0.8570061666666667 0.37436723611111106 0.8819027268518519 0.37418635185185184 0.8829285671296296 0.37893397222222225 0.8879966458333334 0.37875309027777776 0.889022486111111 0.38131522453703703 0.8958206782407407 0.3829580578703704 0.8971680902777778 0.4021294236111111 0.9164145578703704
2 0.793274462962963 0.24909846296296295 0.7933802407407408 0.2417053472222222 0.7910330324074074 0.22444649537037037 0.7820272384259259 0.22117408564814817 0.7796462106481482 0.22109113657407406 0.7695503240740741 0.22739650462962965 0.7786856875 0.2401249675925926 0.7789208541666667 0.24218787268518518 0.7820027013888889 0.24508950925925926 0.799413962962963 0.2788173217592593 0.8122452638888888 0.3181386666666666 0.8304141898148147 0.3951231319444445 0.8448065185185185 0.38822768055555557 0.8391562800925926 0.37611373842592594 0.8351675462962963 0.34778478472222224 0.8313176643518518 0.3356514050925926 0.8301227013888889 0.3118578402777778 0.8320335578703704 0.3078151134259259 0.8300462013888888 0.2987052592592593 0.8261434282407407 0.2902684398148148 0.793274462962963 0.24909846296296295
2 0.8852439027777778 0.2777803657407408 0.8829590092592592 0.26356471296296297 0.8866462476851852 0.2426533472222222 0.885998337962963 0.23613800231481483 0.8865744699074075 0.23287059259259257 0.8782504050925927 0.21893762962962965 0.8784808518518519 0.2176307060185185 0.8765607314814815 0.21493381018518518 0.8716981828703704 0.18476622685185187 0.860085638888889 0.18608761805555554 0.8550929351851851 0.18722870833333333 0.8496922314814815 0.18728708564814817 0.853033037037037 0.2091007986111111 0.8551885231481481 0.2138605300925926 0.8556588773148148 0.21798623842592593 0.8566477523148147 0.21917127083333335 0.8621391412037037 0.24237485416666668 0.8618510833333333 0.24400850694444445 0.8631905300925925 0.24660301620370373 0.8623263425925927 0.2515040763888889 0.872478912037037 0.28563653935185185 0.8735924537037036 0.2929077638888889 0.8588877106481482 0.32535232175925927 0.8760156365740741 0.36408361805555556 0.8716613981481481 0.36500039814814816 0.8854247083333333 0.365068912037037 0.8952276157407408 0.3570274398148148 0.8944692060185185 0.35453538194444445 0.894339798611111 0.345079462962963 0.8857664004629631 0.31897410879629634 0.8851184907407408 0.31245876388888894 0.8837790254629629 0.3098643564814815 0.8852439027777778 0.2777803657407408
3 0.5530916064814815 0.9134166550925926 0.5532724907407407 0.9123908148148148 0.5547195578703703 0.9041840833333333 0.5530767222222223 0.9028366712962963 0.5514041226851852 0.8803292893518518 0.5497612893518519 0.8789818773148148 0.5471991527777779 0.8721836875 0.5453754351851852 0.8718621157407407 0.5307856898148148 0.869289550925926 0.5287810902777778 0.8699938217592593 0.5172961296296296 0.8711419212962963 0.5171152476851852 0.872167761574074 0.5063687037037037 0.8797924814814815 0.5061878217592592 0.880818324074074 0.5020126180555555 0.8938326898148148 0.5093223726851852 0.9056989583333334 0.5109652060185185 0.9070463703703704 0.5228268171296296 0.9144265717592593 0.5246505347222222 0.9147481435185185 0.5299408055555556 0.9167386967592592 0.5319454074074075 0.916034425925926 0.5412448796296296 0.9166164375 0.5432494814814814 0.9159121666666666 0.5530916064814815 0.9134166550925926
3 0.5299408055555556 0.9167386967592592 0.5281170856481482 0.916417125 0.5191793796296297 0.9137834305555556 0.5175365462962963 0.9124360185185186 0.5029319189814815 0.8992834675925926 0.5031128009259259 0.8982576273148148 0.5019977337962963 0.8832527060185186 0.5001740162037037 0.8829311342592592 0.4945219791666667 0.8829922638888889 0.4925173773148148 0.8836965347222223 0.4863226898148148 0.8868351898148148 0.4861418055555556 0.8878610300925927 0.4819517199074074 0.890295412037037 0.48177083564814815 0.8913212546296297 0.4788618171296296 0.8971547314814815 0.4825241342592592 0.9083778587962963 0.48416696990740743 0.9097252708333333 0.5009570810185185 0.9211477083333334 0.5027808009259259 0.9214692800925925 0.5173705439814815 0.9240418449074075 0.5193751458333333 0.923337574074074 0.5312218726851852 0.9201377916666666 0.5314027546296296 0.9191119513888888 0.5299408055555556 0.9167386967592592
3 0.6260403287037037 0.9262794837962963 0.626221212962963 0.9252536412037037 0.6327627847222222 0.9094833217592593 0.6311199490740741 0.9081359074074074 0.6287386990740741 0.9003118773148148 0.6270958634259259 0.8989644652777777 0.6155960231481481 0.8895325810185185 0.6137723032407407 0.8892110092592593 0.601187162037037 0.8859341736111112 0.5991825601851851 0.8866384444444444 0.5785790092592593 0.8861786898148147 0.5765744097222222 0.8868829606481482 0.5727609722222222 0.8978456458333334 0.5782470092592592 0.9093903425925925 0.578066125 0.9104161851851852 0.5782618912037036 0.9199703287037038 0.5799047268518519 0.9213177407407407 0.5879380162037037 0.9290806412037037 0.5897617337962964 0.929402212962963 0.6098226319444444 0.9329394907407407 0.6118272337962963 0.9322352199074074 0.6260403287037037 0.9262794837962963
3 0.6482569467592593 0.9069266782407408 0.6484378310185185 0.905900837962963 0.6551751689814814 0.8996846597222222 0.6553560532407408 0.8986588194444445 0.656622236111111 0.8914779282407408 0.6549794027777778 0.8901305162037038 0.6505935486111112 0.8830107569444444 0.6489507152777777 0.8816633449074074 0.6421984930555555 0.877299537037037 0.640374775462963 0.8769779652777778 0.6223184768518519 0.8727364189814815 0.6203138773148148 0.8734406874999999 0.6128381203703703 0.8731802476851852 0.6108335185185185 0.8738845185185184 0.6046388310185186 0.8770231712962963 0.6044579467592592 0.8780490138888889 0.6035535300925926 0.8831782199074074 0.6123103518518519 0.8868377569444443 0.6139531875 0.8881851689814815 0.6289195810185185 0.8992860347222221 0.6287386990740741 0.9003118773148148 0.634767386574074 0.9087790509259259 0.6365911041666666 0.9091006203703704 0.6402385393518519 0.909743761574074 0.6422431412037036 0.9090394907407408 0.6482569467592593 0.9069266782407408
3 0.6327776666666667 0.9200633055555556 0.6309539490740741 0.9197417337962963 0.6198456412037038 0.9294181365740741 0.6178410393518519 0.9301224074074074 0.6138318356481481 0.9315309490740741 0.6120081180555557 0.9312093773148148 0.6043514791666666 0.9319747777777778 0.6025277592592593 0.9316532083333333 0.5934091689814814 0.9300453541666666 0.5917663356481482 0.9286979421296296 0.5811857939814815 0.9247168356481481 0.5810049097222222 0.925742675925926 0.5808240277777778 0.9267685185185185 0.5839288125000001 0.9304891828703703 0.5857525300925926 0.9308107546296297 0.5943284699074075 0.9354961319444444 0.5961521875 0.935817701388889 0.6145702523148148 0.9380075671296296 0.6165748541666667 0.9373032962962964 0.6284215810185185 0.9341035138888889 0.628602462962963 0.9330776736111112 0.6327776666666667 0.9200633055555556
3 0.6348463773148147 0.7057076550925926 0.6350272615740741 0.7046818148148148 0.6359316805555556 0.6995526064814815 0.6342888449074074 0.6982051944444444 0.630083875 0.6900595925925926 0.6284410416666667 0.6887121805555556 0.6218697037037038 0.6833225324074074 0.6200459837962963 0.683000962962963 0.6163985486111111 0.6823578217592592 0.6162176643518519 0.683383662037037 0.6111231597222222 0.6909472523148148 0.6091185601851853 0.6916515231481482 0.5981911342592592 0.7003020833333333 0.5961865324074074 0.7010063541666667 0.5821543217592593 0.7059362499999999 0.5819734375 0.7069620902777778 0.5816116712962963 0.7090137731481482 0.5885447754629629 0.7123517384259259 0.5903684930555555 0.7126733101851852 0.6047773541666667 0.7162717175925926 0.6067819560185185 0.7155674467592592 0.61990975 0.7157667569444444 0.6219143518518518 0.7150624884259259 0.6301136412037037 0.7112195625 0.6302945254629629 0.7101937222222223 0.6348463773148147 0.7057076550925926
3 0.6850209490740741 0.7304208263888888 0.6852018333333333 0.7293949861111111 0.6879150856481482 0.7140073657407408 0.6862722499999999 0.7126599537037037 0.6860764837962963 0.7031058101851853 0.684433650462963 0.7017583981481481 0.6758577106481481 0.6970730185185184 0.6740339930555556 0.696751449074074 0.6612679652777778 0.6945004537037037 0.659263363425926 0.6952047245370371 0.651606724537037 0.695970125 0.6496021226851851 0.6966743958333333 0.6372127476851852 0.702951701388889 0.6370318634259259 0.7039775439814814 0.6299327569444444 0.7122454050925926 0.6370616296296296 0.7251375138888889 0.6387044629629629 0.726484925925926 0.6436329675925926 0.730527162037037 0.6454566851851852 0.7308487337962963 0.6616892638888889 0.7347687106481481 0.6636938657407407 0.7340644398148148 0.6748170578703703 0.7349680231481481 0.6768216597222222 0.7342637523148148 0.6850209490740741 0.7304208263888888
3 0.5911984976851852 0.6546441782407407 0.5913793796296296 0.6536183379629629 0.6064968935185185 0.6425333935185186 0.6066777754629629 0.6415075532407407 0.6070395439814815 0.6394558703703703 0.6053967083333334 0.6381084583333333 0.5895258958333334 0.6321367962962964 0.5875212939814815 0.6328410671296296 0.5725697824074074 0.6323201851851853 0.5705651828703704 0.6330244560185185 0.5545283703703704 0.6386586203703705 0.5543474861111112 0.6396844629629629 0.5501573981481481 0.6421188449074073 0.5499765162037037 0.6431446875 0.5492529814814815 0.6472480532407408 0.5499913981481481 0.6537246712962963 0.5516342337962963 0.6550720833333332 0.5560200856481482 0.6621918449074073 0.5576629212962962 0.6635392569444444 0.564596025462963 0.6668772222222222 0.5664197430555555 0.6671987939814814 0.5702480625 0.6668160925925926 0.5722526643518518 0.6661118217592593 0.5911984976851852 0.6546441782407407
3 0.6740042268518519 0.6755914791666667 0.6632279189814815 0.6620562291666666 0.6455333888888889 0.6557629976851852 0.6376958657407408 0.6575542384259259 0.6276371342592593 0.6681097962962963 0.6231270648148148 0.6701545694444445 0.6184927222222222 0.6779302476851852 0.6191970347222222 0.6806544583333334 0.6350123796296296 0.6941018287037037 0.6459546875000001 0.6960312546296296 0.6576205300925926 0.6938573124999999 0.6727380416666667 0.6827723680555556 0.6740042268518519 0.6755914791666667
3 0.064022625 0.6050560277777778 0.06566546064814814 0.6064034398148149 0.07241768055555556 0.6107672453703704 0.07424140046296296 0.6110888171296296 0.07825060185185186 0.609680275462963 0.07660776851851851 0.608332863425926 0.07350298148148149 0.6046121967592593 0.07550758333333334 0.6039079282407407 0.07659288425925927 0.5977528796296296 0.0785974861111111 0.5970486087962963 0.08114473842592593 0.5932668125 0.08314934027777778 0.5925625416666667 0.0911677476851852 0.5897454583333334 0.09299146527777778 0.5900670300925925 0.09882438657407408 0.5889800601851852 0.10064810416666667 0.5893016296296296 0.1341985625 0.5909865370370371 0.13620316435185187 0.5902822662037037 0.14969272453703705 0.5884298958333334 0.1513355601851852 0.5897773078703703 0.1548021134259259 0.5914462916666666 0.15462122916666665 0.5924721319444445 0.15407857870370373 0.5955496550925926 0.15207397685185187 0.596253925925926 0.12054300231481481 0.6044447337962963 0.12036211805555555 0.6054705763888889 0.11198194444444444 0.6103393402777777 0.1118010625 0.6113651828703703 0.10617878935185185 0.6325862824074073 0.10417418749999999 0.6332905532407408 0.10144605324074074 0.6380981874999999 0.10308888657407407 0.6394455995370371 0.11002199305555556 0.6427835671296296 0.11184571064814815 0.6431051365740741 0.12461173611111111 0.6453561319444445 0.12661633796296298 0.6446518611111111 0.15413811111111111 0.6378695949074074 0.1559618287037037 0.6381911666666666 0.18440290046296295 0.6368596782407407 0.18640750231481482 0.6361554074074074 0.19514944212962962 0.6292349583333333 0.1953303263888889 0.6282091180555556 0.20059083101851852 0.6090397013888889 0.19894799537037036 0.6076922893518519 0.19382372685185184 0.5940959097222221 0.19218089120370369 0.5927484976851851 0.1766718472222222 0.5847251550925926 0.1748481273148148 0.5844035833333333 0.16226298611111112 0.5811267476851851 0.16062015046296296 0.5797793356481482 0.14839677546296295 0.5744508148148149 0.14675393981481483 0.5731034027777778 0.12431178935185185 0.5617420949074075 0.12266895601851852 0.5603946828703704 0.10916451157407409 0.5516670694444444 0.10734079398148148 0.5513454976851851 0.08527529398148148 0.5485124907407407 0.08327069212962962 0.5492167615740741 0.05847705555555555 0.5511913912037036 0.056472456018518524 0.551895662037037 0.04189759259259259 0.5599030810185185 0.04171671064814815 0.5609289212962962 0.03916945833333334 0.5647107175925926 0.07036843055555556 0.5797315625 0.07018754861111111 0.5807574050925927 0.06910224768518518 0.5869124513888889 0.06709764583333333 0.5876167222222223 0.0583557037037037 0.5945371712962962 0.05817482175925926 0.595563013888889 0.057813053240740736 0.5976146967592593 0.05945588888888889 0.5989621087962962 0.064022625 0.6050560277777778
3 0.23680302777777776 0.9475540092592593 0.23497930787037036 0.9472324398148148 0.21107520833333332 0.9334978773148147 0.20925149074074073 0.9331763055555555 0.19556616203703706 0.9254745324074074 0.19374244444444444 0.925152962962963 0.18662845601851852 0.9228408379629629 0.18462385416666666 0.9235451087962964 0.17478172916666668 0.9260406203703704 0.17295801157407406 0.925719050925926 0.15818738425925927 0.9241723263888888 0.1561827824074074 0.9248765972222223 0.14487870601851852 0.9249988564814815 0.1428741064814815 0.9257031273148149 0.12737994212962964 0.9282597685185185 0.1253753425925926 0.9289640393518518 0.11298596527777777 0.9352413449074075 0.1399799699074074 0.942116587962963 0.1418036875 0.9424381597222222 0.2293421550925926 0.9578735532407407 0.23134675462962964 0.9571692824074075 0.24064622916666667 0.9577512939814815 0.24082711342592591 0.9567254537037037 0.24155064814814814 0.9526220879629629 0.2399078125 0.951274675925926 0.23680302777777776 0.9475540092592593
3 0.3708537453703704 0.976479449074074 0.36921091203703704 0.9751320370370371 0.34640699305555556 0.9658224097222222 0.34476415972222224 0.9644749976851851 0.3365499861111111 0.9577379375 0.3347262685185185 0.9574163657407406 0.3261503287037037 0.952730988425926 0.3243266111111111 0.9524094189814816 0.28967596759259256 0.9462995740740742 0.28767136574074076 0.9470038449074074 0.2530356064814815 0.9514739884259259 0.25103100462962963 0.9521782569444445 0.24447454861111112 0.9573685949074074 0.2459365 0.9597418472222222 0.2477602175925926 0.9600634189814814 0.2530504884259259 0.9620539722222223 0.2548742060185185 0.9623755439814815 0.33511780092592597 0.9765246527777778 0.3371224027777778 0.9758203819444444 0.3683064930555556 0.9802612430555555 0.3684873773148148 0.9792354027777778 0.3708537453703704 0.976479449074074
3 0.8261971018518518 0.12173009490740741 0.8263779861111111 0.12070425462962964 0.8289103541666667 0.10634247453703703 0.8272675208333333 0.1049950625 0.8126628935185186 0.09184251157407407 0.810839175925926 0.09152094212962963 0.7947874791666666 0.08657512268518518 0.7927828773148149 0.08727939351851852 0.7807552685185185 0.09150501851851853 0.7805743842592592 0.0925308587962963 0.7701896087962963 0.09810389583333333 0.7700087268518518 0.09912973611111112 0.7620052037037036 0.11252680324074074 0.7662101712962963 0.1206724050925926 0.7678530069444444 0.12201981712962963 0.779352849537037 0.1314517037037037 0.7811765671296297 0.13177327314814816 0.7977709120370371 0.13364156944444444 0.7997755138888889 0.13293729861111112 0.8134459583333333 0.13005908564814814 0.8136268425925927 0.12903324537037036 0.8261971018518518 0.12173009490740741
3 0.8296934212962962 0.1445590486111111 0.8298743032407407 0.14353320601851852 0.8304169537037036 0.14045568287037039 0.8287741203703703 0.13910827083333335 0.8269355185185185 0.12820671527777777 0.8252926851851852 0.12685930324074074 0.8218261319444444 0.12519031944444445 0.8216452476851851 0.12621616203703703 0.7995946319444445 0.1339631388888889 0.7977709120370371 0.13364156944444444 0.7848240023148149 0.13241641435185184 0.7828194004629629 0.1331206851851852 0.7806339166666667 0.1348507986111111 0.7868434884259259 0.14229212962962962 0.7886672060185185 0.1426136990740741 0.7937765925925926 0.14563009490740741 0.7956003101851853 0.14595166666666667 0.8063617361111112 0.14890693055555554 0.8083663379629629 0.14820265972222224 0.8214941296296296 0.1484019722222222 0.8234987314814814 0.1476977013888889 0.8296934212962962 0.1445590486111111
3 0.7669634722222222 0.13772900925925927 0.7671443564814815 0.13670316898148147 0.7715153263888889 0.13324294444444446 0.7716962083333334 0.13221710416666668 0.7724197430555556 0.1281137384259259 0.7707769097222221 0.12676632638888888 0.7598197175925926 0.11425691666666665 0.7578151157407407 0.11496118749999999 0.7388544004629629 0.1158488449074074 0.7370306828703703 0.11552727546296297 0.7315595300925927 0.1145625625 0.7295549282407408 0.11526683333333333 0.7082278449074074 0.11891044675925926 0.7080469606481481 0.11993628703703703 0.7058614768518519 0.12166639814814814 0.714994949074074 0.13385423842592592 0.7168186666666666 0.13417580787037037 0.727218324074074 0.13918275694444443 0.7290420439814815 0.1395043263888889 0.7399843518518519 0.1414337523148148 0.7419889537037037 0.14072948148148148 0.7551167453703704 0.14092879398148148 0.7571213472222221 0.14022452314814815 0.7669634722222222 0.13772900925925927
3 0.792919113425926 0.05451359722222222 0.7910953935185185 0.054192025462962964 0.7634076226851852 0.07258011805555555 0.7632267384259259 0.07360596064814816 0.7628649722222222 0.07565764351851853 0.7747265810185185 0.08303784490740741 0.7767311828703704 0.08233357407407407 0.7869350740740741 0.07778637962962963 0.7871159560185185 0.07676053703703704 0.7936724120370371 0.0715702013888889 0.7938532962962962 0.0705443587962963 0.7956621319444445 0.06028594675925926 0.7940192962962963 0.05893853472222222 0.792919113425926 0.05451359722222222
3 0.7425158657407408 0.098377875 0.7451801504629629 0.10510437962962964 0.7443159606481481 0.11000543981481482 0.7429066689814815 0.1107194837962963 0.7348588425925926 0.11026308101851852 0.7321635300925926 0.110991 0.7315017291666668 0.11231811574074074 0.7344507013888889 0.11500391898148149 0.7373138217592592 0.11574939814814815 0.7511258333333333 0.11505646990740741 0.7579667384259259 0.11265307638888888 0.7642247546296296 0.10870309259259259 0.7664193194444444 0.10596169444444445 0.7673280462962964 0.10323420138888889 0.7722145555555555 0.09735783564814815 0.773123263888889 0.09463044444444445 0.7714911597222222 0.08447631018518519 0.7698693587962964 0.08154325231481482 0.764763587962963 0.07895852314814815 0.7597848356481482 0.07808063425925926 0.7530707731481482 0.08219084027777777 0.7405034467592593 0.08310324074074073 0.7230772731481481 0.08003053703703704 0.7176868125 0.08148650694444444 0.714659087962963 0.08167454398148148 0.7154443611111111 0.0796471875 0.7161884652777778 0.07785331481481482 0.7144499467592593 0.08043449074074074 0.7138326643518519 0.08393527777777778 0.7164900300925926 0.08584765277777777 0.7206803217592592 0.08634587962962963 0.7268182731481482 0.08550297916666666 0.7351575231481482 0.0867327800925926 0.7387271458333333 0.08832484722222222 0.7432120833333333 0.0920032824074074 0.7437951342592592 0.09355000462962962 0.7425158657407408 0.098377875
2 0.7915337384259259 1 0.8048820185185185 0.9675215763888888 0.8083000879629629 0.961723173611111 0.8434939421296297 0.9217737453703704 0.8462208402777778 0.9198962430555555 0.8814052523148148 0.8732071620370371 0.8855817314814814 0.8699008148148147 0.8858121782407408 0.8685938935185185 0.9235837060185185 0.8445962939814814 0.9260225300925926 0.8443525462962962 0.9280531666666667 0.8430260509259259 0.9484948564814815 0.801822974537037 0.9497717893518519 0.8013743541666666 0.9644054814814815 0.7183825532407409 0.9342855509259259 0.7737132986111112 0.9329510069444444 0.7744886481481481 0.9260570925925926 0.7864120509259259 0.9240840671296296 0.7874118148148148 0.8975314282407408 0.819114824074074 0.896547275462963 0.8212996203703704 0.8934123773148147 0.8220944097222223 0.8302546226851852 0.8813697893518518 0.8436337037037037 0.897204863425926 0.8460147499999999 0.8972877106481482 0.8265144953703704 0.9059777152777777 0.8243063194444444 0.9049144699074074 0.8233174444444444 0.9037294375 0.822155736111111 0.9035245972222222 0.8081138148148148 0.9118293912037038 0.8062560277777777 0.9121755902777778 0.7762945833333333 0.9564166273148148 0.7457129699074074 1 0.7915337384259259 1
2 1 0.33990399537037036 0.9844693310185185 0.3365400393518519 0.9843541087962963 0.33719350000000003 0.9831347893518518 0.3373153888888889 0.920546224537037 0.5122472106481482 0.8591501041666667 0.5853091944444445 0.8579307847222223 0.5854310856481482 0.8200289374999999 0.6407372222222222 0.7878776412037036 0.7381589513888889 0.7332649513888889 0.8033207199074075 0.7294339560185186 0.8046666504629629 0.7551745671296296 0.8149326319444445 0.7553474027777777 0.8139524421296296 0.7566245162037036 0.8135038541666667 0.7708872569444445 0.7971524490740741 0.7721641875 0.7967038287037037 0.7770898356481482 0.7891498124999999 0.7965709837962963 0.7669806712962962 0.8174057824074075 0.7575153171296297 0.8196045324074075 0.7518388032407407 0.8225618564814815 0.7486544814814815 0.8268441342592593 0.7379549166666666 0.8277659328703704 0.732727125 0.8265418912037037 0.7294791875000001 0.8249719814814815 0.7281917037037038 0.8254715949074074 0.7117718194444445 0.8273199375 0.7046859629629629 0.8506517314814814 0.6538855046296297 0.8542909861111111 0.6400405555555556 0.8604886412037037 0.6286681620370371 0.8752700856481481 0.6093761134259259 0.8973003912037036 0.5829398009259259 0.9005505138888888 0.5814915532407408 0.9646733333333333 0.506552136574074 0.9666465231481481 0.5055525069444444 0.969565724537037 0.4754093958333333 0.9835847638888888 0.40949097222222225 0.9850345277777778 0.408062162037037 0.9870557037037038 0.3999961134259259 1 0.34307425 1 0.33990399537037036
2 0.950478025462963 0.2671068310185185 0.9476542314814814 0.26059283333333333 0.9420310208333333 0.24395961574074074 0.9415263101851852 0.24335497453703706 0.9412448935185185 0.23282022685185186 0.9408873333333333 0.23138212268518518 0.942489576388889 0.2118975648148148 0.9423695856481481 0.2108451134259259 0.942810488425926 0.208344625 0.9421761666666667 0.19981023611111112 0.9413680462962963 0.19399552777777776 0.9425736990740741 0.16636237037037038 0.9416796180555556 0.16276707638888888 0.941647824074074 0.16121442592592594 0.9409645162037037 0.1598907662037037 0.9410820902777778 0.1592239675925926 0.9371069120370371 0.15577281712962965 0.9362472430555555 0.15544935185185185 0.9352087939814815 0.15440683564814817 0.9281399791666667 0.1633016689814815 0.9279048125 0.16463536574074075 0.9268535648148147 0.19659280324074072 0.9274257569444444 0.2453377060185185 0.9439845138888889 0.3190389490740741 0.9477339537037037 0.3173295740740741 0.9489487638888889 0.3173718958333333 0.9508128518518518 0.31546601157407406 0.9562599814814815 0.31230121064814814 0.9563775555555556 0.31163441435185185 0.9554764375 0.30288120601851853 0.9556234050925926 0.30204770833333333 0.9548446967592592 0.29606619907407405 0.9547810925925927 0.29296099999999997 0.9540659722222222 0.2900847916666667 0.9516660439814815 0.26903513194444445 0.950478025462963 0.2671068310185185
2 0 0.91371325 0.007628837962962963 0.9152735416666666 0.012218243055555555 0.9164196666666667 0.014599453703703703 0.9165026481481482 0.02911645138888889 0.9156933912037037 0.08913382175925927 0.8946076689814815 0.0928495925925926 0.8939151967592592 0.09546106481481481 0.8926912268518519 0.09627236574074073 0.8914867245370371 0.09807255787037038 0.8914671527777778 0.1928466851851852 0.8498950162037038 0.19580875 0.8500804189814815 0.2969677361111111 0.8062651087962963 0.2987102986111111 0.8065723703703703 0.38698908564814816 0.7712665925925926 0.3923897916666667 0.7712082152777777 0.3998787453703703 0.7694966157407407 0.4018517523148148 0.7684969537037036 0.4139735555555556 0.7574952638888889 0.4108386388888889 0.7582901550925926 0.3748389513888889 0.7620493171296296 0.3701919351851852 0.7612299236111112 0.3647913958333333 0.7612884351851852 0.33890157870370374 0.7688516805555556 0.33170069907407407 0.7689295277777778 0.21271224537037037 0.8119593472222222 0.21120484953703703 0.8137149930555556 0 0.8968395648148147 0 0.91371325