2 0.6605208333333334 0.4537037037037037 0.6686458333333334 0.4537037037037037 0.6896875 0.28259259259259256 0.6875 0.28148148148148144 0.6797916666666667 0.28055555555555556 0.6605208333333334 0.4537037037037037
2 0.411875 0.5070370370370371 0.3983333333333334 0.4535185185185185 0.39770833333333333 0.44074074074074077 0.3120833333333333 0.14851851851851852 0.29072916666666665 0.04555555555555556 0.26947916666666666 0.10759259259259259 0.3179166666666667 0.29777777777777775 0.34395833333333337 0.31981481481481483 0.3640625 0.3512962962962963 0.3746875 0.3985185185185185 0.3829166666666666 0.4562962962962963 0.3776041666666667 0.49833333333333335 0.5526041666666667 0.9931481481481482 0.5929166666666666 0.9931481481481482 0.4828125 0.7094444444444444 0.44 0.5742592592592592 0.411875 0.5070370370370371
3 0.26666666666666666 0.7074074074074075 0.265625 0.7092592592592593 0.25937499999999997 0.7222222222222222 0.25937499999999997 0.7240740740740741 0.25416666666666665 0.7462962962962962 0.25416666666666665 0.7481481481481481 0.25416666666666665 0.7555555555555555 0.2552083333333333 0.7574074074074074 0.2583333333333333 0.7722222222222223 0.2583333333333333 0.774074074074074 0.2583333333333333 0.7814814814814816 0.2572916666666667 0.7833333333333333 0.253125 0.7981481481481482 0.253125 0.8 0.2520833333333333 0.8129629629629629 0.2520833333333333 0.8148148148148148 0.253125 0.8444444444444444 0.25416666666666665 0.8462962962962963 0.25625000000000003 0.8611111111111112 0.2572916666666667 0.862962962962963 0.25937499999999997 0.8703703703703703 0.2604166666666667 0.8722222222222222 0.2677083333333333 0.8833333333333334 0.26875 0.8833333333333334 0.2739583333333333 0.8888888888888888 0.27499999999999997 0.8888888888888888 0.2885416666666667 0.8962962962962963 0.2895833333333333 0.8962962962962963 0.3020833333333333 0.8962962962962963 0.303125 0.8944444444444444 0.3208333333333333 0.887037037037037 0.321875 0.8851851851851852 0.328125 0.8814814814814815 0.32916666666666666 0.8796296296296297 0.3458333333333333 0.8611111111111112 0.346875 0.8592592592592593 0.3552083333333333 0.8444444444444444 0.3552083333333333 0.8425925925925926 0.365625 0.8037037037037037 0.365625 0.8018518518518518 0.3677083333333333 0.7888888888888889 0.3677083333333333 0.7870370370370371 0.3666666666666667 0.7666666666666666 0.365625 0.7648148148148147 0.359375 0.7351851851851853 0.35833333333333334 0.7333333333333334 0.34270833333333334 0.7074074074074075 0.3416666666666667 0.7074074074074075 0.328125 0.6925925925925925 0.32708333333333334 0.6925925925925925 0.309375 0.6851851851851852 0.3083333333333333 0.6851851851851852 0.296875 0.6851851851851852 0.28020833333333334 0.6925925925925925 0.2791666666666667 0.6944444444444444 0.26666666666666666 0.7074074074074075
3 0.3041666666666667 0.5685185185185185 0.303125 0.5666666666666667 0.2864583333333333 0.5629629629629629 0.28541666666666665 0.5648148148148148 0.2833333333333333 0.5685185185185185 0.2833333333333333 0.5703703703703704 0.28125 0.575925925925926 0.28125 0.5777777777777777 0.27187500000000003 0.6388888888888888 0.27187500000000003 0.6407407407407407 0.2729166666666667 0.6722222222222222 0.2739583333333333 0.674074074074074 0.2760416666666667 0.6851851851851852 0.27708333333333335 0.6870370370370371 0.2791666666666667 0.6907407407407407 0.28020833333333334 0.6907407407407407 0.29375 0.6833333333333333 0.2947916666666667 0.6833333333333333 0.3125 0.6833333333333333 0.31354166666666666 0.6851851851851852 0.3229166666666667 0.6870370370370371 0.3239583333333333 0.688888888888889 0.3395833333333333 0.7 0.340625 0.7018518518518518 0.353125 0.7203703703703703 0.3541666666666667 0.7203703703703703 0.3572916666666667 0.7222222222222222 0.35833333333333334 0.7203703703703703 0.3677083333333333 0.7129629629629629 0.36875 0.7111111111111111 0.375 0.7 0.375 0.6981481481481482 0.3864583333333333 0.6685185185185185 0.3864583333333333 0.6666666666666666 0.39166666666666666 0.6425925925925926 0.39166666666666666 0.6407407407407407 0.39166666666666666 0.6018518518518519 0.390625 0.6 0.38958333333333334 0.5944444444444444 0.3885416666666667 0.5944444444444444 0.384375 0.5888888888888889 0.3833333333333333 0.5888888888888889 0.353125 0.5666666666666667 0.3520833333333333 0.5666666666666667 0.3385416666666667 0.5592592592592592 0.3375 0.5592592592592592 0.32916666666666666 0.5592592592592592 0.315625 0.5685185185185185 0.3145833333333333 0.5685185185185185 0.3041666666666667 0.5685185185185185
3 0.22916666666666666 0.4333333333333333 0.22916666666666666 0.45 0.23125 0.4555555555555556 0.23125 0.4611111111111111 0.23229166666666665 0.46296296296296297 0.23333333333333334 0.4703703703703703 0.2375 0.4740740740740741 0.24166666666666667 0.4740740740740741 0.24270833333333333 0.4759259259259259 0.2520833333333333 0.4777777777777778 0.253125 0.47962962962962963 0.26145833333333335 0.48148148148148145 0.2625 0.48333333333333334 0.26666666666666666 0.48333333333333334 0.2677083333333333 0.48518518518518516 0.2760416666666667 0.48518518518518516 0.27708333333333335 0.48703703703703705 0.27187500000000003 0.4944444444444444 0.2677083333333333 0.5314814814814814 0.26458333333333334 0.5333333333333333 0.2635416666666667 0.5351851851851852 0.2635416666666667 0.5388888888888889 0.2677083333333333 0.5481481481481482 0.26979166666666665 0.5481481481481482 0.28229166666666666 0.5592592592592592 0.29270833333333335 0.5611111111111111 0.29375 0.5629629629629629 0.2989583333333333 0.5629629629629629 0.3 0.5648148148148148 0.315625 0.5648148148148148 0.3208333333333333 0.5592592592592592 0.315625 0.5537037037037037 0.31354166666666666 0.5537037037037037 0.3104166666666667 0.5499999999999999 0.3083333333333333 0.5499999999999999 0.3 0.5425925925925926 0.296875 0.5425925925925926 0.29583333333333334 0.5407407407407407 0.29270833333333335 0.5407407407407407 0.2916666666666667 0.5388888888888889 0.2885416666666667 0.5388888888888889 0.28750000000000003 0.5370370370370371 0.2916666666666667 0.49259259259259264 0.3 0.4944444444444444 0.3010416666666667 0.4962962962962963 0.309375 0.4962962962962963 0.3104166666666667 0.4981481481481481 0.3197916666666667 0.4981481481481481 0.3208333333333333 0.5 0.325 0.5 0.3354166666666667 0.5092592592592593 0.3416666666666667 0.5092592592592593 0.34270833333333334 0.5111111111111112 0.346875 0.5111111111111112 0.3520833333333333 0.5203703703703704 0.35833333333333334 0.5203703703703704 0.3666666666666667 0.5055555555555555 0.3677083333333333 0.5 0.3729166666666667 0.4888888888888889 0.3729166666666667 0.48518518518518516 0.37604166666666666 0.4759259259259259 0.37604166666666666 0.46851851851851856 0.3770833333333333 0.4666666666666667 0.3770833333333333 0.45925925925925926 0.378125 0.4574074074074074 0.378125 0.4333333333333333 0.3770833333333333 0.4314814814814815 0.3770833333333333 0.4111111111111111 0.375 0.40370370370370373 0.375 0.39814814814814814 0.37395833333333334 0.39629629629629626 0.3729166666666667 0.3851851851851852 0.3697916666666667 0.37592592592592594 0.36875 0.36851851851851847 0.3614583333333333 0.35 0.36041666666666666 0.3444444444444445 0.34375 0.3185185185185185 0.34270833333333334 0.3185185185185185 0.340625 0.3148148148148148 0.3385416666666667 0.3148148148148148 0.3302083333333333 0.3074074074074074 0.325 0.3055555555555556 0.321875 0.30185185185185187 0.29375 0.3 0.29270833333333335 0.30185185185185187 0.2895833333333333 0.30185185185185187 0.2885416666666667 0.3037037037037037 0.28541666666666665 0.3037037037037037 0.284375 0.3055555555555556 0.27708333333333335 0.3074074074074074 0.2635416666666667 0.32037037037037036 0.26145833333333335 0.32037037037037036 0.25104166666666666 0.32962962962962966 0.24791666666666665 0.3351851851851852 0.24791666666666665 0.337037037037037 0.24479166666666666 0.3425925925925926 0.24479166666666666 0.3444444444444445 0.23645833333333335 0.362962962962963 0.23645833333333335 0.3666666666666667 0.234375 0.37222222222222223 0.234375 0.37592592592592594 0.22916666666666666 0.39444444444444443 0.22916666666666666 0.40370370370370373 0.228125 0.4055555555555555 0.228125 0.4314814814814815 0.22916666666666666 0.4333333333333333
3 0.19036458333333334 0.5064814814814815 0.19375 0.5166666666666666 0.1902777777777778 0.517283949074074 0.1875 0.5148148148148148 0.1847222222222222 0.5160493842592593 0.17916666666666667 0.5148148148148148 0.17708333333333334 0.5185185185185185 0.17708333333333334 0.5333333333333333 0.17916666666666667 0.5370370370370371 0.18020833333333333 0.5425925925925926 0.19375 0.5574074074074075 0.2 0.5574074074074075 0.21145833333333333 0.5777777777777777 0.21458333333333335 0.5777777777777777 0.215625 0.5796296296296296 0.21666666666666665 0.5796296296296296 0.21666666666666665 0.575925925925926 0.21979166666666666 0.5666666666666667 0.23541666666666666 0.5666666666666667 0.234375 0.5796296296296296 0.23229166666666665 0.5833333333333334 0.23229166666666665 0.5944444444444444 0.2375 0.5944444444444444 0.23958333333333334 0.5981481481481481 0.23645833333333335 0.6037037037037037 0.2375 0.6037037037037037 0.23958333333333334 0.6 0.24166666666666667 0.6074074074074074 0.246875 0.612962962962963 0.25625000000000003 0.612962962962963 0.2572916666666667 0.6111111111111112 0.2604166666666667 0.6111111111111112 0.26145833333333335 0.6092592592592593 0.26666666666666666 0.6092592592592593 0.2677083333333333 0.6074074074074074 0.2708333333333333 0.6074074074074074 0.2729166666666667 0.6018518518518519 0.2729166666666667 0.5962962962962963 0.2739583333333333 0.5925925925925926 0.2708333333333333 0.587037037037037 0.2583333333333333 0.5833333333333334 0.25416666666666665 0.5740740740740741 0.25416666666666665 0.5592592592592592 0.2552083333333333 0.5574074074074075 0.2552083333333333 0.5462962962962963 0.25104166666666666 0.5314814814814814 0.246875 0.5314814814814814 0.24583333333333335 0.5296296296296297 0.240625 0.5296296296296297 0.24027777777777778 0.5283950601851851 0.2236111111111111 0.5246913564814815 0.21875 0.5314814814814814 0.21666666666666665 0.5277777777777778 0.21805555555555556 0.5234567916666667 0.21666666666666665 0.4722222222222222 0.225 0.4722222222222222 0.22708333333333333 0.46851851851851856 0.22708333333333333 0.41851851851851857 0.22395833333333334 0.4148148148148148 0.221875 0.4148148148148148 0.21770833333333334 0.41851851851851857 0.215625 0.4222222222222222 0.2125 0.42407407407407405 0.21041666666666667 0.4277777777777778 0.20729166666666665 0.42962962962962964 0.20104166666666665 0.44074074074074077 0.20104166666666665 0.4425925925925926 0.196875 0.45185185185185184 0.19479166666666667 0.4611111111111111 0.19583333333333333 0.46481481481481485 0.20104166666666665 0.46481481481481485 0.20208333333333334 0.4666666666666667 0.20182291666666666 0.47314814814814815 0.19036458333333334 0.5064814814814815
3 0.11979166666666667 0.587037037037037 0.11875 0.5888888888888889 0.1125 0.6 0.1125 0.6018518518518519 0.10625 0.6148148148148148 0.10625 0.6166666666666666 0.1 0.637037037037037 0.1 0.6388888888888888 0.096875 0.6592592592592593 0.096875 0.6611111111111112 0.096875 0.6777777777777778 0.09791666666666667 0.6796296296296297 0.09895833333333333 0.6944444444444444 0.1 0.6962962962962963 0.10416666666666667 0.7055555555555556 0.10520833333333333 0.7055555555555556 0.12291666666666667 0.7129629629629629 0.12395833333333332 0.7148148148148148 0.13749999999999998 0.7277777777777777 0.13854166666666667 0.7296296296296296 0.14583333333333334 0.7462962962962962 0.14583333333333334 0.7481481481481481 0.15 0.7629629629629631 0.15104166666666666 0.7648148148148147 0.15625 0.7666666666666666 0.15729166666666666 0.7648148148148147 0.171875 0.7574074074074074 0.17291666666666666 0.7555555555555555 0.18229166666666666 0.7444444444444445 0.18333333333333335 0.7444444444444445 0.19270833333333334 0.7388888888888888 0.19375 0.7370370370370369 0.196875 0.7314814814814815 0.196875 0.7296296296296296 0.19166666666666665 0.7111111111111111 0.190625 0.7092592592592593 0.18854166666666666 0.7055555555555556 0.1875 0.7055555555555556 0.18541666666666665 0.7055555555555556 0.184375 0.7074074074074075 0.18020833333333333 0.7166666666666667 0.18020833333333333 0.7185185185185184 0.17916666666666667 0.7333333333333334 0.178125 0.7351851851851853 0.17604166666666665 0.7314814814814815 0.17604166666666665 0.7296296296296296 0.17604166666666665 0.7092592592592593 0.17708333333333334 0.7074074074074075 0.18020833333333333 0.6870370370370371 0.18020833333333333 0.6851851851851852 0.178125 0.6685185185185185 0.17916666666666667 0.6666666666666666 0.18125 0.6592592592592593 0.18229166666666666 0.6592592592592593 0.19270833333333334 0.6592592592592593 0.19375 0.6574074074074074 0.20729166666666665 0.6388888888888888 0.20729166666666665 0.637037037037037 0.21354166666666666 0.6092592592592593 0.21354166666666666 0.6074074074074074 0.215625 0.587037037037037 0.21458333333333335 0.5851851851851853 0.20625 0.5703703703703704 0.20520833333333335 0.5703703703703704 0.19479166666666667 0.5592592592592592 0.19375 0.5592592592592592 0.153125 0.5555555555555556 0.13749999999999998 0.5648148148148148 0.13645833333333335 0.5666666666666667 0.11979166666666667 0.587037037037037
3 0.026041666666666668 0.811111111111111 0.026041666666666668 0.8185185185185185 0.030208333333333334 0.8314814814814815 0.030208333333333334 0.8351851851851853 0.03333333333333333 0.8444444444444444 0.03333333333333333 0.8481481481481481 0.036458333333333336 0.8592592592592593 0.052083333333333336 0.8851851851851852 0.0625 0.8944444444444444 0.06666666666666667 0.8944444444444444 0.06770833333333333 0.8962962962962963 0.07395833333333333 0.8962962962962963 0.075 0.8981481481481481 0.090625 0.8981481481481481 0.09166666666666667 0.8962962962962963 0.103125 0.8962962962962963 0.115625 0.8851851851851852 0.12291666666666667 0.8722222222222222 0.12291666666666667 0.8666666666666666 0.121875 0.8648148148148148 0.121875 0.8592592592592593 0.12083333333333333 0.8574074074074074 0.12083333333333333 0.85 0.11354166666666667 0.8240740740740741 0.109375 0.8240740740740741 0.10729166666666667 0.8277777777777778 0.096875 0.8370370370370371 0.09270833333333332 0.8351851851851853 0.090625 0.8314814814814815 0.090625 0.8296296296296296 0.11145833333333333 0.7981481481481482 0.1125 0.7888888888888889 0.115625 0.7777777777777778 0.115625 0.7592592592592593 0.11666666666666667 0.7574074074074074 0.11666666666666667 0.7444444444444445 0.11875 0.7407407407407407 0.12083333333333333 0.7314814814814815 0.125 0.725925925925926 0.12812500000000002 0.7320987638888888 0.12812500000000002 0.7814814814814816 0.12916666666666665 0.7833333333333333 0.13229166666666667 0.7833333333333333 0.13333333333333333 0.7814814814814816 0.13854166666666667 0.7814814814814816 0.13958333333333334 0.7796296296296297 0.14166666666666666 0.7796296296296297 0.14791666666666667 0.774074074074074 0.14791666666666667 0.7685185185185185 0.14895833333333333 0.7648148148148147 0.14166666666666666 0.7388888888888888 0.13229166666666667 0.7240740740740741 0.13020833333333334 0.7240740740740741 0.12604166666666666 0.7203703703703703 0.12604166666666666 0.7185185185185184 0.12083333333333333 0.7166666666666667 0.11770833333333333 0.7129629629629629 0.115625 0.7129629629629629 0.11145833333333333 0.7092592592592593 0.10833333333333332 0.7148148148148148 0.09270833333333332 0.7092592592592593 0.09166666666666667 0.7111111111111111 0.08854166666666667 0.7111111111111111 0.0875 0.7129629629629629 0.084375 0.7129629629629629 0.08333333333333333 0.7148148148148148 0.07708333333333332 0.7166666666666667 0.075 0.7203703703703703 0.06770833333333333 0.725925925925926 0.065625 0.7296296296296296 0.05625 0.7370370370370369 0.053125 0.7425925925925926 0.052083333333333336 0.7425925925925926 0.046875 0.75 0.046875 0.7518518518518519 0.04375 0.7574074074074074 0.04375 0.7592592592592593 0.028125 0.7907407407407407 0.028125 0.7925925925925925 0.025 0.7981481481481482 0.025 0.8092592592592593 0.026041666666666668 0.811111111111111
3 0.6447916666666667 0.4055555555555555 0.64375 0.4074074074074074 0.6375 0.4148148148148148 0.6364583333333333 0.4148148148148148 0.628125 0.4148148148148148 0.6270833333333333 0.4166666666666667 0.6239583333333334 0.4277777777777778 0.6229166666666667 0.4277777777777778 0.61875 0.4277777777777778 0.61875 0.42962962962962964 0.61875 0.43703703703703706 0.6197916666666666 0.4388888888888889 0.6229166666666667 0.45 0.6239583333333334 0.45 0.6375 0.44814814814814813 0.6385416666666667 0.45 0.6427083333333333 0.4537037037037037 0.64375 0.4537037037037037 0.6489583333333334 0.4537037037037037 0.65 0.45185185185185184 0.6552083333333334 0.45 0.65625 0.44814814814814813 0.6604166666666667 0.42407407407407405 0.6604166666666667 0.4222222222222222 0.6604166666666667 0.40925925925925927 0.659375 0.4074074074074074 0.6572916666666666 0.4 0.65625 0.4 0.6552083333333334 0.4 0.6489583333333334 0.4055555555555555 0.6479166666666666 0.4055555555555555 0.6447916666666667 0.4055555555555555
3 0.6114583333333333 0.4666666666666667 0.6125 0.46851851851851856 0.6177083333333334 0.5166666666666666 0.61875 0.5185185185185185 0.6197916666666666 0.5222222222222223 0.6208333333333333 0.5222222222222223 0.6239583333333334 0.5240740740740741 0.6229166666666667 0.5259259259259259 0.6229166666666667 0.5333333333333333 0.6239583333333334 0.5333333333333333 0.628125 0.5333333333333333 0.6291666666666667 0.5314814814814814 0.6375 0.5240740740740741 0.6385416666666667 0.5222222222222223 0.640625 0.5148148148148148 0.6395833333333334 0.5148148148148148 0.6333333333333334 0.512962962962963 0.6322916666666666 0.5148148148148148 0.6270833333333333 0.5185185185185185 0.6270833333333333 0.5203703703703704 0.6260416666666666 0.5240740740740741 0.625 0.5240740740740741 0.6229166666666667 0.5222222222222223 0.6239583333333334 0.5203703703703704 0.625 0.5148148148148148 0.6239583333333334 0.512962962962963 0.621875 0.5092592592592593 0.6229166666666667 0.5074074074074074 0.63125 0.5037037037037037 0.6322916666666666 0.5018518518518519 0.634375 0.4962962962962963 0.634375 0.4944444444444444 0.634375 0.4888888888888889 0.6333333333333334 0.48703703703703705 0.6197916666666666 0.46481481481481485 0.6197916666666666 0.46296296296296297 0.6177083333333334 0.4574074074074074 0.6166666666666666 0.4574074074074074 0.615625 0.4574074074074074 0.6114583333333333 0.46296296296296297 0.6114583333333333 0.46481481481481485 0.6114583333333333 0.4666666666666667
3 0.85 0.5537037037037037 0.8510416666666666 0.5555555555555556 0.8541666666666666 0.5611111111111111 0.8552083333333333 0.5611111111111111 0.8583333333333334 0.5648148148148148 0.859375 0.5648148148148148 0.8645833333333334 0.5648148148148148 0.865625 0.5629629629629629 0.8697916666666666 0.5574074074074075 0.8697916666666666 0.5555555555555556 0.8697916666666666 0.5462962962962963 0.86875 0.5444444444444444 0.8677083333333334 0.5425925925925926 0.8666666666666666 0.5425925925925926 0.853125 0.5388888888888889 0.85 0.5462962962962963 0.85 0.5481481481481482 0.85 0.5537037037037037
3 0.8489583333333334 0.5277777777777778 0.85 0.5296296296296297 0.8572916666666667 0.5370370370370371 0.8583333333333334 0.5370370370370371 0.8625 0.5370370370370371 0.8635416666666667 0.5351851851851852 0.8666666666666666 0.5277777777777778 0.865625 0.5259259259259259 0.8614583333333333 0.512962962962963 0.8614583333333333 0.5111111111111112 0.8614583333333333 0.5037037037037037 0.8604166666666666 0.5037037037037037 0.853125 0.5018518518518519 0.8479166666666667 0.5111111111111112 0.8479166666666667 0.512962962962963 0.8489583333333334 0.5277777777777778
3 0.8770833333333333 0.5462962962962963 0.878125 0.5462962962962963 0.8875 0.5444444444444444 0.8885416666666667 0.5425925925925926 0.896875 0.5314814814814814 0.896875 0.5296296296296297 0.8958333333333334 0.5185185185185185 0.8947916666666667 0.5166666666666666 0.8916666666666666 0.5111111111111112 0.890625 0.5111111111111112 0.8822916666666666 0.5092592592592593 0.8760416666666666 0.5240740740740741 0.8760416666666666 0.5259259259259259 0.8770833333333333 0.5462962962962963
1 0.6610416666666666 0.4368518518518518 0.6697916666666667 0.4359259259259259 0.6754166666666666 0.4014814814814815 0.6826041666666667 0.38981481481481484 0.719375 0.35055555555555556 0.7184375000000001 0.3409259259259259 0.6794791666666667 0.38166666666666665 0.6833333333333333 0.33981481481481485 0.6716666666666667 0.3375925925925926 0.6610416666666666 0.4368518518518518
0 0.32104166666666667 0.18685185185185185 0.3239583333333333 0.18407407407407406 0.299375 0.06888888888888889 0.2947916666666667 0.0437037037037037 0.29312499999999997 0.01888888888888889 0.2863541666666667 0.009259259259259259 0.27520833333333333 0.010185185185185186 0.27010416666666665 0.022407407407407407 0.25697916666666665 0.07703703703703704 0.24166666666666667 0.26814814814814814 0.25302083333333336 0.26962962962962966 0.2584375 0.18462962962962964 0.26864583333333336 0.10685185185185185 0.2944791666666667 0.19740740740740742 0.30822916666666667 0.1885185185185185 0.32104166666666667 0.18685185185185185