2 0.27489583333333334 0.2625925925925926 0.298125 0.6424074074074073 0.2995833333333333 0.645925925925926 0.30447916666666663 0.7677777777777778 0.30541666666666667 0.7774074074074073 0.32125 0.8307407407407408 0.3409375 0.9122222222222222 0.34875 0.8577777777777778 0.3232291666666666 0.7344444444444443 0.3138541666666667 0.625 0.3138541666666667 0.5575925925925925 0.30791666666666667 0.49018518518518517 0.2995833333333333 0.42277777777777775 0.29312499999999997 0.2922222222222222 0.29364583333333333 0.21518518518518517 0.29270833333333335 0.2187037037037037 0.27447916666666666 0.20833333333333334 0.27489583333333334 0.2625925925925926
2 0.9227083333333334 0.18518518518518517 0.9285416666666667 0.2851851851851852 0.9326041666666667 0.32814814814814813 0.9604166666666666 0.5498148148148149 0.9615625 0.6407407407407407 0.9598958333333334 0.7685185185185185 0.9851041666666667 0.7575925925925925 0.9859375 0.627962962962963 0.9817708333333334 0.5259259259259259 0.9790625 0.49722222222222223 0.9646875 0.3774074074074074 0.9472916666666668 0.27166666666666667 0.943125 0.1975925925925926 0.9452083333333333 0.10092592592592593 0.9544791666666667 0.05092592592592592 0.9526041666666666 0.04833333333333333 0.9286458333333334 0.01759259259259259 0.9227083333333334 0.18518518518518517
2 0.07697916666666667 0.3617962962962963 0.08539583333333332 0.36087037037037034 0.08779166666666667 0.3013703703703704 0.09003125000000001 0.28794444444444445 0.09242708333333333 0.26596296296296296 0.09329166666666666 0.23148148148148148 0.08470833333333333 0.24307407407407405 0.08470833333333333 0.2647407407407407 0.0835 0.2867222222222222 0.07938541666666667 0.30442592592592593 0.07697916666666667 0.3617962962962963
3 0.20729166666666665 0.044444444444444446 0.20729166666666665 0.046296296296296294 0.20416666666666666 0.053703703703703705 0.20416666666666666 0.05555555555555555 0.19895833333333335 0.08518518518518518 0.19895833333333335 0.08703703703703704 0.19895833333333335 0.11666666666666667 0.2 0.11851851851851852 0.20520833333333335 0.1425925925925926 0.20625 0.14444444444444443 0.215625 0.1685185185185185 0.21666666666666665 0.1685185185185185 0.23229166666666665 0.18703703703703703 0.23333333333333334 0.18703703703703703 0.24791666666666665 0.1962962962962963 0.24895833333333334 0.1962962962962963 0.2572916666666667 0.1962962962962963 0.2572916666666667 0.19444444444444445 0.24583333333333335 0.17222222222222225 0.24583333333333335 0.17037037037037037 0.2375 0.14444444444444443 0.2375 0.1425925925925926 0.234375 0.11296296296296296 0.23541666666666666 0.1111111111111111 0.23541666666666666 0.09444444444444444 0.23645833333333335 0.09259259259259259 0.24270833333333333 0.06296296296296296 0.24375 0.06111111111111111 0.2635416666666667 0.022222222222222223 0.2625 0.022222222222222223 0.24375 0.016666666666666666 0.24270833333333333 0.016666666666666666 0.23125 0.016666666666666666 0.21875 0.025925925925925925 0.21770833333333334 0.027777777777777776 0.20729166666666665 0.044444444444444446
3 0.2635416666666667 0.027777777777777776 0.2625 0.02962962962962963 0.24791666666666665 0.053703703703703705 0.24791666666666665 0.05555555555555555 0.24375 0.06481481481481481 0.24375 0.06666666666666667 0.2375 0.09074074074074075 0.2375 0.09259259259259259 0.23645833333333335 0.1277777777777778 0.2375 0.12962962962962962 0.23958333333333334 0.14814814814814814 0.240625 0.15 0.24479166666666666 0.16481481481481483 0.24583333333333335 0.16666666666666666 0.24895833333333334 0.17592592592592593 0.25 0.17777777777777778 0.25937499999999997 0.1925925925925926 0.2604166666666667 0.1925925925925926 0.28750000000000003 0.21296296296296297 0.2885416666666667 0.21296296296296297 0.309375 0.21296296296296297 0.3104166666666667 0.2111111111111111 0.315625 0.20925925925925928 0.3166666666666667 0.2074074074074074 0.3333333333333333 0.17407407407407408 0.334375 0.17407407407407408 0.35 0.1574074074074074 0.35 0.15555555555555556 0.3520833333333333 0.14444444444444443 0.3520833333333333 0.1425925925925926 0.3510416666666667 0.11481481481481481 0.35 0.11296296296296296 0.34479166666666666 0.08518518518518518 0.34375 0.08333333333333333 0.3385416666666667 0.06296296296296296 0.3375 0.06111111111111111 0.334375 0.05185185185185185 0.3333333333333333 0.05185185185185185 0.3208333333333333 0.027777777777777776 0.3197916666666667 0.027777777777777776 0.3072916666666667 0.014814814814814815 0.30625 0.014814814814814815 0.28750000000000003 0.012962962962962963 0.27499999999999997 0.018518518518518517 0.2739583333333333 0.020370370370370372 0.2635416666666667 0.027777777777777776
3 0.3333333333333333 0.17777777777777778 0.3322916666666667 0.1796296296296296 0.3229166666666667 0.1962962962962963 0.3229166666666667 0.19814814814814813 0.3177083333333333 0.21296296296296297 0.3177083333333333 0.21481481481481482 0.3145833333333333 0.23333333333333334 0.3145833333333333 0.23518518518518516 0.315625 0.26851851851851855 0.3166666666666667 0.27037037037037037 0.3239583333333333 0.29814814814814816 0.325 0.3 0.34270833333333334 0.3277777777777778 0.34375 0.3277777777777778 0.3541666666666667 0.337037037037037 0.3552083333333333 0.337037037037037 0.3645833333333333 0.34074074074074073 0.365625 0.34074074074074073 0.3770833333333333 0.3425925925925926 0.378125 0.34074074074074073 0.390625 0.3388888888888889 0.39166666666666666 0.337037037037037 0.4020833333333333 0.32592592592592595 0.4020833333333333 0.32407407407407407 0.41875 0.2740740740740741 0.41875 0.2722222222222222 0.4114583333333333 0.2555555555555556 0.4114583333333333 0.2537037037037037 0.4083333333333333 0.24074074074074073 0.4083333333333333 0.2388888888888889 0.409375 0.22407407407407406 0.4104166666666667 0.2222222222222222 0.4166666666666667 0.2111111111111111 0.4166666666666667 0.20925925925925928 0.4166666666666667 0.2074074074074074 0.415625 0.20555555555555555 0.4125 0.19444444444444445 0.4114583333333333 0.1925925925925926 0.40729166666666666 0.18703703703703703 0.40729166666666666 0.18518518518518517 0.40520833333333334 0.1796296296296296 0.4041666666666667 0.17777777777777778 0.39375 0.16481481481481483 0.3927083333333333 0.16481481481481483 0.37395833333333334 0.1574074074074074 0.3729166666666667 0.1574074074074074 0.3635416666666667 0.1574074074074074 0.34270833333333334 0.16666666666666666 0.3416666666666667 0.1685185185185185 0.3333333333333333 0.17777777777777778
3 0.40520833333333334 0.17407407407407408 0.40520833333333334 0.17592592592592593 0.41875 0.20925925925925928 0.4197916666666667 0.20925925925925928 0.4239583333333333 0.20925925925925928 0.425 0.2074074074074074 0.4395833333333333 0.2 0.440625 0.2 0.4614583333333333 0.1962962962962963 0.4614583333333333 0.19444444444444445 0.4604166666666667 0.19074074074074077 0.459375 0.19074074074074077 0.45 0.18888888888888888 0.4489583333333333 0.18703703703703703 0.43645833333333334 0.17777777777777778 0.4354166666666667 0.17592592592592593 0.428125 0.16481481481481483 0.428125 0.16296296296296298 0.4270833333333333 0.15 0.4260416666666667 0.14814814814814814 0.42083333333333334 0.14814814814814814 0.4135416666666667 0.1537037037037037 0.4125 0.15555555555555556 0.40520833333333334 0.17407407407407408
3 0.371875 0.11296296296296296 0.3708333333333333 0.11481481481481481 0.3708333333333333 0.11851851851851852 0.3729166666666667 0.12222222222222222 0.3822916666666667 0.12962962962962962 0.38208333333333333 0.1325925925925926 0.37604166666666666 0.1425925925925926 0.375 0.15 0.37395833333333334 0.15185185185185185 0.375 0.15555555555555556 0.3875 0.1574074074074074 0.3875 0.15555555555555556 0.3802083333333333 0.1425925925925926 0.3833333333333333 0.13148148148148148 0.390625 0.13703703703703704 0.3947916666666667 0.14444444444444443 0.3947916666666667 0.1462962962962963 0.403125 0.16481481481481483 0.40729166666666666 0.16481481481481483 0.4135416666666667 0.15185185185185185 0.415625 0.15185185185185185 0.42083333333333334 0.1462962962962963 0.4197916666666667 0.13148148148148148 0.40520833333333334 0.1 0.396875 0.09259259259259259 0.3902777777777778 0.09012345833333334 0.3875 0.0962962962962963 0.3864583333333333 0.0962962962962963 0.3836805555555556 0.08765431944444445 0.38125 0.08888888888888889 0.38125 0.08703703703703704 0.3770833333333333 0.08518518518518518 0.3770833333333333 0.08888888888888889 0.3822916666666667 0.10185185185185185 0.3791666666666667 0.10740740740740741 0.371875 0.11296296296296296
3 0.11875 0.6759259259259259 0.11875 0.6777777777777778 0.11979166666666667 0.6981481481481482 0.12083333333333333 0.7 0.12916666666666665 0.7092592592592593 0.13020833333333334 0.7092592592592593 0.140625 0.7092592592592593 0.14166666666666666 0.7074074074074075 0.146875 0.7037037037037037 0.14791666666666667 0.7018518518518518 0.15104166666666666 0.6925925925925925 0.15104166666666666 0.6907407407407407 0.15208333333333335 0.6796296296296297 0.15104166666666666 0.6777777777777778 0.14791666666666667 0.6629629629629629 0.146875 0.6629629629629629 0.12812500000000002 0.6611111111111112 0.12395833333333332 0.6648148148148147 0.12291666666666667 0.6666666666666666 0.11875 0.6759259259259259
3 0.07604166666666667 0.6425925925925926 0.07916666666666668 0.6407407407407407 0.08020833333333333 0.6425925925925926 0.07916666666666668 0.6481481481481481 0.08333333333333333 0.6518518518518519 0.084375 0.6444444444444444 0.08854166666666667 0.6444444444444444 0.08958333333333333 0.6425925925925926 0.08958333333333333 0.637037037037037 0.09375 0.6407407407407407 0.09270833333333332 0.6425925925925926 0.09270833333333332 0.6518518518518519 0.09375 0.65 0.103125 0.6481481481481481 0.10729166666666667 0.6425925925925926 0.10520833333333333 0.6351851851851852 0.11145833333333333 0.6296296296296297 0.11354166666666667 0.6296296296296297 0.11770833333333333 0.6259259259259259 0.12395833333333332 0.6259259259259259 0.12708333333333333 0.6277777777777778 0.12708333333333333 0.6259259259259259 0.121875 0.6222222222222222 0.11666666666666667 0.6259259259259259 0.11666666666666667 0.6185185185185185 0.11770833333333333 0.6148148148148148 0.11145833333333333 0.6148148148148148 0.11354166666666667 0.6074074074074074 0.11354166666666667 0.6055555555555556 0.11145833333333333 0.6018518518518519 0.10104166666666667 0.6018518518518519 0.1 0.6 0.09583333333333333 0.6037037037037037 0.090625 0.6 0.08020833333333333 0.6092592592592593 0.078125 0.612962962962963 0.07604166666666667 0.6222222222222222 0.08125 0.6314814814814815 0.07604166666666667 0.6407407407407407 0.07604166666666667 0.6425925925925926
3 0.09583333333333333 0.26481481481481484 0.09583333333333333 0.26666666666666666 0.09583333333333333 0.2777777777777778 0.096875 0.2796296296296296 0.09895833333333333 0.28703703703703703 0.1 0.28888888888888886 0.11041666666666668 0.30185185185185187 0.11145833333333333 0.30185185185185187 0.121875 0.3 0.12291666666666667 0.29814814814814816 0.13229166666666667 0.2925925925925926 0.13333333333333333 0.29074074074074074 0.13541666666666666 0.2833333333333333 0.13541666666666666 0.28148148148148144 0.13541666666666666 0.27037037037037037 0.134375 0.26851851851851855 0.13333333333333333 0.2611111111111111 0.13229166666666667 0.25925925925925924 0.121875 0.24629629629629632 0.12083333333333333 0.24629629629629632 0.10833333333333332 0.24444444444444444 0.103125 0.24814814814814815 0.10208333333333333 0.25 0.09583333333333333 0.26481481481481484
3 0.11666666666666667 0.3037037037037037 0.115625 0.3055555555555556 0.11145833333333333 0.3222222222222222 0.1125 0.32407407407407407 0.11458333333333333 0.337037037037037 0.115625 0.3388888888888889 0.11979166666666667 0.34629629629629627 0.12083333333333333 0.34629629629629627 0.12604166666666666 0.35 0.12708333333333333 0.35 0.140625 0.34814814814814815 0.14166666666666666 0.34629629629629627 0.14583333333333334 0.3388888888888889 0.14583333333333334 0.337037037037037 0.14895833333333333 0.32407407407407407 0.14895833333333333 0.3222222222222222 0.14583333333333334 0.30925925925925923 0.14479166666666665 0.3074074074074074 0.13958333333333334 0.29814814814814816 0.13854166666666667 0.29814814814814816 0.13125 0.2962962962962963 0.121875 0.3037037037037037 0.12083333333333333 0.3037037037037037 0.11666666666666667 0.3037037037037037
3 0.13854166666666667 0.35185185185185186 0.13854166666666667 0.35370370370370374 0.13854166666666667 0.362962962962963 0.13958333333333334 0.3648148148148148 0.14479166666666665 0.37037037037037035 0.14583333333333334 0.37037037037037035 0.15416666666666665 0.37037037037037035 0.15520833333333334 0.36851851851851847 0.16145833333333334 0.362962962962963 0.16145833333333334 0.3611111111111111 0.16354166666666667 0.3574074074074074 0.16354166666666667 0.35555555555555557 0.16354166666666667 0.3444444444444445 0.1625 0.3425925925925926 0.16041666666666665 0.33148148148148143 0.159375 0.32962962962962966 0.15520833333333334 0.32407407407407407 0.15416666666666665 0.32407407407407407 0.15 0.3222222222222222 0.146875 0.3388888888888889 0.14583333333333334 0.34074074074074073 0.13854166666666667 0.35185185185185186
3 0.09895833333333333 0.3388888888888889 0.1 0.34074074074074073 0.10104166666666667 0.34629629629629627 0.10208333333333333 0.34814814814814815 0.10625 0.35555555555555557 0.10729166666666667 0.35555555555555557 0.11354166666666667 0.3611111111111111 0.11458333333333333 0.3611111111111111 0.12395833333333332 0.3574074074074074 0.125 0.35555555555555557 0.125 0.35185185185185186 0.12395833333333332 0.35185185185185186 0.12083333333333333 0.35 0.11979166666666667 0.34814814814814815 0.1125 0.3333333333333333 0.1125 0.33148148148148143 0.11041666666666668 0.3166666666666667 0.109375 0.3166666666666667 0.10520833333333333 0.3166666666666667 0.09895833333333333 0.3277777777777778 0.09895833333333333 0.32962962962962966 0.09895833333333333 0.3388888888888889
3 0.08854166666666667 0.29814814814814816 0.08854166666666667 0.3 0.08854166666666667 0.31296296296296294 0.08958333333333333 0.3148148148148148 0.10208333333333333 0.3185185185185185 0.103125 0.3166666666666667 0.10729166666666667 0.3148148148148148 0.10833333333333332 0.31296296296296294 0.11041666666666668 0.30925925925925923 0.11041666666666668 0.3074074074074074 0.109375 0.30185185185185187 0.10833333333333332 0.30185185185185187 0.10520833333333333 0.3 0.10416666666666667 0.29814814814814816 0.096875 0.2851851851851852 0.096875 0.2833333333333333 0.09479166666666668 0.2777777777777778 0.09270833333333332 0.2796296296296296 0.09270833333333332 0.28148148148148144 0.08854166666666667 0.29814814814814816
3 0.07395833333333333 0.2740740740740741 0.07604166666666667 0.2740740740740741 0.07916666666666668 0.2777777777777778 0.08125 0.2759259259259259 0.08125 0.2722222222222222 0.08229166666666667 0.27037037037037037 0.08229166666666667 0.26481481481481484 0.08333333333333333 0.26296296296296295 0.08333333333333333 0.2574074074074074 0.084375 0.2555555555555556 0.084375 0.24814814814814815 0.09270833333333332 0.2518518518518518 0.09270833333333332 0.26296296296296295 0.09479166666666668 0.26666666666666666 0.09791666666666667 0.2555555555555556 0.10104166666666667 0.2518518518518518 0.10104166666666667 0.24814814814814815 0.10208333333333333 0.24629629629629632 0.09895833333333333 0.23518518518518516 0.09479166666666668 0.23148148148148148 0.09375 0.2388888888888889 0.09270833333333332 0.24074074074074073 0.0890625 0.23703703703703705 0.08333333333333333 0.24259259259259258 0.06874999999999999 0.24259259259259258 0.06458333333333333 0.25 0.06458333333333333 0.2537037037037037 0.06666666666666667 0.2611111111111111 0.07395833333333333 0.2740740740740741
3 0.4614583333333333 0.7796296296296297 0.459375 0.7833333333333333 0.4552083333333333 0.7870370370370371 0.4552083333333333 0.7925925925925925 0.4635416666666667 0.8 0.471875 0.7925925925925925 0.4739583333333333 0.7981481481481482 0.4760416666666667 0.7981481481481482 0.478125 0.7944444444444444 0.4791666666666667 0.7888888888888889 0.4822916666666667 0.7814814814814816 0.4822916666666667 0.7722222222222223 0.4802083333333333 0.7666666666666666 0.4802083333333333 0.7629629629629631 0.4791666666666667 0.7611111111111112 0.478125 0.7537037037037038 0.46979166666666666 0.7537037037037038 0.46770833333333334 0.7574074074074074 0.46770833333333334 0.7629629629629631 0.4661458333333333 0.7629629629629631 0.4625 0.7703703703703704 0.4614583333333333 0.7796296296296297
3 0.478125 0.7111111111111111 0.478125 0.7129629629629629 0.478125 0.7222222222222222 0.4791666666666667 0.7240740740740741 0.484375 0.7518518518518519 0.48541666666666666 0.7518518518518519 0.4885416666666667 0.7518518518518519 0.4895833333333333 0.75 0.49375 0.7444444444444445 0.49375 0.7425925925925926 0.4958333333333333 0.7351851851851853 0.4958333333333333 0.7333333333333334 0.4958333333333333 0.7166666666666667 0.4947916666666667 0.7148148148148148 0.49375 0.7074074074074075 0.4927083333333333 0.7055555555555556 0.4895833333333333 0.7 0.4885416666666667 0.7 0.484375 0.6981481481481482 0.4802083333333333 0.7018518518518518 0.4802083333333333 0.7037037037037037 0.478125 0.7111111111111111
3 0.6239583333333334 0.9518518518518518 0.6270833333333333 0.9555555555555556 0.625 0.9592592592592593 0.628125 0.9648148148148148 0.6260416666666666 0.9666666666666667 0.6270833333333333 0.9703703703703703 0.634375 0.9611111111111111 0.6364583333333333 0.9666666666666667 0.640625 0.9666666666666667 0.6458333333333334 0.9555555555555556 0.646875 0.9518518518518518 0.646875 0.9462962962962963 0.6479166666666666 0.9444444444444444 0.6479166666666666 0.9407407407407407 0.6458333333333334 0.9351851851851852 0.6458333333333334 0.9314814814814815 0.6416666666666666 0.9222222222222222 0.6416666666666666 0.9203703703703704 0.6364583333333333 0.9129629629629629 0.6322916666666666 0.9129629629629629 0.63125 0.924074074074074 0.628125 0.9194444444444444 0.6239583333333334 0.9259259259259259 0.6229166666666667 0.924074074074074 0.6208333333333333 0.9259259259259259 0.6197916666666666 0.9277777777777778 0.6197916666666666 0.9370370370370371 0.6229166666666667 0.9407407407407407 0.6239583333333334 0.9518518518518518
3 0.5979166666666667 0.9462962962962963 0.5989583333333334 0.9462962962962963 0.603125 0.9481481481481482 0.6041666666666666 0.95 0.609375 0.9574074074074075 0.609375 0.9592592592592593 0.6145833333333334 0.9703703703703703 0.6145833333333334 0.9722222222222222 0.6197916666666666 0.9888888888888888 0.6208333333333333 0.9907407407407407 0.6229166666666667 0.9907407407407407 0.6229166666666667 0.9888888888888888 0.6270833333333333 0.9555555555555556 0.6260416666666666 0.9537037037037037 0.621875 0.9592592592592593 0.6208333333333333 0.9574074074074075 0.6197916666666666 0.9537037037037037 0.6208333333333333 0.9518518518518518 0.6229166666666667 0.9462962962962963 0.621875 0.9462962962962963 0.6177083333333334 0.938888888888889 0.6166666666666666 0.938888888888889 0.60625 0.9370370370370371 0.5989583333333334 0.9407407407407407 0.5979166666666667 0.9425925925925925 0.5979166666666667 0.9462962962962963
3 0.69375 0.6962962962962963 0.69375 0.6981481481481482 0.690625 0.7111111111111111 0.6916666666666667 0.7129629629629629 0.7083333333333334 0.7333333333333334 0.7083333333333334 0.7314814814814815 0.7083333333333334 0.7129629629629629 0.709375 0.7111111111111111 0.7125 0.7074074074074075 0.7135416666666666 0.7074074074074075 0.7229166666666667 0.7074074074074075 0.7239583333333334 0.7055555555555556 0.7239583333333334 0.7018518518518518 0.7229166666666667 0.7 0.7177083333333334 0.688888888888889 0.7166666666666667 0.688888888888889 0.7072916666666667 0.6851851851851852 0.7 0.688888888888889 0.6989583333333333 0.6907407407407407 0.69375 0.6962962962962963
3 0.6635416666666666 0.6962962962962963 0.6635416666666666 0.6981481481481482 0.6635416666666666 0.7037037037037037 0.6645833333333334 0.7055555555555556 0.665625 0.7074074074074075 0.6666666666666666 0.7074074074074075 0.675 0.7092592592592593 0.6760416666666667 0.7111111111111111 0.68125 0.7185185185185184 0.6822916666666666 0.7166666666666667 0.690625 0.7092592592592593 0.690625 0.7074074074074075 0.6895833333333333 0.6981481481481482 0.6885416666666666 0.6962962962962963 0.684375 0.688888888888889 0.6833333333333333 0.688888888888889 0.671875 0.6870370370370371 0.6677083333333333 0.688888888888889 0.6666666666666666 0.6907407407407407 0.6635416666666666 0.6962962962962963
3 0.6572916666666666 0.6629629629629629 0.6572916666666666 0.6685185185185185 0.6604166666666667 0.6796296296296297 0.6635416666666666 0.6833333333333333 0.66875 0.6814814814814815 0.671875 0.6777777777777778 0.671875 0.6666666666666666 0.678125 0.6648148148148147 0.6791666666666666 0.6777777777777778 0.6802083333333334 0.6759259259259259 0.684375 0.6759259259259259 0.6875 0.6685185185185185 0.6875 0.6629629629629629 0.6854166666666667 0.6611111111111112 0.68125 0.6611111111111112 0.678125 0.65 0.6791666666666666 0.6481481481481481 0.68125 0.6481481481481481 0.68125 0.6462962962962963 0.6802083333333334 0.6425925925925926 0.6760416666666667 0.6425925925925926 0.6739583333333333 0.6351851851851852 0.66875 0.6333333333333334 0.6604166666666667 0.6407407407407407 0.6604166666666667 0.6444444444444444 0.659375 0.6462962962962963 0.659375 0.65 0.6614583333333334 0.6537037037037037 0.6614583333333334 0.6574074074074074 0.6572916666666666 0.6629629629629629
3 0.6895833333333333 0.6296296296296297 0.6885416666666666 0.6296296296296297 0.6854166666666667 0.6314814814814815 0.684375 0.6333333333333334 0.684375 0.6407407407407407 0.6854166666666667 0.6407407407407407 0.690625 0.6407407407407407 0.690625 0.6388888888888888 0.6927083333333334 0.6351851851851852 0.69375 0.637037037037037 0.703125 0.65 0.703125 0.6518518518518519 0.7041666666666666 0.6555555555555556 0.7052083333333333 0.6555555555555556 0.709375 0.6537037037037037 0.709375 0.6518518518518519 0.7114583333333334 0.6462962962962963 0.7114583333333334 0.6444444444444444 0.7104166666666666 0.6351851851851852 0.709375 0.6333333333333334 0.7052083333333333 0.6259259259259259 0.7041666666666666 0.6259259259259259 0.6989583333333333 0.6240740740740741 0.69375 0.6333333333333334 0.6927083333333334 0.6333333333333334 0.6895833333333333 0.6296296296296297
3 0.6666666666666666 0.5981481481481481 0.6666666666666666 0.6 0.665625 0.6185185185185185 0.6666666666666666 0.6203703703703703 0.6677083333333333 0.6222222222222222 0.66875 0.6222222222222222 0.6864583333333334 0.6203703703703703 0.6875 0.6185185185185185 0.690625 0.6148148148148148 0.690625 0.612962962962963 0.690625 0.6037037037037037 0.6895833333333333 0.6018518518518519 0.6875 0.5907407407407407 0.6864583333333334 0.5888888888888889 0.6791666666666666 0.5851851851851853 0.6697916666666667 0.5925925925925926 0.66875 0.5944444444444444 0.6666666666666666 0.5981481481481481
3 0.8947916666666667 0.46296296296296297 0.8947916666666667 0.46481481481481485 0.896875 0.48518518518518516 0.8979166666666666 0.48703703703703705 0.903125 0.5074074074074074 0.9041666666666667 0.5092592592592593 0.9114583333333334 0.5222222222222223 0.9114583333333334 0.5240740740740741 0.9114583333333334 0.5314814814814814 0.9104166666666667 0.5333333333333333 0.909375 0.5370370370370371 0.9104166666666667 0.5388888888888889 0.9114583333333334 0.5407407407407407 0.9125 0.5407407407407407 0.9302083333333334 0.5407407407407407 0.93125 0.5388888888888889 0.9447916666666666 0.5296296296296297 0.9458333333333334 0.5277777777777778 0.953125 0.512962962962963 0.953125 0.5111111111111112 0.953125 0.4981481481481481 0.9520833333333334 0.4962962962962963 0.9489583333333333 0.46296296296296297 0.9479166666666666 0.4611111111111111 0.94375 0.4425925925925926 0.9427083333333334 0.4425925925925926 0.9208333333333334 0.42962962962962964 0.9197916666666667 0.42962962962962964 0.9145833333333334 0.42962962962962964 0.909375 0.4333333333333333 0.9083333333333333 0.4351851851851852 0.8947916666666667 0.46296296296296297
3 0.96875 0.22037037037037038 0.9677083333333334 0.2222222222222222 0.959375 0.23333333333333334 0.9583333333333334 0.23518518518518516 0.9489583333333333 0.2537037037037037 0.9489583333333333 0.2555555555555556 0.95 0.28148148148148144 0.9510416666666667 0.2833333333333333 0.9572916666666667 0.3351851851851852 0.9583333333333334 0.337037037037037 0.9635416666666666 0.35370370370370374 0.9645833333333333 0.35555555555555557 0.96875 0.3592592592592592 0.9697916666666666 0.3592592592592592 0.9958333333333333 0.3592592592592592 0.9958333333333333 0.3574074074074074 0.9958333333333333 0.2074074074074074 0.9947916666666666 0.2074074074074074 0.9927083333333334 0.20555555555555555 0.98125 0.20925925925925928 0.9802083333333333 0.2111111111111111 0.96875 0.22037037037037038
3 0.9677083333333334 0.42037037037037034 0.96875 0.4222222222222222 0.9697916666666666 0.4277777777777778 0.9708333333333333 0.4277777777777778 0.9739583333333334 0.4277777777777778 0.975 0.42592592592592593 0.9833333333333334 0.41851851851851857 0.984375 0.4166666666666667 0.99375 0.39444444444444443 0.99375 0.3925925925925926 0.9958333333333333 0.3851851851851852 0.9958333333333333 0.3833333333333333 0.9958333333333333 0.3666666666666667 0.9947916666666666 0.3648148148148148 0.9729166666666667 0.362962962962963 0.971875 0.3611111111111111 0.965625 0.3592592592592592 0.9645833333333333 0.36851851851851847 0.965625 0.37037037037037035 0.9677083333333334 0.42037037037037034
3 0.8760416666666666 0.25925925925925924 0.8791666666666667 0.25925925925925924 0.8802083333333334 0.2611111111111111 0.8760416666666666 0.2740740740740741 0.871875 0.2740740740740741 0.871875 0.2777777777777778 0.8729166666666667 0.2796296296296296 0.8729166666666667 0.2833333333333333 0.8791666666666667 0.29444444444444445 0.878125 0.3074074074074074 0.8895833333333334 0.32962962962962966 0.8885416666666667 0.34814814814814815 0.8947916666666667 0.3592592592592592 0.8947916666666667 0.3648148148148148 0.8958333333333334 0.3666666666666667 0.8958333333333334 0.37222222222222223 0.896875 0.37592592592592594 0.9010416666666666 0.3851851851851852 0.9125 0.37592592592592594 0.9291666666666666 0.34629629629629627 0.9291666666666666 0.3444444444444445 0.93125 0.34074074074074073 0.93125 0.33148148148148143 0.9291666666666666 0.3277777777777778 0.9270833333333334 0.3185185185185185 0.9197916666666667 0.3037037037037037 0.9270833333333334 0.2833333333333333 0.925 0.2851851851851852 0.921875 0.2851851851851852 0.9197916666666667 0.28148148148148144 0.9270833333333334 0.26851851851851855 0.9260416666666667 0.26666666666666666 0.925 0.2574074074074074 0.9197916666666667 0.25 0.9072916666666666 0.2388888888888889 0.8979166666666666 0.2388888888888889 0.896875 0.23703703703703705 0.8875 0.23703703703703705 0.8864583333333333 0.2388888888888889 0.8791666666666667 0.24074074074074073 0.878125 0.24259259259259258 0.8760416666666666 0.24259259259259258 0.871875 0.24629629629629632 0.8697916666666666 0.25 0.86875 0.2537037037037037 0.8729166666666667 0.2574074074074074 0.875 0.2574074074074074 0.8760416666666666 0.25925925925925924
3 0.9020833333333333 0.23518518518518516 0.903125 0.23703703703703705 0.90625 0.23703703703703705 0.9072916666666666 0.2388888888888889 0.9125 0.24074074074074073 0.9145833333333334 0.24444444444444444 0.9177083333333333 0.24629629629629632 0.921875 0.2518518518518518 0.925 0.2518518518518518 0.9260416666666667 0.25 0.9260416666666667 0.24444444444444444 0.925 0.24259259259259258 0.9239583333333333 0.21666666666666665 0.9229166666666666 0.21481481481481482 0.9229166666666666 0.18703703703703703 0.9447916666666666 0.19074074074074077 0.9447916666666666 0.20925925925925928 0.9458333333333334 0.2111111111111111 0.9458333333333334 0.22407407407407406 0.946875 0.22592592592592592 0.946875 0.23703703703703705 0.9479166666666666 0.2388888888888889 0.9510416666666667 0.2388888888888889 0.9520833333333334 0.23703703703703705 0.95625 0.23518518518518516 0.9697916666666666 0.21666666666666665 0.9770833333333334 0.2111111111111111 0.9791666666666666 0.2074074074074074 0.9802083333333333 0.1962962962962963 0.978125 0.1925925925925926 0.9760416666666666 0.18333333333333335 0.9697916666666666 0.17222222222222225 0.9677083333333334 0.17222222222222225 0.9614583333333334 0.16666666666666666 0.946875 0.16481481481481483 0.9447916666666666 0.17037037037037037 0.9414583333333333 0.16666666666666666 0.9252083333333333 0.17222222222222225 0.9229166666666666 0.17777777777777778 0.9197916666666667 0.17407407407407408 0.9145833333333334 0.17777777777777778 0.9125 0.1814814814814815 0.909375 0.18333333333333335 0.896875 0.20555555555555555 0.8958333333333334 0.2111111111111111 0.89375 0.21481481481481482 0.8916666666666666 0.2222222222222222 0.890625 0.23333333333333334 0.8947916666666667 0.23333333333333334 0.8958333333333334 0.23518518518518516 0.9020833333333333 0.23518518518518516
1 0.9639583333333334 0.35685185185185186 0.956875 0.3307407407407407 0.9498958333333334 0.2796296296296296 0.9452083333333333 0.21018518518518517 0.9257291666666667 0.21703703703703706 0.9302083333333334 0.28925925925925927 0.8888541666666667 0.2631481481481482 0.8717708333333334 0.25851851851851854 0.8446874999999999 0.24462962962962964 0.8392708333333333 0.26 0.8894791666666667 0.2777777777777778 0.9197916666666667 0.3007407407407407 0.9325 0.32314814814814813 0.9409375 0.38851851851851854 0.965625 0.3825925925925926 0.9639583333333334 0.35685185185185186
1 0.32510416666666664 0.7488888888888888 0.31625000000000003 0.6659259259259259 0.2986458333333333 0.6718518518518519 0.30406249999999996 0.7351851851851853 0.2761458333333333 0.6950000000000001 0.27010416666666665 0.7055555555555556 0.29989583333333336 0.7557407407407408 0.30354166666666665 0.7675925925925926 0.32135416666666666 0.8366666666666667 0.3364583333333333 0.8114814814814815 0.32510416666666664 0.7488888888888888
1 0.31052083333333336 0.5237037037037037 0.3203125 0.5046296296296297 0.365625 0.43648148148148147 0.3625 0.4288888888888889 0.31572916666666667 0.4874074074074074 0.306875 0.48833333333333334 0.3005208333333333 0.4340740740740741 0.29260416666666667 0.43425925925925923 0.28447916666666667 0.4409259259259259 0.2944791666666667 0.5411111111111111 0.29281250000000003 0.5781481481481481 0.29322916666666665 0.5837037037037037 0.295 0.5833333333333334 0.2996875 0.5853703703703703 0.3120833333333333 0.5827777777777777 0.31052083333333336 0.5237037037037037