2 0.5713541666666666 0.004814814814814815 0.6032291666666667 0.09814814814814815 0.6705208333333333 0.3742592592592593 0.7355208333333333 0.6183333333333333 0.7519791666666668 0.63 0.7581249999999999 0.6372222222222221 0.7580208333333333 0.6362962962962962 0.5995833333333332 0.0077777777777777776 0.5713541666666666 0.004814814814814815
2 0.3305208333333333 0.7914814814814816 0.27875 0.7585185185185185 0.2453125 0.7268518518518519 0.22135416666666666 0.7298148148148148 0.2384375 0.7603703703703704 0.2754166666666667 0.7861111111111112 0.32458333333333333 0.8072222222222223 0.338125 0.8248148148148148 0.33531249999999996 0.8337037037037037 0.3423958333333333 0.842962962962963 0.46260416666666665 0.9444444444444444 0.5004166666666667 0.9933333333333333 0.5363541666666667 0.9937037037037036 0.53625 0.9933333333333333 0.45666666666666667 0.9075925925925925 0.3305208333333333 0.7914814814814816
2 0.07760416666666667 0.532962962962963 0.07854166666666666 0.5383333333333333 0.1075 0.5755555555555555 0.1175 0.5937037037037037 0.13958333333333334 0.6118518518518519 0.143125 0.6101851851851853 0.14979166666666666 0.5953703703703703 0.14791666666666667 0.5890740740740741 0.12822916666666667 0.572962962962963 0.09854166666666667 0.5218518518518519 0.09729166666666667 0.5214814814814814 0.09729166666666667 0.5244444444444445 0.08708333333333333 0.5125925925925926 0.08375 0.49407407407407405 0.06333333333333334 0.4466666666666667 0.004166666666666667 0.32685185185185184 0.004166666666666667 0.3285185185185185 0.0013541666666666665 0.36018518518518516 0.07760416666666667 0.532962962962963
2 0.26395833333333335 0.9598148148148148 0.2947916666666667 0.9218518518518519 0.34625 0.85 0.3415625 0.8450000000000001 0.3254166666666667 0.8701851851851852 0.2705208333333333 0.9381481481481481 0.20500000000000002 0.9914814814814815 0.20635416666666664 0.9909259259259259 0.21958333333333332 0.9942592592592592 0.26395833333333335 0.9598148148148148
2 0.40822916666666664 0.7503703703703705 0.40322916666666664 0.7394444444444445 0.3622916666666666 0.8175925925925925 0.36312500000000003 0.8190740740740741 0.36781250000000004 0.8231481481481482 0.40822916666666664 0.7503703703703705
2 0.451875 0.6588888888888889 0.47510416666666666 0.5996296296296296 0.46854166666666663 0.5896296296296296 0.440625 0.6683333333333334 0.4091666666666666 0.7275925925925926 0.41020833333333334 0.7283333333333333 0.41572916666666665 0.7346296296296296 0.451875 0.6588888888888889
2 0.45291666666666663 0.8781481481481482 0.4540625 0.8948148148148148 0.5296875 0.8325925925925927 0.5204166666666666 0.8281481481481481 0.45291666666666663 0.8781481481481482
3 0.5583333333333333 0.6240740740740741 0.5572916666666666 0.6259259259259259 0.5416666666666666 0.6537037037037037 0.5416666666666666 0.6555555555555556 0.5343749999999999 0.6814814814814815 0.5343749999999999 0.6833333333333333 0.5333333333333333 0.7111111111111111 0.5343749999999999 0.7129629629629629 0.540625 0.7370370370370369 0.5416666666666666 0.7388888888888888 0.55625 0.7648148148148147 0.5572916666666666 0.7648148148148147 0.56875 0.7759259259259259 0.5697916666666667 0.7759259259259259 0.5875 0.7814814814814816 0.5885416666666666 0.7796296296296297 0.6072916666666667 0.7722222222222223 0.6083333333333334 0.7703703703703704 0.6177083333333334 0.7629629629629631 0.61875 0.7611111111111112 0.6239583333333334 0.75 0.6239583333333334 0.7481481481481481 0.6302083333333334 0.7333333333333334 0.6302083333333334 0.7314814814814815 0.6333333333333334 0.7166666666666667 0.6333333333333334 0.7148148148148148 0.634375 0.6759259259259259 0.6333333333333334 0.674074074074074 0.6333333333333334 0.6685185185185185 0.6322916666666666 0.6666666666666666 0.63125 0.6648148148148147 0.6302083333333334 0.6648148148148147 0.6229166666666667 0.6592592592592593 0.621875 0.6574074074074074 0.6145833333333334 0.6425925925925926 0.6135416666666667 0.6425925925925926 0.6083333333333334 0.6444444444444444 0.6072916666666667 0.6462962962962963 0.6 0.6555555555555556 0.5989583333333334 0.6555555555555556 0.5833333333333334 0.6444444444444444 0.5822916666666667 0.6444444444444444 0.5750000000000001 0.6444444444444444 0.5739583333333333 0.6462962962962963 0.5708333333333333 0.6481481481481481 0.5697916666666667 0.65 0.5645833333333333 0.6592592592592593 0.5635416666666666 0.6592592592592593 0.5604166666666667 0.6574074074074074 0.5593750000000001 0.6555555555555556 0.5593750000000001 0.6444444444444444 0.5604166666666667 0.6425925925925926 0.56875 0.6314814814814815 0.56875 0.6296296296296297 0.5760416666666667 0.612962962962963 0.5760416666666667 0.6111111111111112 0.5760416666666667 0.6092592592592593 0.56875 0.612962962962963 0.5677083333333334 0.6148148148148148 0.5583333333333333 0.6240740740740741
3 0.584375 0.45185185185185184 0.5833333333333334 0.45185185185185184 0.5791666666666666 0.4555555555555556 0.578125 0.4574074074074074 0.5677083333333334 0.48148148148148145 0.5677083333333334 0.48333333333333334 0.5677083333333334 0.5185185185185185 0.56875 0.5203703703703704 0.5697916666666667 0.5370370370370371 0.5708333333333333 0.5388888888888889 0.5770833333333334 0.5555555555555556 0.578125 0.5555555555555556 0.5864583333333333 0.5703703703703704 0.5875 0.5703703703703704 0.5906250000000001 0.575925925925926 0.5916666666666667 0.575925925925926 0.6010416666666666 0.5833333333333334 0.6020833333333334 0.5833333333333334 0.6104166666666666 0.5833333333333334 0.6114583333333333 0.5814814814814815 0.634375 0.5685185185185185 0.6354166666666666 0.5666666666666667 0.6427083333333333 0.5611111111111111 0.64375 0.5611111111111111 0.6552083333333334 0.5574074074074075 0.65625 0.5555555555555556 0.6645833333333334 0.5333333333333333 0.6645833333333334 0.5314814814814814 0.6677083333333333 0.5092592592592593 0.6677083333333333 0.5074074074074074 0.66875 0.47962962962962963 0.6677083333333333 0.4777777777777778 0.6666666666666666 0.46481481481481485 0.665625 0.46296296296296297 0.6604166666666667 0.4444444444444444 0.659375 0.4425925925925926 0.6510416666666666 0.4277777777777778 0.65 0.4277777777777778 0.6416666666666666 0.41851851851851857 0.640625 0.41851851851851857 0.63125 0.412962962962963 0.6302083333333334 0.412962962962963 0.6125 0.412962962962963 0.5906250000000001 0.44074074074074077 0.5895833333333333 0.4425925925925926 0.584375 0.45185185185185184
3 0.5083333333333333 0.5629629629629629 0.509375 0.5648148148148148 0.5104166666666666 0.5722222222222222 0.5145833333333334 0.5796296296296296 0.5145833333333334 0.5814814814814815 0.5187499999999999 0.5888888888888889 0.521875 0.5907407407407407 0.5260416666666666 0.5962962962962963 0.5291666666666667 0.5962962962962963 0.5302083333333334 0.5981481481481481 0.5375 0.6 0.5385416666666667 0.6018518518518519 0.5416666666666666 0.6018518518518519 0.5427083333333333 0.6 0.5458333333333334 0.6 0.546875 0.5981481481481481 0.5510416666666667 0.5962962962962963 0.5510416666666667 0.5925925925925926 0.553125 0.587037037037037 0.553125 0.5703703703703704 0.5541666666666667 0.5685185185185185 0.5541666666666667 0.5555555555555556 0.5499999999999999 0.5499999999999999 0.5593750000000001 0.5296296296296297 0.5666666666666667 0.5370370370370371 0.5666666666666667 0.5388888888888889 0.5635416666666666 0.5462962962962963 0.5635416666666666 0.5833333333333334 0.5666666666666667 0.5814814814814815 0.56875 0.5777777777777777 0.5708333333333333 0.5685185185185185 0.5739583333333333 0.5611111111111111 0.5739583333333333 0.5518518518518518 0.5697916666666667 0.5425925925925926 0.56375 0.5207407407407407 0.5604166666666667 0.5222222222222223 0.5604166666666667 0.5166666666666666 0.5614583333333334 0.5148148148148148 0.5625 0.5037037037037037 0.5604166666666667 0.5018518518518519 0.55875 0.5044444444444444 0.5583333333333333 0.4981481481481481 0.55625 0.4962962962962963 0.553125 0.5 0.5489583333333333 0.4981481481481481 0.5375 0.5092592592592593 0.5260416666666666 0.5092592592592593 0.525 0.5074074074074074 0.515625 0.5074074074074074 0.5114583333333333 0.5148148148148148 0.50625 0.5333333333333333 0.50625 0.5537037037037037 0.5083333333333333 0.5592592592592592 0.5083333333333333 0.5629629629629629
3 0.5447916666666667 0.4611111111111111 0.5447916666666667 0.4703703703703703 0.5510416666666667 0.46851851851851856 0.5552083333333333 0.4740740740740741 0.55625 0.4722222222222222 0.5614583333333334 0.4722222222222222 0.5604166666666667 0.48333333333333334 0.5541666666666667 0.4888888888888889 0.5645833333333333 0.4981481481481481 0.5656249999999999 0.4962962962962963 0.5656249999999999 0.49074074074074076 0.5666666666666667 0.4888888888888889 0.5666666666666667 0.48518518518518516 0.5656249999999999 0.48333333333333334 0.5698784722222222 0.47685185185185186 0.5677083333333334 0.46851851851851856 0.56875 0.4666666666666667 0.5729166666666666 0.46481481481481485 0.5741319444444445 0.4703703703703703 0.5750000000000001 0.4611111111111111 0.5783854166666667 0.4638888888888889 0.5770833333333334 0.4555555555555556 0.578125 0.45185185185185184 0.5812499999999999 0.45 0.5826388888888888 0.4574074074074074 0.6081597222222223 0.41851851851851857 0.621875 0.4111111111111111 0.6239583333333334 0.4074074074074074 0.6229166666666667 0.4055555555555555 0.6173611111111111 0.40447531018518523 0.6145833333333334 0.4111111111111111 0.6124131944444444 0.41203703703703703 0.6118055555555556 0.4033950601851852 0.60625 0.40231481481481485 0.6041666666666666 0.3925925925925926 0.6020833333333334 0.3907407407407408 0.6041666666666666 0.39814814814814814 0.6006944444444444 0.40123456944444447 0.5989583333333334 0.4074074074074074 0.595138888888889 0.40015431944444446 0.5927083333333334 0.3907407407407408 0.5885416666666666 0.39444444444444443 0.5868055555555556 0.3910493842592593 0.5840277777777778 0.3979938287037037 0.5822916666666667 0.39629629629629626 0.5809027777777778 0.39135802314814816 0.5812499999999999 0.39814814814814814 0.5784722222222223 0.3969135787037037 0.5750000000000001 0.39166666666666666 0.5729166666666666 0.3958333333333333 0.5690972222222223 0.3919753101851852 0.5673611111111111 0.39475308796296293 0.5631944444444444 0.3922839490740741 0.5618055555555556 0.393672837962963 0.5604166666666667 0.39814814814814814 0.5593750000000001 0.39444444444444443 0.55625 0.3925925925925926 0.553125 0.40370370370370373 0.5541666666666667 0.4074074074074074 0.5544270833333333 0.4166666666666667 0.5489583333333333 0.4166666666666667 0.546875 0.42037037037037034 0.5458333333333334 0.42407407407407405 0.5458333333333334 0.42962962962962964 0.5447916666666667 0.4314814814814815 0.5447916666666667 0.44074074074074077 0.5437500000000001 0.4425925925925926 0.5437500000000001 0.45925925925925926 0.5447916666666667 0.4611111111111111
3 0.5260416666666666 0.4055555555555555 0.5270833333333333 0.42037037037037034 0.5291666666666667 0.42037037037037034 0.5343749999999999 0.42592592592592593 0.5447916666666667 0.42592592592592593 0.5447916666666667 0.4148148148148148 0.5427083333333333 0.4148148148148148 0.5395833333333333 0.4111111111111111 0.5375 0.4111111111111111 0.53125 0.4055555555555555 0.5333333333333333 0.3925925925925926 0.5416666666666666 0.37592592592592594 0.540625 0.37407407407407406 0.540625 0.37037037037037035 0.5364583333333334 0.37037037037037035 0.5281250000000001 0.3833333333333333 0.5281250000000001 0.387037037037037 0.5270833333333333 0.3888888888888889 0.5270833333333333 0.3925925925925926 0.5315972222222223 0.3925925925925926 0.5291666666666667 0.40370370370370373 0.5260416666666666 0.4055555555555555
3 0.7645833333333334 0.412962962962963 0.765625 0.4148148148148148 0.771875 0.4277777777777778 0.771875 0.42962962962962964 0.771875 0.4351851851851852 0.7729166666666666 0.43703703703703706 0.7760416666666666 0.4462962962962963 0.7760416666666666 0.44814814814814813 0.778125 0.46481481481481485 0.7791666666666667 0.4666666666666667 0.7916666666666666 0.46851851851851856 0.7916666666666666 0.4666666666666667 0.7833333333333333 0.4611111111111111 0.7822916666666666 0.45925925925925926 0.78125 0.4555555555555556 0.78125 0.4537037037037037 0.784375 0.41851851851851857 0.7833333333333333 0.4166666666666667 0.7791666666666667 0.4148148148148148 0.778125 0.412962962962963 0.7729166666666666 0.40370370370370373 0.771875 0.40370370370370373 0.765625 0.4 0.7635416666666667 0.40370370370370373 0.7635416666666667 0.4055555555555555 0.7645833333333334 0.412962962962963
3 0.040625 0.7166666666666667 0.040625 0.7185185185185184 0.035416666666666666 0.7314814814814815 0.035416666666666666 0.7333333333333334 0.036458333333333336 0.7388888888888888 0.0375 0.7388888888888888 0.04375 0.7481481481481481 0.04479166666666667 0.7481481481481481 0.05625 0.7592592592592593 0.057291666666666664 0.7611111111111112 0.06041666666666667 0.7685185185185185 0.06145833333333334 0.7685185185185185 0.065625 0.7722222222222223 0.06666666666666667 0.7722222222222223 0.090625 0.7777777777777778 0.09166666666666667 0.7759259259259259 0.09895833333333333 0.774074074074074 0.1 0.7722222222222223 0.10729166666666667 0.7648148148148147 0.10729166666666667 0.7629629629629631 0.10833333333333332 0.7592592592592593 0.10729166666666667 0.7574074074074074 0.10520833333333333 0.7537037037037038 0.10625 0.7518518518518519 0.11041666666666668 0.75 0.11145833333333333 0.7481481481481481 0.1125 0.7444444444444445 0.1125 0.7425925925925926 0.1125 0.7296296296296296 0.11145833333333333 0.7277777777777777 0.11145833333333333 0.7222222222222222 0.11041666666666668 0.7203703703703703 0.10416666666666667 0.7055555555555556 0.103125 0.7055555555555556 0.08854166666666667 0.688888888888889 0.0875 0.688888888888889 0.06041666666666667 0.6851851851851852 0.05520833333333334 0.688888888888889 0.05416666666666666 0.6907407407407407 0.040625 0.7166666666666667
3 0.07604166666666667 0.8055555555555556 0.078125 0.8037037037037037 0.07916666666666668 0.8 0.07083333333333333 0.7925925925925925 0.07291666666666667 0.8055555555555556 0.07194010416666667 0.8072916666666666 0.07604166666666667 0.8055555555555556
3 0.009375 0.8740740740740741 0.014583333333333334 0.8796296296296297 0.02291666666666667 0.8814814814814815 0.025 0.8759259259259259 0.02291666666666667 0.8722222222222222 0.017708333333333333 0.8537037037037037 0.017708333333333333 0.8462962962962963 0.025 0.8444444444444444 0.026041666666666668 0.8462962962962963 0.026041666666666668 0.85 0.02708333333333333 0.8518518518518519 0.028125 0.8592592592592593 0.03125 0.8648148148148148 0.036458333333333336 0.8648148148148148 0.0375 0.8666666666666666 0.040625 0.8666666666666666 0.04375 0.8611111111111112 0.04479166666666667 0.8611111111111112 0.04791666666666666 0.8555555555555556 0.04895833333333333 0.8555555555555556 0.059375 0.8407407407407407 0.059375 0.8388888888888888 0.052083333333333336 0.8388888888888888 0.051041666666666666 0.8370370370370371 0.04375 0.8370370370370371 0.041666666666666664 0.8388888888888888 0.03958333333333334 0.8277777777777778 0.040625 0.825925925925926 0.04351851851851852 0.8238683125 0.035416666666666666 0.8166666666666667 0.04895833333333333 0.7925925925925925 0.046875 0.7944444444444444 0.044921875 0.7986111111111112 0.04375 0.7962962962962963 0.041666666666666664 0.7981481481481482 0.04088541666666667 0.8046296296296297 0.03854166666666666 0.8037037037037037 0.034374999999999996 0.8185185185185185 0.0328125 0.8166666666666667 0.02877604166666667 0.8226851851851852 0.028125 0.8333333333333334 0.024739583333333332 0.8287037037037037 0.016666666666666666 0.8407407407407407 0.0125 0.8333333333333334 0.008333333333333333 0.8407407407407407 0.007291666666666667 0.8407407407407407 0.004166666666666667 0.8462962962962963 0.004166666666666667 0.8518518518518519 0.005208333333333333 0.8537037037037037 0.009375 0.8537037037037037 0.011458333333333334 0.8574074074074074 0.011458333333333334 0.8611111111111112 0.009375 0.8685185185185185 0.009375 0.8740740740740741
3 0.053125 0.6203703703703703 0.05520833333333334 0.6259259259259259 0.06458333333333333 0.6259259259259259 0.07395833333333333 0.6111111111111112 0.08333333333333333 0.6037037037037037 0.08541666666666667 0.6 0.09166666666666667 0.5944444444444444 0.09479166666666668 0.5944444444444444 0.09583333333333333 0.5925925925925926 0.096875 0.5925925925925926 0.10104166666666667 0.6092592592592593 0.09583333333333333 0.6148148148148148 0.09375 0.6148148148148148 0.0875 0.6203703703703703 0.08125 0.6296296296296297 0.08020833333333333 0.6296296296296297 0.078125 0.6333333333333334 0.07395833333333333 0.637037037037037 0.07083333333333333 0.6425925925925926 0.06979166666666667 0.6425925925925926 0.065625 0.65 0.065625 0.6518518518518519 0.06041666666666667 0.6629629629629629 0.06145833333333334 0.6648148148148147 0.06145833333333334 0.6685185185185185 0.06354166666666666 0.6759259259259259 0.06770833333333333 0.6796296296296297 0.06979166666666667 0.6796296296296297 0.075 0.6851851851851852 0.090625 0.6851851851851852 0.09791666666666667 0.6777777777777778 0.1 0.6777777777777778 0.10520833333333333 0.6722222222222222 0.10729166666666667 0.6722222222222222 0.11354166666666667 0.6666666666666666 0.12083333333333333 0.6537037037037037 0.121875 0.6481481481481481 0.12604166666666666 0.6388888888888888 0.12708333333333333 0.6314814814814815 0.12916666666666665 0.6259259259259259 0.12916666666666665 0.6111111111111112 0.12083333333333333 0.6037037037037037 0.11458333333333333 0.6037037037037037 0.11655092592592593 0.5975308657407408 0.1037037037037037 0.5790123472222222 0.10104166666666667 0.5777777777777777 0.10104166666666667 0.5740740740740741 0.0951388888888889 0.5666666666666667 0.09583333333333333 0.5648148148148148 0.09085648148148148 0.5604938287037037 0.090625 0.5555555555555556 0.08854166666666667 0.5537037037037037 0.08657407407407407 0.5543209861111111 0.08541666666666667 0.5499999999999999 0.08229166666666667 0.5481481481481482 0.08125 0.5499999999999999 0.078125 0.5499999999999999 0.07708333333333332 0.5518518518518518 0.07395833333333333 0.5518518518518518 0.07291666666666667 0.5537037037037037 0.06666666666666667 0.5555555555555556 0.0625 0.5592592592592592 0.05520833333333334 0.5722222222222222 0.052083333333333336 0.5833333333333334 0.052083333333333336 0.5944444444444444 0.053125 0.5962962962962963 0.053125 0.6203703703703703
3 0.2 0.3611111111111111 0.2 0.362962962962963 0.2 0.37407407407407406 0.19895833333333335 0.37592592592592594 0.19791666666666666 0.37962962962962965 0.19895833333333335 0.38148148148148153 0.19895833333333335 0.3833333333333333 0.2 0.3833333333333333 0.209375 0.38148148148148153 0.21041666666666667 0.37962962962962965 0.21666666666666665 0.37222222222222223 0.21666666666666665 0.37037037037037035 0.215625 0.35370370370370374 0.21458333333333335 0.35185185185185186 0.209375 0.3444444444444445 0.20833333333333334 0.3444444444444445 0.203125 0.3444444444444445 0.196875 0.35 0.19791666666666666 0.35185185185185186 0.2 0.3611111111111111
3 0.23958333333333334 0.39444444444444443 0.240625 0.39629629629629626 0.2583333333333333 0.40370370370370373 0.25937499999999997 0.40185185185185185 0.2583333333333333 0.387037037037037 0.2572916666666667 0.3851851851851852 0.2552083333333333 0.37962962962962965 0.25416666666666665 0.37962962962962965 0.2520833333333333 0.37777777777777777 0.24166666666666667 0.3851851851851852 0.240625 0.387037037037037 0.23958333333333334 0.39444444444444443
3 0.24270833333333333 0.10555555555555556 0.24166666666666667 0.10740740740740741 0.234375 0.11851851851851852 0.234375 0.12037037037037036 0.240625 0.13703703703703704 0.24166666666666667 0.13703703703703704 0.25104166666666666 0.14444444444444443 0.2520833333333333 0.14444444444444443 0.25937499999999997 0.14074074074074072 0.2604166666666667 0.1388888888888889 0.2635416666666667 0.12962962962962962 0.2635416666666667 0.1277777777777778 0.2625 0.1111111111111111 0.26145833333333335 0.10925925925925926 0.2604166666666667 0.1037037037037037 0.25937499999999997 0.10185185185185185 0.25416666666666665 0.0962962962962963 0.24375 0.09814814814814815 0.24270833333333333 0.1 0.24270833333333333 0.10555555555555556
3 0.18020833333333333 0.022222222222222223 0.18125 0.024074074074074074 0.19270833333333334 0.03888888888888889 0.19270833333333334 0.037037037037037035 0.19583333333333333 0.020370370370370372 0.19583333333333333 0.018518518518518517 0.19583333333333333 0.003703703703703704 0.19479166666666667 0.003703703703703704 0.17916666666666667 0.003703703703703704 0.178125 0.012962962962962963 0.17916666666666667 0.014814814814814815 0.18020833333333333 0.022222222222222223
3 0.20520833333333335 0.014814814814814815 0.20625 0.016666666666666666 0.20729166666666665 0.018518518518518517 0.20833333333333334 0.018518518518518517 0.228125 0.016666666666666666 0.228125 0.014814814814814815 0.228125 0.007407407407407408 0.22708333333333333 0.005555555555555556 0.225 0.003703703703703704 0.22395833333333334 0.003703703703703704 0.20729166666666665 0.003703703703703704 0.20520833333333335 0.007407407407407408 0.20520833333333335 0.009259259259259259 0.20520833333333335 0.014814814814814815
3 0.21041666666666667 0.12222222222222222 0.21145833333333333 0.12407407407407407 0.21770833333333334 0.13148148148148148 0.21875 0.13148148148148148 0.22604166666666667 0.13148148148148148 0.22708333333333333 0.12962962962962962 0.23333333333333334 0.12037037037037036 0.23333333333333334 0.11851851851851852 0.23229166666666665 0.11481481481481481 0.23125 0.11481481481481481 0.21666666666666665 0.11296296296296296 0.21041666666666667 0.11851851851851852 0.21041666666666667 0.12037037037037036 0.21041666666666667 0.12222222222222222
3 0.5 0.09814814814814815 0.5010416666666666 0.1 0.5031249999999999 0.10925925925925926 0.5041666666666667 0.10925925925925926 0.5125000000000001 0.1111111111111111 0.5135416666666667 0.10925925925925926 0.5166666666666666 0.10555555555555556 0.5166666666666666 0.1037037037037037 0.5187499999999999 0.09814814814814815 0.5187499999999999 0.0962962962962963 0.5187499999999999 0.08518518518518518 0.5177083333333333 0.08333333333333333 0.5135416666666667 0.07407407407407407 0.5125000000000001 0.07407407407407407 0.5083333333333333 0.07222222222222222 0.5020833333333333 0.08148148148148149 0.5020833333333333 0.08333333333333333 0.5 0.09814814814814815
3 0.48333333333333334 0.1037037037037037 0.48333333333333334 0.10555555555555556 0.48333333333333334 0.12037037037037036 0.484375 0.12222222222222222 0.490625 0.12962962962962962 0.4916666666666667 0.12962962962962962 0.496875 0.1259259259259259 0.4979166666666667 0.12407407407407407 0.5020833333333333 0.11296296296296296 0.5020833333333333 0.1111111111111111 0.49895833333333334 0.0962962962962963 0.4979166666666667 0.09444444444444444 0.4927083333333333 0.09074074074074075 0.4895833333333333 0.09259259259259259 0.4885416666666667 0.09444444444444444 0.48333333333333334 0.1037037037037037
3 0.471875 0.08518518518518518 0.4729166666666667 0.08703703703703704 0.4770833333333333 0.09814814814814815 0.478125 0.09814814814814815 0.48333333333333334 0.1 0.484375 0.09814814814814815 0.4916666666666667 0.08703703703703704 0.4916666666666667 0.08518518518518518 0.4916666666666667 0.07592592592592592 0.490625 0.07407407407407407 0.4864583333333333 0.06296296296296296 0.48541666666666666 0.06296296296296296 0.4802083333333333 0.06111111111111111 0.4739583333333333 0.06851851851851852 0.4739583333333333 0.07037037037037036 0.471875 0.08518518518518518
3 0.515625 0.020370370370370372 0.5177083333333333 0.03148148148148148 0.5166666666666666 0.03333333333333333 0.5135416666666667 0.03333333333333333 0.5125000000000001 0.03518518518518518 0.5083333333333333 0.03518518518518518 0.5041666666666667 0.03888888888888889 0.5052083333333334 0.05 0.509375 0.05925925925925926 0.5104166666666666 0.05925925925925926 0.5125000000000001 0.06296296296296296 0.5208333333333334 0.06296296296296296 0.5333333333333333 0.05185185185185185 0.5354166666666667 0.037037037037037035 0.5333333333333333 0.02962962962962963 0.5281250000000001 0.02962962962962963 0.5283854166666666 0.02361111111111111 0.5270833333333333 0.014814814814814815 0.5281250000000001 0.011111111111111112 0.5260416666666666 0.007407407407407408 0.5239583333333333 0.005555555555555556 0.5260416666666666 0.014814814814814815 0.521875 0.018518518518518517 0.5184895833333334 0.011574074074074073 0.5135416666666667 0.005555555555555556 0.509375 0.011111111111111112 0.50625 0.012962962962962963 0.5041666666666667 0.016666666666666666 0.5031249999999999 0.022222222222222223 0.5125000000000001 0.022222222222222223 0.5135416666666667 0.020370370370370372 0.515625 0.020370370370370372
3 0.796875 0.05555555555555555 0.796875 0.05740740740740741 0.796875 0.06296296296296296 0.7979166666666666 0.06481481481481481 0.8020833333333334 0.06851851851851852 0.803125 0.06851851851851852 0.8114583333333334 0.06481481481481481 0.8125 0.06296296296296296 0.8177083333333334 0.05185185185185185 0.8177083333333334 0.05 0.8166666666666667 0.03333333333333333 0.815625 0.03148148148148148 0.8114583333333334 0.027777777777777776 0.8104166666666667 0.027777777777777776 0.80625 0.027777777777777776 0.8010416666666667 0.037037037037037035 0.8010416666666667 0.03888888888888889 0.796875 0.05555555555555555
3 0.7770833333333333 0.03518518518518518 0.778125 0.037037037037037035 0.7802083333333334 0.04259259259259259 0.78125 0.04259259259259259 0.7885416666666666 0.044444444444444446 0.7895833333333334 0.04259259259259259 0.79375 0.020370370370370372 0.79375 0.018518518518518517 0.79375 0.011111111111111112 0.7927083333333333 0.009259259259259259 0.790625 0.005555555555555556 0.7895833333333334 0.005555555555555556 0.784375 0.005555555555555556 0.778125 0.018518518518518517 0.778125 0.020370370370370372 0.7770833333333333 0.03518518518518518
1 0.6602083333333333 0.3298148148148148 0.6767708333333333 0.3146296296296296 0.6672916666666666 0.26981481481481484 0.6685416666666667 0.26185185185185184 0.7036458333333334 0.16 0.6966666666666667 0.15648148148148147 0.6639583333333333 0.23851851851851855 0.6610416666666666 0.24166666666666667 0.6470833333333333 0.19222222222222224 0.6302083333333334 0.20666666666666667 0.6602083333333333 0.3298148148148148
1 0.3461458333333333 0.8027777777777778 0.3029166666666667 0.7744444444444445 0.29875 0.7974074074074075 0.26666666666666666 0.7888888888888889 0.2675 0.8057407407407408 0.2896875 0.8096296296296296 0.3029166666666667 0.8172222222222223 0.32375000000000004 0.8227777777777777 0.36260416666666667 0.8553703703703703 0.36239583333333336 0.8522222222222223 0.36791666666666667 0.8274074074074074 0.3461458333333333 0.8027777777777778
1 0.0940625 0.5064814814814815 0.08364583333333332 0.42166666666666663 0.07510416666666667 0.42277777777777775 0.08364583333333332 0.49722222222222223 0.07510416666666667 0.4722222222222222 0.06291666666666666 0.495 0.084375 0.5424074074074073 0.10197916666666666 0.5716666666666667 0.11458333333333333 0.5522222222222223 0.11677083333333334 0.5538888888888889 0.09854166666666667 0.5187037037037038 0.0940625 0.5064814814814815
0 0.15041666666666667 0.5907407407407407 0.12927083333333333 0.5735185185185185 0.10572916666666667 0.5351851851851852 0.09291666666666666 0.5574074074074075 0.1096875 0.5825925925925927 0.09770833333333334 0.5953703703703703 0.07302083333333334 0.614074074074074 0.0490625 0.6524074074074073 0.04770833333333333 0.66 0.05427083333333333 0.6742592592592592 0.06479166666666666 0.647962962962963 0.09520833333333334 0.6135185185185186 0.10427083333333334 0.6074074074074074 0.1165625 0.6024074074074074 0.12302083333333334 0.6033333333333333 0.13895833333333332 0.6190740740740741 0.13895833333333332 0.6196296296296296 0.14864583333333334 0.6003703703703704 0.15041666666666667 0.5907407407407407
1 0.48041666666666666 0.9351851851851852 0.453125 0.902962962962963 0.4454166666666666 0.8414814814814814 0.4361458333333333 0.8077777777777777 0.42947916666666663 0.8081481481481482 0.4369791666666667 0.8340740740740741 0.44427083333333334 0.8768518518518519 0.4432291666666667 0.8927777777777778 0.40687500000000004 0.8646296296296296 0.4045138888888889 0.8845061712962964 0.4033333333333334 0.8944444444444444 0.4691666666666667 0.9505555555555555 0.47432291666666665 0.9423148148148148 0.48041666666666666 0.9351851851851852
0 0.6742708333333334 0.3012962962962963 0.6560416666666667 0.3101851851851852 0.6671875 0.35185185185185186 0.6683333333333334 0.3616666666666667 0.6665625 0.3694444444444444 0.6416666666666666 0.3694444444444444 0.6295833333333334 0.372962962962963 0.6090625000000001 0.39055555555555554 0.595625 0.41574074074074074 0.5980208333333334 0.42462962962962963 0.6035416666666668 0.4235185185185185 0.6114583333333333 0.40814814814814815 0.6317708333333334 0.38870370370370366 0.6641666666666667 0.3890740740740741 0.6758333333333333 0.4014814814814815 0.6925 0.45592592592592596 0.7114583333333334 0.4477777777777778 0.6742708333333334 0.3012962962962963