2 0.8461458333333334 0.9940740740740741 0.8778125 0.9946296296296296 0.8042708333333333 0.7261111111111112 0.8028125 0.7307407407407408 0.7857291666666667 0.7596296296296297 0.8461458333333334 0.9940740740740741
3 0.61875 0.637037037037037 0.6177083333333334 0.6388888888888888 0.6052083333333333 0.6648148148148147 0.6052083333333333 0.6666666666666666 0.6 0.6925925925925925 0.6 0.6944444444444444 0.603125 0.7240740740740741 0.6041666666666666 0.725925925925926 0.6145833333333334 0.7592592592592593 0.615625 0.7611111111111112 0.6302083333333334 0.7888888888888889 0.63125 0.7888888888888889 0.6354166666666666 0.7944444444444444 0.6364583333333333 0.7944444444444444 0.640625 0.7962962962962963 0.6416666666666666 0.7962962962962963 0.6572916666666666 0.7907407407407407 0.6583333333333333 0.7888888888888889 0.6614583333333334 0.7814814814814816 0.6625 0.7814814814814816 0.6739583333333333 0.7722222222222223 0.6739583333333333 0.7703703703703704 0.684375 0.7574074074074074 0.6854166666666667 0.7555555555555555 0.6927083333333334 0.7370370370370369 0.6927083333333334 0.7351851851851853 0.6947916666666666 0.7185185185185184 0.6947916666666666 0.7166666666666667 0.69375 0.6962962962962963 0.6927083333333334 0.6944444444444444 0.690625 0.6777777777777778 0.6895833333333333 0.6759259259259259 0.6875 0.6666666666666666 0.6864583333333334 0.6648148148148147 0.6760416666666667 0.6388888888888888 0.675 0.637037037037037 0.6708333333333334 0.6296296296296297 0.6697916666666667 0.6296296296296297 0.6614583333333334 0.6203703703703703 0.6604166666666667 0.6203703703703703 0.6489583333333334 0.6166666666666666 0.6302083333333334 0.6240740740740741 0.6291666666666667 0.6259259259259259 0.61875 0.637037037037037
3 0.7354166666666666 0.6092592592592593 0.7333333333333334 0.612962962962963 0.7322916666666667 0.612962962962963 0.73125 0.6148148148148148 0.7302083333333333 0.6148148148148148 0.7291666666666666 0.6166666666666666 0.728125 0.6166666666666666 0.71875 0.6333333333333334 0.71875 0.6351851851851852 0.7208333333333333 0.6388888888888888 0.7208333333333333 0.6407407407407407 0.7260416666666666 0.65 0.7260416666666666 0.6518518518518519 0.728125 0.6555555555555556 0.7291666666666666 0.6555555555555556 0.7302083333333333 0.6574074074074074 0.73125 0.6574074074074074 0.7322916666666667 0.6592592592592593 0.7333333333333334 0.6592592592592593 0.734375 0.6611111111111112 0.734375 0.6648148148148147 0.7354166666666666 0.6666666666666666 0.7375 0.6666666666666666 0.7395833333333334 0.6703703703703704 0.7375 0.674074074074074 0.734375 0.674074074074074 0.7322916666666667 0.6777777777777778 0.7270833333333334 0.6777777777777778 0.7260416666666666 0.6759259259259259 0.7208333333333333 0.6759259259259259 0.71875 0.6796296296296297 0.715625 0.6796296296296297 0.7145833333333333 0.6777777777777778 0.7135416666666666 0.6777777777777778 0.7125 0.6759259259259259 0.7114583333333334 0.6759259259259259 0.7072916666666667 0.6833333333333333 0.7041666666666666 0.6833333333333333 0.703125 0.6814814814814815 0.6979166666666666 0.6814814814814815 0.696875 0.6796296296296297 0.6947916666666666 0.6796296296296297 0.69375 0.6814814814814815 0.69375 0.6833333333333333 0.6947916666666666 0.6851851851851852 0.6947916666666666 0.6870370370370371 0.6958333333333334 0.688888888888889 0.6958333333333334 0.6907407407407407 0.696875 0.6925925925925925 0.6979166666666666 0.6925925925925925 0.6989583333333333 0.6907407407407407 0.7 0.6907407407407407 0.7010416666666667 0.688888888888889 0.7083333333333334 0.688888888888889 0.7125 0.6962962962962963 0.7125 0.7055555555555556 0.7145833333333333 0.7092592592592593 0.7145833333333333 0.7111111111111111 0.715625 0.7129629629629629 0.715625 0.7148148148148148 0.7166666666666667 0.7166666666666667 0.7166666666666667 0.7185185185185184 0.71875 0.7222222222222222 0.71875 0.7240740740740741 0.7197916666666666 0.725925925925926 0.7197916666666666 0.7277777777777777 0.7208333333333333 0.7296296296296296 0.7208333333333333 0.7314814814814815 0.728125 0.7444444444444445 0.728125 0.7462962962962962 0.734375 0.7574074074074074 0.7364583333333333 0.7574074074074074 0.7375 0.7592592592592593 0.7385416666666667 0.7592592592592593 0.7395833333333334 0.7611111111111112 0.740625 0.7611111111111112 0.7416666666666666 0.7629629629629631 0.7427083333333334 0.7629629629629631 0.74375 0.7648148148148147 0.746875 0.7648148148148147 0.7479166666666667 0.7666666666666666 0.7510416666666666 0.7666666666666666 0.7520833333333333 0.7685185185185185 0.76875 0.7685185185185185 0.7697916666666667 0.7666666666666666 0.7729166666666666 0.7666666666666666 0.7739583333333334 0.7648148148148147 0.7760416666666666 0.7648148148148147 0.778125 0.7611111111111112 0.7791666666666667 0.7611111111111112 0.7802083333333334 0.7592592592592593 0.78125 0.7592592592592593 0.7822916666666666 0.7574074074074074 0.7833333333333333 0.7574074074074074 0.784375 0.7555555555555555 0.7854166666666667 0.7555555555555555 0.7864583333333334 0.7537037037037038 0.7875 0.7537037037037038 0.7885416666666666 0.7518518518518519 0.7895833333333334 0.7518518518518519 0.7989583333333333 0.7351851851851853 0.7989583333333333 0.7333333333333334 0.8 0.7314814814814815 0.8 0.7296296296296296 0.8020833333333334 0.725925925925926 0.8020833333333334 0.7240740740740741 0.803125 0.7222222222222222 0.803125 0.7166666666666667 0.8041666666666666 0.7148148148148148 0.8041666666666666 0.7074074074074075 0.8052083333333334 0.7055555555555556 0.8052083333333334 0.7 0.80625 0.6981481481481482 0.80625 0.6870370370370371 0.8052083333333334 0.6851851851851852 0.8052083333333334 0.674074074074074 0.8041666666666666 0.6722222222222222 0.8041666666666666 0.6666666666666666 0.8020833333333334 0.6629629629629629 0.8020833333333334 0.6611111111111112 0.8010416666666667 0.6592592592592593 0.8010416666666667 0.6574074074074074 0.7989583333333333 0.6537037037037037 0.7989583333333333 0.6518518518518519 0.7979166666666666 0.65 0.7979166666666666 0.6481481481481481 0.796875 0.6462962962962963 0.796875 0.6444444444444444 0.7916666666666666 0.6351851851851852 0.790625 0.6351851851851852 0.7833333333333333 0.6222222222222222 0.7822916666666666 0.6222222222222222 0.7791666666666667 0.6166666666666666 0.7770833333333333 0.6166666666666666 0.7760416666666666 0.6148148148148148 0.775 0.6148148148148148 0.7739583333333334 0.612962962962963 0.7729166666666666 0.612962962962963 0.771875 0.6111111111111112 0.7708333333333334 0.6111111111111112 0.7697916666666667 0.6092592592592593 0.76875 0.6092592592592593 0.7677083333333333 0.6074074074074074 0.7552083333333334 0.6074074074074074 0.7541666666666667 0.6055555555555556 0.7427083333333334 0.6055555555555556 0.7416666666666666 0.6074074074074074 0.7385416666666667 0.6074074074074074 0.7375 0.6092592592592593 0.7354166666666666 0.6092592592592593
3 0.6520833333333333 0.612962962962963 0.6541666666666667 0.6148148148148148 0.6572916666666666 0.6148148148148148 0.6583333333333333 0.6166666666666666 0.6614583333333334 0.6166666666666666 0.6729166666666666 0.6277777777777778 0.6739583333333333 0.6259259259259259 0.6739583333333333 0.6203703703703703 0.6729166666666666 0.6185185185185185 0.6729166666666666 0.6055555555555556 0.671875 0.6037037037037037 0.671875 0.5981481481481481 0.6802083333333334 0.5907407407407407 0.6833333333333333 0.6018518518518519 0.6927083333333334 0.6222222222222222 0.69375 0.6222222222222222 0.696875 0.6277777777777778 0.6979166666666666 0.6277777777777778 0.7020833333333334 0.6351851851851852 0.7041666666666666 0.6351851851851852 0.7052083333333333 0.637037037037037 0.7072916666666667 0.637037037037037 0.7083333333333334 0.6388888888888888 0.7125 0.6407407407407407 0.7135416666666666 0.6388888888888888 0.7145833333333333 0.6259259259259259 0.71875 0.6222222222222222 0.721875 0.6222222222222222 0.7239583333333334 0.6185185185185185 0.7270833333333334 0.6166666666666666 0.7291666666666666 0.612962962962963 0.7333333333333334 0.6092592592592593 0.7354166666666666 0.6092592592592593 0.7364583333333333 0.6074074074074074 0.7427083333333334 0.6055555555555556 0.74375 0.6037037037037037 0.7479166666666667 0.6018518518518519 0.7479166666666667 0.5851851851851853 0.7489583333333334 0.5833333333333334 0.7489583333333334 0.5703703703703704 0.746875 0.5629629629629629 0.7458333333333333 0.5518518518518518 0.740625 0.5333333333333333 0.73125 0.5148148148148148 0.7270833333333334 0.5111111111111112 0.7229166666666667 0.5111111111111112 0.721875 0.5092592592592593 0.7177083333333334 0.5092592592592593 0.7166666666666667 0.5074074074074074 0.7114583333333334 0.5074074074074074 0.7104166666666666 0.5055555555555555 0.7083333333333334 0.5055555555555555 0.70625 0.5018518518518519 0.7010416666666667 0.4981481481481481 0.6989583333333333 0.4944444444444444 0.6916666666666667 0.4888888888888889 0.6770833333333334 0.5018518518518519 0.6729166666666666 0.5092592592592593 0.6708333333333334 0.5166666666666666 0.6760416666666667 0.5277777777777778 0.6760416666666667 0.5296296296296297 0.6635416666666666 0.5622222222222222 0.6625 0.5722222222222222 0.6583333333333333 0.5703703703703704 0.653125 0.5851851851851853 0.6552083333333334 0.5925925925925926 0.6510416666666666 0.6018518518518519 0.6510416666666666 0.6111111111111112 0.6520833333333333 0.612962962962963
3 0.68125 0.4333333333333333 0.68125 0.4388888888888889 0.6822916666666666 0.44074074074074077 0.6833333333333333 0.4537037037037037 0.6864583333333334 0.4611111111111111 0.6875 0.4666666666666667 0.6895833333333333 0.4703703703703703 0.690625 0.4759259259259259 0.6927083333333334 0.47962962962962963 0.69375 0.48518518518518516 0.6979166666666666 0.4888888888888889 0.7010416666666667 0.4944444444444444 0.7020833333333334 0.4944444444444444 0.7072916666666667 0.5018518518518519 0.709375 0.5018518518518519 0.7104166666666666 0.5037037037037037 0.7125 0.5037037037037037 0.7166666666666667 0.5074074074074074 0.721875 0.5074074074074074 0.7229166666666667 0.5092592592592593 0.7302083333333333 0.5092592592592593 0.73125 0.5111111111111112 0.7479166666666667 0.5092592592592593 0.7489583333333334 0.5074074074074074 0.7520833333333333 0.5074074074074074 0.7625 0.4981481481481481 0.7635416666666667 0.4962962962962963 0.7583333333333334 0.49074074074074076 0.7604166666666666 0.47962962962962963 0.7625 0.47962962962962963 0.7666666666666666 0.48333333333333334 0.7739583333333334 0.48333333333333334 0.775 0.48148148148148145 0.7802083333333334 0.48148148148148145 0.7854166666666667 0.4722222222222222 0.7875 0.46296296296296297 0.7895833333333334 0.45925925925925926 0.7916666666666666 0.45 0.79375 0.4462962962962963 0.7958333333333334 0.4388888888888889 0.7958333333333334 0.4333333333333333 0.796875 0.4314814814814815 0.796875 0.42592592592592593 0.7979166666666666 0.42407407407407405 0.7979166666666666 0.41851851851851857 0.7989583333333333 0.4166666666666667 0.7989583333333333 0.4 0.7979166666666666 0.39814814814814814 0.7979166666666666 0.3851851851851852 0.7958333333333334 0.38148148148148153 0.7895833333333334 0.3574074074074074 0.7875 0.3574074074074074 0.7864583333333334 0.35555555555555557 0.784375 0.35555555555555557 0.7833333333333333 0.35370370370370374 0.78125 0.35370370370370374 0.7770833333333333 0.35 0.75625 0.35 0.7552083333333334 0.34814814814814815 0.7495833333333333 0.34814814814814815 0.7512152777777777 0.34135802314814817 0.7416666666666666 0.32592592592592595 0.7427083333333334 0.32407407407407407 0.7697916666666667 0.32407407407407407 0.7697916666666667 0.3222222222222222 0.765625 0.3166666666666667 0.7614583333333333 0.31296296296296294 0.75625 0.3111111111111111 0.7552083333333334 0.30925925925925923 0.74375 0.30925925925925923 0.7427083333333334 0.3074074074074074 0.7392361111111112 0.32098765277777774 0.7358333333333333 0.32592592592592595 0.73 0.32592592592592595 0.7352430555555556 0.31419753240740744 0.73125 0.3074074074074074 0.728125 0.3111111111111111 0.7260416666666666 0.3111111111111111 0.725 0.31296296296296294 0.7229166666666667 0.31296296296296294 0.71875 0.3166666666666667 0.7183333333333333 0.32592592592592595 0.715625 0.3222222222222222 0.7145833333333333 0.3222222222222222 0.7125 0.32592592592592595 0.720138888888889 0.35 0.7083333333333334 0.35 0.7072916666666667 0.35185185185185186 0.6979166666666666 0.35185185185185186 0.6947916666666666 0.35555555555555557 0.690625 0.3574074074074074 0.684375 0.37037037037037035 0.684375 0.37407407407407406 0.68125 0.3851851851851852 0.68125 0.39629629629629626 0.6802083333333334 0.39814814814814814 0.6791666666666666 0.42407407407407405 0.6802083333333334 0.42592592592592593 0.6802083333333334 0.4314814814814815 0.68125 0.4333333333333333
3 0.5697916666666667 0.42407407407407405 0.56875 0.42592592592592593 0.5572916666666666 0.4444444444444444 0.5572916666666666 0.4462962962962963 0.5520833333333334 0.4574074074074074 0.5520833333333334 0.45925925925925926 0.5489583333333333 0.46851851851851856 0.5489583333333333 0.4703703703703703 0.546875 0.48703703703703705 0.546875 0.4888888888888889 0.546875 0.5111111111111112 0.5479166666666666 0.512962962962963 0.5489583333333333 0.5259259259259259 0.5499999999999999 0.5277777777777778 0.5541666666666667 0.5296296296296297 0.5552083333333333 0.5277777777777778 0.5770833333333334 0.5148148148148148 0.578125 0.5148148148148148 0.5979166666666667 0.512962962962963 0.5989583333333334 0.5148148148148148 0.6041666666666666 0.5203703703703704 0.6052083333333333 0.5203703703703704 0.6125 0.5240740740740741 0.6135416666666667 0.5259259259259259 0.6270833333333333 0.5499999999999999 0.6270833333333333 0.5518518518518518 0.6322916666666666 0.5703703703703704 0.6333333333333334 0.5703703703703704 0.6354166666666666 0.5703703703703704 0.6364583333333333 0.5685185185185185 0.6416666666666666 0.5611111111111111 0.6427083333333333 0.5611111111111111 0.6458333333333334 0.5666666666666667 0.646875 0.5648148148148148 0.65 0.5574074074074075 0.65 0.5555555555555556 0.6510416666666666 0.5407407407407407 0.65 0.5407407407407407 0.6489583333333334 0.5370370370370371 0.65 0.5351851851851852 0.6520833333333333 0.5351851851851852 0.6520833333333333 0.5333333333333333 0.653125 0.5185185185185185 0.653125 0.5166666666666666 0.653125 0.5055555555555555 0.6520833333333333 0.5037037037037037 0.65 0.4962962962962963 0.65 0.4944444444444444 0.6520833333333333 0.4888888888888889 0.6520833333333333 0.48703703703703705 0.6520833333333333 0.48148148148148145 0.6510416666666666 0.47962962962962963 0.6489583333333334 0.4666666666666667 0.6479166666666666 0.46481481481481485 0.6427083333333333 0.4574074074074074 0.6416666666666666 0.4574074074074074 0.6322916666666666 0.4611111111111111 0.63125 0.46296296296296297 0.628125 0.4666666666666667 0.6270833333333333 0.4666666666666667 0.6229166666666667 0.46296296296296297 0.6229166666666667 0.4611111111111111 0.6270833333333333 0.4574074074074074 0.628125 0.4555555555555556 0.6364583333333333 0.44074074074074077 0.6364583333333333 0.4388888888888889 0.6354166666666666 0.4333333333333333 0.634375 0.4314814814814815 0.628125 0.4222222222222222 0.6270833333333333 0.4222222222222222 0.6145833333333334 0.4111111111111111 0.6135416666666667 0.4111111111111111 0.5906250000000001 0.40925925925925927 0.5791666666666666 0.4148148148148148 0.578125 0.4166666666666667 0.5697916666666667 0.42407407407407405
3 0.5510416666666667 0.5333333333333333 0.5499999999999999 0.5351851851851852 0.5375 0.5574074074074075 0.5375 0.5592592592592592 0.5291666666666667 0.5944444444444444 0.5291666666666667 0.5962962962962963 0.5291666666666667 0.6333333333333334 0.5302083333333334 0.6351851851851852 0.5302083333333334 0.6425925925925926 0.53125 0.6444444444444444 0.5385416666666667 0.674074074074074 0.5395833333333333 0.6759259259259259 0.5510416666666667 0.6962962962962963 0.5520833333333334 0.6962962962962963 0.5708333333333333 0.7129629629629629 0.571875 0.7129629629629629 0.5802083333333333 0.7166666666666667 0.5812499999999999 0.7166666666666667 0.5906250000000001 0.7166666666666667 0.5916666666666667 0.7148148148148148 0.5989583333333334 0.7111111111111111 0.5989583333333334 0.7092592592592593 0.5989583333333334 0.688888888888889 0.6 0.6870370370370371 0.6010416666666666 0.6759259259259259 0.6020833333333334 0.674074074074074 0.6104166666666666 0.6481481481481481 0.6114583333333333 0.6462962962962963 0.621875 0.6296296296296297 0.6229166666666667 0.6296296296296297 0.628125 0.6240740740740741 0.628125 0.6222222222222222 0.6302083333333334 0.612962962962963 0.6302083333333334 0.6111111111111112 0.63125 0.575925925925926 0.6302083333333334 0.5740740740740741 0.6291666666666667 0.5611111111111111 0.628125 0.5592592592592592 0.625 0.5481481481481482 0.6239583333333334 0.5462962962962963 0.6125 0.5277777777777778 0.6114583333333333 0.5277777777777778 0.596875 0.5166666666666666 0.5958333333333333 0.5166666666666666 0.578125 0.5166666666666666 0.5593750000000001 0.5259259259259259 0.5583333333333333 0.5277777777777778 0.5510416666666667 0.5333333333333333
3 0.34375 0.5777777777777777 0.34375 0.5796296296296296 0.34479166666666666 0.6055555555555556 0.3458333333333333 0.6055555555555556 0.3489583333333333 0.6055555555555556 0.35 0.6037037037037037 0.353125 0.5981481481481481 0.353125 0.5962962962962963 0.35625 0.5851851851851853 0.35625 0.5833333333333334 0.3541666666666667 0.5648148148148148 0.353125 0.5629629629629629 0.3479166666666667 0.5537037037037037 0.3458333333333333 0.5574074074074075 0.3458333333333333 0.5592592592592592 0.34375 0.5777777777777777
3 0.45 0.4962962962962963 0.4510416666666667 0.4981481481481481 0.453125 0.5074074074074074 0.45416666666666666 0.5074074074074074 0.4572916666666667 0.5111111111111112 0.4583333333333333 0.5111111111111112 0.4625 0.5111111111111112 0.4635416666666667 0.5092592592592593 0.46875 0.5037037037037037 0.46875 0.5018518518518519 0.46979166666666666 0.4944444444444444 0.46875 0.49259259259259264 0.4614583333333333 0.4759259259259259 0.4604166666666667 0.4759259259259259 0.45625 0.4759259259259259 0.4510416666666667 0.48333333333333334 0.4510416666666667 0.48518518518518516 0.45 0.4962962962962963
3 0.4635416666666667 0.4666666666666667 0.4635416666666667 0.46851851851851856 0.465625 0.48518518518518516 0.4666666666666667 0.48703703703703705 0.471875 0.49074074074074076 0.4729166666666667 0.49074074074074076 0.4802083333333333 0.48518518518518516 0.48125 0.48333333333333334 0.484375 0.4759259259259259 0.484375 0.4740740740740741 0.48333333333333334 0.45925925925925926 0.4822916666666667 0.4574074074074074 0.478125 0.45185185185185184 0.4770833333333333 0.45185185185185184 0.4739583333333333 0.45185185185185184 0.4666666666666667 0.4574074074074074 0.465625 0.45925925925925926 0.4635416666666667 0.4666666666666667
3 0.4354166666666667 0.4314814814814815 0.43645833333333334 0.4333333333333333 0.4427083333333333 0.44074074074074077 0.44375 0.44074074074074077 0.4510416666666667 0.43703703703703706 0.45208333333333334 0.4351851851851852 0.4552083333333333 0.4277777777777778 0.4552083333333333 0.42592592592592593 0.4552083333333333 0.4222222222222222 0.45416666666666666 0.42037037037037034 0.4489583333333333 0.41851851851851857 0.4354166666666667 0.42592592592592593 0.4354166666666667 0.4277777777777778 0.4354166666666667 0.4314814814814815
3 0.465625 0.4148148148148148 0.4666666666666667 0.4166666666666667 0.475 0.41851851851851857 0.4760416666666667 0.4166666666666667 0.4791666666666667 0.4111111111111111 0.4791666666666667 0.40925925925925927 0.4791666666666667 0.4055555555555555 0.478125 0.4055555555555555 0.475 0.4055555555555555 0.465625 0.4111111111111111 0.465625 0.412962962962963 0.465625 0.4148148148148148
3 0.4645833333333333 0.4314814814814815 0.465625 0.4314814814814815 0.4729166666666667 0.4277777777777778 0.4729166666666667 0.42592592592592593 0.4739583333333333 0.42037037037037034 0.4729166666666667 0.42037037037037034 0.4666666666666667 0.41851851851851857 0.4625 0.42592592592592593 0.4625 0.4277777777777778 0.4645833333333333 0.4314814814814815
3 0.8541666666666666 0.5259259259259259 0.8552083333333333 0.5277777777777778 0.865625 0.5388888888888889 0.8666666666666666 0.5388888888888889 0.86875 0.5388888888888889 0.8697916666666666 0.5370370370370371 0.8739583333333334 0.5296296296296297 0.8739583333333334 0.5277777777777778 0.871875 0.5166666666666666 0.871875 0.5148148148148148 0.8729166666666667 0.5092592592592593 0.871875 0.5074074074074074 0.8635416666666667 0.5018518518518519 0.8541666666666666 0.5074074074074074 0.8541666666666666 0.5092592592592593 0.8541666666666666 0.5259259259259259
3 0.85625 0.5592592592592592 0.8572916666666667 0.5611111111111111 0.8635416666666667 0.5685185185185185 0.8645833333333334 0.5685185185185185 0.8729166666666667 0.5685185185185185 0.8739583333333334 0.5666666666666667 0.8760416666666666 0.5592592592592592 0.8760416666666666 0.5574074074074075 0.8760416666666666 0.5499999999999999 0.875 0.5481481481481482 0.8739583333333334 0.5444444444444444 0.8729166666666667 0.5444444444444444 0.8697916666666666 0.5407407407407407 0.86875 0.5407407407407407 0.8583333333333334 0.5388888888888889 0.8552083333333333 0.5481481481481482 0.8552083333333333 0.5499999999999999 0.85625 0.5592592592592592
3 0.8791666666666667 0.5259259259259259 0.8791666666666667 0.5277777777777778 0.8770833333333333 0.5333333333333333 0.8770833333333333 0.5351851851851852 0.8791666666666667 0.5462962962962963 0.8802083333333334 0.5462962962962963 0.88125 0.5481481481481482 0.8822916666666666 0.5481481481481482 0.8895833333333334 0.5462962962962963 0.890625 0.5444444444444444 0.903125 0.5277777777777778 0.903125 0.5259259259259259 0.9020833333333333 0.5185185185185185 0.9010416666666666 0.5166666666666666 0.8979166666666666 0.512962962962963 0.896875 0.512962962962963 0.8864583333333333 0.5111111111111112 0.8854166666666666 0.5185185185185185 0.884375 0.5203703703703704 0.8791666666666667 0.5259259259259259
3 0.80625 0.4944444444444444 0.80625 0.4962962962962963 0.80625 0.5018518518518519 0.8072916666666666 0.5037037037037037 0.8083333333333333 0.5055555555555555 0.809375 0.5055555555555555 0.8135416666666666 0.5055555555555555 0.8145833333333333 0.5037037037037037 0.8229166666666666 0.4888888888888889 0.821875 0.48703703703703705 0.8166666666666667 0.48333333333333334 0.809375 0.4888888888888889 0.809375 0.49074074074074076 0.80625 0.4944444444444444
1 0.8719791666666666 0.907037037037037 0.9 0.8701851851851852 0.949375 0.8362962962962962 0.9420833333333334 0.8168518518518518 0.8815624999999999 0.8603703703703703 0.8561458333333334 0.8922222222222222 0.8282291666666667 0.8185185185185185 0.80625 0.8305555555555556 0.8451041666666667 0.9938888888888889 0.8745833333333333 0.9933333333333333 0.878125 0.9948148148148148 0.8628125 0.9261111111111111 0.8719791666666666 0.907037037037037
1 0.8107291666666667 0.9301851851851851 0.8266666666666667 0.9424074074074075 0.8315625 0.950925925925926 0.8448958333333333 0.9938888888888889 0.8777083333333334 0.9937037037037036 0.8284374999999999 0.8159259259259259 0.8060416666666667 0.8340740740740741 0.8166666666666667 0.8783333333333333 0.8166666666666667 0.8992592592592593 0.8111458333333333 0.9033333333333333 0.7798958333333333 0.8998148148148148 0.7526041666666666 0.903888888888889 0.7423958333333333 0.9105555555555556 0.74375 0.9266666666666666 0.7432291666666666 0.9298148148148149 0.77 0.9222222222222222 0.8107291666666667 0.9301851851851851
1 0.744375 0.5355555555555556 0.7494791666666666 0.5603703703703704 0.7486458333333333 0.5866666666666667 0.753125 0.6025925925925926 0.7590625000000001 0.6031481481481481 0.7807291666666666 0.6172222222222222 0.775625 0.587037037037037 0.7797916666666667 0.577962962962963 0.7899999999999999 0.5331481481481481 0.8136458333333333 0.48074074074074075 0.8461458333333334 0.4172222222222222 0.8334375 0.3996296296296296 0.8026041666666667 0.44685185185185183 0.7727083333333333 0.5320370370370371 0.7665624999999999 0.5427777777777778 0.7529166666666667 0.5112962962962962 0.7508333333333334 0.5112962962962962 0.7366666666666667 0.5155555555555555 0.744375 0.5355555555555556