2 0.711182875 1 0.6376772708333334 0.9715223587962962 0.5445645925925926 0.9416137361111111 0.4707558032407408 0.9279485763888888 0.4708922453703704 0.9273066666666666 0.3571297824074074 0.8930087962962964 0.1921404189814815 0.8572683148148149 0.17787396296296296 0.8454714444444446 0.15614642592592595 0.8462417013888889 0.1510588263888889 0.8532538287037037 0.1088931388888889 0.8429387638888889 0.0919147337962963 0.8325888333333333 0.08531977546296296 0.8466925300925925 0.11004756481481481 0.8600421134259258 0.15716440972222223 0.8639869606481482 0.2192139699074074 0.8765050925925926 0.2483449837962963 0.8860622847222223 0.27305735416666665 0.8825612685185185 0.2770191990740741 0.8921571759259259 0.41232961805555557 0.9209182939814815 0.47076905555555554 0.9448093634259259 0.599396074074074 0.9768675555555555 0.6502951643518519 1 0.711182875 1
2 1 0.4881296666666667 0.9950369722222222 0.4912856273148148 0.8741282407407408 0.518843238425926 0.6656420300925926 0.5298197129629629 0.46503541898148143 0.5094260185185185 0.3403702476851852 0.4869637337962963 0.3036262939814815 0.47376497916666666 0.2809190509259259 0.4790553171296296 0.09800727314814815 0.45432924768518523 0.0009182847222222222 0.4431276967592592 0 0.45089286111111115 0 0.48143303935185183 0.028459719907407408 0.48269775000000004 0.07007963888888889 0.4955804537037037 0.12326853240740741 0.4934039837962963 0.3020089976851852 0.5152200347222222 0.48747817129629634 0.539137224537037 0.605280361111111 0.560130087962963 0.662915613425926 0.5595696342592592 0.7297025347222222 0.5724238101851852 0.8752959189814815 0.5528073773148148 0.9413399074074074 0.5466222847222222 0.9995732592592593 0.5320252824074074 1 0.5135749791666667 1 0.4881296666666667
2 0.5119320763888888 0.22680246296296294 0.4575253402777778 0.20647351388888888 0.33796223148148147 0.14869612037037036 0.1954515787037037 0.06919375694444445 0.1582098564814815 0.04711410648148148 0.1457822013888889 0.04920085185185185 0.13810800694444444 0.040147032407407406 0.09343747222222222 0.024336935185185184 0.0921357037037037 0.04195119675925926 0.10910837500000001 0.04555884953703703 0.1781566412037037 0.07743426157407407 0.2321371712962963 0.11401941666666666 0.2755078472222222 0.1314914097222222 0.372279412037037 0.18542535185185186 0.4135234814814815 0.20141233101851852 0.48886138888888886 0.23531685648148148 0.5072127083333333 0.24677861111111113 0.5070719351851852 0.24744089814814815 0.5417243935185185 0.2771595578703704 0.5475338611111111 0.2900874189814815 0.5626780208333334 0.29365783796296296 0.5892745069444444 0.31237788657407406 0.600334224537037 0.32367418287037036 0.6185953611111111 0.33271000694444447 0.6383138796296296 0.3434400277777778 0.6680944814814814 0.36730962037037035 0.6679537083333332 0.3679719097222222 0.7107775532407408 0.41972516898148143 0.8027425462962964 0.4991224560185185 0.8162633171296295 0.49305090277777774 0.8260845509259259 0.49111300462962965 0.739308412037037 0.4200815231481482 0.6945135185185185 0.3714555462962963 0.6740182916666667 0.3664282407407407 0.6744297847222221 0.36449232407407406 0.6900240185185185 0.3644311273148148 0.6484410115740741 0.3232289166666667 0.6485774537037037 0.3225870069444444 0.5820501643518519 0.29158822453703703 0.5434221041666667 0.2591076365740741 0.5119320763888888 0.22680246296296294
2 0.13800600462962964 0.30551858101851853 0.08591922916666667 0.2885261388888889 0.07464377777777777 0.2920505231481481 0.12896269212962963 0.31020963194444445 0.14778494907407408 0.31491328472222224 0.1534388449074074 0.3202896157407408 0.18187758101851853 0.3263344537037037 0.22211790277777776 0.3408088541666667 0.28618543055555556 0.3655660810185185 0.3096574537037037 0.37751990972222227 0.32739463888888887 0.37851057407407407 0.32728419444444445 0.3819694467592592 0.35232777546296296 0.3893799027777778 0.37596359722222217 0.39753477083333333 0.4596870810185185 0.44632044675925925 0.5138154421296296 0.47419388194444445 0.5529859050925926 0.4995801296296296 0.5692316458333333 0.49885871296296297 0.537265775462963 0.47743190740740743 0.5293190763888889 0.4652957407407407 0.5163074398148149 0.4653201689814815 0.45294453472222224 0.42851917361111114 0.41802394444444446 0.4064749722222222 0.34416883101851853 0.3782422638888889 0.3089521550925926 0.36623074074074075 0.2461516111111111 0.34139138888888887 0.2272131712962963 0.3314448449074074 0.13800600462962964 0.30551858101851853
3 0.0759996851851852 0.8113576226851852 0.07802764583333334 0.8107237407407408 0.09295187037037038 0.8117661064814814 0.09497982870370371 0.8111322245370371 0.11055377777777776 0.8091178773148149 0.11077035185185186 0.8080989745370369 0.12315468287037037 0.8032767777777777 0.12337125694444444 0.802257875 0.13321569212962964 0.7915711157407408 0.13162088194444446 0.7901671898148147 0.1301638587962963 0.7792081087962963 0.1285690486111111 0.7778041851851852 0.11964991435185185 0.7663239212962963 0.11783853009259258 0.7659388981481482 0.1060251388888889 0.7591681319444444 0.10421375231481482 0.7587831111111112 0.08428852546296296 0.7545478726851852 0.08226056481481481 0.7551817546296297 0.07682641203703705 0.7540266898148148 0.07479845370370371 0.7546605717592593 0.0671197662037037 0.7551582916666667 0.06509180555555555 0.755792175925926 0.052924050925925926 0.7595954675925926 0.05270747685185185 0.7606143703703703 0.04416249074074074 0.7651877083333333 0.04394591666666666 0.7662066111111111 0.04018536111111111 0.7749917222222222 0.04729311111111111 0.7860869652777778 0.04707653472222222 0.7871058680555556 0.04512736342592593 0.7962760023148149 0.04672217361111111 0.7976799282407407 0.048100407407407404 0.8001027569444444 0.04969521759259259 0.8015066828703703 0.05991380092592592 0.8068735231481482 0.06172518518518518 0.8072585462962962 0.0759996851851852 0.8113576226851852
3 0 0.8551488356481483 0.012503016203703705 0.860692337962963 0.014314400462962963 0.8610773587962962 0.036051013888888886 0.8656976180555556 0.03807897222222222 0.8650637361111111 0.047569043981481485 0.864951037037037 0.049597002314814814 0.8643171550925927 0.06784863657407408 0.8586122175925927 0.06806521064814815 0.8575933124999999 0.08174898842592591 0.8466576944444445 0.0819655625 0.8456387893518519 0.08659241666666667 0.8327780625000001 0.0849976087962963 0.831374136574074 0.08267428703703704 0.8244906712962964 0.08107947685185185 0.8230867453703703 0.07194376851851852 0.8126253865740741 0.07013238425925926 0.8122403657407408 0.05810241666666666 0.8064885023148148 0.05629103240740741 0.8061034814814815 0.0472341087962963 0.8041783726851852 0.04520615046296297 0.8048122546296297 0.01789759722222222 0.8085920856481481 0.01768102083333333 0.8096109884259258 0.006241777777777778 0.8188938217592593 0.0042138194444444445 0.8195277037037038 0 0.8216030254629629 0 0.8551488356481483
3 0 0.791804986111111 0.002382648148148148 0.7925150231481481 0.0044106064814814815 0.7918811412037037 0.016361787037037036 0.7890967523148148 0.01657836111111111 0.7880778495370371 0.03120722453703704 0.7816028657407408 0.031423798611111116 0.780583962962963 0.03496778240740741 0.7728177546296296 0.03337297222222222 0.7714138287037037 0.022642453703703703 0.7595485439814815 0.020831069444444444 0.7591635208333334 0.004961756944444445 0.7536605185185186 0.002933798611111111 0.7542944027777778 0 0.7542237083333333 0 0.791804986111111
3 0.3284498425925926 0.39857466203703706 0.3286664166666667 0.3975557592592593 0.3322103981481482 0.38978955092592593 0.3306155879629629 0.388385625 0.32264153935185186 0.3813659976851852 0.32083015509259255 0.3809809768518519 0.3047442708333334 0.3764968773148148 0.3027163101851852 0.37713075925925926 0.2941713240740741 0.38170409722222226 0.29395475 0.382723 0.29041076851851855 0.39048920833333334 0.29454547453703706 0.39775769675925926 0.2963568587962963 0.3981427175925926 0.3013578611111111 0.40133559027777777 0.30316924768518516 0.4017206111111111 0.31222616898148153 0.40364571990740744 0.3142541273148148 0.40301183796296297 0.32396077314814814 0.4018802337962963 0.32417734953703703 0.40086133101851856 0.3284498425925926 0.39857466203703706
1 0.247552875 0.12717875231481482 0.25137646296296295 0.12522264120370372 0.2883245 0.13974880092592593 0.3004137523148148 0.12520944675925924 0.2616658449074074 0.10887979398148148 0.2212975162037037 0.08592257638888888 0.20790316435185185 0.09638724537037037 0.2328235324074074 0.11542193518518519 0.23425296064814813 0.1184946087962963 0.22701137962962964 0.12228005324074075 0.19095108796296298 0.1253710763888889 0.17462106944444444 0.12381691435185184 0.17484358101851852 0.13078630787037038 0.18802927083333335 0.13199160648148148 0.247552875 0.12717875231481482
1 0.14976646296296295 0.3200201967592593 0.17008350462962962 0.32508417361111114 0.1702134490740741 0.3244728310185185 0.17064854166666665 0.31530035185185185 0.11667910648148148 0.2975456574074074 0.10990416898148148 0.3053705625 0.13019365277777778 0.31234557175925926 0.13221179166666666 0.3179927361111111 0.09352306481481482 0.3325588703703704 0.09641537962962962 0.3349840439814815 0.14976646296296295 0.3200201967592593
1 0.06594094212962963 0.9041055578703704 0.10627358564814815 0.859538113425926 0.15463359259259257 0.8644926597222222 0.15293833796296297 0.8546543726851852 0.14273353472222222 0.8483320162037037 0.10643889583333334 0.8382744884259259 0.08867746990740741 0.8309848842592593 0.0846826388888889 0.8462163217592592 0.09412155324074074 0.8552512175925926 0.05696079398148148 0.8982564953703703 0.06594094212962963 0.9041055578703704