3 0.5989583333333334 0.5648148148148148 0.5989583333333334 0.5666666666666667 0.596875 0.5740740740740741 0.596875 0.575925925925926 0.596875 0.6018518518518519 0.5979166666666667 0.6037037037037037 0.6 0.612962962962963 0.6010416666666666 0.6148148148148148 0.6083333333333334 0.6296296296296297 0.609375 0.6296296296296297 0.615625 0.6351851851851852 0.6166666666666666 0.6351851851851852 0.628125 0.6351851851851852 0.6291666666666667 0.6333333333333334 0.6354166666666666 0.6296296296296297 0.6364583333333333 0.6277777777777778 0.64375 0.6111111111111112 0.64375 0.6092592592592593 0.6458333333333334 0.5981481481481481 0.6458333333333334 0.5962962962962963 0.6458333333333334 0.5814814814814815 0.6447916666666667 0.5796296296296296 0.64375 0.5648148148148148 0.6427083333333333 0.5629629629629629 0.6354166666666666 0.5444444444444444 0.634375 0.5444444444444444 0.6291666666666667 0.5370370370370371 0.628125 0.5370370370370371 0.6197916666666666 0.5370370370370371 0.6083333333333334 0.5462962962962963 0.6072916666666667 0.5481481481481482 0.5989583333333334 0.5648148148148148
3 0.628125 0.637037037037037 0.6270833333333333 0.637037037037037 0.615625 0.637037037037037 0.6145833333333334 0.6351851851851852 0.6052083333333333 0.6296296296296297 0.6041666666666666 0.6314814814814815 0.6052083333333333 0.6481481481481481 0.60625 0.65 0.6145833333333334 0.6685185185185185 0.615625 0.6685185185185185 0.625 0.6759259259259259 0.6260416666666666 0.6759259259259259 0.6322916666666666 0.6759259259259259 0.6333333333333334 0.674074074074074 0.6447916666666667 0.6666666666666666 0.6458333333333334 0.6648148148148147 0.6520833333333333 0.6537037037037037 0.6520833333333333 0.6518518518518519 0.6552083333333334 0.6388888888888888 0.6552083333333334 0.637037037037037 0.653125 0.6166666666666666 0.6520833333333333 0.6148148148148148 0.65 0.6092592592592593 0.6489583333333334 0.6092592592592593 0.646875 0.6074074074074074 0.6354166666666666 0.6314814814814815 0.634375 0.6314814814814815 0.628125 0.637037037037037
3 0.6614583333333334 0.5907407407407407 0.659375 0.5814814814814815 0.6604166666666667 0.5611111111111111 0.66875 0.5462962962962963 0.6677083333333333 0.5444444444444444 0.6614583333333334 0.5444444444444444 0.6604166666666667 0.5425925925925926 0.6552083333333334 0.5351851851851852 0.6489583333333334 0.5351851851851852 0.6458333333333334 0.5444444444444444 0.6427083333333333 0.5444444444444444 0.6427083333333333 0.5462962962962963 0.6416666666666666 0.5481481481481482 0.6416666666666666 0.5499999999999999 0.6458333333333334 0.5611111111111111 0.6479166666666666 0.6074074074074074 0.65625 0.6222222222222222 0.6572916666666666 0.6222222222222222 0.6625 0.6259259259259259 0.671875 0.6259259259259259 0.671875 0.6240740740740741 0.6708333333333334 0.6111111111111112 0.6614583333333334 0.5925925925925926 0.6614583333333334 0.5907407407407407
3 0.653125 0.48333333333333334 0.6541666666666667 0.48518518518518516 0.6708333333333334 0.4962962962962963 0.671875 0.4962962962962963 0.6895833333333333 0.5037037037037037 0.690625 0.5018518518518519 0.690625 0.48333333333333334 0.6895833333333333 0.48148148148148145 0.6802083333333334 0.45925925925925926 0.6791666666666666 0.45925925925925926 0.6697916666666667 0.45185185185185184 0.66875 0.45185185185185184 0.6625 0.45185185185185184 0.653125 0.4574074074074074 0.653125 0.45925925925925926 0.653125 0.48333333333333334
3 0.5927083333333334 0.5296296296296297 0.59375 0.5314814814814814 0.596875 0.5444444444444444 0.5979166666666667 0.5462962962962963 0.6010416666666666 0.5518518518518518 0.6020833333333334 0.5518518518518518 0.6041666666666666 0.5518518518518518 0.6052083333333333 0.5499999999999999 0.6135416666666667 0.5388888888888889 0.6145833333333334 0.5388888888888889 0.6197916666666666 0.5351851851851852 0.6208333333333333 0.5333333333333333 0.6239583333333334 0.5240740740740741 0.6239583333333334 0.5222222222222223 0.621875 0.5185185185185185 0.6208333333333333 0.5185185185185185 0.6145833333333334 0.5148148148148148 0.6135416666666667 0.5148148148148148 0.5947916666666666 0.5074074074074074 0.5916666666666667 0.5148148148148148 0.5916666666666667 0.5166666666666666 0.5927083333333334 0.5296296296296297
3 0.7489583333333334 0.6388888888888888 0.75 0.6407407407407407 0.7666666666666666 0.7 0.7677083333333333 0.7 0.78125 0.6944444444444444 0.7822916666666666 0.6925925925925925 0.7854166666666667 0.688888888888889 0.7854166666666667 0.6870370370370371 0.7895833333333334 0.6759259259259259 0.7885416666666666 0.674074074074074 0.7864583333333334 0.6629629629629629 0.7854166666666667 0.6611111111111112 0.7822916666666666 0.6537037037037037 0.78125 0.6537037037037037 0.7739583333333334 0.6537037037037037 0.7729166666666666 0.6518518518518519 0.76875 0.6481481481481481 0.7677083333333333 0.6462962962962963 0.765625 0.6388888888888888 0.7666666666666666 0.637037037037037 0.7729166666666666 0.6296296296296297 0.771875 0.6277777777777778 0.7635416666666667 0.6259259259259259 0.7510416666666666 0.6314814814814815 0.75 0.6333333333333334 0.7489583333333334 0.6388888888888888
3 0.709375 0.7703703703703704 0.7104166666666666 0.7703703703703704 0.7166666666666667 0.774074074074074 0.7177083333333334 0.7722222222222223 0.7239583333333334 0.7722222222222223 0.725 0.7703703703703704 0.7270833333333334 0.7666666666666666 0.7270833333333334 0.7648148148148147 0.7104166666666666 0.7629629629629631 0.709375 0.7611111111111112 0.7052083333333333 0.7555555555555555 0.7052083333333333 0.7537037037037038 0.7020833333333334 0.7462962962962962 0.7010416666666667 0.7462962962962962 0.6989583333333333 0.7462962962962962 0.6979166666666666 0.7537037037037038 0.6989583333333333 0.7555555555555555 0.709375 0.7703703703703704
3 0.953125 0.7407407407407407 0.953125 0.7425925925925926 0.9541666666666666 0.7574074074074074 0.9552083333333333 0.7592592592592593 0.9604166666666666 0.7759259259259259 0.9614583333333334 0.7759259259259259 0.9739583333333334 0.7796296296296297 0.975 0.7777777777777778 0.9770833333333334 0.7592592592592593 0.978125 0.7574074074074074 0.984375 0.7425925925925926 0.984375 0.7407407407407407 0.9854166666666666 0.7333333333333334 0.984375 0.7314814814814815 0.9697916666666666 0.7222222222222222 0.96875 0.7222222222222222 0.959375 0.7203703703703703 0.9552083333333333 0.7277777777777777 0.9552083333333333 0.7296296296296296 0.953125 0.7407407407407407
3 0.9791666666666666 0.7537037037037038 0.9791666666666666 0.7555555555555555 0.9760416666666666 0.7685185185185185 0.9760416666666666 0.7703703703703704 0.9760416666666666 0.7814814814814816 0.9770833333333334 0.7833333333333333 0.978125 0.7888888888888889 0.9791666666666666 0.7907407407407407 0.9854166666666666 0.8018518518518518 0.9864583333333333 0.8018518518518518 0.99375 0.8092592592592593 0.9947916666666666 0.8074074074074075 0.9958333333333333 0.7388888888888888 0.9947916666666666 0.7370370370370369 0.9927083333333334 0.7351851851851853 0.9885416666666667 0.7370370370370369 0.9875 0.7388888888888888 0.9791666666666666 0.7537037037037038
3 0.2125 0.5851851851851853 0.21145833333333333 0.587037037037037 0.20520833333333335 0.6 0.20520833333333335 0.6018518518518519 0.20625 0.6203703703703703 0.20729166666666665 0.6203703703703703 0.209375 0.6203703703703703 0.21041666666666667 0.6185185185185185 0.21354166666666666 0.6111111111111112 0.21458333333333335 0.6111111111111112 0.215625 0.6111111111111112 0.21666666666666665 0.612962962962963 0.22708333333333333 0.6407407407407407 0.228125 0.6407407407407407 0.23020833333333335 0.637037037037037 0.23020833333333335 0.6351851851851852 0.23229166666666665 0.6074074074074074 0.23333333333333334 0.6055555555555556 0.23645833333333335 0.5888888888888889 0.2375 0.587037037037037 0.24895833333333334 0.5722222222222222 0.25 0.5722222222222222 0.2572916666666667 0.5703703703703704 0.2572916666666667 0.5685185185185185 0.24791666666666665 0.5499999999999999 0.246875 0.5499999999999999 0.24166666666666667 0.5444444444444444 0.24166666666666667 0.5425925925925926 0.23541666666666666 0.5259259259259259 0.234375 0.5259259259259259 0.23020833333333335 0.5240740740740741 0.21354166666666666 0.5740740740740741 0.21354166666666666 0.575925925925926 0.2125 0.5851851851851853
3 0.2572916666666667 0.30185185185185187 0.25625000000000003 0.30185185185185187 0.23854166666666665 0.30185185185185187 0.2375 0.3 0.22291666666666665 0.29814814814814816 0.221875 0.3 0.20625 0.31296296296296294 0.20520833333333335 0.3148148148148148 0.19791666666666666 0.3277777777777778 0.19791666666666666 0.32962962962962966 0.19166666666666665 0.3444444444444445 0.19166666666666665 0.34629629629629627 0.18958333333333335 0.35185185185185186 0.18958333333333335 0.35370370370370374 0.18854166666666666 0.37222222222222223 0.18958333333333335 0.37407407407407406 0.18958333333333335 0.387037037037037 0.190625 0.3888888888888889 0.19375 0.4055555555555555 0.19479166666666667 0.4074074074074074 0.20416666666666666 0.4314814814814815 0.20520833333333335 0.4314814814814815 0.228125 0.46296296296296297 0.22916666666666666 0.46296296296296297 0.24166666666666667 0.4722222222222222 0.24270833333333333 0.4722222222222222 0.26145833333333335 0.4722222222222222 0.2625 0.4703703703703703 0.26875 0.46851851851851856 0.26979166666666665 0.4666666666666667 0.296875 0.4425925925925926 0.29791666666666666 0.44074074074074077 0.30625 0.42407407407407405 0.30625 0.4222222222222222 0.3104166666666667 0.40925925925925927 0.3104166666666667 0.4074074074074074 0.3125 0.39444444444444443 0.3125 0.3925925925925926 0.3125 0.362962962962963 0.31145833333333334 0.3611111111111111 0.3083333333333333 0.337037037037037 0.3072916666666667 0.3351851851851852 0.3020833333333333 0.3148148148148148 0.3010416666666667 0.31296296296296294 0.29375 0.29814814814814816 0.29270833333333335 0.29814814814814816 0.2895833333333333 0.2962962962962963 0.2885416666666667 0.29444444444444445 0.2833333333333333 0.2851851851851852 0.28229166666666666 0.2851851851851852 0.2791666666666667 0.2851851851851852 0.2677083333333333 0.2962962962962963 0.26666666666666666 0.2962962962962963 0.2572916666666667 0.30185185185185187
3 0.165625 0.34814814814814815 0.16458333333333333 0.34814814814814815 0.13541666666666666 0.34814814814814815 0.134375 0.34629629629629627 0.12604166666666666 0.3444444444444445 0.125 0.34629629629629627 0.12395833333333332 0.34814814814814815 0.12395833333333332 0.35 0.12812500000000002 0.38148148148148153 0.12812500000000002 0.3833333333333333 0.12812500000000002 0.40925925925925927 0.12708333333333333 0.4111111111111111 0.125 0.42592592592592593 0.12604166666666666 0.4277777777777778 0.12604166666666666 0.42962962962962964 0.12708333333333333 0.4314814814814815 0.13541666666666666 0.45 0.13645833333333335 0.45 0.159375 0.4759259259259259 0.16041666666666665 0.4759259259259259 0.17604166666666665 0.48333333333333334 0.17708333333333334 0.48333333333333334 0.18854166666666666 0.48148148148148145 0.18958333333333335 0.47962962962962963 0.20520833333333335 0.4703703703703703 0.20625 0.46851851851851856 0.215625 0.4555555555555556 0.215625 0.4537037037037037 0.21041666666666667 0.44074074074074077 0.209375 0.44074074074074077 0.19791666666666666 0.4222222222222222 0.19791666666666666 0.42037037037037034 0.19166666666666665 0.4055555555555555 0.19166666666666665 0.40370370370370373 0.18854166666666666 0.3925925925925926 0.18854166666666666 0.3907407407407408 0.1875 0.3574074074074074 0.18854166666666666 0.35555555555555557 0.19166666666666665 0.337037037037037 0.19270833333333334 0.3351851851851852 0.19479166666666667 0.32962962962962966 0.19375 0.3277777777777778 0.19166666666666665 0.32592592592592595 0.17395833333333335 0.3444444444444445 0.17291666666666666 0.3444444444444445 0.165625 0.34814814814814815
3 0.11979166666666667 0.29814814814814816 0.11875 0.29814814814814816 0.109375 0.3074074074074074 0.10833333333333332 0.30925925925925923 0.10416666666666667 0.3166666666666667 0.10416666666666667 0.3185185185185185 0.10416666666666667 0.32037037037037036 0.10520833333333333 0.3222222222222222 0.11875 0.337037037037037 0.11979166666666667 0.337037037037037 0.12916666666666665 0.3425925925925926 0.13020833333333334 0.3425925925925926 0.14375000000000002 0.34629629629629627 0.14479166666666665 0.34629629629629627 0.16458333333333333 0.34629629629629627 0.165625 0.3444444444444445 0.171875 0.3425925925925926 0.17291666666666666 0.34074074074074073 0.18333333333333335 0.3333333333333333 0.184375 0.33148148148148143 0.196875 0.3111111111111111 0.196875 0.30925925925925923 0.2 0.30185185185185187 0.2 0.3 0.203125 0.2796296296296296 0.20208333333333334 0.2777777777777778 0.1875 0.2555555555555556 0.18645833333333334 0.2537037037037037 0.17708333333333334 0.23518518518518516 0.15729166666666666 0.25 0.15625 0.2518518518518518 0.11979166666666667 0.29814814814814816
3 0.24270833333333333 0.14074074074074072 0.24166666666666667 0.1425925925925926 0.22916666666666666 0.1796296296296296 0.228125 0.1814814814814815 0.22395833333333334 0.18888888888888888 0.22291666666666665 0.18703703703703703 0.215625 0.1796296296296296 0.21458333333333335 0.1796296296296296 0.21041666666666667 0.1796296296296296 0.209375 0.1814814814814815 0.20520833333333335 0.18888888888888888 0.20416666666666666 0.18888888888888888 0.19895833333333335 0.19074074074074077 0.19791666666666666 0.1925925925925926 0.18125 0.23333333333333334 0.18229166666666666 0.23518518518518516 0.18854166666666666 0.2518518518518518 0.18958333333333335 0.2537037037037037 0.20520833333333335 0.2777777777777778 0.20625 0.2777777777777778 0.22291666666666665 0.2925925925925926 0.22395833333333334 0.2925925925925926 0.25104166666666666 0.3 0.2520833333333333 0.29814814814814816 0.25937499999999997 0.29814814814814816 0.2604166666666667 0.2962962962962963 0.26875 0.2925925925925926 0.26979166666666665 0.29074074074074074 0.2791666666666667 0.28148148148148144 0.28020833333333334 0.28148148148148144 0.28750000000000003 0.2777777777777778 0.2885416666666667 0.2759259259259259 0.29791666666666666 0.2611111111111111 0.29791666666666666 0.25925925925925924 0.3010416666666667 0.2518518518518518 0.3010416666666667 0.25 0.3072916666666667 0.22037037037037038 0.3072916666666667 0.21851851851851853 0.3083333333333333 0.17777777777777778 0.3072916666666667 0.17592592592592593 0.303125 0.14814814814814814 0.3020833333333333 0.1462962962962963 0.296875 0.1388888888888889 0.29583333333333334 0.1388888888888889 0.29062499999999997 0.13703703703703704 0.2895833333333333 0.1388888888888889 0.2864583333333333 0.1425925925925926 0.28541666666666665 0.1425925925925926 0.27499999999999997 0.1425925925925926 0.2739583333333333 0.14074074074074072 0.265625 0.1388888888888889 0.26458333333333334 0.13703703703703704 0.2604166666666667 0.13518518518518519 0.25937499999999997 0.13333333333333333 0.246875 0.11666666666666667 0.24479166666666666 0.12222222222222222 0.24479166666666666 0.12407407407407407 0.24270833333333333 0.14074074074074072
3 0.29062499999999997 0.011111111111111112 0.29062499999999997 0.012962962962962963 0.2885416666666667 0.027777777777777776 0.2885416666666667 0.02962962962962963 0.2885416666666667 0.07777777777777778 0.2895833333333333 0.07962962962962962 0.29062499999999997 0.11851851851851852 0.2916666666666667 0.12037037037037036 0.2916666666666667 0.12407407407407407 0.29270833333333335 0.1259259259259259 0.296875 0.13518518518518519 0.29791666666666666 0.13518518518518519 0.3208333333333333 0.15925925925925924 0.321875 0.15925925925925924 0.340625 0.16666666666666666 0.3416666666666667 0.16666666666666666 0.3552083333333333 0.16481481481481483 0.35625 0.16296296296296298 0.3677083333333333 0.1574074074074074 0.36875 0.15555555555555556 0.3802083333333333 0.14444444444444443 0.38125 0.1425925925925926 0.39166666666666666 0.1111111111111111 0.39166666666666666 0.10925925925925926 0.3979166666666667 0.07407407407407407 0.3979166666666667 0.07222222222222222 0.3927083333333333 0.03888888888888889 0.3927083333333333 0.037037037037037035 0.3927083333333333 0.011111111111111112 0.39166666666666666 0.009259259259259259 0.3385416666666667 0.005555555555555556 0.29270833333333335 0.007407407407407408 0.2916666666666667 0.009259259259259259 0.29062499999999997 0.011111111111111112
3 0.02291666666666667 0.3 0.021875 0.30185185185185187 0.01875 0.3074074074074074 0.01875 0.30925925925925923 0.017708333333333333 0.32037037037037036 0.01875 0.3222222222222222 0.02291666666666667 0.3425925925925926 0.02291666666666667 0.3444444444444445 0.02291666666666667 0.35185185185185186 0.021875 0.35370370370370374 0.017708333333333333 0.3925925925925926 0.016666666666666666 0.39444444444444443 0.011458333333333334 0.40370370370370373 0.010416666666666666 0.40370370370370373 0.00625 0.4074074074074074 0.005208333333333333 0.40925925925925927 0.003125 0.4166666666666667 0.003125 0.41851851851851857 0.003125 0.45925925925925926 0.004166666666666667 0.4611111111111111 0.01875 0.48148148148148145 0.01979166666666667 0.48148148148148145 0.029166666666666667 0.49074074074074076 0.030208333333333334 0.49074074074074076 0.04895833333333333 0.49074074074074076 0.05 0.49259259259259264 0.065625 0.4981481481481481 0.06666666666666667 0.4981481481481481 0.08125 0.4962962962962963 0.08229166666666667 0.4944444444444444 0.0875 0.49259259259259264 0.08854166666666667 0.49074074074074076 0.09895833333333333 0.48148148148148145 0.1 0.47962962962962963 0.11979166666666667 0.44074074074074077 0.11979166666666667 0.4388888888888889 0.12395833333333332 0.42592592592592593 0.12395833333333332 0.42407407407407405 0.12604166666666666 0.4074074074074074 0.12604166666666666 0.4055555555555555 0.12395833333333332 0.3648148148148148 0.12291666666666667 0.362962962962963 0.121875 0.35370370370370374 0.12083333333333333 0.35185185185185186 0.11666666666666667 0.34074074074074073 0.115625 0.34074074074074073 0.11041666666666668 0.33148148148148143 0.109375 0.33148148148148143 0.103125 0.32592592592592595 0.10208333333333333 0.32592592592592595 0.09375 0.32962962962962966 0.09270833333333332 0.33148148148148143 0.078125 0.35370370370370374 0.07708333333333332 0.35370370370370374 0.07291666666666667 0.35185185185185186 0.07187500000000001 0.35 0.06666666666666667 0.337037037037037 0.06666666666666667 0.3351851851851852 0.06145833333333334 0.28703703703703703 0.06041666666666667 0.2851851851851852 0.051041666666666666 0.28148148148148144 0.03854166666666666 0.2851851851851852 0.0375 0.28703703703703703 0.02291666666666667 0.3
3 0.003125 0.5222222222222223 0.003125 0.5240740740740741 0.0020833333333333333 0.6814814814814815 0.003125 0.6833333333333333 0.004166666666666667 0.7055555555555556 0.005208333333333333 0.7055555555555556 0.01875 0.7055555555555556 0.01979166666666667 0.7037037037037037 0.03958333333333334 0.7 0.040625 0.6981481481481482 0.07708333333333332 0.6666666666666666 0.078125 0.6648148148148147 0.090625 0.6481481481481481 0.090625 0.6462962962962963 0.09791666666666667 0.6277777777777778 0.09791666666666667 0.6259259259259259 0.1 0.6166666666666666 0.1 0.6148148148148148 0.10104166666666667 0.5851851851851853 0.1 0.5833333333333334 0.096875 0.5574074074074075 0.09583333333333333 0.5555555555555556 0.09166666666666667 0.5407407407407407 0.090625 0.5388888888888889 0.08229166666666667 0.5203703703703704 0.08125 0.5203703703703704 0.07395833333333333 0.5074074074074074 0.07291666666666667 0.5074074074074074 0.06354166666666666 0.5 0.0625 0.5 0.04895833333333333 0.4944444444444444 0.04791666666666666 0.4944444444444444 0.029166666666666667 0.4944444444444444 0.013541666666666665 0.5037037037037037 0.0125 0.5055555555555555 0.003125 0.5222222222222223
3 0.003125 0.7092592592592593 0.003125 0.7111111111111111 0.003125 0.7925925925925925 0.004166666666666667 0.7925925925925925 0.007291666666666667 0.7925925925925925 0.008333333333333333 0.7907407407407407 0.014583333333333334 0.7851851851851852 0.015625 0.7833333333333333 0.02708333333333333 0.7648148148148147 0.02708333333333333 0.7629629629629631 0.034374999999999996 0.7462962962962962 0.034374999999999996 0.7444444444444445 0.03854166666666666 0.7277777777777777 0.03854166666666666 0.725925925925926 0.040625 0.7092592592592593 0.03958333333333334 0.7074074074074075 0.0375 0.7037037037037037 0.036458333333333336 0.7037037037037037 0.034374999999999996 0.7037037037037037 0.015625 0.7092592592592593 0.014583333333333334 0.7092592592592593 0.003125 0.7092592592592593
3 0.29270833333333335 0.6166666666666666 0.29375 0.6185185185185185 0.3010416666666667 0.6222222222222222 0.3020833333333333 0.6203703703703703 0.3052083333333333 0.612962962962963 0.3052083333333333 0.6111111111111112 0.3041666666666667 0.5888888888888889 0.303125 0.587037037037037 0.3010416666666667 0.5740740740740741 0.3 0.5722222222222222 0.2947916666666667 0.5629629629629629 0.29375 0.5629629629629629 0.2916666666666667 0.5629629629629629 0.29375 0.5962962962962963 0.29375 0.5981481481481481 0.29270833333333335 0.6166666666666666
2 0.8192437499999999 0.6281635185185186 0.7883882291666666 0.6163668518518519 0.7880564583333333 0.6140075925925926 0.7814208333333333 0.5969024074074073 0.7800937499999999 0.595132962962963 0.7651636458333334 0.5638718518518518 0.7246864583333333 0.528482037037037 0.5697451041666667 0.44236666666666663 0.4290703125 0.3592003703703704 0.4284067708333333 0.35861055555555554 0.4284067708333333 0.3574309259259259 0.30365749999999997 0.25362055555555557 0.29038625 0.2813425925925926 0.37897156249999997 0.3592003703703704 0.49343572916666667 0.45003444444444446 0.5359035416666666 0.47126833333333334 0.5491747916666666 0.49014296296296295 0.5491747916666666 0.4919124074074074 0.5498383333333333 0.4936818518518518 0.5524925 0.49840055555555557 0.563773125 0.5113768518518519 0.5770442708333333 0.5031192592592593 0.5889883333333333 0.504298888888889 0.5949604166666667 0.5078379629629629 0.5979464583333333 0.5084277777777778 0.7157283333333333 0.5715396296296297 0.7847386458333333 0.6240346296296296 0.7857339583333334 0.6263938888888889 0.7877246874999999 0.6269838888888889 0.8603844791666667 0.6741703703703704 0.8623752083333334 0.6741703703703704 0.9960826041666666 0.7325637037037036 0.996414375 0.730794074074074 0.996414375 0.6883262962962964 0.9944236458333334 0.693045 0.8560713541666667 0.625804074074074 0.8335103125000001 0.6169566666666667 0.8209027083333333 0.6281635185185186 0.8192437499999999 0.6281635185185186
2 0.5750536458333333 0.18637981481481483 0.5743900000000001 0.18637981481481483 0.5053016666666666 0.07148185185185185 0.504963125 0.0696761111111111 0.5037782291666667 0.0672687037037037 0.5036089583333333 0.06636592592592593 0.4770327083333333 0.004674444444444444 0.3978116666666666 0.007081851851851851 0.4682303125 0.09375092592592592 0.46839958333333337 0.0946537037037037 0.5582848958333334 0.2388012962962963 0.5582848958333334 0.240005 0.5757203125 0.29928907407407407 0.5828298958333333 0.3107246296296296 0.5950177083333332 0.3170442592592593 0.5956947916666666 0.31794703703703703 0.6048357291666667 0.3248685185185185 0.606020625 0.3272759259259259 0.60703625 0.32998444444444447 0.6075441666666666 0.33028537037037037 0.7370215625 0.47677018518518516 0.7654597916666667 0.5222112962962963 0.7649519791666667 0.5465868518518519 0.7654597916666667 0.5471887037037038 0.7666447916666667 0.5471887037037038 0.7766319791666667 0.5541101851851852 0.7791711458333334 0.5559159259259259 0.781033125 0.5580224074074074 0.7837415624999999 0.5592261111111111 0.7962679166666666 0.5607307407407407 0.7969451041666666 0.5613325925925926 0.8052395833333333 0.5619346296296297 0.80777875 0.5610316666666667 0.8240291666666666 0.5583233333333334 0.8360477083333334 0.5583233333333334 0.8522982291666666 0.5619346296296297 0.8563608333333333 0.5634392592592592 0.8592384375000001 0.5652448148148148 0.859915625 0.5652448148148148 0.8638089583333334 0.5670503703703703 0.868379375 0.5685551851851852 0.9098518750000001 0.5992503703703704 0.9685428125000001 0.6477951851851851 0.9678173958333333 0.6196362962962964 0.9437560416666666 0.617271851851852 0.9444815624999999 0.6168418518518519 0.9432723958333333 0.5944868518518519 0.9478670833333334 0.5708418518518519 0.9493015625 0.5709498148148148 0.7648317708333333 0.4388275925925926 0.7635046875 0.4352887037037037 0.6251523958333333 0.2695461111111111 0.5750536458333333 0.18637981481481483
2 0.30515083333333337 0.7669246296296296 0.32742760416666666 0.7613396296296296 0.3417075 0.7613396296296296 0.36541218750000004 0.7461075925925926 0.369410625 0.7445844444444445 0.38054895833333335 0.7349375925925926 0.3819769791666667 0.7344298148148148 0.38997375 0.726813888888889 0.3951144791666667 0.7237674074074074 0.4062529166666667 0.7136127777777778 0.4071096875 0.7120896296296296 0.4199615625 0.7039659259259259 0.43823989583333334 0.6892418518518518 0.45594708333333334 0.673502037037037 0.4568038541666667 0.671471111111111 0.47622458333333334 0.6572546296296297 0.4765102083333333 0.6562392592592593 0.4959309375 0.6440537037037037 0.4816509375 0.641515 0.45537583333333337 0.658777962962963 0.3885457291666667 0.7080277777777778 0.30200927083333334 0.7593087037037037 0.30172375 0.7659092592592592 0.30200927083333334 0.7669246296296296 0.30515083333333337 0.7669246296296296
2 0.29458375000000003 0.8329296296296297 0.3031516666666667 0.8242983333333334 0.30343729166666666 0.8232827777777778 0.33599552083333334 0.7994194444444445 0.4847925 0.6826412962962963 0.5176364583333334 0.6506542592592593 0.5661882291666667 0.5927727777777777 0.5956048958333333 0.5425074074074074 0.5947481250000001 0.5419996296296297 0.5918920833333333 0.517120925925926 0.5790402083333334 0.5419996296296297 0.5781833333333334 0.5425074074074074 0.5553354166666666 0.577540925925926 0.5222060416666666 0.6222212962962963 0.5204923958333333 0.622728888888889 0.4682278125 0.6674092592592593 0.41739125 0.7059968518518518 0.41567760416666666 0.7075201851851852 0.41539197916666665 0.7090433333333332 0.3471339583333333 0.7664168518518518 0.29201333333333335 0.8151590740740742 0.2888717708333333 0.8166822222222222 0.2911565625 0.8278524074074075 0.2914421875 0.8298833333333333 0.29458375000000003 0.8329296296296297
3 0.9384933333333334 0.17938777777777778 0.9305434374999999 0.18125296296296298 0.9240921875 0.18456000000000003 0.9192930208333334 0.18548592592592592 0.9201859375 0.17230537037037036 0.9242503125 0.1653609259259259 0.9268731250000001 0.16026833333333332 0.9380457291666666 0.15178185185185186 0.9585213541666667 0.14292685185185186 0.9510416666666667 0.13703703703703704 0.934375 0.13703703703703704 0.9135416666666666 0.15185185185185185 0.9052083333333334 0.17037037037037037 0.9052083333333334 0.1962962962962963 0.9072916666666666 0.2037037037037037 0.9166666666666666 0.21851851851851853 0.9395833333333333 0.22037037037037038 0.940625 0.21851851851851853 0.9489583333333333 0.21666666666666665 0.95625 0.2074074074074074 0.9604166666666666 0.18888888888888888 0.9614171874999999 0.17643740740740743 0.9452314583333333 0.1772911111111111 0.9384933333333334 0.17938777777777778
2 0.304685 0.8811477777777778 0.3243547916666667 0.8752494444444444 0.4409517708333333 0.8491283333333334 0.5191570833333333 0.8234285185185185 0.52129 0.8234285185185185 0.523896875 0.8217433333333333 0.5459365625 0.8162662962962963 0.5511502083333334 0.8162662962962963 0.5651323958333333 0.8200581481481483 0.5667912500000001 0.8225859259259259 0.5874090625 0.803627037037037 0.5821953125 0.7876174074074074 0.41346145833333336 0.8369103703703703 0.2961534375 0.8664020370370371 0.29141374999999997 0.8659805555555555 0.29141374999999997 0.8697724074074074 0.2947315625 0.8773559259259259 0.304685 0.8811477777777778