2 0.911395787037037 0.9670698680555555 0.8193023587962963 0.7043354560185185 0.8181705254629629 0.7090555347222222 0.8031439930555556 0.7390657268518518 0.8797675046296297 0.9687246226851852 0.911395787037037 0.9670698680555555
3 0.6185044097222222 0.7163346041666666 0.6196727175925927 0.7181092824074073 0.6323892268518518 0.750634787037037 0.6335575347222223 0.7524094652777777 0.6500430231481481 0.7791022962962962 0.6510821527777778 0.7790296319444444 0.6556262037037037 0.7842810023148148 0.6566653333333333 0.7842083402777779 0.6609510300925926 0.7857650300925926 0.6619901597222223 0.7856923657407408 0.6771895601851852 0.7790603981481482 0.6780995115740741 0.7771403958333333 0.6807001851851852 0.7695330416666666 0.6817393148148149 0.7694603796296297 0.6925238425925926 0.7594243819444444 0.6923946643518518 0.7575770416666666 0.7018817037037037 0.743919025462963 0.7027916550925926 0.7419990231481483 0.7087737731481482 0.7230169722222222 0.7086445949074074 0.7211696319444444 0.7095602453703704 0.704398238425926 0.7094310671296297 0.7025508981481481 0.7069709722222222 0.6823028125 0.7058026643518518 0.6805281342592593 0.702561798611111 0.6640473912037037 0.7013934907407408 0.6622727152777778 0.6986693379629629 0.6531813356481481 0.6975010300925926 0.6514066574074073 0.6853012361111112 0.6262705162037037 0.6841329282407408 0.6244958379629629 0.6794596967592592 0.6173971273148148 0.6784205694444445 0.6174697893518518 0.6694616412037037 0.6088143912037037 0.6684225115740742 0.6088870532407407 0.6567337337962963 0.6059916643518519 0.6385461226851852 0.6146889606481482 0.6376361712962962 0.6166089652777778 0.6280199513888889 0.6284196412037036 0.62711 0.6303396435185186 0.6164489513888889 0.6570743726851852 0.6165781296296297 0.658921712962963 0.6131909861111111 0.6851477986111112 0.6133201643518519 0.6869951412037038 0.6185044097222222 0.7163346041666666
3 0.7357075532407408 0.6004692777777778 0.727518 0.6177493125 0.7276471782407407 0.6195966527777778 0.7299837939814815 0.6231460069444444 0.7301129722222222 0.624993349537037 0.7359545115740741 0.6338667384259259 0.7360836898148149 0.6357140787037038 0.7384203055555555 0.6392634351851852 0.7394594351851852 0.6391907708333333 0.7406277430555556 0.640965449074074 0.7416668726851852 0.640892787037037 0.7428351805555556 0.6426674652777777 0.7438743101851851 0.6425948009259259 0.7450426180555555 0.6443694791666666 0.745300974537037 0.6480641597222222 0.7464692824074075 0.6498388379629629 0.7485475416666667 0.6496935115740741 0.7508841574074074 0.6532428680555555 0.7490642546296296 0.657082875 0.7459468680555555 0.6573008657407408 0.7441269675925926 0.6611408726851852 0.7389313217592592 0.6615041875000001 0.7377630138888889 0.6597295092592593 0.7325673657407408 0.6600928240740741 0.7307474652777778 0.6639328333333333 0.7276300787037037 0.6641508217592593 0.7264617708333333 0.6623761435185186 0.7254226412037037 0.6624488055555555 0.7242543333333334 0.6606741296296297 0.7232152037037037 0.6607467916666666 0.719575400462963 0.6684268078703703 0.7164580138888889 0.6686447962962964 0.7152897060185185 0.6668701180555556 0.7100940601851852 0.6672334328703704 0.7089257523148148 0.6654587546296297 0.7068474930555555 0.6656040810185184 0.7059375439814815 0.6675240856481481 0.7060667222222222 0.6693714259259259 0.7072350300925926 0.6711461041666666 0.7073642083333334 0.6729934444444444 0.7085325162037037 0.6747681226851852 0.7086616944444444 0.676615462962963 0.7098300023148149 0.6783901412037038 0.7108691319444445 0.6783174768518518 0.7117790833333333 0.676397474537037 0.7128182106481482 0.6763248101851852 0.7137281620370369 0.6744048078703704 0.7210020671296297 0.6738961666666667 0.7256752986111111 0.6809948773148149 0.7263211921296296 0.6902315810185186 0.7286578078703704 0.6937809375 0.7287869861111111 0.6956282777777778 0.7299552939814815 0.6974029560185185 0.7300844722222223 0.6992502962962962 0.7312527800925926 0.701024974537037 0.7313819583333333 0.7028723148148148 0.7337185740740741 0.7064216712962964 0.7338477523148148 0.7082690115740741 0.7350160601851852 0.7100436898148148 0.7351452407407407 0.7118910300925926 0.7363135486111111 0.7136657083333333 0.7364427268518519 0.7155130486111111 0.7446208819444444 0.7279357939814814 0.7447500601851852 0.7297831342592593 0.7517599074074075 0.740431201388889 0.7538381666666667 0.7402858773148148 0.7550064745370371 0.7420605532407407 0.7560456018518518 0.7419878912037037 0.7572139097222221 0.7437625694444444 0.7582530393518518 0.7436899050925926 0.7594213472222222 0.7454645833333333 0.7604604768518519 0.7453919212962964 0.7616287847222223 0.7471665995370371 0.7647461736111111 0.7469486087962963 0.7659144814814814 0.748723287037037 0.7690318680555556 0.7485052986111111 0.7702001759259259 0.7502799768518519 0.7868262430555555 0.7491173680555555 0.7877361944444444 0.7471973657407408 0.7908535810185185 0.746979375 0.7917635324074075 0.7450593726851852 0.7938417916666667 0.7449140462962963 0.7956616921296296 0.7410740393518518 0.7967008217592593 0.741001375 0.7976107708333333 0.7390813703703704 0.7986499004629629 0.7390087083333333 0.7995598518518519 0.7370887037037037 0.8005989814814816 0.7370160416666667 0.8015089305555556 0.7350960370370371 0.8025480601851852 0.735023375 0.803458011574074 0.7331033703703703 0.8044971412037036 0.7330307083333333 0.8054070902777778 0.7311107037037038 0.8064462199074074 0.7310380416666666 0.8146357754629631 0.7137580069444445 0.8145065972222222 0.7119106666666667 0.8154165462962963 0.709990662037037 0.8152873680555556 0.7081433217592592 0.8171072685185186 0.7043033125 0.8169780902777778 0.7024559722222222 0.8178880416666666 0.7005359699074073 0.8175005046296296 0.6949939467592593 0.8184104560185185 0.6930739421296296 0.8178937407407408 0.6856845787037037 0.8188036921296296 0.6837645763888889 0.8184161550925926 0.6782225532407408 0.8193261064814814 0.6763025486111112 0.8185510347222222 0.6652185046296296 0.8173827268518518 0.6634438263888889 0.8166076550925927 0.6523597824074074 0.8154393472222222 0.6505851041666667 0.8150518101851851 0.6450430810185185 0.8127151944444444 0.641493724537037 0.8125860162037036 0.6396463842592593 0.8114177083333333 0.6378717060185186 0.8112885300925926 0.6360243657407407 0.8089519143518518 0.6324750092592593 0.8088227361111111 0.6306276689814815 0.8076544282407409 0.6288529907407407 0.80752525 0.627005650462963 0.8063569421296296 0.6252309722222222 0.806227761574074 0.6233836319444445 0.8003862222222222 0.6145102430555556 0.7993470949074074 0.6145829050925926 0.7911689398148148 0.6021601597222223 0.7901298101851851 0.6022328240740741 0.7866248865740741 0.5969087893518519 0.7845466273148148 0.5970541157407406 0.7833783194444445 0.5952794374999999 0.7823391898148148 0.595352101851852 0.7811708819444445 0.5935774236111112 0.7801317523148148 0.5936500856481481 0.7789634444444444 0.5918754097222222 0.7779243171296296 0.5919480717592592 0.7767560092592594 0.5901733935185185 0.7757168796296297 0.5902460578703704 0.7745485717592593 0.5884713796296297 0.7620790208333333 0.5893433356481481 0.760910712962963 0.5875686574074074 0.7494802916666666 0.5883679490740741 0.7485703402777778 0.5902879537037037 0.7454529537037038 0.5905059421296296 0.7445430023148149 0.5924259467592593 0.7424647430555557 0.5925712731481482 0.7406448425925926 0.5964112800925926 0.739605712962963 0.5964839444444444 0.7386957638888889 0.5984039467592593 0.7376566342592592 0.5984766111111112 0.7367466828703704 0.6003966134259259 0.7357075532407408 0.6004692777777778
3 0.6823187291666666 0.6134844560185185 0.6819311921296296 0.6079424351851851 0.6807628842592592 0.6061677569444444 0.6798586342592593 0.5932363703703705 0.6786903263888889 0.5914616921296296 0.678302789351852 0.5859196712962963 0.6860991087962963 0.5779490023148148 0.6899915694444445 0.5888150578703704 0.7007646967592592 0.6084818402777777 0.7018038263888889 0.6084091782407407 0.7053087499999999 0.6137332106481481 0.7063478796296296 0.6136605486111111 0.7110211111111111 0.6207592592592592 0.7130993680555555 0.6206139351851852 0.7142676759259259 0.6223886111111111 0.7163459351851851 0.622243287037037 0.7175142430555556 0.624017962962963 0.7217999374999999 0.6255746527777778 0.7227098888888889 0.6236546481481482 0.7228447685185185 0.610650599537037 0.7267429282407407 0.6066652662037036 0.7298603148148148 0.6064472777777778 0.7316802152777777 0.6026072708333333 0.7346684259259258 0.6005419398148149 0.736488326388889 0.5967019328703704 0.7403864861111111 0.592716599537037 0.7424647430555557 0.5925712731481482 0.7433746944444445 0.5906512685185186 0.7494802916666666 0.5883679490740741 0.7503902430555556 0.5864479467592593 0.7544175810185185 0.5843099537037036 0.7532549722222222 0.5676838865740741 0.7541649236111111 0.5657638819444445 0.7532606712962964 0.5528324953703704 0.750665699074074 0.5455884583333334 0.7488514976851852 0.5345770763888888 0.7423640648148149 0.5164669837962963 0.7317201157407408 0.4986475416666667 0.7273052407407407 0.4952435115740741 0.7231487245370369 0.4955341643518519 0.7219804166666667 0.49375948611111115 0.717823900462963 0.49405013888888893 0.7166555925925926 0.4922754606481482 0.7114599467592593 0.492638775462963 0.7102916388888888 0.49086409722222224 0.7082133796296296 0.4910094236111111 0.7058767638888889 0.48746006712962964 0.700422761574074 0.48412870138888886 0.6980861458333334 0.4805793449074074 0.6904247037037037 0.47554596527777776 0.6767811458333334 0.4894946319444444 0.6731413425925926 0.49717464814814816 0.671579800925926 0.5047093356481481 0.6775505185185184 0.5154300671296296 0.6776796967592593 0.5172774074074075 0.6674836898148149 0.5506625625 0.667142125 0.5607108657407407 0.6628564305555555 0.559154175925926 0.6586942129629629 0.5742962175925926 0.6612891875 0.5815402546296297 0.6577785625 0.5910676111111111 0.6584244560185185 0.6003043171296296 0.6595927638888889 0.6020789930555556 0.661800201388889 0.6037810092592593 0.664917587962963 0.6035630208333332 0.6660858958333333 0.6053376967592592 0.6692032847222222 0.6051197083333334 0.6814087777777778 0.6154044606481482 0.6823187291666666 0.6134844560185185
3 0.6870546597222222 0.45721788194444446 0.688481324074074 0.46268724074074075 0.6908179398148149 0.4662365972222222 0.6922446064814815 0.4717059560185185 0.6966594791666666 0.4751099861111111 0.7001644027777778 0.4804340208333333 0.7012035324074074 0.4803613564814815 0.7069158935185186 0.4873874050925926 0.7089941527777778 0.4872420787037037 0.7101624606481481 0.4890167569444444 0.7122407175925927 0.48887143055555554 0.7166555925925926 0.4922754606481482 0.721851238425926 0.4919121458333333 0.7230195462962963 0.49368682407407405 0.7302934513888888 0.49317818287037035 0.7314617592592593 0.49495286111111114 0.7479586481481482 0.49194291203703705 0.7488685972222222 0.4900229074074074 0.7519859861111112 0.48980491898148143 0.7617313842592592 0.4798415856481481 0.7626413356481481 0.4779215810185185 0.7570581527777778 0.47274287268518517 0.7583613402777778 0.4615135023148148 0.7604395972222222 0.4613681759259259 0.7648544722222221 0.4647722060185185 0.7721283773148149 0.4642635648148148 0.7730383263888889 0.46234356249999997 0.7782339722222221 0.46198024537037036 0.7827837268518519 0.45238022685185186 0.7842160902777777 0.4429981967592593 0.7860359930555555 0.43915818981481486 0.7874683564814815 0.4297761597222222 0.7892882592592593 0.42593615277777774 0.7908498032407407 0.418401462962963 0.7904622662037036 0.4128594398148148 0.7913722175925926 0.41093943518518516 0.7909846805555555 0.4053974143518519 0.7918946319444444 0.40347740972222224 0.7915070949074073 0.39793538657407407 0.7924170462962963 0.39601538425925925 0.7912544375 0.3793893148148148 0.7900861296296297 0.3776146388888889 0.7891818796296297 0.3646832523148148 0.7868452638888889 0.36113389583333333 0.7789311666666667 0.33755444444444443 0.7768529074074074 0.3376997685185185 0.7756845995370371 0.3359250925925926 0.7736063425925926 0.3360704166666667 0.7724380347222223 0.33429574074074075 0.7703597754629631 0.33444106481481484 0.7659449004629629 0.3310370370370371 0.7451623171296297 0.3324902962962963 0.7439940092592593 0.33071561805555555 0.7383827106481482 0.3311079976851852 0.7395370254629628 0.32422057407407406 0.7289351851851852 0.3094921481481481 0.729845136574074 0.30757214351851847 0.7568624953703704 0.3056829050925926 0.7567333171296297 0.30383556481481483 0.7521892638888888 0.29858419444444445 0.7477743888888889 0.29518016435185185 0.7424495648148147 0.2936961388888889 0.7412812569444444 0.29192146064814817 0.7298508356481482 0.2927207546296296 0.7286825277777778 0.29094607638888886 0.726166074074074 0.30473545138888886 0.7231160625 0.3098990601851852 0.7172969375 0.3103059722222222 0.7217090902777777 0.298240412037037 0.7172521064814815 0.29174536805555557 0.7143930763888889 0.29565803935185186 0.7123148171296297 0.29580336574074073 0.7114048680555556 0.29772336805555555 0.7093266087962964 0.2978686944444444 0.7054284490740741 0.30185402777777776 0.7056586898148148 0.3111197986111111 0.7026985972222222 0.30761403935185183 0.7016594675925926 0.3076867037037037 0.6998395671296296 0.3115267106481482 0.7091391712962962 0.33500928009259257 0.6973623726851851 0.33583279398148147 0.6964524212962963 0.3377527986111111 0.6871002592592593 0.3384067638888889 0.6842412291666667 0.34231943518518515 0.6802138912037037 0.34445742824074077 0.6748833657407408 0.35782479166666664 0.6751417222222222 0.36151947453703703 0.6727994074074074 0.37282150694444444 0.6735744791666667 0.3839055532407407 0.6726645277777777 0.38582555555555553 0.673433900462963 0.41176099074074074 0.6746022083333334 0.41353566898148153 0.6749897453703704 0.41907769212962964 0.6761580532407407 0.42085236805555554 0.6765455879629629 0.42639439120370376 0.6777138958333333 0.4281690694444445 0.679657275462963 0.4410277916666667 0.6832913773148148 0.44819916666666665 0.6847180439814815 0.45366852546296293 0.6870546597222222 0.45721788194444446
3 0.546643037037037 0.46518004398148144 0.5467722152777778 0.46702738657407405 0.5458565648148148 0.4837987800925926 0.5459857430555556 0.48564612037037036 0.547535886574074 0.5078142106481481 0.5487041944444444 0.5095888888888889 0.550647574074074 0.5224476111111112 0.5518158819444444 0.5242222893518519 0.5561015787037037 0.5257789768518518 0.5570115277777778 0.523858974537037 0.5779289907407408 0.5094016643518519 0.5789681203703704 0.5093290023148148 0.5985823981481482 0.5061010648148149 0.5997507060185185 0.5078757430555556 0.605333886574074 0.513054449074074 0.6063730162037038 0.5129817870370371 0.6139052777777778 0.5161678263888889 0.6150735856481482 0.5179425046296297 0.6302615879629629 0.5410133171296296 0.6303907662037036 0.5428606574074074 0.6368781990740741 0.5609707523148147 0.6379173287037037 0.5608980879629629 0.639995587962963 0.560752761574074 0.640905537037037 0.5588327592592592 0.6455844699074075 0.5510800810185186 0.646623599537037 0.5510074166666666 0.6501285231481482 0.5563314513888888 0.6510384722222222 0.5544114467592592 0.6536391458333334 0.5468040949074074 0.6535099675925926 0.5449567546296297 0.6535156666666666 0.530105363425926 0.652476537037037 0.5301780277777778 0.6511790509259259 0.5265560092592593 0.6520890023148148 0.5246360046296297 0.6541672615740741 0.5244906782407407 0.6540380810185185 0.522643337962963 0.6540437824074075 0.5077919490740741 0.6539146041666667 0.5059446064814815 0.6531395300925925 0.4948605625 0.6519712222222223 0.49308588425925926 0.64937625 0.48584184722222223 0.6492470717592593 0.4839945069444444 0.6509377939814814 0.4783071574074074 0.6508086157407407 0.47645981712962965 0.6504210787037037 0.4709177939814815 0.6492527708333333 0.46914311574074075 0.6462702615740741 0.4563570578703704 0.6451019537037036 0.45458237962962966 0.6393895949074073 0.4475563310185185 0.6383504652777778 0.44762899305555554 0.6292566597222223 0.4519776412037037 0.6283467083333334 0.45389764583333336 0.6254876782407407 0.4578103171296296 0.6244485486111111 0.45788297916666665 0.6200336736111112 0.45447894907407405 0.6199044953703704 0.4526316087962963 0.6238026550925926 0.448646275462963 0.6247126064814815 0.4467262708333333 0.6319922106481483 0.4313662407407407 0.6318630324074074 0.429518900462963 0.6304363657407407 0.4240495416666667 0.6292680578703703 0.4222748634259259 0.6223873912037037 0.41347413657407406 0.621348261574074 0.41354680092592594 0.6081036388888889 0.4033347106481482 0.6070645092592593 0.4034073726851852 0.5840744884259259 0.4031586180555556 0.5730316018518519 0.4094999351851852 0.5721216527777778 0.41141993750000005 0.5643253333333333 0.4193906041666666 0.5634153819444444 0.4213106087962963 0.5532767476851852 0.44058331018518515 0.553405925925926 0.442430650462963 0.5489853518518518 0.4538780115740741 0.5491145300925926 0.45572535185185187 0.546643037037037 0.46518004398148144
3 0.5383964814814814 0.6309739768518519 0.5395647893518519 0.6327486550925926 0.5400815046296297 0.6401380185185185 0.5412498125 0.6419126944444444 0.5505905740740741 0.6709615069444445 0.5517588819444444 0.6727361851851852 0.5646102685185185 0.6922576412037037 0.5656493981481481 0.6921849791666667 0.5855163333333334 0.707503113425926 0.5865554606481482 0.7074304490740742 0.5951268518518519 0.7105438263888888 0.5961659814814815 0.7104711643518519 0.6055181458333334 0.7098171967592593 0.6064280949074075 0.7078971944444444 0.6134436435185185 0.7036938703703703 0.6133144629629629 0.7018465300925926 0.6118934976851852 0.6815257800925926 0.612803449074074 0.6796057777777778 0.6130675069444445 0.6684490694444444 0.6139774560185186 0.6665290648148149 0.6204819907407407 0.6400849884259259 0.6213919398148149 0.6381649861111112 0.630620625 0.620812287037037 0.6316597546296295 0.620739625 0.6364678634259259 0.614834287037037 0.6363386851851851 0.6129869467592592 0.6377710509259259 0.6036049166666666 0.6376418726851852 0.6017575763888888 0.6362266064814815 0.5665854375 0.6350582986111112 0.5648107592592593 0.6331149189814815 0.551952037037037 0.6319466111111112 0.5501773587962963 0.628054150462963 0.5393113032407407 0.6268858425925926 0.537536625 0.614163636574074 0.5198625092592593 0.6131245069444444 0.5199351712962963 0.5978016249999999 0.5098684097222222 0.5967624953703704 0.5099410717592593 0.579097298611111 0.5111763425925926 0.5610388657407407 0.5217209814814815 0.5601289166666666 0.5236409837962963 0.5532425486111111 0.5296916481481482 0.5523325972222223 0.5316116527777778 0.5414131898148148 0.5546516990740741 0.5415423680555556 0.5564990393518519 0.5356837291666666 0.5921798194444444 0.5358129074074074 0.5940271597222222 0.5383964814814814 0.6309739768518519
3 0.3603292476851852 0.6081545462962963 0.36020006944444444 0.6063072060185185 0.36254238657407406 0.5950051712962963 0.36241320833333335 0.5931578310185186 0.35904316203703707 0.5748297476851851 0.35787485416666664 0.5730550694444444 0.3520333148148148 0.5641816805555555 0.3502134143518518 0.5680216898148148 0.35034259259259265 0.5698690300925926 0.34955612037037037 0.5884877638888889 0.34968529861111114 0.5903351041666667 0.35253293055555557 0.616125212962963 0.3535720578703704 0.6160525509259259 0.3566894467592593 0.6158345625 0.3575993981481482 0.6139145578703704 0.3603292476851852 0.6081545462962963
3 0.4633664189814815 0.513699912037037 0.4642763703703704 0.5117799097222222 0.46908448148148146 0.5058745717592592 0.46895530324074075 0.5040272314814815 0.46947771759259255 0.49656520370370366 0.46830940972222224 0.4947905254629629 0.4598728958333333 0.478673099537037 0.4588337662037037 0.4787457638888889 0.45467725 0.4790364143518519 0.4499983194444444 0.4867890925925926 0.45012749768518523 0.48863643287037034 0.4498634398148148 0.4997931412037037 0.4510317476851852 0.5015678194444445 0.45375590046296294 0.5106591990740741 0.4547950300925926 0.5105865347222223 0.4581707731481482 0.5140632268518518 0.4592099027777778 0.5139905648148149 0.4633664189814815 0.513699912037037
3 0.4792231157407407 0.48660187037037034 0.4801330671296296 0.48468186574074074 0.48273373842592593 0.4770745138888889 0.4826045601851852 0.4752271736111111 0.4805320023148148 0.4605211087962963 0.47936369444444443 0.4587464305555556 0.4748196412037037 0.45349506018518515 0.4737805115740741 0.45356772453703703 0.470663125 0.45378571296296294 0.4637767569444445 0.4598363773148148 0.46286680555555554 0.4617563796296296 0.4613052615740741 0.4692910694444445 0.4614344398148148 0.4711384097222222 0.4646753055555556 0.4876191527777778 0.4658436134259259 0.4893938310185185 0.47129761805555553 0.49272519675925924 0.4723367476851852 0.4926525347222222 0.4792231157407407 0.48660187037037034
3 0.4502794768518519 0.43107821527777773 0.45015029629629627 0.429230875 0.44989193981481485 0.42553619444444446 0.4487236319444445 0.4237615162037037 0.44339880787037034 0.4222774907407408 0.4304068425925926 0.43061147222222224 0.4305360208333333 0.43245881249999996 0.43079437731481485 0.43615349537037035 0.43196268518518516 0.4379281736111111 0.43871417592592593 0.44488155787037037 0.4397533055555556 0.44480889583333333 0.44676885185185183 0.4406055717592593 0.4476788032407408 0.4386855694444445 0.4502794768518519 0.43107821527777773
3 0.47262930324074076 0.40723887731481484 0.47159017592592595 0.4073115393518518 0.46847278703703704 0.40752953009259263 0.4595081597222222 0.4137255185185185 0.45963733796296297 0.4155728587962963 0.4597665185185185 0.41742020138888886 0.4609348263888889 0.4191948773148148 0.46937703703703704 0.42046091435185184 0.470286988425926 0.418540912037037 0.4730168402777778 0.41278090046296295 0.4728876620370371 0.4109335578703704 0.47262930324074076 0.40723887731481484
3 0.46106400462962965 0.4210422199074074 0.4574242013888889 0.4287222337962963 0.4575533796296296 0.4305695763888889 0.4598899953703704 0.43411893055555556 0.46092912500000005 0.4340462685185185 0.4679446736111111 0.42984294444444443 0.4678154930555556 0.42799560416666665 0.46846708796296294 0.4223809189814815 0.46742795833333334 0.4224535810185185 0.46106400462962965 0.4210422199074074
3 0.8751142476851852 0.5034714398148148 0.8749850694444445 0.5016240972222222 0.872131738425926 0.4906853796296296 0.8720025601851852 0.48883803703703704 0.8726541527777778 0.48322335185185183 0.8714858449074073 0.4814486736111111 0.8627852754629629 0.4764879560185185 0.8538206481481482 0.48268394444444446 0.8539498287037036 0.4845312870370371 0.8551124351851852 0.5011573541666666 0.8562807430555556 0.5029320324074074 0.8674471064814815 0.5132894467592592 0.8684862361111111 0.5132167847222222 0.8705644953703704 0.5130714583333333 0.8714744467592593 0.5111514537037037 0.8751142476851852 0.5034714398148148
3 0.8792593657407407 0.5328835671296296 0.8791301875 0.531036224537037 0.8786134722222222 0.5236468611111111 0.8774451643518518 0.5218721828703704 0.8761476782407407 0.5182501643518519 0.8751085486111111 0.5183228287037037 0.8717328032407408 0.5148461365740741 0.870693673611111 0.5149187986111111 0.8601732037037038 0.5137980879629629 0.8577017083333333 0.5232527800925926 0.857830886574074 0.5251001226851852 0.8595159097222222 0.5342641620370371 0.8606842175925926 0.5360388402777778 0.8674357083333334 0.5429922268518519 0.868474837962963 0.5429195625 0.8767878703703703 0.5423382592592593 0.8776978217592593 0.5404182546296297 0.8792593657407407 0.5328835671296296
3 0.8836799398148147 0.5214362060185185 0.8847190694444445 0.5213635439814814 0.8918637939814815 0.5190075601851851 0.8927737453703705 0.5170875578703703 0.9040806875 0.49958953472222223 0.9039515092592593 0.49774219212962967 0.9023956643518518 0.49042549305555555 0.9012273564814814 0.4886508148148148 0.8978516111111111 0.4851741226851852 0.8968124837962963 0.4852467847222222 0.8862920115740741 0.48412607407407404 0.8857695972222223 0.49158810185185187 0.8848596481481481 0.4935081041666667 0.880051537037037 0.4994134421296297 0.8801807152777777 0.5012607824074075 0.8784899930555555 0.5069481319444444 0.8786191712962963 0.5087954722222222 0.8814725023148149 0.5197341921296297 0.8825116319444445 0.5196615277777777 0.8836799398148147 0.5214362060185185
3 0.8131654305555556 0.48367046064814817 0.8140753819444444 0.48175045833333335 0.8213549861111111 0.4663904259259259 0.8201866782407408 0.46461575 0.8147326736111111 0.4612843819444445 0.8078463055555555 0.46733504629629635 0.8079754837962964 0.4691823865740741 0.8051164537037038 0.4730950578703703 0.8052456319444444 0.47494239814814815 0.8056331689814814 0.48048442129629626 0.8068014768518518 0.482259099537037 0.8079697847222223 0.48403377546296295 0.8090089143518518 0.4839611134259259 0.8131654305555556 0.48367046064814817
1 0.8496483449074075 0.7948465138888889 0.8285623796296296 0.8083874189814815 0.8787154583333333 0.968612550925926 0.9080840601851852 0.9660019861111111 0.9117204421296295 0.9672328032407407 0.8916527152777779 0.8997646041666667 0.899466511574074 0.8800975601851853 0.9248484328703703 0.8413808425925926 0.9717391898148149 0.8041302800925926 0.9631089074074074 0.7852418425925926 0.9057711990740741 0.8328760717592593 0.8826383194444445 0.8664233101851851 0.8496483449074075 0.7948465138888889
1 0.8285999930555555 0.8119118981481482 0.8422864814814814 0.8553221828703704 0.8437462013888889 0.8761971342592593 0.8385230092592593 0.880646398148148 0.8071036921296296 0.8793163402777778 0.7801627013888889 0.8852842592592592 0.7704442777777778 0.8926467847222221 0.772919 0.9086241875 0.7726190393518519 0.9118009976851852 0.7987950277777778 0.9023594629629629 0.8399804467592593 0.9074619050925926 0.8567317037037037 0.9185426111111111 0.8622098333333333 0.9266988611111111 0.8785076319444444 0.9686270833333334 0.9112272847222223 0.9661534652777777 0.8496753217592592 0.7922457037037036 0.8285999930555555 0.8119118981481482
1 0.7810249884259259 0.5675983912037037 0.7845485300925925 0.5582557685185185 0.7916058726851852 0.5128380231481482 0.8115383495370371 0.4589088287037037 0.8395283541666666 0.3932779513888889 0.8256237800925925 0.3766147037037037 0.7981596111111111 0.4258727175925926 0.7742788194444444 0.5129358240740741 0.7688971944444445 0.524079113425926 0.7530885648148148 0.4936262037037037 0.7510103055555555 0.4937715300925926 0.7371752592592593 0.49900863194444445 0.7462599444444444 0.5184222060185185 0.7530826712962962 0.5428205231481482 0.7540857060185184 0.5691108935185185 0.7596648981481481 0.5846855740740741 0.7656266875 0.5848255972222222 0.7882223333333334 0.5973539976851852 0.7810249884259259 0.5675983912037037