2 0 0.6228880925925926 0.19932436342592594 0.6521954768518519 0.20897045138888887 0.6578906736111111 0.25181942592592593 0.6558202708333333 0.2742213634259259 0.6609175810185185 0.48366289583333333 0.690805025462963 0.8605445578703703 0.6793825740740741 0.9247014537037037 0.6744503356481482 0.9740511180555556 0.6593178356481482 0.9704485763888889 0.6429123564814815 0.9648874328703704 0.6462882638888888 0.7649098217592593 0.6618542291666666 0.4953267916666667 0.6696205509259259 0.3706217222222222 0.6580081828703704 0.2710333148148148 0.6414091828703704 0.1954775115740741 0.6351058101851851 0 0.6060658703703703 0 0.6228880925925926
2 0.17962604629629628 0.22750917824074074 0.3990739513888889 0.3020004259259259 0.4519901458333333 0.3180165740740741 0.4579715833333334 0.31344896527777777 0.3895864537037037 0.28869568055555556 0.3748082175925926 0.288051525462963 0.17780490046296296 0.21940868981481482 0.18057471296296296 0.2274813472222222 0.17962604629629628 0.22750917824074074
3 0.17616603703703704 0.816949488425926 0.1745469675925926 0.8155736111111112 0.1747167337962963 0.8049949768518518 0.17309766435185187 0.803619099537037 0.17085332407407408 0.7957547013888889 0.16923425694444447 0.7943788217592592 0.16236046296296294 0.7909203657407408 0.16054263425925924 0.7905670162037036 0.14963566435185185 0.7884469166666667 0.1476190787037037 0.7891160949074073 0.1342980023148148 0.7897102291666666 0.13228141435185184 0.7903794074074073 0.11958561342592591 0.7974620625 0.11938685185185184 0.7984845902777777 0.11637646759259258 0.8042664097222222 0.1283352222222222 0.8203860787037037 0.1301530509259259 0.8207394282407408 0.13864591203703705 0.8255737638888889 0.14046374074074072 0.825927113425926 0.1533872962962963 0.8273780347222222 0.15540388425925927 0.8267088564814814 0.16750340972222222 0.822693787037037 0.1677021689814815 0.8216712592592592 0.17616603703703704 0.816949488425926
3 0.1376811087962963 0.8402425092592593 0.1308073148148148 0.8367840532407407 0.11626468981481482 0.8339572523148149 0.11464562268518519 0.8325813750000001 0.11683197453703703 0.8213335625 0.11501414583333333 0.820980212962963 0.10292911805555555 0.8297733356481481 0.10373865277777777 0.830461275462963 0.10172206481481481 0.8311304537037038 0.09243416666666666 0.8303862314814815 0.09688660416666667 0.8341698958333333 0.09084409027777778 0.8385664583333333 0.09226440046296297 0.8409648657407408 0.10541570833333333 0.8509493634259259 0.11268702083333333 0.8523627638888889 0.11430609027777779 0.8537386412037037 0.12541181944444443 0.854836212962963 0.13731258333333332 0.8518436712962963 0.1375113425925926 0.8508211435185186 0.1457764537037037 0.847121900462963 0.14657149074074075 0.8430317870370371 0.14293583333333335 0.8423250879629629 0.1413167662037037 0.8409492106481481 0.1376811087962963 0.8402425092592593
3 0.17758634722222222 0.8193478958333332 0.17556975925925927 0.820017074074074 0.17153658333333333 0.8213554305555555 0.17133782407407405 0.8223779583333333 0.15117194907407405 0.8290697407407407 0.1509731898148148 0.8300922708333333 0.14875784259259262 0.8317839768518518 0.17321364120370372 0.8418435185185186 0.1750314675925926 0.8421968680555556 0.18613719675925927 0.8432944398148149 0.18633595601851852 0.8422719120370371 0.1883235486111111 0.8320466273148148 0.18670448148148147 0.83067075 0.1848576597222222 0.8207612939814815 0.1830398310185185 0.8204079444444444 0.17758634722222222 0.8193478958333332
3 0.19948306712962965 0.7843411481481481 0.1974664814814815 0.7850103263888889 0.1859632337962963 0.7859578101851852 0.18394664583333334 0.7866269884259259 0.17346618981481482 0.7920179374999999 0.17326743055555555 0.7930404652777777 0.17267115277777775 0.796108050925926 0.17735859259259257 0.8108143194444445 0.17897766203703702 0.8121901967592593 0.18221579861111112 0.8149419537037038 0.18423238657407406 0.8142727754629631 0.20033609259259258 0.7993632430555556 0.20053485185185185 0.7983407152777778 0.2063568611111111 0.7877996041666667 0.20473779398148148 0.786423724537037 0.19948306712962965 0.7843411481481481
3 0.5070977361111111 0.9099275023148148 0.5072964953703704 0.9089049722222222 0.5084890509259259 0.9027698032407407 0.5068699837962963 0.9013939259259259 0.5036318449074074 0.8986421689814814 0.5038306041666667 0.8976196388888888 0.5007622337962963 0.8842892499999999 0.49914316435185185 0.8829133726851852 0.4888324722222222 0.8777256875 0.48701464583333337 0.877372337962963 0.47247202083333334 0.8745455370370371 0.4704554328703704 0.8752147152777778 0.4567368402777778 0.8778539074074074 0.45653807870370366 0.8788764351851852 0.4496932800925926 0.8849740833333334 0.44949452083333336 0.8859966111111112 0.4486994837962963 0.8900867245370371 0.4543807199074074 0.8996803518518518 0.45619854861111114 0.9000337013888888 0.48874968981481487 0.9169726342592592 0.4905675162037037 0.9173259837962964 0.4990313865740741 0.9126042152777778 0.5008492129629629 0.9129575648148148 0.5046836296296296 0.9126417361111111 0.5048823888888889 0.9116192083333333 0.5070977361111111 0.9099275023148148
3 0.5737858958333333 0.8677098796296296 0.5721668263888889 0.8663339999999999 0.5658893101851852 0.8598079583333332 0.5640714814814815 0.8594546087962963 0.5555786203703703 0.8546202731481481 0.5537607916666667 0.8542669236111111 0.5388206481481481 0.8534851805555556 0.5368040601851851 0.8541543587962963 0.5283401921296297 0.8588761296296297 0.5281414328703703 0.8598986574074075 0.5237397314814815 0.8728381759259259 0.5263815925925927 0.8786575162037037 0.5281994189814815 0.8790108657407407 0.5419470069444444 0.8859277800925925 0.5437648356481481 0.8862811296296296 0.5607215671296296 0.8863936944444445 0.5627381550925926 0.8857245162037037 0.5714007824074074 0.8799802175925926 0.5715995416666667 0.8789576898148148 0.5737858958333333 0.8677098796296296
3 0.7248723958333334 0.5659951944444445 0.723253326388889 0.5646193148148149 0.7224292962962963 0.559153324074074 0.7208102268518518 0.5577774444444444 0.7090792268518519 0.5501913541666666 0.7072613981481481 0.5498380046296296 0.6894806365740741 0.5442594467592593 0.6874640486111111 0.5449286249999999 0.6838283935185184 0.5442219259259259 0.6818118055555557 0.5448911041666666 0.6735466967592593 0.5485903449074074 0.6733479375 0.549612875 0.6701387939814815 0.5564172222222222 0.6725818935185186 0.5632590925925927 0.674200962962963 0.5646349699074074 0.6885738217592592 0.5780404027777778 0.6903916504629629 0.5783937523148148 0.6994807893518519 0.5801605023148148 0.7014973773148149 0.5794913240740741 0.7190503865740742 0.5765363055555556 0.7192491458333333 0.5755137777777778 0.7248723958333334 0.5659951944444445
3 0.6527845439814816 0.558349712962963 0.6507679560185186 0.5590188912037037 0.645115712962963 0.5589813703703703 0.643099125 0.5596505486111111 0.6309995995370371 0.5636656180555556 0.6308008402777778 0.5646881481481482 0.6283867337962964 0.5674023819444445 0.6670166296296296 0.5918898842592593 0.6688344583333333 0.5922432337962963 0.6829505717592593 0.5875589861111111 0.6831493310185186 0.5865364583333333 0.6837166157407408 0.5739127685185186 0.6820975462962963 0.5725368912037037 0.6673271689814816 0.5611765138888889 0.6655093402777779 0.5608231643518519 0.6527845439814816 0.558349712962963
3 0.6485236157407407 0.5511544930555555 0.6503414421296296 0.5515078449074073 0.6628674814814814 0.5550038217592592 0.6648840671296297 0.5543346435185185 0.6687184837962964 0.5540188148148149 0.6689172430555556 0.5529962870370371 0.6739442152777778 0.5465452893518519 0.6759608032407407 0.5458761111111111 0.6840271527777778 0.5431993981481481 0.6842259120370371 0.5421768680555555 0.6846234305555555 0.5401318125 0.6830043611111111 0.5387559351851852 0.6734887083333333 0.529478136574074 0.6716708796296296 0.529124787037037 0.6518735300925926 0.5242154074074075 0.6498569421296296 0.5248845856481482 0.6383536967592592 0.5258320717592593 0.6363371087962962 0.52650125 0.6319064143518518 0.5298846620370371 0.6317076550925926 0.5309071898148149 0.6299188217592593 0.5401099467592593 0.6313391296296296 0.5425083518518519 0.6331569583333333 0.5428617013888889 0.6386104421296296 0.5439217523148149 0.6406270300925926 0.5432525740740741 0.6428423773148148 0.5415608680555556 0.6446602060185185 0.5419142175925926 0.648295861111111 0.5426209166666667 0.6499149305555556 0.5439967962962963 0.6485236157407407 0.5511544930555555
3 0.6074548148148148 0.5877403842592592 0.6092726435185185 0.5880937337962963 0.6207758912037037 0.5871462476851852 0.620974650462963 0.5861237199074074 0.625802861111111 0.58069525 0.6241837939814815 0.5793193726851852 0.5989039652777778 0.563793837962963 0.5970861365740741 0.563440488425926 0.5795041342592593 0.5568394027777778 0.5774875462962963 0.5575085833333333 0.5613548472222222 0.5628620092592592 0.561156087962963 0.563884537037037 0.5579469444444445 0.5706888842592592 0.5585722152777778 0.5771774050925926 0.5601912847222222 0.5785532847222222 0.5648497314814814 0.5837034467592592 0.5666675601851852 0.5840567962962963 0.574961662037037 0.5899136597222222 0.5767794907407408 0.5902670092592592 0.5911233564814814 0.5941163379629629 0.5931399444444444 0.5934471597222222 0.6074548148148148 0.5877403842592592
3 0.9539271319444445 0.7463478171296296 0.9577035601851852 0.7269197777777777 0.9560844930555555 0.7255439004629629 0.9488131805555555 0.7241304999999999 0.9471941111111112 0.7227546226851852 0.9417406273148148 0.7216945717592593 0.9397240393518518 0.7223637500000001 0.9268004837962963 0.7209128287037038 0.9152972361111111 0.7218603148148148 0.9145021990740742 0.7259504282407407 0.9099040300925926 0.7258819837962962 0.9161212685185185 0.7273263055555556 0.9173428171296296 0.7307472407407408 0.9146982037037037 0.7314122500000001 0.9045108217592592 0.7299036504629629 0.8981707384259259 0.7323263819444444 0.8967504305555556 0.7299279745370371 0.8935122916666667 0.7271762199074074 0.8916944652777778 0.7268228680555556 0.8795949398148147 0.7308379398148148 0.8791974212962963 0.7328829953703704 0.8727501388888889 0.736935587962963 0.8707625462962963 0.7471608703703704 0.8687459583333333 0.7478300486111111 0.8721515717592593 0.754033662037037 0.8667583657407407 0.7580553310185185 0.8710192939814815 0.7652505509259259 0.8706217731481481 0.7672956087962963 0.8720420833333333 0.7696940138888889 0.8785183587962963 0.7751975277777778 0.8761042523148148 0.7779117638888889 0.8793423888888889 0.7806635185185186 0.8805639398148147 0.7840844537037037 0.8874377337962963 0.7875429120370371 0.8914709074074074 0.7862045555555556 0.8948788125 0.7783776782407408 0.8968953981481482 0.7777085 0.8974916782407407 0.7746409143518519 0.8995082638888889 0.7739717361111111 0.902092136574074 0.7606788680555555 0.9041087245370371 0.7600096898148148 0.9060963171296296 0.7497844074074074 0.9046760092592593 0.747386 0.9152862175925925 0.7477977175925926 0.9158742291666667 0.7641831851851852 0.9196741388888889 0.7672799537037037 0.9160702314814815 0.7696450069444445 0.918282824074074 0.774437650462963 0.9162662361111111 0.7751068287037037 0.914676162037037 0.7832870555555554 0.9260096435185184 0.7929182037037037 0.9258108842592593 0.7939407337962963 0.941972576388889 0.7981434120370371 0.9365335902777778 0.8018614143518519 0.9435916458333333 0.7995192893518519 0.942966375 0.7930307685185185 0.9449539675925926 0.7828054861111111 0.9431361388888889 0.7824521365740741 0.9382789328703703 0.7783245023148148 0.9364611041666667 0.777971150462963 0.9283657615740741 0.7710917592592593 0.9479353587962963 0.7674675625 0.9414590833333334 0.7619640486111111 0.9489291550925926 0.7623549189814816 0.9519105462962962 0.7470169953703704 0.9539271319444445 0.7463478171296296
3 0.7039526828703703 0.32422825000000005 0.7041514421296297 0.32320572222222227 0.7079568634259259 0.31333378935185185 0.7063377962962962 0.31195791203703704 0.7053150046296296 0.30751444907407405 0.7036959351851851 0.3061385694444444 0.6988387291666667 0.3020109351851852 0.697020900462963 0.30165758564814815 0.6883292800925926 0.29784577777777776 0.6865114513888889 0.29749242824074074 0.6717700671296297 0.2956881574074074 0.6697534791666667 0.29635733564814815 0.6574551944444444 0.30139493287037034 0.6572564351851852 0.3024174606481481 0.6538485324074074 0.31024433796296297 0.6611198449074074 0.3116577384259259 0.6627389143518518 0.31303361574074073 0.6643579837962963 0.3144094953703704 0.664159224537037 0.31543202314814817 0.6641882175925926 0.3249881273148148 0.6660060462962962 0.32534147685185183 0.6837868078703703 0.33092003472222226 0.6858033958333333 0.3302508564814815 0.7039526828703703 0.32422825000000005
3 0.7021928425925926 0.34298711111111113 0.7005737731481482 0.3416112314814815 0.699352224537037 0.3381902986111111 0.6975343958333333 0.33783694675925924 0.6837868078703703 0.33092003472222226 0.6819689791666667 0.3305666851851852 0.6674263541666667 0.32773988425925926 0.6672275949074075 0.32876241203703704 0.6640184513888889 0.3355667615740741 0.6715175162037037 0.3455137384259259 0.6733353449074074 0.34586708796296295 0.6885032430555555 0.35518240740740736 0.6903210694444445 0.3555357569444444 0.696172074074074 0.35455074999999997 0.6963708333333334 0.3535282222222222 0.7010002870370371 0.3491222800925926 0.7011990462962963 0.3480997523148148 0.7021928425925926 0.34298711111111113
3 0.6462666828703704 0.3395443101851852 0.6446476134259259 0.33816843055555557 0.6454426527777778 0.3340783171296296 0.6438235833333332 0.3327024398148148 0.641181724537037 0.3268830972222222 0.6393638958333333 0.3265297476851852 0.6341091712962963 0.3244471689814815 0.6320925833333333 0.32511634722222227 0.6258440601851852 0.32814641203703704 0.6240262337962963 0.3277930601851852 0.6129205046296297 0.32669548842592594 0.6127217453703703 0.3277180185185185 0.6151648449074074 0.3345598865740741 0.6131482592592592 0.33522906712962963 0.6063034583333333 0.34132671527777775 0.6140012824074075 0.35025116203703704 0.6158191111111111 0.3506045115740741 0.630361736111111 0.3534313125 0.6305604953703704 0.35240878472222226 0.6390243634259258 0.3476870138888889 0.6392231226851851 0.3466644861111111 0.6398194027777777 0.343596900462963 0.6418359884259259 0.34292772222222223 0.6462666828703704 0.3395443101851852
3 0.635869011574074 0.3056883101851852 0.6342499421296296 0.30431243055555557 0.6205023541666667 0.29739551851851853 0.6186845277777778 0.29704216898148145 0.6112144560185185 0.2966512962962963 0.6091978680555555 0.297320474537037 0.6089991087962964 0.2983430023148148 0.6175209652777777 0.3127334421296296 0.6191400324074074 0.3141093217592592 0.6304735138888888 0.3237404699074074 0.6324901018518518 0.3230712916666667 0.636722037037037 0.32071040509259263 0.6369207962962963 0.31968787731481485 0.6385108703703705 0.31150765046296297 0.6368918009259259 0.3101317731481481 0.635869011574074 0.3056883101851852
3 0.39235443287037036 0.08326193981481482 0.3943710208333333 0.08259276157407408 0.4131455810185185 0.08305867592592593 0.41516216666666667 0.08238949768518519 0.4335102152777778 0.07534436342592593 0.43370897453703705 0.07432183564814815 0.44518322685185185 0.06381824537037037 0.44538198611111113 0.06279571759259259 0.4481646180555555 0.04848032175925926 0.4465455486111111 0.04710444212962964 0.4432784166666667 0.03479658101851852 0.44165934953703706 0.0334207037037037 0.4373984212962963 0.026225483796296297 0.43577935185185185 0.024849604166666667 0.4212077337962963 0.012466699074074074 0.41938990509259255 0.012113349537037037 0.41433393981481487 0.009008243055555556 0.41251611111111114 0.008654893518518518 0.36042436805555556 0.004896263888888889 0.3584077800925926 0.005565442129629629 0.34710329166666665 0.005490398148148148 0.34508670601851854 0.006159576388888889 0.3410535300925926 0.007497932870370371 0.3408547708333333 0.008520462962962962 0.3288132337962963 0.03164774074074074 0.3324778842592593 0.0419105462962963 0.3340969513888889 0.04328642361111111 0.34239105555555555 0.04914328703703704 0.34219229629629627 0.05016581712962963 0.3640642199074074 0.07351822685185185 0.36568328935185185 0.07489410416666667 0.3741761527777778 0.07972843981481482 0.37599397916666666 0.08008178935185184 0.39235443287037036 0.08326193981481482
3 0.3933234328703704 0.1365084537037037 0.39352219212962963 0.13548592592592593 0.40334838425925923 0.11405035416666667 0.40172931481481483 0.11267447453703704 0.3901680810185186 0.09450975 0.38854901157407407 0.09313387268518518 0.3790333587962963 0.08385607407407408 0.3772155300925926 0.08350272453703704 0.3717620462962963 0.08244267361111111 0.37156328703703706 0.0834652013888889 0.3711657685185185 0.08551025925925926 0.3727848356481481 0.08688613657407407 0.37485941203703704 0.10532916898148148 0.37466065277777777 0.10635169675925926 0.37045771064814814 0.1182686875 0.368441125 0.11893786574074074 0.36381167129629627 0.12334380555555555 0.3617950833333334 0.12401298611111111 0.34929803935185183 0.1300731111111111 0.347480212962963 0.12971976157407406 0.3375960347222222 0.132043125 0.33577820601851854 0.13168977546296295 0.3166061273148148 0.13326891666666668 0.31782767824074076 0.13668985185185184 0.31964550462962965 0.1370432013888889 0.33359185185185186 0.14293758564814815 0.3354096805555556 0.14329093518518518 0.3592402060185185 0.14686195833333335 0.3612567939814815 0.1461927800925926 0.3745778680555556 0.14559864351851853 0.37659445601851854 0.14492946527777778 0.3933234328703704 0.1365084537037037
3 0.3597784953703704 0.12468216435185185 0.35997725462962965 0.12365963425925927 0.36863988425925925 0.11791533564814814 0.36883864351851847 0.11689280787037036 0.3718490277777778 0.11111098842592593 0.37204778703703706 0.11008846064814815 0.3730125902777778 0.09541971296296296 0.3713935208333333 0.09404383564814814 0.3669048402777778 0.07831503935185184 0.3652857708333333 0.07693915972222223 0.34645322453703703 0.05736103703703704 0.3446353958333333 0.05700768518518519 0.31532239351851854 0.04282050925925926 0.31350456481481487 0.042467159722222224 0.3062332523148148 0.041053759259259255 0.3042166643518518 0.041722937499999994 0.3022000763888889 0.04239211574074074 0.30381914583333336 0.04376799537037037 0.3089041064814815 0.05642920601851852 0.30870534722222226 0.0574517337962963 0.3041048865740741 0.0714137800925926 0.30208829861111114 0.07208295833333334 0.2676365462962963 0.094037625 0.26561995833333335 0.09470680324074074 0.24968601851851854 0.09903770138888889 0.24948725925925927 0.10006022916666667 0.24889098148148148 0.10312781481481481 0.25840663425925925 0.11240561111111111 0.260224462962963 0.11275896296296296 0.28408398148148145 0.12588608796296297 0.28590180787037034 0.1262394375 0.3184239560185185 0.13362226620370368 0.3204405439814815 0.13295308796296296 0.34364579629629627 0.13003559027777778 0.34566238425925927 0.12936641203703705 0.3597784953703704 0.12468216435185185
3 0.22567660416666668 0 0.26118506712962963 0.030174953703703704 0.2664397939814815 0.03225753240740741 0.28620814814814816 0.027610805555555555 0.29004256481481483 0.02729497685185185 0.2954960486111111 0.028355027777777778 0.29711511805555557 0.029730905092592592 0.29793914814814815 0.03519689583333333 0.3027963564814815 0.03932453240740741 0.3142996018518518 0.03837704629629629 0.31892905555555556 0.03397110416666666 0.3251775763888889 0.030941041666666665 0.32577385416666665 0.027873456018518518 0.3277904421296296 0.02720427777777778 0.3313971041666666 0.018354872685185184 0.3334136921296296 0.017685694444444445 0.33682159490740743 0.009858819444444444 0.3388381828703704 0.009189641203703703 0.3392357013888889 0.0071445833333333335 0.336196324074074 0.0033702986111111112 0.3250905949074074 0.0022727268518518517 0.3230740092592593 0.0029419050925925923 0.3121670393518518 0.0008218055555555555 0.31015045138888886 0.0014909837962962965 0.3024800046296296 0 0.297347625 0 0.29722689583333334 0.0000400625 0.2970207916666667 0 0.22567660416666668 0
3 0.1281880972222222 0 0.11416874305555556 0.010087180555555556 0.11700936342592592 0.014883993055555555 0.11556089814814816 0.016512534722222222 0.11874272685185185 0.027318187499999997 0.1295643935185185 0.027936076388888887 0.12655400925925925 0.03371789583333334 0.12453742129629629 0.03438707407407408 0.1203336412037037 0.032721011574074074 0.12394114351851852 0.03745465972222223 0.12172579629629629 0.03914636574074074 0.12456641666666667 0.04394318055555555 0.1298211412037037 0.04602575925925926 0.13567214351851853 0.045040752314814816 0.1431422152777778 0.045431622685185184 0.14697663194444444 0.04511579398148148 0.1590761550925926 0.04110072453703704 0.1718009537037037 0.043574175925925926 0.19580124305555555 0.0365665625 0.1974203125 0.037942442129629626 0.20994634953703703 0.04143841898148148 0.21014510879629628 0.04041589120370371 0.22022804629629628 0.03707 0.2238637037037037 0.03777669907407408 0.22588028935185187 0.03710752083333334 0.22951594675925927 0.03781422222222222 0.2315325347222222 0.037145043981481475 0.23516818981481483 0.03785174305555556 0.23718477777777777 0.03718256481481482 0.24082043287037036 0.03788926388888889 0.24283702083333333 0.03722008564814815 0.2503070925925926 0.03761095833333333 0.2543402685185185 0.036272601851851854 0.258770962962963 0.0328891875 0.2539137546296296 0.028761553240740742 0.2541125138888889 0.027739025462962964 0.24925530787037037 0.023611391203703702 0.24945406712962961 0.02258886111111111 0.24459686111111112 0.01846122685185185 0.24479562037037036 0.017438699074074075 0.23508120833333332 0.00918342824074074 0.23326337962962962 0.008830078703703705 0.22678710648148148 0.0033265648148148147 0.22153237962962963 0.0012439861111111113 0.2200685138888889 0 0.1784710972222222 0 0.1646124236111111 0.0029138263888888885 0.15575103703703702 0.009680652777777778 0.14748592824074075 0.013379895833333334 0.14305523379629628 0.01676330787037037 0.14265771527777776 0.01880836574074074 0.1362104351851852 0.02286095601851852 0.12266160648148149 0.014921516203703702 0.12305912499999999 0.012876458333333334 0.13836779398148147 0.0020570416666666667 0.13789430555555557 0 0.1281880972222222 0
3 0.2214869837962963 0.18587756481481482 0.21015350231481483 0.17624641666666666 0.19742870601851853 0.17377296527777777 0.18351135416666667 0.1774346851851852 0.18311383564814815 0.17947974305555553 0.1877722824074074 0.1846299050925926 0.18545755555555557 0.18683287731481482 0.19061290046296298 0.1894267199074074 0.18680747916666665 0.19929865277777778 0.19308499305555557 0.20582469444444446 0.1965218912037037 0.20755392129629627 0.216518 0.21144077314814816 0.23063411342592594 0.20675652314814813 0.23103163194444445 0.2047114675925926 0.23546232407407408 0.20132805324074074 0.23443953472222223 0.19688459027777777 0.21353451157407408 0.1928210648148148 0.21120528703703703 0.19024598379629631 0.21887411805555554 0.18961432638888887 0.2214869837962963 0.18587756481481482
3 0.2303235763888889 0.23746989583333333 0.23455550925925925 0.23510900925925926 0.23495302777777777 0.2330639537037037 0.23696961574074074 0.23239477546296297 0.2395824814814815 0.22865801157407406 0.23089085879629628 0.2248462060185185 0.2242158263888889 0.2203652199074074 0.21149102777777778 0.21789177083333333 0.20342467824074076 0.2205684837962963 0.20160684953703706 0.22021513425925926 0.19757367592592592 0.22155349074074074 0.19515956944444443 0.22426772453703703 0.20021553472222223 0.22737283101851855 0.19689251388888887 0.22991039120370368 0.19862546064814815 0.23555305787037037 0.1966088726851852 0.23622223611111112 0.19984700925925925 0.23897399305555556 0.20348266666666667 0.2396806921296296 0.2051017337962963 0.24105657175925924 0.2056980138888889 0.2379889861111111 0.2111514976851852 0.23904903703703703 0.2160087037037037 0.2431766712962963 0.21822405092592592 0.24148496527777777 0.21779753703703705 0.23397391666666667 0.22506884953703704 0.23538731712962963 0.22668791898148147 0.23676319444444444 0.2303235763888889 0.23746989583333333
3 0.25344184722222224 0.20588408101851852 0.2516240185185185 0.2055307314814815 0.24313115740740743 0.20069639814814816 0.24131332870370373 0.20034304629629632 0.2376776712962963 0.19963634722222223 0.23747891203703705 0.20065887500000001 0.23446852777777777 0.20644069444444443 0.24176883564814813 0.21741019907407408 0.24358666203703705 0.21776355092592592 0.24682480092592593 0.22051530787037038 0.2486426273148148 0.2208686574074074 0.2597483564814815 0.22196622916666667 0.25994711574074075 0.22094369907407407 0.26153718981481483 0.21276347453703703 0.25991812268518516 0.2113875949074074 0.25344184722222224 0.20588408101851852
3 0.29454383796296296 0.24676956018518517 0.2951401157407407 0.24370197453703704 0.29735546296296295 0.2420102685185185 0.2945148449074074 0.23721345370370372 0.29087918749999997 0.23650675462962964 0.2840053935185185 0.23304829861111112 0.28076725694444443 0.23029654166666666 0.2809660162037037 0.22927401388888888 0.2700590462962963 0.22715391435185187 0.2657608587962963 0.2298556412037037 0.26116866666666666 0.22436463425925926 0.25753300925925926 0.22365793518518517 0.24705255324074074 0.22904888425925926 0.2462575162037037 0.2331389976851852 0.2543528587962963 0.2400183888888889 0.2616241712962963 0.24143178703703702 0.2644357962962963 0.23667249537037038 0.2749162523148148 0.2312815486111111 0.27957469907407406 0.23643171064814814 0.27755811342592596 0.2371008888888889 0.2739514490740741 0.2459502939814815 0.2838646226851852 0.25318303703703704 0.29193097222222225 0.2505063217592593 0.29252725 0.24743873842592592 0.29454383796296296 0.24676956018518517
3 0.1689977222222222 0.18416399074074072 0.17101431018518518 0.1834948125 0.18030221064814816 0.18423903472222222 0.1805009699074074 0.18321650694444444 0.18251755555555554 0.18254732638888888 0.18271631481481482 0.1815247986111111 0.18169352546296297 0.17708133564814815 0.18007445601851851 0.17570545833333334 0.17541600925925924 0.17055529398148148 0.17359818055555556 0.17020194444444445 0.17016128472222222 0.1684727152777778 0.16814469675925925 0.16914189351851852 0.15502238194444443 0.1687135 0.15300579398148148 0.16938268055555555 0.14715479166666667 0.17036768518518516 0.1469560324074074 0.17139021527777776 0.13931619444444443 0.18157797685185187 0.13729960648148148 0.1822471550925926 0.1352830185185185 0.18291633333333335 0.13508425925925927 0.18393886111111113 0.13428922222222223 0.18802897453703704 0.1462189814814815 0.19459253703703702 0.1480368101851852 0.19494588657407408 0.15712595138888888 0.1967126365740741 0.15914253703703704 0.19604345833333334 0.1647947824074074 0.19608098148148148 0.16499354166666666 0.19505845138888891 0.16942423379629631 0.19167503935185184 0.16962299305555556 0.19065251157407406 0.1689977222222222 0.18416399074074072
3 0.1917226712962963 0.22253849768518516 0.1896770902777778 0.21365156944444444 0.184621125 0.21054646296296298 0.1828032962962963 0.21019311342592595 0.1787701226851852 0.21153146990740743 0.17169756944444445 0.20909554166666666 0.17087353703703703 0.20362955092592594 0.16905571064814814 0.20327620138888888 0.16581757175925926 0.20052444444444445 0.15854625925925928 0.19911104398148147 0.15451308564814814 0.20044940046296295 0.14502642592592593 0.20072770833333334 0.14099325 0.20206606481481482 0.14383387037037038 0.2068628773148148 0.15028839814814815 0.20519931249999998 0.15978230787037037 0.20731003240740742 0.15655866666666665 0.2093363263888889 0.1581777337962963 0.2107122060185185 0.16927621527777778 0.20942075 0.16908470370370368 0.21283230555555555 0.17817384490740742 0.21459905555555553 0.18283229166666665 0.2197492175925926 0.18970608564814814 0.2232076759259259 0.1917226712962963 0.22253849768518516
3 0.22409603935185185 0.5800762685185186 0.22429479861111112 0.5790537407407408 0.23699060185185186 0.5719710856481481 0.23718936111111114 0.5709485578703704 0.23798439814814815 0.5668584444444444 0.2363653287037037 0.5654825648148148 0.22767370833333334 0.5616707592592592 0.22605463888888888 0.5602948819444444 0.2211974328703704 0.5561672453703704 0.2213961921296296 0.5551447175925927 0.21247681712962962 0.5427993356481482 0.21065898842592592 0.5424459837962963 0.20097356944444444 0.5437468194444445 0.19915574305555556 0.5433934699074074 0.18117621990740743 0.5388374421296296 0.17915963194444445 0.5395066203703703 0.17535421064814813 0.5493785532407407 0.17782630555555556 0.5657765277777778 0.1794453726851852 0.5671524050925926 0.18876226851851852 0.5774527314814815 0.1905800949074074 0.5778060833333333 0.2087583773148148 0.5813395833333334 0.21077496527777775 0.5806704050925926 0.21824503703703704 0.5810612754629629 0.22026162268518518 0.5803920972222222 0.22409603935185185 0.5800762685185186
3 0.274084212962963 0.5558357615740741 0.27428297222222225 0.5548132337962963 0.2750780115740741 0.5507231203703703 0.2734589421296296 0.5493472430555555 0.2710158425925926 0.5425053726851852 0.26939677314814814 0.5411294953703704 0.2659598773148148 0.5394002662037037 0.2641420486111111 0.5390469166666667 0.24394718055555556 0.5361825949074074 0.24193059259259259 0.5368517731481481 0.21932161805555556 0.5367016875 0.21912285879629628 0.5377242152777778 0.21611247453703705 0.5435060347222223 0.22625339814814815 0.5592723518518519 0.22807122685185185 0.5596257037037037 0.23474626157407408 0.5641066874999999 0.23656408796296294 0.5644600370370371 0.24565322916666668 0.566226787037037 0.24766981712962963 0.5655576087962962 0.26320623842592594 0.5632717685185186 0.26340499768518516 0.5622492384259259 0.274084212962963 0.5558357615740741
3 0 0.5680315902777777 0.016325342592592593 0.5619741643518519 0.016524101851851852 0.5609516365740741 0.02941866435185185 0.5528464537037037 0.02961742361111111 0.5518239236111111 0.0394726087962963 0.5399444560185185 0.03967136805555556 0.5389219282407407 0.04305027777777778 0.5215389467592593 0.04143120833333333 0.5201630694444445 0.03654500925925926 0.5064793287037037 0.034925939814814816 0.5051034513888889 0.014929831018518518 0.5012165995370371 0.013310761574074074 0.49984072222222226 0.001579761574074074 0.4922546319444444 0 0.4927788541666666 0 0.5680315902777777
0 0.9104023773148149 0.7518948148148148 0.9343107662037037 0.7744757939814814 0.947821900462963 0.7699922986111111 0.923265886574074 0.7468609699074074 0.9073294259259259 0.7104427106481481 0.9059393310185185 0.6913899143518519 0.9122271851851852 0.6813638194444445 0.9290128912037038 0.6716804398148148 0.9629656875 0.664909537037037 0.9665897453703705 0.6617937939814815 0.9700282824074073 0.6441040555555555 0.8158706967592593 0.6588138287037038 0.8268497314814816 0.6780326643518518 0.8792648680555556 0.6752749421296296 0.8895043333333333 0.6769469444444445 0.8873179814814814 0.6881947569444444 0.9006163194444445 0.7333323356481481 0.9104023773148149 0.7518948148148148
1 0.8523245810185186 0.6779970046296296 0.8518632754629629 0.6590186319444444 0.8543001574074074 0.6571577546296297 0.7817357013888888 0.6587578680555555 0.6487327523148148 0.5801649027777778 0.6408966342592592 0.5855392754629629 0.7536620648148149 0.6605168171296296 0.7398809421296296 0.6625071550925925 0.6926095532407408 0.6640362777777779 0.7049206944444444 0.6831956990740741 0.8523245810185186 0.6779970046296296
1 0.4375269537037037 0.7272548935185185 0.4812177361111111 0.6965905972222223 0.4931752314814815 0.6923356875000001 0.5639359351851853 0.68836875 0.5485572615740741 0.6694619907407408 0.4777849606481481 0.6696064861111111 0.4057625324074074 0.6635654675925926 0.40918619212962964 0.6808912222222223 0.4716027037037037 0.6878240648148148 0.46949833333333335 0.692826949074074 0.43128918981481484 0.7205243449074075 0.4375269537037037 0.7272548935185185
1 0.20575672916666665 0.6365733078703704 0.1537386898148148 0.6304944444444445 0.15394988657407407 0.6468774097222222 0.25858804166666666 0.6578787708333332 0.2970721689814815 0.6675877708333333 0.31916600925925925 0.650977462962963 0.31862065972222225 0.6508714583333334 0.2529573125 0.6383200277777777 0.22216685185185184 0.6162052870370371 0.1762213125 0.5623871759259259 0.16697606481481483 0.5623940578703703 0.20905033564814815 0.6176881157407408 0.21414689351851854 0.6341717685185185 0.21223548379629628 0.6362409050925926 0.20575672916666665 0.6365733078703704
1 0.14268430787037037 0 0.1297565138888889 0.011419275462962963 0.0803522199074074 0.06177177546296297 0.08554235879629629 0.07583294444444445 0.12193863425925926 0.036110365740740745 0.1631872662037037 0 0.14268430787037037 0