2 0.3697619212962963 0.520467224537037 0.7482091342592592 0.6564660231481482 0.8461276180555556 0.7072059027777777 0.8136034722222222 0.6250833009259259 0.8083959976851852 0.6256310625 0.7268375787037037 0.6157995601851852 0.3718469652777778 0.48729061574074073 0.31208081944444444 0.46362789120370373 0.0025357060185185187 0.4345780601851852 0.0007590069444444444 0.469537349537037 0.12802270138888888 0.4864891157407407 0.21792094907407408 0.48566768518518516 0.3697619212962963 0.520467224537037
3 0.8729539166666667 0.27329446759259257 0.8748046412037037 0.27335909722222224 0.8857999236111112 0.2768699652777778 0.8876506458333333 0.2769345925925926 0.8969042662037038 0.2772577361111111 0.8987913425925925 0.2762813333333333 0.9136334861111111 0.2757573310185185 0.9155205625 0.27478092824074074 0.9397617407407408 0.2704159398148148 0.9416488171296296 0.26943953703703705 0.9680315486111112 0.2568109212962963 0.968067900462963 0.2557698888888889 0.9813865046296297 0.2458119699074074 0.9814228587962963 0.2447709375 0.9910400138888888 0.23468375925925927 0.9910763657407408 0.23364272685185183 0.9970284282407407 0.22238525925925925 0.9970647824074074 0.22134422685185184 0.9972829027777778 0.21509803472222225 0.9954685324074075 0.21399237499999998 0.9939086388888889 0.20559948842592593 0.9920942685185185 0.20449382870370372 0.9868692800925927 0.19493065277777777 0.9850549097222222 0.19382499305555556 0.9542106180555556 0.17502875925925926 0.9523598935185185 0.17496412962962962 0.9414736736111111 0.16833016435185186 0.9396229490740742 0.16826553703703706 0.9268132986111112 0.16364900694444445 0.924962574074074 0.16358437731481482 0.8954600555555556 0.1594272222222222 0.8935729791666667 0.160403625 0.8750293865740741 0.16079837037037037 0.8731423101851852 0.16177477546296296 0.8414255300925926 0.16796331250000002 0.8395384537037037 0.16893971527777776 0.8112686458333334 0.1825447337962963 0.8112322916666668 0.1835857662037037 0.7976955671296296 0.19978987962962963 0.7976592129629629 0.20083091203703704 0.7971866157407407 0.2143643287037037 0.8042623287037037 0.22399213194444445 0.8060766990740741 0.2250977939814815 0.8241840462962963 0.23719543287037037 0.8241476921296297 0.23823646527777778 0.8364847476851851 0.25638641203703705 0.8382991180555556 0.2574920740740741 0.8473709675925926 0.2630203773148148 0.8492216921296296 0.26308500462962964 0.8729539166666667 0.27329446759259257
3 0.9527895138888889 0.2687862777777778 0.9509387893518519 0.26872164814814814 0.9491244212962963 0.26761598842592593 0.9472373425925925 0.2685923912037037 0.9247741828703704 0.27510407175925927 0.9229234583333334 0.2750394421296296 0.9005693587962962 0.27842802777777775 0.8987186342592592 0.27836339814814814 0.8913157407407408 0.2781048842592593 0.8894286620370371 0.279081287037037 0.8893196018518518 0.28220438194444447 0.9124701689814815 0.3090703587962963 0.9143208935185185 0.3091349884259259 0.9198367106481482 0.3103699050925926 0.921723789351852 0.30939350231481483 0.948288287037037 0.29155972685185183 0.9483246412037037 0.29051869444444445 0.9541676412037037 0.28238432407407404 0.9542039930555555 0.28134329166666666 0.9527895138888889 0.2687862777777778
3 0.8286026296296297 0.37597584722222227 0.8304897083333332 0.37499944444444444 0.8584686851851852 0.3697226828703704 0.8603557638888889 0.3687462777777778 0.8925814930555556 0.34798329166666664 0.8926178472222221 0.34694225925925926 0.898351787037037 0.3419309861111111 0.8983881412037037 0.34088995370370373 0.9043038472222222 0.3306735185185185 0.9043402013888888 0.32963248611111107 0.9051399814814814 0.30672978009259255 0.9033256111111112 0.30562411805555556 0.8892105416666667 0.2853274791666667 0.8873961712962962 0.28422181944444447 0.8655510231481481 0.2730359537037037 0.8637002986111112 0.2729713240740741 0.830678099537037 0.26347975 0.8288273773148148 0.2634151226851852 0.8065459837962963 0.2647216412037037 0.8046589074074073 0.2656980462962963 0.7897077013888889 0.2693451435185185 0.7878206249999999 0.27032154861111113 0.7726512986111111 0.28021484027777777 0.7726149444444445 0.28125587037037036 0.7592236342592592 0.2932958564814815 0.7591872800925926 0.29433688888888887 0.7476830486111111 0.30540046990740743 0.7476466944444444 0.3064415 0.7436907708333332 0.3135994675925926 0.7418036944444445 0.31457587268518516 0.7305175833333334 0.31939325925925927 0.7304812291666666 0.3204342916666667 0.722860212962963 0.32642196990740735 0.7228238587962963 0.32746300231481484 0.7204278310185186 0.3430138541666667 0.7328012384259259 0.3601227708333333 0.734651962962963 0.36018739814814815 0.745574537037037 0.3657803310185185 0.7474252615740741 0.36584496064814814 0.7730445648148148 0.3750780185185185 0.7748952870370371 0.37514264814814813 0.8137241319444444 0.3775408819444444 0.8156112106481481 0.3765644791666667 0.8286026296296297 0.37597584722222227
3 0.612791712962963 0.40075091435185184 0.6146424351851851 0.40081554166666666 0.6405889212962963 0.40067931250000005 0.6424759999999999 0.3997029097222222 0.6592052199074074 0.3982025023148148 0.6610922986111112 0.397226099537037 0.6835554583333333 0.39071441898148146 0.6854425347222223 0.38973801620370374 0.6986884305555555 0.3818621597222222 0.6987247847222222 0.3808211273148148 0.7198461736111111 0.3596703680555556 0.719882525462963 0.358629337962963 0.7202824166666667 0.3471779837962963 0.7184680462962963 0.34607232407407407 0.7117195162037037 0.3270752291666667 0.7099051458333333 0.32596956944444444 0.7063491134259259 0.32167618287037036 0.7045347430555556 0.32057052314814816 0.6990552800925925 0.31829457175925924 0.6972045555555555 0.31822994444444447 0.6731815 0.3163487384259259 0.6713671296296296 0.3152430787037037 0.6566340486111111 0.31264398379629627 0.656670400462963 0.3116029513888889 0.6623316342592593 0.3086737407407408 0.6641823564814815 0.3087383703703704 0.6772101319444445 0.30710870601851853 0.6772464837962963 0.30606767592592593 0.6754321134259259 0.30496201388888894 0.6735813912037037 0.3048973842592592 0.6550741527777778 0.3042510972222222 0.653187076388889 0.3052275023148148 0.6290186064814814 0.3075104259259259 0.6271315277777778 0.3084868287037037 0.5934913194444446 0.31669280092592594 0.5916042407407408 0.31766920370370366 0.5822415601851852 0.32046915740740745 0.5803544837962963 0.3214455601851852 0.5633344328703704 0.33127422222222225 0.5614837106481482 0.3312095949074074 0.5521937384259259 0.3319274837962963 0.5503066597222221 0.3329038865740741 0.5427947037037038 0.33576846759259255 0.542758349537037 0.3368095 0.5328867199074074 0.3541839027777777 0.5328503657407407 0.3552249351851852 0.5326322453703703 0.36147112731481484 0.5380753541666666 0.36478810879629625 0.538039 0.3658291412037037 0.5558555185185186 0.38625503935185185 0.5576698888888889 0.38736069907407406 0.5741446342592593 0.39314751851851854 0.5759953587962963 0.39321214814814814 0.5869906412037037 0.3967230162037037 0.588841363425926 0.3967876458333333 0.612791712962963 0.40075091435185184
3 0.3982895254629629 0.38804882407407404 0.4001402476851852 0.3881134537037037 0.4240905972222222 0.3920767222222222 0.42594131944444447 0.3921413518518519 0.4462992824074074 0.39285226620370367 0.4481863587962963 0.3918758634259259 0.46861702777777775 0.3905047152777778 0.47050410416666666 0.3895283125 0.48171750925925927 0.3867929884259259 0.4836045856481481 0.38581658333333335 0.5157212546296296 0.36817669444444445 0.5157576087962963 0.36713566203703707 0.5330321342592592 0.35001977314814814 0.5330684884259259 0.34897874305555554 0.5354645162037037 0.3334278888888889 0.5336501458333334 0.33232222916666665 0.5286432800925925 0.3165128611111111 0.5268289097222222 0.31540719907407405 0.5015731435185186 0.29576381944444446 0.4997224189814815 0.29569919212962964 0.4852438125 0.2858128726851852 0.483393087962963 0.2857482430555556 0.4632532476851852 0.27879113657407406 0.461402525462963 0.27872650694444445 0.442895287037037 0.27808021990740744 0.44100821064814816 0.27905662268518516 0.4242426342592593 0.2815980625 0.4223555578703704 0.2825744652777778 0.4015977060185185 0.2933149027777778 0.39974698148148147 0.29325027314814817 0.379061837962963 0.3019086481481481 0.3790254837962963 0.3029496782407407 0.35438441666666665 0.31876602083333333 0.3543480648148148 0.31980705092592593 0.3465816319444444 0.3299588587962963 0.3465452800925926 0.3309998912037037 0.34248029398148144 0.3412809537037037 0.3491924699074074 0.3613190787037037 0.35100684027777773 0.3624247407407407 0.3581189074074074 0.3710115115740741 0.3599332777777778 0.3721171712962963 0.36896877314814813 0.37868650925925923 0.37081949768518513 0.37875113657407405 0.3799277013888889 0.3832384097222222 0.3817784259259259 0.38330303703703705 0.3982895254629629 0.38804882407407404
3 0.26136900925925927 0.4353825347222222 0.2595182847222222 0.4353179074074074 0.25396611342592595 0.43512402083333335 0.25207903703703705 0.4361004236111111 0.24638145138888887 0.44007066666666667 0.24634509722222223 0.44111169907407405 0.2462723888888889 0.4431937615740741 0.24986477546296296 0.4464461157407407 0.2517155 0.44651074537037033 0.26096911805555556 0.4468338888888889 0.26285619675925925 0.4458574861111111 0.26663035185185185 0.4439046782407407 0.2666667037037037 0.4428636458333333 0.26681211805555555 0.4386995185185185 0.26499775 0.43759385648148147 0.26136900925925927 0.4353825347222222
3 0.2334627384259259 0.43857723379629626 0.23157565972222222 0.43955363657407404 0.2278378587962963 0.44046541203703704 0.2259507824074074 0.4414418148148148 0.21840247222222223 0.4453474282407407 0.21836611805555556 0.44638846064814813 0.21829341203703703 0.448470525462963 0.22551453703703703 0.45393419907407406 0.22736526157407408 0.4539988287037037 0.23661887962962963 0.4543219722222222 0.23850595833333335 0.45334556944444443 0.24609062037037038 0.4483989236111111 0.24612697453703702 0.44735789120370373 0.24449437268518517 0.44104706944444444 0.24268000231481482 0.43994140972222223 0.2334627384259259 0.43857723379629626
3 0.27272782638888887 0.42848308333333335 0.27084075 0.4294594861111111 0.26521587037037037 0.4313476643518519 0.2651795162037037 0.4323886967592593 0.26507045601851853 0.4355117916666667 0.2723279375 0.43993443518518516 0.2741786597222222 0.4399990648148148 0.2797308310185185 0.44019295138888886 0.2816179097222222 0.4392165462962963 0.28553747916666666 0.4330996111111111 0.2837231087962963 0.4319939513888889 0.2801307222222222 0.42874159722222227 0.2782799976851852 0.4286769699074074 0.27272782638888887 0.42848308333333335
3 0.49389921296296296 0.5685788611111111 0.49208484259259255 0.5674732013888889 0.4793115439814815 0.5618156388888889 0.4774608194444444 0.561751011574074 0.4645784606481481 0.5592165462962962 0.46269138425925926 0.5601929490740741 0.44774017824074075 0.5638400486111111 0.4477038263888889 0.5648810810185185 0.4455622731481481 0.5731447083333333 0.460004525462963 0.5840720601851852 0.46185525 0.5841366875 0.4784390555555556 0.5868004097222222 0.48032613425925924 0.5858240069444445 0.48965246064814816 0.5840650856481481 0.4896888125 0.5830240532407407 0.4915758912037037 0.5820476504629629 0.49161224537037035 0.5810066180555555 0.49389921296296296 0.5685788611111111
3 0.4466693634259259 0.8598163101851852 0.4467057175925926 0.8587752800925926 0.45628651851851854 0.8497291342592592 0.4563228726851852 0.8486881018518518 0.4586098402777778 0.8362603449074074 0.45679546990740744 0.8351546851851852 0.4550901597222222 0.8309259259259258 0.45327578935185187 0.8298202662037036 0.4442039398148148 0.824291962962963 0.44235321527777777 0.8242273333333334 0.43505938194444443 0.8208457222222222 0.43320865740740744 0.8207810925925926 0.41651579166666663 0.8212404675925926 0.414628712962963 0.8222168703703704 0.4071531111111111 0.8240404212962963 0.40711675694444444 0.8250814513888889 0.3995684467592593 0.8289870671296297 0.39953209490740743 0.8300280972222223 0.39753595601851854 0.8341275972222222 0.4026518842592593 0.8468138703703704 0.40446625462962965 0.8479195300925926 0.4206501689814815 0.8620346064814816 0.42250089351851855 0.8620992337962963 0.42986743518518516 0.8633987824074074 0.431754511574074 0.8624223773148147 0.43730668287037033 0.8626162638888888 0.4391937615740741 0.8616398611111111 0.4466693634259259 0.8598163101851852
3 0.4542209861111111 0.8027534305555556 0.45240661574074076 0.8016477708333334 0.43633175925925927 0.7844095995370369 0.43444468287037036 0.7853860023148148 0.43074323379629625 0.7852567453703704 0.4288561574074074 0.7862331481481482 0.4156829699074074 0.7920269398148149 0.41564661574074074 0.7930679722222223 0.4099853842592593 0.7959971828703704 0.4099490300925926 0.797038212962963 0.4098399675925926 0.8001613101851852 0.4133960023148148 0.8044546967592593 0.4152103726851852 0.8055603564814815 0.4297616851851852 0.8133646111111111 0.4316124097222222 0.8134292407407407 0.44271675231481483 0.813817011574074 0.4446038310185185 0.8128406087962964 0.45763160416666665 0.8112109444444444 0.4576679560185185 0.8101699143518518 0.4542209861111111 0.8027534305555556
3 0.49983471296296295 0.8231077268518519 0.49798399074074073 0.8230430972222222 0.47022313425925927 0.8220736666666667 0.4683360555555556 0.8230500717592593 0.4644528402777778 0.8281259745370371 0.46441648611111114 0.8291670069444445 0.4641256574074074 0.837495263888889 0.469387 0.8460174050925926 0.47120137037037035 0.8471230671296296 0.4820875902777778 0.8537570324074074 0.4839383148148148 0.8538216597222222 0.49504265740740744 0.8542094328703704 0.4969297337962963 0.8532330300925927 0.5013582546296297 0.8325416435185184 0.5013946087962963 0.8315006134259258 0.49983471296296295 0.8231077268518519
3 0.3699502430555555 0.9342675393518518 0.3680995208333333 0.934202912037037 0.3587004861111111 0.9380438958333334 0.3586641319444444 0.9390849282407407 0.3509704097222222 0.9471546712962963 0.3582278888888889 0.9515773125 0.3600786134259259 0.9516419421296297 0.3656307847222222 0.9518358287037038 0.3675178611111111 0.9508594236111111 0.37502981712962963 0.9479948425925926 0.37506617129629627 0.9469538101851852 0.37532064583333336 0.9396665856481482 0.3735062777777778 0.938560925925926 0.3699502430555555 0.9342675393518518
3 0.38305072453703704 0.9305558125 0.3811636481481482 0.9315322152777777 0.3736516921296296 0.9343967962962964 0.373615337962963 0.9354378287037037 0.3735789837962963 0.9364788611111111 0.37894938657407407 0.9418779074074074 0.3808001111111111 0.941942537037037 0.38820300694444443 0.9422010509259259 0.39009008333333334 0.9412246481481481 0.3958603773148148 0.9351723425925926 0.39404600694444447 0.9340666805555555 0.38860289583333335 0.930749699074074 0.3867521712962963 0.9306850694444444 0.38305072453703704 0.9305558125
3 0.3962966203703704 0.9226799560185185 0.39440954166666664 0.9236563587962963 0.38863925 0.9297086666666666 0.3977474537037037 0.9341959375000001 0.39963453009259264 0.9332195347222223 0.40518670138888885 0.9334134212962963 0.4070737800925926 0.9324370162037037 0.40914262500000004 0.9262554537037038 0.40732825462962957 0.9251497916666667 0.4036995162037037 0.9229384699074075 0.4018487916666667 0.9228738425925926 0.3962966203703704 0.9226799560185185
3 0.9642209606481481 0.8434936574074073 0.9641846064814815 0.8445346898148147 0.9601196226851852 0.8548157546296297 0.9692641805555555 0.8582619930555556 0.9711149050925926 0.8583266226851852 0.9822556018518519 0.8576733634259258 0.9841426782407408 0.8566969583333334 0.9862842314814815 0.8484333310185185 0.9844698611111111 0.8473276712962963 0.9734745787037037 0.8438168009259259 0.9716238564814815 0.8437521736111111 0.9642209606481481 0.8434936574074073
3 0.9697731319444445 0.8436875439814815 0.9679587615740741 0.8425818842592593 0.9533347407407406 0.8368596944444445 0.9514840162037037 0.8367950648148148 0.9422303981481482 0.8364719212962962 0.9403433194444445 0.837448324074074 0.9252467013888889 0.845259550925926 0.9490152800925926 0.8544279814814815 0.9509023587962964 0.8534515787037037 0.9564545300925926 0.8536454652777777 0.9583416064814815 0.8526690601851852 0.9640028402777778 0.8497398518518519 0.9640391921296296 0.8486988194444445 0.9660353310185186 0.8445993194444443 0.9679224074074073 0.8436229166666668 0.9697731319444445 0.8436875439814815
3 0.5616456851851852 0.06125913425925926 0.5597949606481482 0.06119450462962962 0.5505413425925926 0.060871361111111105 0.5486542638888889 0.061847766203703705 0.5448801087962963 0.06380057175925925 0.5448437569444444 0.06484160416666666 0.5445892800925927 0.0721288287037037 0.5518467615740741 0.07655147222222222 0.5536974837962964 0.07661610185185186 0.5592496550925926 0.0768099861111111 0.5611367337962962 0.07583358333333334 0.5668343194444444 0.0718633425925926 0.5668706736111111 0.07082231018518519 0.5671251481481482 0.06353508564814815 0.5652744259259259 0.06347045601851851 0.5616456851851852 0.06125913425925926
3 0.5804801041666666 0.052536131944444446 0.5786293819444445 0.05247150462962963 0.5675250393518518 0.05208373148148148 0.5656379606481482 0.053060134259259255 0.5598676689814814 0.05911244212962963 0.5689395185185185 0.06464074537037037 0.5707902430555556 0.06470537500000001 0.5800075069444445 0.06606954861111111 0.5818945856481481 0.06509314583333334 0.5857050925925926 0.06209930787037037 0.5857414467592592 0.06105827546296297 0.5858868611111111 0.05689414583333333 0.5840724907407407 0.055788486111111105 0.5804801041666666 0.052536131944444446
3 0.5969912037037036 0.05728191898148148 0.5951404814814815 0.05721728935185185 0.587628525462963 0.06008187268518519 0.5875921712962963 0.06112290509259259 0.585632386574074 0.06418137268518519 0.5928171597222223 0.0706860787037037 0.5946678819444444 0.07075070833333333 0.6002200532407408 0.0709445949074074 0.6021071319444444 0.06996818981481481 0.6040305625 0.06795075462962963 0.6040669166666667 0.06690972222222223 0.6024706689814815 0.059557870370370365 0.6006562986111111 0.05845220833333333 0.5969912037037036 0.05728191898148148
3 0.596445900462963 0.07289740046296296 0.5945588217592592 0.07387380324074073 0.5924899768518519 0.08005536805555556 0.5979330856481482 0.08337234953703704 0.5997838101851852 0.08343697916666667 0.6053359814814814 0.08363086574074075 0.6072230601851851 0.08265446296296296 0.6128842916666666 0.07972525231481481 0.6129206458333334 0.0786842199074074 0.6130660601851852 0.07452009027777777 0.6112516898148148 0.07341443055555555 0.596445900462963 0.07289740046296296
3 0.6010528749999999 0.10015812268518519 0.604645261574074 0.10341047453703703 0.6064959861111111 0.10347510416666666 0.6120481574074075 0.10366899074074075 0.613935236111111 0.10269258564814815 0.614080650462963 0.09852845833333333 0.6122662800925925 0.09742279861111111 0.6030126597222222 0.0970996550925926 0.6029763078703704 0.09814068518518519 0.6010528749999999 0.10015812268518519
3 0.09249379861111111 0.23040567592592592 0.09064307407407408 0.23034104629629631 0.0869416273148148 0.23021178935185185 0.0850545486111111 0.23118819212962963 0.07746988657407407 0.23613483796296297 0.07743353240740741 0.23717587037037036 0.07736082407407407 0.23925793518518518 0.0845819513888889 0.2447216111111111 0.08643267592592592 0.24478623842592592 0.09198484722222222 0.244980125 0.0938719236111111 0.24400372222222225 0.0995331574074074 0.24107451157407406 0.09956950925925927 0.24003347916666667 0.09971492361111112 0.23586935185185187 0.09790055555555555 0.2347636898148148 0.09249379861111111 0.23040567592592592
3 0.09434452083333333 0.23047030555555553 0.10156564814814814 0.23593397916666667 0.10341637268518519 0.23599860879629628 0.10900489814814815 0.23515146296296296 0.10904125 0.23411043055555555 0.1093320787037037 0.2257821736111111 0.10751771064814815 0.2246765115740741 0.09637701388888889 0.22532977314814814 0.09448993518518518 0.22630617592592592 0.09434452083333333 0.23047030555555553
3 0.06622012962962963 0.23991119444444445 0.06433305092592592 0.24088759953703706 0.062300560185185185 0.24602812962962964 0.07126334953703704 0.2546795300925926 0.07311407175925926 0.2547441597222222 0.0787389513888889 0.2528559814814815 0.07877530555555555 0.2518149490740741 0.08088050462962963 0.2445923541666667 0.07906613425925926 0.24348669212962962 0.07728811805555555 0.24134 0.07543739351851853 0.24127537037037036 0.06622012962962963 0.23991119444444445
3 0.35624176620370374 0.21251611574074072 0.3653499699074074 0.2170033888888889 0.3672006944444444 0.2170680162037037 0.3709384953703704 0.21615624074074075 0.37282557175925923 0.21517983796296297 0.37311640046296296 0.2068515810185185 0.3713020300925926 0.2057459212962963 0.3583469652777778 0.20529352083333333 0.3583106111111111 0.20633455092592592 0.35624176620370374 0.21251611574074072
3 0.4513425023148148 0.40762060185185184 0.4532295787037037 0.4066441990740741 0.4739874305555556 0.3959037615740741 0.47402378472222223 0.3948627291666667 0.47779793981481483 0.3929099236111111 0.4778342916666667 0.3918688912037037 0.477907 0.3897868263888889 0.4760562754629629 0.3897221967592593 0.4462629282407407 0.3938932986111111 0.4444122037037037 0.3938286712962963 0.4222035185185185 0.3930531273148148 0.42038914814814815 0.39194746527777774 0.38355644212962964 0.3854497314814815 0.3817420717592593 0.3843440694444445 0.37074678935185185 0.38083320138888893 0.3689324212962963 0.3797275416666666 0.3598969236111111 0.3731582037037037 0.3580461990740741 0.3730935763888889 0.3561954768518518 0.37302894675925924 0.35430839814814813 0.37400534953703707 0.3445458287037037 0.3882566574074074 0.344509474537037 0.38929768981481483 0.3443640601851852 0.39346181712962963 0.3552139282407407 0.4011368148148148 0.35706465046296293 0.4012014421296296 0.3808332314814815 0.4103698726851852 0.3826839537037037 0.4104345023148148 0.40293285416666663 0.4142685138888889 0.4047835787037037 0.4143331412037037 0.41773864583333337 0.4147855439814815 0.4196257222222222 0.41380913888888887 0.4513425023148148 0.40762060185185184
1 0.12353568518518518 0.5141618796296297 0.15029285648148147 0.49081063194444446 0.20195019444444445 0.48667342592592594 0.2780724421296296 0.4982954675925926 0.2864175601851852 0.46095979861111114 0.2677179791666667 0.4605152546296296 0.13701755555555556 0.44646615046296295 0.03203459027777778 0.43883931944444443 0.015643127314814816 0.43597385185185183 0.005658136574074074 0.4672069074074074 0.005647231481481481 0.4675192175925926 0.07698668287037036 0.4781403981481482 0.09795042361111111 0.48272898379629625 0.10629652777777777 0.4878150231481481 0.10430699768518518 0.5023377708333333 0.06551680787037037 0.5784261967592593 0.089819125 0.5829229074074074 0.11356193287037036 0.5397668981481482 0.12353568518518518 0.5141618796296297
0 0.31242618749999995 0.3953691967592593 0.30172635416666665 0.4258476782407407 0.2977727430555555 0.45416444907407405 0.28647209027777776 0.45939825 0.27340796296296294 0.46206894444444446 0.20198489814814813 0.4538421388888889 0.19321907407407407 0.4873066018518518 0.2793352314814815 0.4992776365740741 0.3778902337962963 0.5264837314814814 0.41531253240740745 0.5054852916666667 0.4183064097222222 0.5046517685185186 0.3539465023148148 0.4745748171296296 0.33028401157407405 0.45175594212962966 0.331345537037037 0.42135780324074074 0.34428077777777777 0.3905404652777778 0.35760367824074074 0.36984698842592595 0.3406874050925926 0.34486640046296296 0.3274735671296296 0.36243678009259256 0.31242618749999995 0.3953691967592593