2 0.5930572986111111 0 0.5957477430555556 0.10725116203703704 0.5985875185185185 0.11459908564814815 0.5994326388888889 0.16667241435185184 0.6096013611111111 0.291167625 0.6065803032407407 0.3230479560185185 0.609963800925926 0.3359599791666667 0.6150315092592592 0.3833493217592593 0.6216063310185185 0.5400359490740742 0.6185481550925926 0.5972933611111111 0.6199956944444445 0.6516998310185186 0.6187085787037037 0.7583725671296295 0.5878318194444444 0.9843602083333333 0.5890000393518519 0.9818400277777778 0.619137511574074 0.9858468379629629 0.6237272800925925 0.9848712523148149 0.6436195185185185 0.8344861851851852 0.6516916041666667 0.6254624560185185 0.6503005763888888 0.40197913194444446 0.6520209814814815 0.3940405555555555 0.6303875810185184 0.17202004398148146 0.633328324074074 0.16230749768518518 0.6271414305555555 0 0.5930572986111111 0
2 0.6292223125 0.9821886689814815 0.7310629143518519 0.9612990694444444 0.7531942824074074 0.9291431643518518 0.8241682592592592 0.8612362476851851 0.7983285324074074 0.8188301018518518 0.6321663657407407 0.9499460601851851 0.6305135787037037 0.9521905949074074 0.6292223125 0.9821886689814815
2 1 0.5923230625 0.9587355694444445 0.6571312824074075 0.8839977245370371 0.7544259027777778 0.8869750856481481 0.7518998240740741 0.8989473726851851 0.8152392060185185 0.9166373356481481 0.8027702615740742 0.9789412453703704 0.730647912037037 1 0.6972414699074074 1 0.5923230625
2 0.3907405 1 0.3364317685185185 0.9073538518518518 0.2893387662037037 0.8471251921296296 0.2100061712962963 0.7664868541666666 0.1527434027777778 0.6879730347222222 0.12358310416666667 0.623932662037037 0.1165484375 0.630918275462963 0.16229147685185183 0.7243759629629629 0.22363878703703705 0.7995603958333334 0.2982886550925926 0.8757037314814815 0.3448224351851852 0.9368085439814815 0.3784899375 1 0.3907405 1
2 0.15562064583333335 1 0.07552910416666668 0.8808338541666666 0.07480225462962962 0.8804203842592593 0.07521308333333333 0.8988866481481481 0.12191352546296297 0.9853252291666666 0.13692167824074075 1 0.15562064583333335 1
2 0.49265844212962967 0.31716054398148147 0.5655859791666666 0.44933073842592597 0.6188515625000001 0.5135483981481482 0.6197859629629631 0.49990790046296296 0.5564567337962963 0.41189217361111113 0.49885544675925925 0.31224620601851855 0.4979248171296296 0.31187605092592596 0.49265844212962967 0.31716054398148147
3 0.7373765023148148 0.34920323148148147 0.7377615231481482 0.3510146157407408 0.7384188680555556 0.36412745601851854 0.7388038888888888 0.3659388402777778 0.7441941921296297 0.3912982222222222 0.7455981180555555 0.3928930324074074 0.7467531828703704 0.39832718518518523 0.7481571087962963 0.3999219953703704 0.757871886574074 0.4205757361111111 0.7592758125000001 0.4221705439814815 0.7737000879629629 0.43993002777777773 0.7747189907407408 0.4397134513888889 0.7856780717592593 0.44117047453703706 0.7870819976851853 0.44276528472222226 0.8032717569444444 0.44879016203703703 0.8042906620370371 0.4485735856481482 0.8287443518518519 0.44337579398148147 0.8293782337962964 0.4413478356481481 0.8324349444444444 0.4406981111111111 0.8330688263888889 0.43867015277777777 0.8396799699074073 0.4296920162037037 0.8403138518518518 0.4276640578703704 0.851089849537037 0.3931887523148148 0.8507048263888889 0.3913773680555555 0.8504090416666666 0.36493511342592594 0.8500240208333333 0.36312372685185185 0.8439998356481482 0.33979230555555556 0.8425959097222223 0.33819749537037036 0.8287820555555555 0.3032692546296296 0.8273781296296296 0.30167444444444447 0.8238002361111112 0.29486205555555556 0.8227813310185185 0.2950786296296296 0.8115499282407407 0.2823201527777778 0.810531025462963 0.2825367268518518 0.7935712199074074 0.2728890810185185 0.7925523171296297 0.2731056574074074 0.7724231018518518 0.2735978055555556 0.7556229212962963 0.2847416875 0.7549890393518518 0.28676964814814815 0.744823462962963 0.30407619444444445 0.7441895810185185 0.3061041527777778 0.7416540532407407 0.31421598842592596 0.7420390740740741 0.31602737268518516 0.7371041782407408 0.33790177546296296 0.7374892013888888 0.33971315972222227 0.7373765023148148 0.34920323148148147
3 0.7426867893518518 0.5695816226851852 0.7440907129629629 0.5711764328703703 0.7484386504629629 0.5816115902777778 0.7494575555555556 0.5813950162037037 0.7604400972222223 0.5979928379629629 0.7614590023148148 0.5977762638888889 0.7793250092592593 0.6166974050925925 0.7803439143518518 0.6164808310185186 0.7890163263888889 0.6222103449074075 0.7900352291666666 0.6219937708333333 0.8068588726851852 0.6259906898148148 0.8078777777777778 0.6257741134259258 0.8160290069444445 0.6240415162037037 0.8166628888888888 0.6220135578703704 0.8301574976851852 0.6153587430555555 0.8307913796296297 0.6133307847222221 0.8377875462962963 0.6061640324074075 0.8384214282407407 0.6041360740740741 0.8429947638888889 0.5955910879629629 0.8436286458333333 0.5935631296296295 0.8504651875 0.5656048518518518 0.8500801666666666 0.5637934652777777 0.8515967893518519 0.5558982037037037 0.8512117685185184 0.5540868194444445 0.8509394467592593 0.5427853634259259 0.8505544236111111 0.5409739791666667 0.8457980046296297 0.5135866388888889 0.8443940787037036 0.5119918287037037 0.8271384907407408 0.47590192824074073 0.8257345648148148 0.4743071180555556 0.8141181388888888 0.4597372546296296 0.8130992361111111 0.4599538287037037 0.7991961435185184 0.4496564606481481 0.7981772384259259 0.4498730347222222 0.7864481157407407 0.4447932430555555 0.7854292106481481 0.4450098171296296 0.7775268425925925 0.44290307175925925 0.7765079375 0.4431196458333333 0.7622432847222222 0.44615169212962963 0.7435414583333333 0.4633794513888889 0.7429075763888889 0.4654074097222222 0.7351648310185185 0.4840921921296296 0.7355498518518518 0.4859035763888889 0.7319061828703703 0.5188628587962962 0.7322912037037037 0.5206742430555555 0.732563525462963 0.531975699074074 0.7329485486111111 0.5337870833333334 0.7426867893518518 0.5695816226851852
3 0.6683022037037036 0.5001975046296296 0.6697061296296296 0.5017923148148148 0.6740540671296296 0.5122274722222222 0.6754579930555555 0.5138222824074075 0.6874594398148148 0.5302035300925926 0.6884783425925926 0.5299869537037037 0.6933239999999999 0.5327434236111112 0.6943429050925927 0.5325268495370371 0.7083586967592593 0.5333341481481482 0.7097626226851852 0.5349289583333333 0.7156271828703703 0.5374688541666667 0.716646087962963 0.5372522777777777 0.7227595092592592 0.5359528310185185 0.7233933912037037 0.5339248726851852 0.7300045347222223 0.5249467361111111 0.7296195138888889 0.5231353518518519 0.7350286689814814 0.47844146527777776 0.7356625509259259 0.4764135046296296 0.7460769861111111 0.45526761574074076 0.7456919652777778 0.45345623148148145 0.7450346203703704 0.4403433912037037 0.7436306967592593 0.43874858101851855 0.7399166412037036 0.42628546296296294 0.7385127152777777 0.4246906550925926 0.7345497986111111 0.41606688194444447 0.7331458726851852 0.4144720717592592 0.7187215972222222 0.3967125902777778 0.7177026944444445 0.3969291643518518 0.702531837962963 0.390687712962963 0.7015129328703703 0.39090428703703706 0.6872482800925925 0.39393633333333333 0.6691803356481482 0.4091361319444445 0.6685464537037037 0.41116409259259257 0.6639731180555556 0.4197090787037037 0.6633392361111111 0.4217370370370371 0.6611887291666667 0.4316602592592592 0.6615737500000001 0.4334716435185185 0.6596955671296297 0.45469631944444444 0.660080587962963 0.45650770370370375 0.6683022037037036 0.5001975046296296
3 0.6647758449074074 0.6088607847222222 0.6651608657407407 0.6106721712962964 0.6719550949074075 0.6376263611111112 0.6733590208333333 0.6392211712962963 0.6862666712962963 0.6648759166666667 0.6876705972222221 0.666470724537037 0.6931501365740741 0.6671992361111111 0.6945540625 0.6687940462962964 0.7108799837962962 0.680469650462963 0.7118988865740741 0.6802530763888889 0.714955599537037 0.6796033518518518 0.7145705763888889 0.6777919675925926 0.7137770717592593 0.659028400462963 0.7144109537037038 0.6570004398148148 0.716538 0.6319364189814815 0.7171718819444445 0.6299084606481481 0.7228768194444444 0.6116568287037037 0.7238957245370371 0.6114402546296297 0.73114075 0.6004341597222222 0.7321596527777778 0.6002175856481481 0.7425975509259259 0.5942124953703704 0.7432314328703704 0.5921845347222222 0.7430952708333334 0.5865338078703703 0.7427102499999999 0.5847224236111112 0.7393812175925926 0.5740706921296296 0.7379772916666667 0.5724758819444444 0.7304364814814815 0.5570397199074074 0.7290325555555556 0.5554449097222223 0.7174161319444444 0.5408750486111111 0.7163972268518519 0.5410916226851852 0.7067059097222221 0.5355786828703704 0.7056870069444444 0.5357952569444444 0.6886145046296297 0.5356376828703704 0.6823883819444445 0.5464272013888889 0.6813694791666666 0.5466437777777778 0.6746221736111111 0.5499711851851852 0.6739882916666666 0.5519991435185185 0.6683960509259259 0.5607607037037037 0.6677621689814814 0.562788662037037 0.6635973171296295 0.5882858333333333 0.663982337962963 0.5900972175925926 0.6647758449074074 0.6088607847222222
3 0.7450999861111112 0.8114012685185186 0.7461188912037037 0.8111846921296296 0.7634637152777778 0.8226437222222223 0.7644826203703703 0.8224271481481481 0.7847245347222221 0.8124449259259259 0.7853584166666666 0.8104169675925925 0.7896828912037037 0.8057113263888889 0.7903167731481482 0.8036833657407407 0.7915610763888888 0.7844866481481482 0.7911760532407407 0.782675263888889 0.7875981597222222 0.775862875 0.7865792569444444 0.7760794513888889 0.7701406342592593 0.7738939166666667 0.7687367106481482 0.7722991064814815 0.7604493194444445 0.7683809768518519 0.7590453935185185 0.7667861666666667 0.740794363425926 0.7460536388888889 0.7401604814814815 0.748081599537037 0.7329154560185186 0.7590876944444445 0.7318965509259259 0.7593042685185186 0.7266658726851851 0.7547364143518519 0.7262808495370371 0.7529250300925926 0.7326196712962962 0.7326454375 0.7322346481481482 0.7308340532407407 0.7184207939814814 0.6959058124999999 0.7174018888888889 0.6961223865740741 0.7153640833333333 0.696555537037037 0.7100441643518519 0.7166185532407406 0.7104291875000001 0.7184299375000001 0.7098187662037037 0.7355986967592593 0.7102037893518519 0.7374100810185185 0.7193081458333334 0.7752325787037037 0.7207120717592593 0.7768273888888889 0.7282528819444445 0.7922635509259259 0.7296568078703705 0.7938583611111112 0.7450999861111112 0.8114012685185186
3 0.7182846319444445 0.6902550856481482 0.7196885578703704 0.6918498935185186 0.7314646064814815 0.7272112847222223 0.7328685324074073 0.7288060949074073 0.7375780277777778 0.7259118356481481 0.7389819537037037 0.7275066458333334 0.7403858796296297 0.7291014560185185 0.7397519976851852 0.7311294143518519 0.7436022129629629 0.7492432592592593 0.7450061388888889 0.7508380694444445 0.7534296921296296 0.7604069282407407 0.7544485949074073 0.7601903541666667 0.7673327847222221 0.7707042986111111 0.7683516875 0.7704877222222223 0.7841564282407408 0.7747012152777778 0.7851753310185186 0.7744846412037036 0.7984210787037037 0.7716691689814815 0.7990549606481481 0.7696412106481482 0.8111456458333334 0.7613915856481481 0.8117795277777778 0.7593636273148149 0.8190245532407407 0.7483575324074074 0.8196584351851852 0.7463295740740741 0.8261099560185186 0.7165599120370371 0.8257249328703703 0.714748525462963 0.8254526111111111 0.7034470694444445 0.8250675902777778 0.7016356851851852 0.8212173726851851 0.6835218425925925 0.819813449074074 0.6819270324074075 0.8157143703703703 0.6676525300925925 0.8143104467592592 0.6660577222222223 0.8081735601851853 0.6522163703703704 0.806769636574074 0.6506215601851851 0.7608251180555555 0.5998042222222223 0.7598062152777778 0.6000207962962962 0.7484621134259258 0.5967523912037037 0.7474432083333333 0.5969689652777779 0.7382730763888888 0.5989181365740741 0.728220199074074 0.6067346111111112 0.7275863171296296 0.6087625717592593 0.7219940763888888 0.6175241319444444 0.7213601944444444 0.6195520902777778 0.716425298611111 0.6414264907407408 0.7168103217592593 0.643237875 0.7151809976851852 0.6606232083333333 0.7155660185185185 0.6624345949074074 0.7182846319444445 0.6902550856481482
3 0.7938477430555556 0.7802141550925926 0.7942327662037038 0.7820255393518519 0.7937350439814814 0.7897042268518518 0.7941200671296296 0.7915156111111111 0.8030882638888889 0.8236873819444445 0.8044921898148147 0.8252821921296296 0.8159959143518519 0.8493421273148148 0.8173998402777778 0.8509369351851852 0.8272273171296297 0.8621006041666667 0.8282462222222222 0.8618840300925926 0.8462249282407407 0.871315099537037 0.8472438333333334 0.871098525462963 0.8755242777777779 0.8688737777777779 0.8761581597222222 0.8668458194444445 0.8829054652777778 0.863518412037037 0.8835393472222223 0.8614904537037037 0.8878638217592593 0.8567848101851852 0.8884977037037037 0.8547568518518518 0.8943388032407407 0.8421559467592593 0.8939537824074074 0.8403445624999999 0.8979824722222222 0.8091966643518519 0.8975974513888888 0.8073852800925926 0.8902820393518518 0.7729689768518518 0.8888781157407407 0.7713741666666666 0.8841451550925926 0.759127625 0.8827412314814815 0.7575328148148147 0.8763554861111111 0.7475308078703704 0.8749515601851853 0.7459359976851851 0.8665280069444444 0.7363671388888889 0.8655091041666666 0.736583712962963 0.8606634467592592 0.7338272430555556 0.8596445416666667 0.7340438171296296 0.8503382476851852 0.7303422615740741 0.8493193425925926 0.7305588356481482 0.8397641874999999 0.730696625 0.8239829097222222 0.7416239305555555 0.8233490277777777 0.7436518912037037 0.8152212615740742 0.760525287037037 0.8142023564814814 0.760741863425926 0.8028817152777777 0.7726142546296296 0.8018628125 0.7728308310185185 0.796134412037037 0.7759416620370371 0.7955005300925926 0.7779696226851852 0.7938477430555556 0.7802141550925926
3 0.5508559490740741 0.513802136574074 0.5518748541666667 0.5135855625 0.5630827962962963 0.5112032407407407 0.5637166782407408 0.5091752824074074 0.5689238958333334 0.49860233796296294 0.5685388726851852 0.4967909537037037 0.5700554976851852 0.4888956898148148 0.5696704768518518 0.4870843055555556 0.5638951527777778 0.45991353935185186 0.5624912268518518 0.4583187291666667 0.5578944282407408 0.45172291666666664 0.5568755254629629 0.45193949074074075 0.5492220162037037 0.445993400462963 0.5482031111111111 0.4462099768518519 0.5400518819444444 0.44794257407407406 0.5358635671296297 0.4582989444444444 0.5362485902777778 0.4601103287037037 0.5352531481481482 0.4754677013888889 0.5356381689814815 0.47727908564814814 0.5402584282407408 0.49901569907407406 0.5416623541666667 0.5006105092592593 0.5442213449074074 0.5076394722222223 0.5456252708333333 0.5092342824074074 0.5508559490740741 0.513802136574074
3 0.5500435925925926 0.5650918379629629 0.5514475185185185 0.5666866481481482 0.5616600185185185 0.579661701388889 0.5626789212962963 0.5794451273148148 0.5675245810185184 0.5822015972222222 0.5685434837962963 0.5819850231481482 0.5763096921296297 0.5784410393518519 0.576943574074074 0.5764130810185185 0.5821507916666666 0.5658401365740741 0.5817657708333334 0.5640287523148149 0.5832823958333333 0.5561334907407408 0.582897375 0.5543221064814815 0.5775070717592593 0.5289627222222223 0.5761031458333333 0.5273679143518518 0.5711213263888889 0.5189607152777778 0.5701024212962963 0.5191772893518519 0.5634678171296296 0.5130146250000001 0.562448912037037 0.5132312013888889 0.5481842615740741 0.5162632453703704 0.5432259027777777 0.5229968472222223 0.5425920208333334 0.5250248055555556 0.5417092777777778 0.5308921087962963 0.5420943009259259 0.5327034930555555 0.5412115578703703 0.5385707962962963 0.5415965787037037 0.5403821805555555 0.5446767523148148 0.5548732569444444 0.5460806782407408 0.5564680648148148 0.5500435925925926 0.5650918379629629
3 0.5892173425925926 0.6040957847222223 0.5884473009259259 0.6004730162037036 0.5907339675925926 0.5962005231481482 0.592771775462963 0.5957673726851852 0.5935418194444444 0.5993901412037036 0.5925229143518519 0.5996067175925925 0.5936779791666666 0.6050408703703704 0.5930440972222222 0.6070688287037037 0.5943353240740741 0.6181537106481481 0.5973920347222221 0.6175039861111111 0.5990448217592593 0.6152594537037037 0.6048859212962964 0.6026585486111111 0.6041158773148148 0.5990357800925926 0.6052474814814814 0.5893291342592593 0.6025523287037038 0.5766494421296297 0.6011484050925925 0.5750546319444444 0.6010122430555556 0.5694039050925925 0.5999933402777777 0.5696204791666667 0.5992232962962963 0.5659977106481482 0.5985894143518519 0.5680256689814814 0.5941287777777778 0.5670805833333333 0.591569787037037 0.5600516203703704 0.5905508819444444 0.5602681944444444 0.5897808402777778 0.5566454259259259 0.5843012986111111 0.5559169143518519 0.5830335347222222 0.5599728333333334 0.5834185578703704 0.5617842175925927 0.5823996527777778 0.5620007916666667 0.5819019328703704 0.5696794791666667 0.5808830277777778 0.5698960555555556 0.5806341689814815 0.5737353981481481 0.579615263888889 0.5739519722222222 0.5760608310185186 0.5822803842592593 0.576830875 0.5859031527777778 0.5758354328703704 0.6012605277777778 0.5766054768518519 0.6048832962962962 0.5815872962962962 0.6132904930555555 0.5846440069444445 0.6126407708333333 0.5870668356481482 0.6140190046296297 0.5866818148148147 0.6122076203703705 0.5883346018518518 0.609963087962963 0.5875645578703703 0.6063403171296295 0.5892173425925926 0.6040957847222223
3 0.5920063425925925 0.6773386736111111 0.592640224537037 0.6753107152777779 0.5967158402777778 0.6744444166666667 0.6023080787037037 0.6656828564814815 0.5996129282407408 0.6530031643518519 0.5933633449074074 0.6486518842592593 0.594358787037037 0.6332945092592593 0.5974154976851852 0.6326447870370371 0.5970304768518518 0.630833400462963 0.5935887430555555 0.6296717407407407 0.5869541365740741 0.623509076388889 0.5872029976851851 0.6196697337962962 0.5857990717592593 0.6180749236111112 0.5863202546296296 0.6255370370370371 0.5813384351851852 0.6171298379629631 0.578281724537037 0.6177795625 0.5687734930555556 0.6481989490740742 0.5722386875 0.6645014097222223 0.5796433356481482 0.6742868425925926 0.5833339305555556 0.6716091597222222 0.5844420717592592 0.6467617129629629 0.5857098356481482 0.6427057939814815 0.5923444398148148 0.6488684583333333 0.5890623310185186 0.6684983263888888 0.5895835138888889 0.6759604398148148 0.5920063425925925 0.6773386736111111
3 0.5639043726851851 0.6303016782407407 0.5645382546296296 0.6282737199074074 0.5696327731481481 0.6271908472222222 0.5702666550925927 0.625162886574074 0.5775116805555556 0.6141567939814815 0.5771266597222222 0.6123454074074074 0.5713513356481482 0.5851746412037037 0.5703324305555556 0.5853912152777778 0.5638339861111111 0.5848792800925926 0.5624300624999999 0.5832844699074075 0.5522175625 0.5703094166666667 0.5511986574074074 0.5705259930555555 0.5440663333333333 0.5720420138888889 0.5398780185185186 0.5823983842592593 0.5402630393518518 0.5842097685185186 0.5402865023148148 0.5993505694444444 0.5406715231481481 0.6011619537037036 0.550386300925926 0.6218156944444444 0.5514052060185185 0.6215991180555556 0.5608476620370371 0.6309514027777778 0.5618665648148148 0.6307348287037037 0.5639043726851851 0.6303016782407407
3 0.5711774699074075 0.7196304537037037 0.572196375 0.7194138796296295 0.576271988425926 0.7185475810185186 0.5769058726851851 0.7165196203703703 0.5803241435185185 0.7025404814814814 0.5799391203703704 0.7007290972222222 0.5804133796296297 0.677909611111111 0.5790094537037037 0.676314800925926 0.5709709236111111 0.6685573263888889 0.5699520208333333 0.6687739004629629 0.55632125 0.669777988425926 0.5527668171296296 0.6781063981481481 0.5531518402777778 0.6799177824074074 0.5520202361111112 0.6896244305555556 0.5524052569444444 0.6914358148148148 0.5554854305555555 0.7059268888888889 0.5568893564814815 0.7075216990740741 0.5653129097222223 0.7170905578703703 0.5663318125 0.7168739837962964 0.5711774699074075 0.7196304537037037
3 0.5514990532407408 0.6821623171296296 0.5521329351851851 0.6801343587962962 0.5549173240740741 0.6681831782407407 0.5545323032407408 0.6663717939814815 0.5501843657407407 0.6559366365740741 0.5491654606481481 0.6561532106481481 0.5447048240740741 0.655208125 0.538863724537037 0.6678090300925925 0.5392487453703704 0.6696204143518519 0.5388871875 0.6829498287037038 0.5392722083333333 0.684761212962963 0.5440051666666667 0.6970077546296296 0.5454090925925926 0.6986025648148149 0.5524287199074074 0.706576613425926 0.5534476226851852 0.7063600393518519 0.5514990532407408 0.6821623171296296
3 0.6177747199074074 0.6983665625 0.6167558171296297 0.6985831365740741 0.6126802013888889 0.6994494351851851 0.6105296944444445 0.7093726574074074 0.6109147175925926 0.7111840416666667 0.6120697824074074 0.7166181944444445 0.6134737083333334 0.7182130046296296 0.6148776319444444 0.7198078148148148 0.615896537037037 0.7195912384259259 0.618929787037037 0.7038007152777778 0.6185447638888889 0.7019893310185185 0.6177747199074074 0.6983665625
3 0.6162815578703703 0.7214026250000001 0.615896537037037 0.7195912384259259 0.6110508773148148 0.7168347685185185 0.6087642106481481 0.721107261574074 0.6091492314814815 0.7229186458333333 0.6082664884259259 0.7287859490740741 0.608651511574074 0.7305973333333333 0.6133844699074075 0.7428438749999999 0.614403375 0.742627300925926 0.6160561597222222 0.7403827662037037 0.6156711388888888 0.7385713819444445 0.6162815578703703 0.7214026250000001
3 0.544371337962963 0.7688724097222221 0.5439863148148147 0.767061025462963 0.5396383773148149 0.7566258680555555 0.5386194745370371 0.7568424421296297 0.5351777407407408 0.7556807824074073 0.5320083310185185 0.7658205787037038 0.5323933518518519 0.767631962962963 0.5339334398148148 0.7748775 0.5353373657407408 0.7764723101851851 0.5367412893518518 0.7780671203703704 0.5377601944444445 0.7778505439814815 0.5434885949074074 0.7747397129629628 0.5431035740740741 0.7729283287037036 0.544371337962963 0.7688724097222221
3 0.5325295138888889 0.7732826898148148 0.5321444930555556 0.7714713055555555 0.5320083310185185 0.7658205787037038 0.5306044050925925 0.7642257685185185 0.5277965555555556 0.7610361481481481 0.526777650462963 0.7612527222222222 0.5192603032407407 0.7609573611111111 0.5179925393518519 0.7650132800925925 0.5183775601851852 0.7668246643518519 0.5191476041666666 0.7704474328703703 0.5205515300925926 0.7720422430555556 0.5227254976851852 0.7772598217592593 0.5237444027777778 0.7770432476851852 0.5285900601851852 0.7797997175925926 0.5292239421296296 0.7777717569444443 0.5325295138888889 0.7732826898148148
3 0.5212746481481482 0.745383412037037 0.519870724537037 0.7437886018518518 0.5156589467592593 0.739004173611111 0.5146400439814814 0.7392207476851852 0.508141599537037 0.7387088125 0.5087989444444444 0.7518216527777777 0.5102028680555555 0.7534164629629629 0.5133957407407407 0.7584174652777778 0.5144146458333333 0.7582008912037037 0.5172224953703703 0.7613905115740741 0.5178563773148148 0.759362550925926 0.522565875 0.7564682939814815 0.5221808541666667 0.7546569097222222 0.5212746481481482 0.745383412037037
3 0.5171755717592593 0.731108912037037 0.516790550925926 0.7292975277777778 0.5148654421296297 0.7202406041666666 0.5134615162037037 0.7186457962962963 0.5061930300925925 0.7145110902777778 0.5036575 0.722622925925926 0.5040425231481481 0.7244343101851852 0.505197587962963 0.7298684652777778 0.5066015138888889 0.7314632731481482 0.5097943842592593 0.7364642777777777 0.5108132893518519 0.7362477037037037 0.5132361180555556 0.7376259374999999 0.5138699999999999 0.7355979791666667 0.5171755717592593 0.731108912037037
3 0.5200726597222223 0.7096676597222222 0.5196876388888888 0.7078562754629629 0.5199365 0.7040169328703704 0.518532574074074 0.7024221226851851 0.5075500300925926 0.685824300925926 0.5065311273148149 0.686040875 0.5044933194444444 0.686474025462963 0.5019577916666667 0.6945858611111111 0.5023428125 0.6963972453703704 0.5064418888888889 0.7106717453703704 0.5078458148148148 0.7122665555555556 0.5130764953703704 0.7168344097222222 0.5140953981481482 0.7166178356481482 0.5171521111111111 0.7159681111111111 0.5177859930555555 0.7139401527777778 0.5200726597222223 0.7096676597222222
3 0.8210715810185185 0.9183125231481482 0.821705462962963 0.9162845648148148 0.8228370671296297 0.9065779166666666 0.8224520439814815 0.9047665324074075 0.8196207314814815 0.886436113425926 0.8182168078703703 0.8848413032407407 0.8152727939814816 0.8760009560185185 0.8142538912037037 0.8762175300925926 0.810178275462963 0.8770838310185185 0.7850014675925926 0.9089404513888889 0.785386488425926 0.910751837962963 0.7906406296296297 0.9304604907407408 0.7920445555555555 0.9320553009259259 0.810135962962963 0.931996300925926 0.8107698449074073 0.9299683402777779 0.8164982453703703 0.9268575092592592 0.8171321273148148 0.9248295486111111 0.8210715810185185 0.9183125231481482
3 1 0.7294902592592593 0.9967222893518518 0.7276257222222222 0.9934167175925926 0.7321147916666667 0.993801738425926 0.7339261759259259 0.9925339745370371 0.7379820925925926 0.9929189976851852 0.7397934768518518 0.9952291273148148 0.7506617847222222 0.9966330532407407 0.7522565949074074 1 0.7560813263888889 1 0.7294902592592593
3 1 0.7569260925925926 0.9980369768518519 0.7538514050925926 0.9940975231481481 0.7603684305555555 0.9944825462962963 0.7621798148148149 0.995252587962963 0.7658025833333333 0.9966565138888889 0.7673973935185185 1 0.7703171967592594 1 0.7569260925925926
3 0.4146563356481482 0.4291588587962963 0.41567523842592596 0.42894228472222223 0.42638545833333336 0.43423865046296295 0.42740436342592597 0.4340220763888889 0.4351705717592593 0.4304780949074074 0.43580445370370374 0.42845013425925926 0.4388377013888889 0.41265961111111116 0.4384526805555556 0.41084822685185185 0.4367764328703704 0.39795196064814814 0.43537250694444446 0.396357150462963 0.4210843935185185 0.38424839814814815 0.4200654884259259 0.3844649722222222 0.39853234953703703 0.38336231249999997 0.39701572453703704 0.3912575740740741 0.39740074537037035 0.39306895833333333 0.40009589814814817 0.40574865046296293 0.4014998240740741 0.40734345833333335 0.4030399097222222 0.4145889976851852 0.4044438356481482 0.41618380787037035 0.4080217291666667 0.4229961944444444 0.4090406342592593 0.42277962037037037 0.4146563356481482 0.4291588587962963
3 0.44196018981481483 0.37223821759259257 0.44055626388888885 0.3706434074074074 0.4330154537037037 0.3552072453703704 0.4316115277777777 0.3536124351851852 0.42038012500000005 0.3408539583333333 0.4193612222222222 0.34107053240740737 0.41528560648148144 0.3419368310185185 0.41186733564814815 0.35591596990740737 0.4122523564814815 0.3577273541666667 0.4178915208333333 0.37924739351851855 0.4192954467592593 0.3808422037037037 0.4328135162037037 0.3893281875 0.4338324212962963 0.38911161342592593 0.44019470370370367 0.3839728217592593 0.43980968287037037 0.3821614375 0.44196018981481483 0.37223821759259257
3 0.4151917592592593 0.2813736319444444 0.4118861875 0.2858627013888889 0.4122712083333333 0.28767408564814817 0.41102690740740744 0.30687080324074073 0.4124308310185185 0.30846561342592593 0.4281228726851852 0.3221691759259259 0.4287567546296296 0.3201412175925926 0.4210563217592593 0.2839135277777778 0.41965239583333336 0.2823187175925926 0.4151917592592593 0.2813736319444444
3 0.15558665972222221 0.9688909907407407 0.15660556481481483 0.9686744143518519 0.1661607199074074 0.9685366273148148 0.16679460185185185 0.9665086689814815 0.17048519444444443 0.9638309861111111 0.17111907638888887 0.9618030254629629 0.17365460648148148 0.9536911898148148 0.1732695833333333 0.9518798055555556 0.16801544212962963 0.9321711504629631 0.1666115162037037 0.9305763402777778 0.15997691203703704 0.9244136759259258 0.15895800694444445 0.9246302523148148 0.1524595625 0.9241183148148148 0.14711618518518518 0.9290405324074074 0.14648230324074074 0.9310684907407407 0.14521453703703704 0.9351244097222222 0.1455995601851852 0.9369357939814814 0.14471681712962964 0.9428030972222222 0.14510183796296297 0.9446144814814815 0.14818201157407407 0.9591055555555555 0.14958593750000002 0.9607003657407408 0.15558665972222221 0.9688909907407407
3 0.19072710879629629 0.9538487638888888 0.19136099074074073 0.9518208055555555 0.19568546759259262 0.947115162037037 0.19631934953703706 0.9450872037037037 0.19973762037037038 0.9311080648148148 0.19935259722222223 0.9292966805555556 0.19742749074074073 0.9202397569444444 0.1960235648148148 0.9186449467592593 0.19244567129629628 0.9118325601851852 0.19142676620370372 0.9120491342592593 0.18148659027777778 0.9103755370370371 0.17079983101851853 0.9202199699074074 0.1701659490740741 0.9222479305555557 0.16801544212962963 0.9321711504629631 0.16840046296296296 0.9339825347222223 0.17390346527777775 0.9498518472222223 0.1753073912037037 0.9514466550925925 0.18155697453703704 0.9557979351851853 0.18257587962962965 0.9555813611111111 0.19072710879629629 0.9538487638888888
3 0.19842293055555554 0.9048823819444445 0.1990568148148148 0.9028544236111111 0.20172850231481482 0.9003933148148149 0.20236238657407407 0.8983653564814815 0.20451289120370372 0.8884421342592593 0.20412787037037036 0.8866307499999999 0.19887372916666665 0.8669220972222222 0.19746980324074073 0.8653272870370371 0.1946619513888889 0.8621376666666666 0.19364304861111112 0.8623542430555555 0.18651072222222223 0.8638702638888889 0.1746923611111111 0.8834213449074073 0.17507738194444447 0.8852327291666667 0.17380961805555556 0.8892886481481481 0.17419464120370368 0.8911000324074074 0.1775236736111111 0.9017517638888889 0.17892759953703705 0.903346574074074 0.183139375 0.9081310023148148 0.18415828009259258 0.9079144282407408 0.19842293055555554 0.9048823819444445
3 0.1938919097222222 0.8585148981481482 0.19452579166666664 0.8564869398148148 0.1993479884259259 0.8441026087962963 0.19896296527777776 0.842291224537037 0.19882680555555557 0.8366404976851852 0.1984417824074074 0.834829113425926 0.19613165277777778 0.8239608055555556 0.19472772685185186 0.8223659976851851 0.19255375925925924 0.8171484189814815 0.1915348564814815 0.8173649930555555 0.18286244212962965 0.8116354768518519 0.18184353935185185 0.8118520532407407 0.17776792361111113 0.8127183518518519 0.16683230555555556 0.8264021273148148 0.1672173263888889 0.8282135138888889 0.17401155555555553 0.8551677060185185 0.17541548148148148 0.8567625138888888 0.17618552314814814 0.8603852824074074 0.1775894490740741 0.8619800925925927 0.18039730092592593 0.865169712962963 0.18141620370370368 0.8649531388888889 0.1938919097222222 0.8585148981481482
3 0.16606226157407405 0.8227793587962963 0.16708116435185186 0.8225627847222222 0.17674902083333333 0.8129349259259259 0.17738290277777777 0.8109069675925925 0.1810500324074074 0.7930884837962963 0.18066501157407408 0.7912770995370371 0.17656593518518518 0.777002599537037 0.17516200925925926 0.7754077893518518 0.16775736111111111 0.7656223564814815 0.16673845601851853 0.7658389305555556 0.15679828009259258 0.7641653333333333 0.15260996527777776 0.7745217037037037 0.15299498842592593 0.776333087962963 0.1532673101851852 0.7876345439814815 0.15365233101851852 0.7894459282407408 0.15519241898148148 0.7966914652777777 0.15659634259259259 0.7982862754629629 0.15978921527777779 0.8032872800925926 0.16017423842592593 0.8050986643518518 0.16606226157407405 0.8227793587962963
3 0.40665509722222226 0.6921243935185186 0.40627007638888885 0.6903130092592592 0.402171 0.6760385092592592 0.400767074074074 0.674443699074074 0.39426862962962966 0.6739317615740741 0.39109921990740737 0.6840715578703703 0.3914842407407408 0.6858829421296296 0.39340934953703705 0.6949398657407407 0.3948132731481482 0.6965346736111111 0.39762112499999996 0.6997242939814815 0.3986400277777778 0.6995077199074075 0.4037345486111111 0.6984248449074074 0.40436843055555555 0.6963968865740741 0.40665509722222226 0.6921243935185186
3 0.4085802060185185 0.7011813171296296 0.40717628009259255 0.6995865069444444 0.40004395370370366 0.7011025300925925 0.39814230787037036 0.7071864074074073 0.39852732870370366 0.7089977916666667 0.3996823935185185 0.7144319444444444 0.40108631944444445 0.7160267546296296 0.40733590277777776 0.7203780347222222 0.4083548078703704 0.7201614583333333 0.4110264976851852 0.7177003518518519 0.41166037962962965 0.7156723912037037 0.4085802060185185 0.7011813171296296
3 0.42200903935185186 0.7342981736111112 0.4216240185185185 0.7324867870370371 0.42148785648148146 0.7268360601851852 0.42008393055555554 0.72524125 0.4161210162037037 0.7166174768518518 0.4151021111111111 0.7168340532407407 0.4110264976851852 0.7177003518518519 0.4077209259259259 0.7221894189814816 0.40810594675925926 0.7240008032407408 0.4086271296296296 0.7314629143518518 0.4100310555555556 0.733057724537037 0.41220502314814816 0.7382753032407408 0.4132239282407407 0.7380587291666666 0.4170506828703704 0.7410317731481482 0.4176845648148148 0.7390038148148148 0.42200903935185186 0.7342981736111112
3 0.42825862268518516 0.7386494537037037 0.4268546990740741 0.7370546435185185 0.41997123148148147 0.7347313217592593 0.4160317777777778 0.7412483495370371 0.4174357037037037 0.7428431574074075 0.4220325023148148 0.7494389722222222 0.4230514050925926 0.7492223981481482 0.4254742337962963 0.7506006319444445 0.42610811574074076 0.7485726736111111 0.42839478472222225 0.7443001805555556 0.4280097638888889 0.7424887962962963 0.42825862268518516 0.7386494537037037
3 0.3694533796296296 0.6924589699074074 0.3690683587962963 0.6906475856481481 0.36829831481481484 0.6870248171296296 0.3668943888888889 0.6854300069444444 0.3640865393518518 0.682240386574074 0.36306763425925925 0.682456962962963 0.3596259027777778 0.6812953009259259 0.35441868287037037 0.6918682476851852 0.3548037060185185 0.6936796319444445 0.35672881481481483 0.7027365532407408 0.35813273842592597 0.7043313634259258 0.36094059027777775 0.7075209814814815 0.3619594930555556 0.7073044074074074 0.3666689907407407 0.704410150462963 0.36730287268518513 0.7023821898148148 0.3694533796296296 0.6924589699074074
3 0.3577007939814815 0.6722383796296296 0.35629686805555555 0.6706435694444445 0.35271897453703704 0.6638311805555556 0.35170006944444443 0.6640477569444444 0.34558664814814816 0.6653472037037038 0.3443188842592593 0.6694031226851851 0.34470390509259263 0.6712145069444445 0.34816909953703706 0.6875169675925926 0.349573025462963 0.6891117754629629 0.35441868287037037 0.6918682476851852 0.35505256481481484 0.689840287037037 0.3586069976851852 0.6815118773148149 0.3582219768518518 0.6797004907407407 0.3577007939814815 0.6722383796296296
3 0.3413514097222222 0.6454219745370371 0.3395859236111111 0.6571565810185185 0.33997094675925926 0.6589679652777778 0.34074098842592593 0.6625907337962963 0.34214491435185185 0.6641855439814814 0.3537378773148148 0.6636146064814815 0.3543717592592593 0.6615866481481482 0.3518127685185185 0.6545576851851851 0.3504088449074074 0.652962875 0.3413514097222222 0.6454219745370371
3 0.36416655555555555 0.4872213773148148 0.36276262962962963 0.4856265671296296 0.35739578935185184 0.4754079837962963 0.35637688425925923 0.4756245601851852 0.35293515277777776 0.4744628981481482 0.3493807199074074 0.4827913101851852 0.3497657407407408 0.4846026944444444 0.35003806249999997 0.49590415046296293 0.3514419884259259 0.4974989606481482 0.3546348611111111 0.5024999652777777 0.3556537662037037 0.5022833888888889 0.36380499537037037 0.5005507916666667 0.3644388773148148 0.4985228333333333 0.36416655555555555 0.4872213773148148
3 0.36215220833333334 0.5027953263888889 0.36113330555555556 0.503011900462963 0.3570576898148148 0.503878199074074 0.3554049050925926 0.5061227337962964 0.3557899259259259 0.5079341180555556 0.3584850787037037 0.5206138078703704 0.3598890023148148 0.5222086180555555 0.3694441597222222 0.5220708310185185 0.3690591365740741 0.5202594467592593 0.36776791203703707 0.5091745648148148 0.3663639861111111 0.5075797546296296 0.36215220833333334 0.5027953263888889
3 0.3626968541666667 0.5253982384259259 0.36079520833333334 0.5314821157407408 0.36118022916666664 0.5332935 0.3629691759259259 0.5366996944444444 0.36437310185185184 0.5382945046296297 0.3716415902777778 0.5424292083333333 0.37227547222222224 0.5404012499999999 0.3709842453703704 0.5293163680555556 0.3695803194444444 0.5277215578703705 0.3626968541666667 0.5253982384259259
3 0.43160189814814814 0.5940538449074074 0.43121687731481484 0.5922424606481482 0.4292917685185185 0.5831855393518518 0.42788784259259255 0.5815907291666667 0.4206193541666667 0.5774560231481481 0.41769880555555555 0.583756474537037 0.41808382638888886 0.5855678587962964 0.4203939560185185 0.5964361666666667 0.42179788194444445 0.5980309768518518 0.4235868287037037 0.6014371712962963 0.4246057337962963 0.6012205949074074 0.4297002523148148 0.6001377222222223 0.43033413425925926 0.5981097638888889 0.43160189814814814 0.5940538449074074
3 0.43493093055555554 0.6047055763888888 0.43352700694444446 0.6031107662037037 0.4249907546296296 0.6030319791666666 0.4237229907407407 0.6070878981481482 0.4241080115740741 0.6088992824074074 0.4270520231481481 0.6177396296296296 0.4284559490740741 0.6193344398148148 0.4339354907407407 0.6200629513888889 0.4345693726851852 0.6180349930555555 0.4364710185185185 0.6119511157407408 0.4360859976851852 0.6101397314814814 0.43493093055555554 0.6047055763888888
3 0.44654735648148147 0.6192754398148148 0.44514343055555555 0.6176806296296297 0.4433544837962963 0.6142744351851852 0.4423355810185185 0.6144910092592594 0.4388938472222222 0.613329349537037 0.4349543935185185 0.6198463773148148 0.43533941435185186 0.621657761574074 0.4361094583333333 0.6252805300925927 0.4375133842592593 0.6268753402777777 0.4410912777777778 0.6336877291666667 0.4421101828703704 0.6334711527777778 0.4461857962962963 0.6326048541666667 0.44681967824074076 0.6305768958333333 0.44654735648148147 0.6192754398148148
3 0.4598073472222222 0.4612126296296296 0.459422324074074 0.4594012453703704 0.4592861643518518 0.45375051620370366 0.4578822384259259 0.4521557060185185 0.45570826851851853 0.4469381273148148 0.4546893657407407 0.4471547037037037 0.44882480324074076 0.4446148078703704 0.4455192314814815 0.44910387500000004 0.44590425231481484 0.45091525925925924 0.4464254351851852 0.4583773726851852 0.44782936111111116 0.4599721828703704 0.45102223379629625 0.46497318518518516 0.45204113888888886 0.4647566111111111 0.4575206782407407 0.4654851226851852 0.45815456018518524 0.463457162037037 0.4598073472222222 0.4612126296296296
3 0.43569175462962967 0.4379402060185185 0.4327712037037037 0.44424065972222226 0.43315622453703706 0.44605204398148146 0.4357152152777778 0.4530810069444445 0.43711914120370365 0.4546758171296296 0.44463648842592596 0.45497117824074074 0.44527037037037037 0.4529432175925926 0.4415563171296296 0.4404801018518519 0.44015239120370375 0.4388852916666667 0.43569175462962967 0.4379402060185185
3 0.3655185370370371 0.7841700671296296 0.36411461111111115 0.7825752569444445 0.355193337962963 0.7806850856481482 0.3516389050925926 0.7890134953703704 0.35202392824074075 0.7908248796296297 0.35433405787037037 0.8016931875 0.3557379814814815 0.8032879976851852 0.36262144907407406 0.8056113171296296 0.3632553310185185 0.8035833587962963 0.3668097615740741 0.7952549467592592 0.3664247407407408 0.7934435625 0.3655185370370371 0.7841700671296296
3 0.36237258796296296 0.809450662037037 0.360968662037037 0.8078558518518518 0.3547190787037037 0.8035045717592593 0.3537001759259259 0.8037211458333333 0.350643462962963 0.8043708703703705 0.3462062893518518 0.8185665833333333 0.34659131018518513 0.8203779699074074 0.3487652800925926 0.8255955462962964 0.35016920370370375 0.8271903564814814 0.3607432638888889 0.8268359953703703 0.3613771458333333 0.8248080347222222 0.3632787916666667 0.8187241574074073 0.3628937708333333 0.8169127731481481 0.36237258796296296 0.809450662037037
3 0.3659739444444444 0.831403849537037 0.3645700185185185 0.8298090393518519 0.3627810717592592 0.8264028449074075 0.3617621666666667 0.8266194212962963 0.3525920347222222 0.8285685925925926 0.35465330324074074 0.8432762430555556 0.35605722916666666 0.8448710532407406 0.36026900462962963 0.8496554814814815 0.36128790972222224 0.8494389074074074 0.3647296412037037 0.8506005671296296 0.36536352314814813 0.8485726087962964 0.36828407407407404 0.8422721550925927 0.3678990509259259 0.8404607708333333 0.3659739444444444 0.831403849537037
3 0.37709264814814814 0.8536523981481481 0.3777265300925926 0.8516244398148147 0.3822998657407407 0.8430794537037037 0.3819148449074074 0.8412680694444444 0.3764118425925926 0.8253987592592593 0.37500791666666666 0.8238039490740741 0.36914335416666666 0.8212640532407407 0.3631660925925926 0.8282142291666666 0.3635511157407407 0.8300256134259258 0.3664951273148148 0.838865962962963 0.36586124537037035 0.8408939212962963 0.36574854629629633 0.8503839930555556 0.3671524699074074 0.8519788032407407 0.37199812962962964 0.8547352731481481 0.3730170324074074 0.8545186990740741 0.37709264814814814 0.8536523981481481
3 0.47393542824074075 0.8633594050925927 0.47456931018518517 0.8613314444444445 0.47429698842592594 0.850029988425926 0.4739119652777778 0.8482186041666666 0.4716018356481481 0.8373502986111111 0.4701979097222222 0.835755488425926 0.46700503935185184 0.8307544837962964 0.4659861342592592 0.8309710578703703 0.4639483263888889 0.8314042083333334 0.45835608796296295 0.8401657685185185 0.4587411087962963 0.8419771527777777 0.46041735648148147 0.8548734189814815 0.46182128240740744 0.8564682291666667 0.4625913263888889 0.8600909976851852 0.46361022916666667 0.8598744236111111 0.46884090972222225 0.8644422777777777 0.46985981250000003 0.8642257037037037 0.47393542824074075 0.8633594050925927
3 0.48367366898148145 0.8991539444444444 0.48328864583333336 0.8973425601851852 0.48251860416666664 0.8937197893518518 0.4811146782407408 0.8921249814814814 0.4710383402777778 0.8848006550925925 0.4685028125 0.8929124930555555 0.4688878333333333 0.8947238773148148 0.4708129421296296 0.9037807986111112 0.47221686574074073 0.9053756087962962 0.4760436203703704 0.9083486527777778 0.47706252546296296 0.9081320787037037 0.4811381412037037 0.9072657800925925 0.48177202314814815 0.9052378217592593 0.48367366898148145 0.8991539444444444
3 0.48650037037037036 0.8322902939814815 0.48611534953703706 0.8304789097222222 0.48534530555555555 0.8268561388888889 0.48394137962962963 0.8252613310185185 0.4787107013888889 0.820693474537037 0.47769179629629627 0.820910050925926 0.47259727777777777 0.8219929236111111 0.4717145347222222 0.8278602268518519 0.4720995578703704 0.8296716111111111 0.4759497731481481 0.8477854560185185 0.4773536990740741 0.8493802638888889 0.4801615486111111 0.8525698842592592 0.4811804537037037 0.8523533101851852 0.4842371643518518 0.8517035856481482 0.4838521435185185 0.8498922013888889 0.48650037037037036 0.8322902939814815
3 0.4715360601851852 0.8771219675925926 0.47216994212962965 0.8750940092592593 0.47343770601851853 0.8710380902777778 0.4730526851851852 0.8692267060185186 0.4722826412037037 0.8656039375 0.4708787175925926 0.8640091273148148 0.46297634722222225 0.8619023819444445 0.46209360416666667 0.8677696851851852 0.46247862731481476 0.8695810694444445 0.464018712962963 0.8768266064814815 0.4654226388888889 0.8784214166666666 0.4672115856481482 0.8818276111111111 0.46823048842592596 0.881611037037037 0.47167222222222227 0.8827726967592592 0.4723061041666667 0.8807447384259258 0.4715360601851852 0.8771219675925926
3 0.48874472453703705 0.8829302708333334 0.48835970370370374 0.881118886574074 0.48464564814814814 0.8686557708333333 0.4832417222222222 0.8670609606481482 0.48120391435185184 0.8674941087962963 0.48070619444444446 0.8751727962962964 0.4796872916666666 0.8753893703703703 0.47676674074074077 0.881689824074074 0.4771517615740741 0.8835012083333333 0.48072965740740736 0.8903135949074075 0.48213358101851855 0.8919084050925926 0.48455641203703703 0.8932866412037037 0.48519029398148145 0.8912586828703704 0.48874472453703705 0.8829302708333334
3 0.48054657175925924 0.8543812685185186 0.4791426458333333 0.8527864583333333 0.4777387199074074 0.8511916481481481 0.4773536990740741 0.8493802638888889 0.4747947083333333 0.8423513009259259 0.4780110439814815 0.8624931041666666 0.4794149675925926 0.8640879143518518 0.48158893750000004 0.8693054930555555 0.48260784027777776 0.8690889189814816 0.48362674537037037 0.8688723449074074 0.4832417222222222 0.8670609606481482 0.4846221875 0.8535149699074074 0.4836032824074074 0.8537315439814814 0.48054657175925924 0.8543812685185186
3 0.30637519444444444 0.7664497986111111 0.3049712685185185 0.7648549884259259 0.29643501851851856 0.7647762013888888 0.2937633287037037 0.7672373101851853 0.294148349537037 0.7690486944444445 0.2953034143518518 0.7744828472222223 0.2967073402777778 0.7760776574074074 0.30207418055555557 0.7862962407407408 0.3030930856481482 0.7860796666666666 0.3078025833333334 0.7831854074074074 0.3084364652777778 0.781157449074074 0.30637519444444444 0.7664497986111111
3 0.3041119884259259 0.7858630902777778 0.3042716111111111 0.8066546180555555 0.3052905162037037 0.8064380439814814 0.3107700555555556 0.8071665555555555 0.3114039375 0.8051385949074074 0.3129205625 0.7972433333333333 0.3125355416666667 0.7954319490740741 0.3109954537037037 0.7881864120370371 0.3095915300925926 0.7865916018518518 0.3041119884259259 0.7858630902777778
3 0.3119251203703704 0.8126007083333333 0.31052119675925927 0.8110058981481482 0.3050416550925926 0.8102773865740741 0.30225726620370374 0.8222285671296297 0.3036611921296296 0.8238233773148148 0.3066052037037037 0.8326637245370371 0.30762410648148153 0.8324471504629629 0.3106808194444444 0.8317974259259259 0.3113147013888889 0.8297694675925926 0.3146202731481481 0.825280400462963 0.31423525 0.8234690138888888 0.3119251203703704 0.8126007083333333
3 0.30635634259259265 0.8365030694444444 0.30597132175925923 0.8346916828703704 0.30200840509259264 0.826067912037037 0.3009895023148148 0.8262844861111112 0.2914343472222222 0.8264222731481482 0.29016658333333334 0.8304781921296296 0.29055160416666664 0.8322895763888889 0.2920916898148148 0.8395351134259259 0.29349561574074073 0.8411299236111112 0.2952845625 0.8445361180555556 0.2963034675925926 0.8443195439814815 0.30280191203703705 0.8448314791666667 0.30343579398148146 0.8428035208333333 0.30635634259259265 0.8365030694444444
3 0.3010552777777778 0.7865128148148147 0.3006702569444445 0.7847014305555555 0.2946695324074074 0.7765108078703704 0.2936506296296296 0.7767273819444444 0.2877860671296296 0.7741874861111112 0.28015602083333335 0.7833821967592592 0.28054104166666666 0.7851935810185184 0.28169610648148147 0.7906277337962963 0.28310003240740744 0.7922225439814815 0.29165974537037037 0.8074421296296296 0.29229362731481484 0.8054141712962962 0.29763700694444445 0.8004919537037037 0.2972519861111111 0.7986805694444444 0.3010552777777778 0.7865128148148147
3 0.20577604629629628 0.7991921481481482 0.2043721203703704 0.797597337962963 0.20054536574074075 0.7946242939814815 0.19952646296296295 0.7948408680555556 0.19646975 0.7954905925925926 0.19393422222222223 0.8036024282407408 0.19431924537037037 0.8054138125 0.196629375 0.8162821203703703 0.19803329861111113 0.8178769282407408 0.20351284027777777 0.8186054398148147 0.20414672222222222 0.8165774814814816 0.2077011550925926 0.8082490694444444 0.20731613194444445 0.8064376851851852 0.20577604629629628 0.7991921481481482
3 0.19834793518518518 0.7742659143518518 0.19732903240740743 0.7744824884259259 0.19529122453703704 0.7749156388888889 0.19338957870370369 0.7809995162037038 0.19377459953703705 0.782810900462963 0.1963335902777778 0.7898398634259259 0.1977375162037037 0.7914346736111112 0.20486984259259258 0.7899186504629631 0.20550372453703702 0.7878906921296297 0.20357861574074074 0.7788337685185185 0.20255971064814815 0.7790503449074074 0.19834793518518518 0.7742659143518518
3 0.1991745324074074 0.5677288726851851 0.1977706087962963 0.5661340648148149 0.19127216435185185 0.5656221273148149 0.1877177314814815 0.5739505393518518 0.18810275231481483 0.5757619236111111 0.18887279629629627 0.5793846921296296 0.19027672222222222 0.5809795023148149 0.19652630555555556 0.5853307824074074 0.1971601875 0.5833028217592593 0.20148466203703705 0.5785971805555555 0.20109964120370372 0.5767857962962962 0.1991745324074074 0.5677288726851851
3 0.1777540925925926 0.5571361412037037 0.17585244675925923 0.5632200185185186 0.1762374675925926 0.5650314050925926 0.17777755324074074 0.5722769421296297 0.17918147916666666 0.5738717523148148 0.18567992361111113 0.5743836875 0.18631380555555557 0.5723557291666667 0.18758156944444446 0.5682998101851852 0.18617764583333332 0.566705 0.1777540925925926 0.5571361412037037
3 0.17151875000000003 0.39753752314814816 0.1704998449074074 0.3977540972222222 0.16502030555555555 0.39702558564814816 0.16452258564814815 0.40470427314814816 0.16592650925925925 0.40629908333333337 0.16810047916666665 0.411516662037037 0.16911938194444445 0.41130008796296297 0.17484778240740742 0.4081892546296296 0.1744627615740741 0.4063778703703704 0.17432659953703702 0.40072714120370373 0.17292267592592592 0.39913233333333337 0.17151875000000003 0.39753752314814816
3 0.1769748287037037 0.38312523379629626 0.17265035185185185 0.3878308773148148 0.17303537500000002 0.38964226157407406 0.17355655787037036 0.3971043726851852 0.17496048148148147 0.39869918287037037 0.18553454166666666 0.3983448217592592 0.18514952083333333 0.3965334351851852 0.18283939120370368 0.3856651296296296 0.1814354652777778 0.3840703194444444 0.1769748287037037 0.38312523379629626
3 0.18281592824074075 0.3705243310185185 0.1814120023148148 0.36892952083333336 0.1765663449074074 0.36617305092592595 0.17160798611111108 0.37290665046296295 0.17199300925925926 0.37471803703703704 0.1735330949074074 0.38196357407407405 0.174552 0.381747 0.18206934722222223 0.3820423611111111 0.18270322916666668 0.380014400462963 0.18333711111111112 0.3779864421296296 0.18295209027777778 0.37617505787037037 0.18281592824074075 0.3705243310185185
3 0.1748900972222222 0.3532767847222222 0.17196954629629632 0.35957723611111114 0.17235456944444444 0.3613886203703704 0.17414351620370372 0.36479481481481485 0.17516241898148147 0.36457824074074074 0.18306478935185186 0.3666849861111111 0.18267976620370371 0.36487360185185186 0.18177356249999999 0.3556001041666667 0.1803696365740741 0.3540052962962963 0.1748900972222222 0.3532767847222222
3 0.16621768287037036 0.3475472685185185 0.1651987800925926 0.3477638449074074 0.1601042615740741 0.3488467175925926 0.1578175925925926 0.3531192106481481 0.15820261574074074 0.3549305949074074 0.15833877546296296 0.3605813217592593 0.1597427013888889 0.3621761319444445 0.16891283564814813 0.36022696064814813 0.16852781481481482 0.35841557638888893 0.16902553472222223 0.3507368888888889 0.1676216087962963 0.3491420787037037 0.16621768287037036 0.3475472685185185
0 1 0.6341436666666667 0.9910376666666666 0.6192163958333333 0.9568386157407408 0.6662433194444445 0.9180793842592593 0.7138608935185184 0.8812941111111111 0.7527287060185186 0.8945327800925925 0.7864539513888889 0.8994972129629629 0.8083067314814815 0.8999254282407407 0.8133274143518519 0.9407825462962963 0.7876039537037037 0.9628791435185186 0.782339210648148 0.9764488703703704 0.783052 1 0.7961186967592592 1 0.7729963009259259 0.9855138472222222 0.7625715925925926 0.9779889976851851 0.7492145833333334 0.9758051851851852 0.7294212777777778 1 0.6997561157407408 1 0.6341436666666667
0 0.7136468935185185 0.3036980509259259 0.736810238425926 0.3455371481481482 0.7404022523148148 0.3203510601851852 0.7093158819444445 0.2712979074074074 0.6927951018518519 0.2572025300925926 0.670736087962963 0.24560959722222223 0.648970511574074 0.25894484027777775 0.6434773541666666 0.2576512569444444 0.6374423611111111 0.2437882476851852 0.6339542060185186 0.17978143981481481 0.6011267361111111 0.17464250462962963 0.6139910277777778 0.3614197708333333 0.6216013425925927 0.36415656249999995 0.6482130393518518 0.36209719444444444 0.6481590763888889 0.3272733564814815 0.658549587962963 0.28246725925925925 0.6735044722222222 0.2726622199074074 0.685736011574074 0.2730914837962963 0.7030381018518519 0.2898606226851852 0.7136468935185185 0.3036980509259259
0 0.1516173263888889 1 0.15261068287037036 0.9969752916666667 0.13535601620370372 0.9779242037037037 0.11748485416666667 0.9474554953703703 0.11077182175925927 0.9564552870370371 0.12393302546296298 0.9812988472222223 0.12327894907407408 0.986738900462963 0.11632636574074073 1 0.12161315972222221 1 0.1264492824074074 0.9936379189814815 0.12990228472222223 0.9938505717592593 0.13752749537037037 1 0.1516173263888889 1
0 0.18242722916666668 0.760989599537037 0.19936683796296298 0.7740493402777778 0.20042189814814815 0.772499824074074 0.20299123611111114 0.7615409652777778 0.16807388194444445 0.7150060138888888 0.16243187037037038 0.7245354421296296 0.17708292824074073 0.7488730023148148 0.176311 0.7522555601851851 0.16246798611111113 0.7642854560185185 0.1671347476851852 0.7667013078703704 0.18242722916666668 0.760989599537037
1 0.4941069861111111 0.3064399189814815 0.4908554189814815 0.30466987037037035 0.4903440810185185 0.3117834837962963 0.4913498287037037 0.31952124537037035 0.5026746597222223 0.3432405601851852 0.5199908310185185 0.36909417824074076 0.520409662037037 0.3680585393518519 0.5261559097222223 0.3600215347222222 0.5124603680555556 0.33567019444444446 0.5181009976851851 0.3005825439814815 0.5259540972222222 0.2708936111111111 0.5210042013888889 0.2666447199074074 0.5060225046296296 0.32492197685185187 0.5013646643518519 0.320043037037037 0.4941069861111111 0.3064399189814815