2 0.4169791666666666 0.15866666666666665 0.3955208333333334 0.29274074074074075 0.3955208333333334 0.30012962962962964 0.35401041666666666 0.4797037037037037 0.322875 0.5953333333333334 0.19626041666666666 0.7908888888888889 0.14298958333333334 0.8560925925925926 0.11738541666666667 0.861 0.10286458333333333 0.9151296296296296 0.03989583333333333 1 0.11601041666666667 0.9950740740740741 0.34986458333333337 0.6666666666666666 0.3685416666666667 0.5781111111111111 0.4197395833333333 0.3554814814814815 0.42112499999999997 0.3554814814814815 0.45087499999999997 0.25092592592592594 0.4529479166666666 0.1722037037037037 0.46817708333333335 0.05903703703703704 0.48546875 0 0.44534375 0.0049259259259259265 0.4315 0.017222222222222222 0.42251041666666667 0.0860925925925926 0.41766666666666663 0.15866666666666665 0.4169791666666666 0.15866666666666665
2 0.7627916666666666 0.7332037037037038 0.7564375 0.6974444444444444 0.7465520833333333 0.6478703703703703 0.7239583333333334 0.5976666666666667 0.7221979166666667 0.6246481481481482 0.7334895833333334 0.651 0.7472604166666668 0.7005740740740741 0.7532604166666667 0.7332037037037038 0.7627916666666666 0.7332037037037038
2 0.15386458333333333 0.7192777777777778 0.15564583333333334 0.7211851851851853 0.15671875 0.8317222222222221 0.16708333333333336 0.8196666666666667 0.16422916666666668 0.7574074074074074 0.16279166666666664 0.7110185185185186 0.16029166666666667 0.6887962962962964 0.16279166666666664 0.6557592592592593 0.15921875 0.5471296296296296 0.14814583333333334 0.5502962962962963 0.151 0.6424074074074073 0.15457291666666664 0.6475000000000001 0.15136458333333333 0.6614814814814814 0.15386458333333333 0.7192777777777778
3 0.546875 0.18333333333333335 0.5458333333333334 0.18518518518518517 0.5416666666666666 0.1925925925925926 0.5416666666666666 0.19444444444444445 0.5343749999999999 0.21481481481481482 0.5333333333333333 0.21666666666666665 0.5281250000000001 0.22592592592592592 0.5281250000000001 0.2277777777777778 0.5229166666666667 0.24629629629629632 0.5229166666666667 0.24814814814814815 0.5208333333333334 0.2722222222222222 0.5208333333333334 0.2740740740740741 0.5208333333333334 0.3 0.521875 0.30185185185185187 0.5260416666666666 0.3333333333333333 0.5270833333333333 0.3351851851851852 0.5343749999999999 0.3592592592592592 0.5354166666666667 0.3611111111111111 0.5437500000000001 0.37592592592592594 0.5447916666666667 0.37592592592592594 0.5510416666666667 0.38148148148148153 0.5520833333333334 0.38148148148148153 0.5552083333333333 0.38148148148148153 0.55625 0.37962962962962965 0.5656249999999999 0.3666666666666667 0.5666666666666667 0.3666666666666667 0.5750000000000001 0.3592592592592592 0.5760416666666667 0.3592592592592592 0.5864583333333333 0.35370370370370374 0.5875 0.35370370370370374 0.60625 0.35185185185185186 0.6072916666666667 0.35 0.6114583333333333 0.34074074074074073 0.6125 0.34074074074074073 0.6364583333333333 0.3055555555555556 0.6364583333333333 0.3037037037037037 0.6427083333333333 0.2851851851851852 0.6427083333333333 0.2833333333333333 0.646875 0.26296296296296295 0.646875 0.2611111111111111 0.6479166666666666 0.23703703703703705 0.646875 0.23518518518518516 0.6458333333333334 0.22037037037037038 0.6447916666666667 0.21851851851851853 0.6427083333333333 0.2111111111111111 0.6416666666666666 0.20925925925925928 0.6270833333333333 0.18333333333333335 0.6260416666666666 0.18333333333333335 0.6197916666666666 0.17407407407407408 0.61875 0.17407407407407408 0.60625 0.16296296296296298 0.6052083333333333 0.16296296296296298 0.59375 0.1574074074074074 0.5927083333333334 0.1574074074074074 0.5791666666666666 0.1574074074074074 0.5666666666666667 0.16481481481481483 0.5656249999999999 0.16666666666666666 0.546875 0.18333333333333335
3 0.5072916666666667 0.29074074074074074 0.5072916666666667 0.2925925925925926 0.5052083333333334 0.3074074074074074 0.5052083333333334 0.30925925925925923 0.5052083333333334 0.32962962962962966 0.50625 0.33148148148148143 0.5072916666666667 0.3444444444444445 0.5083333333333333 0.34629629629629627 0.515625 0.37222222222222223 0.5166666666666666 0.37407407407407406 0.521875 0.3833333333333333 0.5229166666666667 0.3833333333333333 0.5270833333333333 0.3851851851851852 0.5281250000000001 0.3833333333333333 0.5385416666666667 0.37962962962962965 0.5395833333333333 0.37777777777777777 0.540625 0.37592592592592594 0.5395833333333333 0.37407407407407406 0.5395833333333333 0.37037037037037035 0.5385416666666667 0.36851851851851847 0.5322916666666666 0.3574074074074074 0.5322916666666666 0.35555555555555557 0.5281250000000001 0.3444444444444445 0.5281250000000001 0.3425925925925926 0.521875 0.3166666666666667 0.521875 0.3148148148148148 0.5197916666666667 0.29074074074074074 0.5197916666666667 0.28888888888888886 0.5208333333333334 0.2518518518518518 0.5197916666666667 0.2518518518518518 0.5187499999999999 0.2518518518518518 0.5114583333333333 0.2722222222222222 0.5114583333333333 0.2740740740740741 0.5072916666666667 0.29074074074074074
3 0.5197916666666667 0.4074074074074074 0.5197916666666667 0.40925925925925927 0.5125000000000001 0.42962962962962964 0.5125000000000001 0.4314814814814815 0.5072916666666667 0.46481481481481485 0.5072916666666667 0.4666666666666667 0.509375 0.5 0.5104166666666666 0.5018518518518519 0.5145833333333334 0.5222222222222223 0.515625 0.5240740740740741 0.5177083333333333 0.5314814814814814 0.5187499999999999 0.5333333333333333 0.5260416666666666 0.5462962962962963 0.5270833333333333 0.5462962962962963 0.5364583333333334 0.5574074074074075 0.5375 0.5574074074074075 0.5427083333333333 0.5574074074074075 0.5427083333333333 0.5555555555555556 0.5427083333333333 0.5499999999999999 0.5416666666666666 0.5481481481481482 0.5333333333333333 0.5037037037037037 0.5333333333333333 0.5018518518518519 0.5322916666666666 0.4666666666666667 0.5333333333333333 0.46481481481481485 0.5364583333333334 0.43703703703703706 0.5375 0.4351851851851852 0.5489583333333333 0.39814814814814814 0.5499999999999999 0.39629629629629626 0.5520833333333334 0.3925925925925926 0.5520833333333334 0.3907407407407408 0.5510416666666667 0.3851851851851852 0.5499999999999999 0.3851851851851852 0.5437500000000001 0.37962962962962965 0.53125 0.3888888888888889 0.5302083333333334 0.3907407407407408 0.5197916666666667 0.4074074074074074
3 0.56875 0.3666666666666667 0.5677083333333334 0.36851851851851847 0.5604166666666667 0.37592592592592594 0.5593750000000001 0.37777777777777777 0.5541666666666667 0.3888888888888889 0.5541666666666667 0.3907407407407408 0.5395833333333333 0.4314814814814815 0.5395833333333333 0.4333333333333333 0.5354166666666667 0.45185185185185184 0.5354166666666667 0.4537037037037037 0.5333333333333333 0.4722222222222222 0.5333333333333333 0.4740740740740741 0.5343749999999999 0.5 0.5354166666666667 0.5018518518518519 0.5375 0.5222222222222223 0.5385416666666667 0.5240740740740741 0.5458333333333334 0.5592592592592592 0.546875 0.5611111111111111 0.5625 0.5907407407407407 0.5635416666666666 0.5907407407407407 0.5677083333333334 0.5944444444444444 0.56875 0.5944444444444444 0.5770833333333334 0.5925925925925926 0.578125 0.5944444444444444 0.5958333333333333 0.5962962962962963 0.596875 0.5981481481481481 0.6197916666666666 0.6111111111111112 0.6208333333333333 0.6092592592592593 0.628125 0.6074074074074074 0.6291666666666667 0.6055555555555556 0.6385416666666667 0.5944444444444444 0.6395833333333334 0.5944444444444444 0.6489583333333334 0.587037037037037 0.65 0.5851851851851853 0.6614583333333334 0.5648148148148148 0.6614583333333334 0.5629629629629629 0.671875 0.5407407407407407 0.671875 0.5388888888888889 0.6760416666666667 0.5222222222222223 0.6760416666666667 0.5203703703703704 0.6791666666666666 0.4962962962962963 0.6791666666666666 0.4944444444444444 0.675 0.42037037037037034 0.6739583333333333 0.41851851851851857 0.66875 0.39814814814814814 0.6677083333333333 0.39629629629629626 0.6614583333333334 0.3851851851851852 0.6604166666666667 0.3851851851851852 0.646875 0.36851851851851847 0.6458333333333334 0.36851851851851847 0.6333333333333334 0.3611111111111111 0.6322916666666666 0.3611111111111111 0.6166666666666666 0.3611111111111111 0.615625 0.3592592592592592 0.5916666666666667 0.35555555555555557 0.5791666666666666 0.3592592592592592 0.578125 0.3611111111111111 0.56875 0.3666666666666667
3 0.5135416666666667 0.6166666666666666 0.5135416666666667 0.6185185185185185 0.5114583333333333 0.6333333333333334 0.5114583333333333 0.6351851851851852 0.5114583333333333 0.674074074074074 0.5125000000000001 0.6759259259259259 0.5135416666666667 0.6796296296296297 0.5145833333333334 0.6777777777777778 0.5260416666666666 0.6537037037037037 0.5270833333333333 0.6518518518518519 0.5385416666666667 0.6351851851851852 0.5395833333333333 0.6333333333333334 0.5499999999999999 0.612962962962963 0.5510416666666667 0.612962962962963 0.5625 0.6 0.5625 0.5981481481481481 0.5625 0.5944444444444444 0.5614583333333334 0.5925925925925926 0.546875 0.5648148148148148 0.5458333333333334 0.5648148148148148 0.5395833333333333 0.5629629629629629 0.5239583333333333 0.5851851851851853 0.5239583333333333 0.587037037037037 0.5135416666666667 0.6166666666666666
3 0.546875 0.6203703703703703 0.5458333333333334 0.6222222222222222 0.5416666666666666 0.6333333333333334 0.540625 0.6351851851851852 0.5322916666666666 0.6481481481481481 0.53125 0.6481481481481481 0.5302083333333334 0.6481481481481481 0.5291666666666667 0.65 0.515625 0.6777777777777778 0.515625 0.6796296296296297 0.5135416666666667 0.6851851851851852 0.5135416666666667 0.6870370370370371 0.509375 0.7185185185185184 0.509375 0.7203703703703703 0.5114583333333333 0.7592592592592593 0.5125000000000001 0.7611111111111112 0.515625 0.7851851851851852 0.5166666666666666 0.7870370370370371 0.525 0.8185185185185185 0.5260416666666666 0.8203703703703703 0.5489583333333333 0.8611111111111112 0.5499999999999999 0.8611111111111112 0.5677083333333334 0.8759259259259259 0.56875 0.8759259259259259 0.5791666666666666 0.8814814814814815 0.5802083333333333 0.8814814814814815 0.60625 0.8833333333333334 0.6072916666666667 0.8814814814814815 0.6229166666666667 0.8740740740740741 0.6239583333333334 0.8722222222222222 0.63125 0.8666666666666666 0.6322916666666666 0.8648148148148148 0.6447916666666667 0.85 0.6447916666666667 0.8481481481481481 0.6510416666666666 0.8351851851851853 0.6510416666666666 0.8333333333333334 0.6541666666666667 0.825925925925926 0.6541666666666667 0.8240740740740741 0.6625 0.7796296296296297 0.6625 0.7777777777777778 0.6625 0.7333333333333334 0.6614583333333334 0.7314814814814815 0.6552083333333334 0.6907407407407407 0.6541666666666667 0.688888888888889 0.6510416666666666 0.6759259259259259 0.65 0.674074074074074 0.6427083333333333 0.6537037037037037 0.6416666666666666 0.6518518518518519 0.6354166666666666 0.6407407407407407 0.634375 0.6407407407407407 0.6104166666666666 0.6092592592592593 0.609375 0.6092592592592593 0.6010416666666666 0.6018518518518519 0.6 0.6018518518518519 0.5927083333333334 0.5981481481481481 0.5916666666666667 0.5981481481481481 0.5729166666666666 0.5962962962962963 0.5625 0.6018518518518519 0.5614583333333334 0.6037037037037037 0.546875 0.6203703703703703
3 0.5322916666666666 0.9037037037037037 0.5322916666666666 0.9055555555555556 0.5260416666666666 0.9259259259259259 0.5260416666666666 0.9277777777777778 0.521875 0.9518518518518518 0.521875 0.9537037037037037 0.5208333333333334 0.9685185185185184 0.5208333333333334 0.9703703703703703 0.5229166666666667 0.9981481481481481 0.5239583333333333 0.9981481481481481 0.6604166666666667 0.9962962962962962 0.6604166666666667 0.9944444444444445 0.65625 0.9685185185185184 0.6552083333333334 0.9666666666666667 0.6520833333333333 0.9574074074074075 0.6510416666666666 0.9555555555555556 0.61875 0.8962962962962963 0.6177083333333334 0.8962962962962963 0.6072916666666667 0.887037037037037 0.60625 0.887037037037037 0.5854166666666667 0.887037037037037 0.584375 0.8851851851851852 0.5750000000000001 0.8833333333333334 0.5739583333333333 0.8814814814814815 0.5604166666666667 0.8740740740740741 0.5593750000000001 0.8740740740740741 0.5520833333333334 0.8740740740740741 0.5437500000000001 0.8833333333333334 0.5427083333333333 0.8851851851851852 0.5322916666666666 0.9037037037037037
3 0.8291666666666666 0.7407407407407407 0.8302083333333333 0.7425925925925926 0.8302083333333333 0.7462962962962962 0.83125 0.7481481481481481 0.8333333333333334 0.7518518518518519 0.834375 0.7518518518518519 0.840625 0.7518518518518519 0.8416666666666667 0.75 0.8458333333333333 0.7462962962962962 0.846875 0.7444444444444445 0.85 0.7370370370370369 0.85 0.7351851851851853 0.8510416666666666 0.725925925925926 0.85 0.7240740740740741 0.8447916666666666 0.7148148148148148 0.84375 0.7148148148148148 0.8364583333333334 0.7111111111111111 0.83125 0.7203703703703703 0.83125 0.7222222222222222 0.8291666666666666 0.7407407407407407
3 0.8270833333333334 0.6685185185185185 0.828125 0.6703703703703704 0.83125 0.6759259259259259 0.8322916666666667 0.6759259259259259 0.8395833333333333 0.6777777777777778 0.840625 0.6759259259259259 0.84375 0.674074074074074 0.8447916666666666 0.6722222222222222 0.8510416666666666 0.6592592592592593 0.8510416666666666 0.6574074074074074 0.8520833333333334 0.6444444444444444 0.8510416666666666 0.6425925925925926 0.85 0.6333333333333334 0.8489583333333334 0.6314814814814815 0.8447916666666666 0.6240740740740741 0.84375 0.6240740740740741 0.840625 0.6203703703703703 0.8395833333333333 0.6203703703703703 0.834375 0.6203703703703703 0.828125 0.6388888888888888 0.828125 0.6407407407407407 0.8270833333333334 0.6685185185185185
3 0.7927083333333333 0.7148148148148148 0.79375 0.7166666666666667 0.8052083333333334 0.7333333333333334 0.80625 0.7333333333333334 0.8125 0.7370370370370369 0.8135416666666666 0.7370370370370369 0.81875 0.7351851851851853 0.8197916666666666 0.7333333333333334 0.8239583333333333 0.7166666666666667 0.8229166666666666 0.7148148148148148 0.8197916666666666 0.7055555555555556 0.81875 0.7037037037037037 0.80625 0.688888888888889 0.8052083333333334 0.688888888888889 0.7947916666666667 0.6870370370370371 0.790625 0.7018518518518518 0.790625 0.7037037037037037 0.7927083333333333 0.7148148148148148
3 0.7666666666666666 0.6407407407407407 0.7666666666666666 0.6425925925925926 0.7645833333333334 0.6481481481481481 0.7645833333333334 0.65 0.7645833333333334 0.6629629629629629 0.765625 0.6648148148148147 0.7708333333333334 0.6777777777777778 0.771875 0.6777777777777778 0.775 0.6814814814814815 0.7760416666666666 0.6796296296296297 0.7864583333333334 0.6611111111111112 0.7875 0.6611111111111112 0.7958333333333334 0.6574074074074074 0.7958333333333334 0.6555555555555556 0.7958333333333334 0.6518518518518519 0.7947916666666667 0.65 0.79375 0.6444444444444444 0.7927083333333333 0.6425925925925926 0.7854166666666667 0.6314814814814815 0.784375 0.6314814814814815 0.78125 0.6277777777777778 0.7802083333333334 0.6277777777777778 0.775 0.6277777777777778 0.7708333333333334 0.6314814814814815 0.7697916666666667 0.6333333333333334 0.7666666666666666 0.6407407407407407
3 0.9145833333333334 0.46481481481481485 0.9145833333333334 0.4666666666666667 0.9145833333333334 0.47962962962962963 0.915625 0.48148148148148145 0.9177083333333333 0.4962962962962963 0.91875 0.4981481481481481 0.921875 0.5055555555555555 0.9229166666666666 0.5055555555555555 0.9302083333333334 0.5074074074074074 0.93125 0.5055555555555555 0.940625 0.5 0.9416666666666667 0.4981481481481481 0.94375 0.4944444444444444 0.94375 0.49259259259259264 0.9458333333333334 0.47962962962962963 0.9447916666666666 0.4777777777777778 0.9427083333333334 0.46851851851851856 0.9416666666666667 0.4666666666666667 0.934375 0.4555555555555556 0.9333333333333333 0.4555555555555556 0.925 0.4537037037037037 0.9177083333333333 0.45925925925925926 0.9166666666666666 0.4611111111111111 0.9145833333333334 0.46481481481481485
3 0.925 0.5148148148148148 0.925 0.5166666666666666 0.925 0.5277777777777778 0.9260416666666667 0.5296296296296297 0.928125 0.5407407407407407 0.9291666666666666 0.5407407407407407 0.9395833333333333 0.5351851851851852 0.940625 0.5333333333333333 0.9520833333333334 0.5222222222222223 0.9520833333333334 0.5203703703703704 0.9520833333333334 0.5166666666666666 0.9510416666666667 0.5148148148148148 0.9479166666666666 0.5092592592592593 0.946875 0.5092592592592593 0.9427083333333334 0.5037037037037037 0.9416666666666667 0.5037037037037037 0.9395833333333333 0.5037037037037037 0.9291666666666666 0.5092592592592593 0.928125 0.5111111111111112 0.925 0.5148148148148148
3 0.9354166666666667 0.5703703703703704 0.934375 0.5703703703703704 0.9302083333333334 0.5722222222222222 0.9302083333333334 0.5740740740740741 0.9291666666666666 0.5925925925925926 0.9302083333333334 0.5944444444444444 0.93125 0.5981481481481481 0.9322916666666666 0.5981481481481481 0.9395833333333333 0.6055555555555556 0.940625 0.6055555555555556 0.9458333333333334 0.6055555555555556 0.946875 0.6037037037037037 0.9541666666666666 0.5962962962962963 0.9541666666666666 0.5944444444444444 0.95625 0.587037037037037 0.95625 0.5851851851851853 0.95625 0.5722222222222222 0.9552083333333333 0.5703703703703704 0.9541666666666666 0.5648148148148148 0.953125 0.5648148148148148 0.95 0.5611111111111111 0.94375 0.575925925925926 0.9427083333333334 0.575925925925926 0.9354166666666667 0.5703703703703704
3 0.909375 0.6037037037037037 0.909375 0.6055555555555556 0.909375 0.6222222222222222 0.9104166666666667 0.6240740740740741 0.9125 0.6333333333333334 0.9135416666666666 0.6351851851851852 0.91875 0.6388888888888888 0.9197916666666667 0.6388888888888888 0.93125 0.6388888888888888 0.9322916666666666 0.637037037037037 0.9395833333333333 0.6240740740740741 0.9395833333333333 0.6222222222222222 0.9395833333333333 0.6092592592592593 0.9385416666666666 0.6074074074074074 0.9354166666666667 0.6018518518518519 0.934375 0.6018518518518519 0.9260416666666667 0.5944444444444444 0.925 0.5944444444444444 0.91875 0.5944444444444444 0.9125 0.5981481481481481 0.9114583333333334 0.6 0.909375 0.6037037037037037
3 0.9083333333333333 0.5370370370370371 0.9104166666666667 0.5425925925925926 0.9114583333333334 0.5499999999999999 0.9166666666666666 0.5499999999999999 0.9197916666666667 0.5462962962962963 0.9239583333333333 0.5444444444444444 0.9208333333333334 0.5388888888888889 0.9208333333333334 0.5351851851851852 0.9229166666666666 0.5296296296296297 0.921875 0.5277777777777778 0.921875 0.5166666666666666 0.9166666666666666 0.5037037037037037 0.915625 0.5037037037037037 0.915625 0.5018518518518519 0.9135416666666666 0.5018518518518519 0.9125 0.5055555555555555 0.9145833333333334 0.5055555555555555 0.9145833333333334 0.5092592592592593 0.9135416666666666 0.5111111111111112 0.9083333333333333 0.5111111111111112 0.9072916666666666 0.512962962962963 0.9052083333333334 0.5203703703703704 0.9052083333333334 0.5240740740740741 0.9083333333333333 0.5277777777777778 0.9083333333333333 0.5370370370370371
3 0.8614583333333333 0.037037037037037035 0.8604166666666666 0.03888888888888889 0.853125 0.053703703703703705 0.8520833333333334 0.053703703703703705 0.85 0.05555555555555555 0.8489583333333334 0.05740740740740741 0.84375 0.08148148148148149 0.84375 0.08333333333333333 0.8447916666666666 0.10740740740740741 0.8458333333333333 0.10925925925925926 0.8541666666666666 0.1277777777777778 0.8552083333333333 0.1277777777777778 0.8635416666666667 0.13703703703703704 0.8645833333333334 0.13703703703703704 0.8770833333333333 0.1425925925925926 0.878125 0.1425925925925926 0.8885416666666667 0.14074074074074072 0.8895833333333334 0.1388888888888889 0.90625 0.1277777777777778 0.9072916666666666 0.1259259259259259 0.9177083333333333 0.10740740740740741 0.9177083333333333 0.10555555555555556 0.9114583333333334 0.08703703703703704 0.9114583333333334 0.08518518518518518 0.9083333333333333 0.07037037037037036 0.9083333333333333 0.06851851851851852 0.9072916666666666 0.053703703703703705 0.90625 0.05185185185185185 0.9020833333333333 0.037037037037037035 0.9010416666666666 0.03518518518518518 0.8916666666666666 0.016666666666666666 0.890625 0.016666666666666666 0.8885416666666667 0.012962962962962963 0.8875 0.012962962962962963 0.8833333333333334 0.012962962962962963 0.8729166666666667 0.027777777777777776 0.871875 0.027777777777777776 0.8614583333333333 0.037037037037037035
3 0.809375 0 0.809375 0.012962962962962963 0.8104166666666667 0.014814814814814815 0.8125 0.024074074074074074 0.8135416666666666 0.025925925925925925 0.825 0.040740740740740744 0.8260416666666667 0.040740740740740744 0.8333333333333334 0.044444444444444446 0.834375 0.044444444444444446 0.8541666666666666 0.044444444444444446 0.8552083333333333 0.046296296296296294 0.85625 0.04814814814814815 0.85625 0.05 0.8479166666666667 0.06111111111111111 0.8479166666666667 0.06296296296296296 0.8447916666666666 0.07222222222222222 0.8447916666666666 0.07407407407407407 0.84375 0.09444444444444444 0.8447916666666666 0.0962962962962963 0.8447916666666666 0.10740740740740741 0.8458333333333333 0.10925925925925926 0.846875 0.11296296296296296 0.8479166666666667 0.11481481481481481 0.8614583333333333 0.13518518518518519 0.8625 0.13518518518518519 0.8770833333333333 0.1425925925925926 0.878125 0.1425925925925926 0.8864583333333333 0.14074074074074072 0.8875 0.1388888888888889 0.9041666666666667 0.12962962962962962 0.9052083333333334 0.1277777777777778 0.915625 0.11296296296296296 0.915625 0.1111111111111111 0.9166666666666666 0.10185185185185185 0.915625 0.1 0.909375 0.07777777777777778 0.909375 0.07592592592592592 0.9052083333333334 0.046296296296296294 0.9041666666666667 0.044444444444444446 0.896875 0.025925925925925925 0.8958333333333334 0.024074074074074074 0.8854166666666666 0.009259259259259259 0.8854166666666666 0.007407407407407408 0.8854166666666666 0 0.884375 0 0.809375 0
3 0.09791666666666667 0.6759259259259259 0.09895833333333333 0.6777777777777778 0.10416666666666667 0.6833333333333333 0.10520833333333333 0.6833333333333333 0.10833333333333332 0.6833333333333333 0.109375 0.6814814814814815 0.11145833333333333 0.6777777777777778 0.11145833333333333 0.6759259259259259 0.11041666666666668 0.6611111111111112 0.109375 0.6592592592592593 0.10104166666666667 0.6574074074074074 0.096875 0.6629629629629629 0.096875 0.6648148148148147 0.09791666666666667 0.6759259259259259
3 0.0875 0.7092592592592593 0.08854166666666667 0.7092592592592593 0.09583333333333333 0.7129629629629629 0.096875 0.7111111111111111 0.103125 0.7055555555555556 0.103125 0.7037037037037037 0.103125 0.6981481481481482 0.10208333333333333 0.6962962962962963 0.10104166666666667 0.6944444444444444 0.1 0.6944444444444444 0.09375 0.6925925925925925 0.0875 0.6981481481481482 0.0875 0.7 0.0875 0.7092592592592593
1 0.16395833333333332 0.6549999999999999 0.16239583333333332 0.6155555555555556 0.15041666666666667 0.617037037037037 0.15166666666666664 0.64 0.15031250000000002 0.6425925925925926 0.14145833333333332 0.6375925925925926 0.12333333333333334 0.620925925925926 0.12177083333333333 0.6281481481481482 0.1459375 0.6512962962962964 0.14927083333333332 0.6585185185185186 0.1515625 0.67 0.1522916666666667 0.6981481481481482 0.1525 0.6985185185185185 0.16218749999999998 0.686111111111111 0.16395833333333332 0.6549999999999999
0 0.4596875 0.23222222222222222 0.48093749999999996 0.2312962962962963 0.4925 0.2338888888888889 0.5141666666666667 0.23981481481481481 0.5228125 0.2475925925925926 0.5288541666666666 0.2175925925925926 0.5088541666666666 0.2048148148148148 0.4628125 0.19574074074074074 0.45249999999999996 0.17907407407407408 0.45947916666666666 0.10888888888888888 0.42124999999999996 0.10111111111111111 0.4 0.26981481481481484 0.39375 0.2985185185185185 0.4284375 0.32537037037037037 0.4284375 0.3242592592592593 0.4453125 0.2518518518518518 0.4596875 0.23222222222222222