2 0 0.486882162037037 0.24649717824074072 0.5071945416666667 0.30790349074074075 0.5091465972222222 0.30799482175925924 0.5097964606481481 0.4196682060185185 0.5013704444444445 0.5208100046296297 0.5017037199074074 0.7559022222222223 0.518260925925926 0.8123694027777778 0.5268503888888889 0.8135247152777778 0.5266880185185185 0.8134348310185184 0.5260484722222222 0.9101391527777778 0.5031902939814815 0.8504361458333334 0.5049750486111111 0.7035399675925925 0.48858243055555556 0.5540606134259259 0.4705752731481482 0.4629160717592593 0.4661966967592593 0.3886858888888889 0.4733260902777778 0.2389008726851852 0.4699097222222222 0.04082575 0.4574068564814815 0 0.45459750925925924 0 0.486882162037037
2 0.30653881944444444 0.7092737291666666 0.29673327546296296 0.7269247592592593 0.27943408796296293 0.7273153078703705 0.23563039583333334 0.713958701388889 0.24061169444444447 0.7030972361111111 0.08100949537037037 0.7092654305555556 0.0801995625 0.708558775462963 0.051628638888888884 0.7418486365740741 0.0909096712962963 0.7436492986111112 0.13552090277777776 0.7422604305555555 0.18564883796296297 0.7388760347222223 0.24733309722222221 0.7354874328703703 0.32333684490740744 0.7361874027777778 0.376526150462963 0.739283763888889 0.3789863865740741 0.7104840069444445 0.37140330092592594 0.7078891134259259 0.30653881944444444 0.7092737291666666
3 0.22801199305555556 0.26788616435185186 0.22603318981481482 0.2671123634259259 0.22361947222222223 0.263243974537037 0.22164067129629628 0.2624701736111111 0.2097678611111111 0.2578273657407407 0.2079340300925926 0.2580850949074074 0.19495225000000002 0.25885765972222224 0.1932633935185185 0.26014691666666667 0.18269533101851854 0.26478787268518517 0.18284030324074074 0.26581940277777777 0.17666475925925926 0.2751025486111111 0.1768097314814815 0.2761340763888889 0.1776795625 0.2823232523148148 0.18984231712962962 0.28902911805555553 0.19167614814814815 0.2887713912037037 0.21015941666666665 0.2872256412037037 0.21184827546296298 0.28593638425925927 0.22593902546296296 0.2797484421296296 0.22579405324074073 0.27871691435185186 0.2290267962962963 0.2751068703703704 0.22888182407407406 0.2740753402777778 0.22801199305555556 0.26788616435185186
3 0.24089960648148148 0.27974967824074076 0.23906577777777777 0.2800074050925926 0.22820777083333332 0.28258530324074077 0.22651891203703706 0.2838745601851852 0.2197634814814815 0.28903158796296297 0.21990845370370368 0.29006311805555557 0.22077828472222225 0.2962522939814815 0.22883846296296295 0.3003790277777778 0.23067229398148148 0.3001212986111111 0.25069944907407404 0.2962547638888889 0.25238830787037037 0.2949655046296296 0.2554760787037037 0.2903239328703704 0.2553311064814815 0.2892924027777778 0.25262744444444446 0.2833609560185185 0.2506486435185185 0.2825871550925926 0.24089960648148148 0.27974967824074076
3 0.2145519351851852 0.29186783101851854 0.21257313425925925 0.2910940300925926 0.20480289814814814 0.28903035416666667 0.20296906944444443 0.28928808101851855 0.19182111805555555 0.2898029212962963 0.18998728935185186 0.29006064814814814 0.1791292824074074 0.2926385462962963 0.17744042592592593 0.29392780324074075 0.17575156712962964 0.2952170601851852 0.17589653935185187 0.29624858796296294 0.1726637962962963 0.29985863194444445 0.17280876851851854 0.30089016203703706 0.1735336273148148 0.30604780787037034 0.18569638194444446 0.3127536736111111 0.18753021064814815 0.31249594675925924 0.20307068055555555 0.3166232986111111 0.20490451157407408 0.31636556944444444 0.21899526157407406 0.31017762962962964 0.21885028935185183 0.30914609953703703 0.221793087962963 0.3034729976851852 0.22164811805555557 0.3024414675925926 0.2145519351851852 0.29186783101851854
3 0.1611317361111111 0.3109464907407407 0.16383539583333334 0.31687793981481477 0.16764802777777776 0.3173940115740741 0.16933688657407409 0.3161047546296296 0.16325550925925927 0.31275182175925925 0.16853953935185187 0.31043134490740737 0.16774219444444446 0.3047579328703704 0.15770321296296294 0.29985739814814816 0.15234669675925924 0.3016621111111111 0.1527816111111111 0.3047566990740741 0.14569999305555556 0.3075927870370371 0.1385458912037037 0.3099131111111111 0.13106559953703703 0.3099124930555555 0.12643394212962963 0.3168748518518519 0.13240659027777776 0.3194541388888889 0.1270138287037037 0.3210009699074074 0.12532497222222222 0.3222902268518518 0.1257598888888889 0.3253848148148148 0.1342549814814815 0.3326061365740741 0.14878064814814815 0.32951278240740745 0.15215836342592592 0.32693426851851853 0.15172344907407406 0.32383968055555556 0.14974464583333336 0.3230658796296296 0.14916475925925926 0.3189397615740741 0.14718595601851853 0.31816596064814817 0.14689601388888887 0.3161029027777778 0.15915293287037038 0.3101726898148148 0.1611317361111111 0.3109464907407407
3 0.09921643981481482 0.3228038310185185 0.0973826087962963 0.32306155787037033 0.09024306944444443 0.3387916064814815 0.09038803935185184 0.3398231365740741 0.09140284490740741 0.3470438402777778 0.10621845370370371 0.3460135462962963 0.10790731249999999 0.34472428935185184 0.1149526875 0.34163031944444444 0.11480771527777778 0.34059878935185184 0.11789548611111111 0.3359572175925926 0.1177505138888889 0.33492568749999996 0.11519182407407406 0.33002576851851856 0.11321302314814814 0.3292519675925926 0.09921643981481482 0.3228038310185185
3 0.15407891435185184 0.27406916666666664 0.15239005555555554 0.2753584236111111 0.14211193749999998 0.2820624375 0.1422569097222222 0.2830939675925926 0.1410029675925926 0.2874778125 0.14920811805555556 0.2926360763888889 0.1510419490740741 0.2923783472222222 0.1548545810185185 0.2928944212962963 0.1566884097222222 0.2926366921296296 0.1747367638888889 0.28799635416666663 0.17642562037037038 0.2867070972222222 0.17622984259259258 0.27200796064814814 0.1743960138888889 0.27226568749999996 0.15407891435185184 0.27406916666666664
3 0.3110003472222222 0.6853996319444445 0.31283417592592594 0.6851419027777779 0.3313174467592592 0.6835961527777777 0.3330063032407407 0.6823068958333333 0.36022380555555555 0.6763779166666667 0.3619126643518519 0.6750886597222222 0.3885502777777778 0.6650335648148149 0.39023913657407405 0.6637443078703704 0.4121942870370371 0.6469839652777778 0.4120493148148148 0.6459524351851852 0.42440040277777774 0.6273861435185185 0.42425543055555553 0.6263546134259259 0.4297061134259259 0.6119138217592592 0.4295611412037037 0.6108822939814815 0.4248278726851852 0.5905094375 0.42284906944444445 0.5897356342592592 0.4075477384259259 0.5740037337962963 0.4055689375 0.5732299328703704 0.3799894861111111 0.5642020462962963 0.37815565509259264 0.5644597731481481 0.3685515902777778 0.5626538263888888 0.3667177615740741 0.5629115532407408 0.33848545601851854 0.5616198263888889 0.336651625 0.5618775555555555 0.3129568101851852 0.5662595462962963 0.31126795370370375 0.5675488055555555 0.28448536574074074 0.5765723703703703 0.28279650925925925 0.5778616273148148 0.2777299351851852 0.5817293981481482 0.2778749074074074 0.5827609282407408 0.27647599305555554 0.5861132430555556 0.2784547962962963 0.5868870462962963 0.2928862962962963 0.5964297708333334 0.2930312685185185 0.5974613009259259 0.29616984490740744 0.606487335648148 0.29814864583333334 0.6072611365740741 0.3070786574074074 0.6175770462962964 0.3053897986111111 0.6188663032407407 0.30582471527777777 0.6219608912037037 0.30413585879629634 0.623250148148148 0.2933286574074074 0.6394956527777778 0.2916397986111111 0.640784912037037 0.28488436805555556 0.6459419398148148 0.28305053935185187 0.6461996666666666 0.2741713333333333 0.6495513657407408 0.27248247685185184 0.6508406226851852 0.25728275694444447 0.6624439375 0.2574277291666667 0.6634754675925926 0.2578626435185185 0.6665700555555555 0.2624001342592593 0.672243775462963 0.2643789375 0.6730175763888888 0.2703153425925926 0.6753389791666667 0.2721491712962963 0.6750812523148149 0.2840219814814815 0.6797240601851853 0.2858558125 0.6794663310185185 0.3030851388888889 0.682304425925926 0.3050639421296296 0.6830782268518518 0.3110003472222222 0.6853996319444445
3 0.4354095115740741 0.39967961342592595 0.4370983680555555 0.39839035648148147 0.43733750694444445 0.38678580787037037 0.43902636342592594 0.38549655092592594 0.4432231064814815 0.37543960416666666 0.4449119629629629 0.3741503449074074 0.4560091087962963 0.35996790046296295 0.4540303055555555 0.35919409722222223 0.42367422685185185 0.35609704166666667 0.4218403958333333 0.3563547685185185 0.4126712476851852 0.3576434097222222 0.4109823888888889 0.3589326666666666 0.40591581712962965 0.3628004375 0.40606078935185186 0.36383196759259256 0.39834135879629634 0.37543589814814815 0.39848633101851855 0.37646742824074075 0.39897205324074075 0.393229625 0.4018206875 0.40019259953703706 0.40379948842592595 0.4009664027777778 0.4127295 0.41128231249999997 0.4147083009259259 0.4120561134259259 0.43676506481481486 0.4226309861111111 0.4384539212962963 0.4213417291666667 0.4402877523148148 0.421084 0.4401427800925926 0.42005247222222225 0.4354095115740741 0.39967961342592595
3 0.5298629120370371 0.4463635671296296 0.5316967407407408 0.446105837962963 0.5500350393518518 0.4435285578703703 0.5517238981481482 0.44223930092592595 0.5699172222222222 0.43863049305555557 0.5716060810185185 0.4373412361111111 0.5875306597222222 0.4308955671296296 0.5892195185185185 0.4296063101851852 0.5942860925925926 0.42573853703703707 0.5961199212962962 0.42548081018518513 0.6137333587962963 0.41774588425925924 0.6154222175925925 0.41645662731481486 0.6221776481481482 0.4112995972222222 0.6220326759259259 0.41026806944444444 0.6287881064814814 0.40511103935185183 0.6286431342592592 0.4040795115740741 0.6348186782407408 0.39479636574074073 0.6346737060185185 0.3937648356481482 0.6374715347222222 0.3870602037037037 0.6373265625000001 0.38602867592592593 0.6358768425925926 0.3757133819444444 0.6338980393518518 0.3749395810185185 0.6307594629629629 0.36591354629629624 0.628780662037037 0.3651397453703704 0.6201405949074074 0.35688689351851854 0.6181617916666666 0.3561130925925926 0.5944161712962962 0.34682747685185183 0.5925823425925926 0.3470852060185185 0.580999474537037 0.3445054560185185 0.5791656458333333 0.3447631851851852 0.5356828125 0.34140716435185187 0.5338489837962963 0.3416648912037037 0.5022389606481481 0.3429516805555555 0.5005501041666667 0.3442409375 0.48954712499999997 0.34578730555555554 0.48785826851851855 0.34707656249999996 0.47178871527777777 0.3524907013888889 0.4700998587962963 0.35377995833333337 0.44983356481481485 0.3692510462962963 0.44997853703703705 0.3702825740740741 0.4450569351851852 0.37518187500000005 0.4452019074074074 0.3762134050925926 0.43806236574074076 0.3919434537037037 0.43820733796296296 0.3929749837962963 0.43970786342592594 0.4169578842592593 0.44439032638888887 0.42366313194444444 0.44636912962962966 0.4244369328703704 0.46094560185185185 0.4350111875 0.46292440277777774 0.43578499074074073 0.4688608078703704 0.43810639351851854 0.47069463888888885 0.43784866666666666 0.5034644351851851 0.4448141111111111 0.5052982662037037 0.44455638425925925 0.5298629120370371 0.4463635671296296
3 0.6502216226851851 0.4378634837962963 0.6522004236111111 0.43863728472222224 0.6706836944444445 0.43709153472222223 0.672372550925926 0.43580227546296296 0.6849194166666668 0.43193512268518514 0.6866082731481482 0.43064586574074076 0.6951975347222222 0.4252311087962963 0.6950525624999999 0.42419957870370373 0.6929287893518519 0.4223942476851852 0.6910949583333333 0.42265197685185185 0.6796570648148148 0.4211037569444444 0.6776782615740741 0.4203299560185185 0.6658054513888888 0.41568714814814817 0.6656604791666667 0.41465561805555556 0.6353985671296297 0.39892248148148146 0.635543537037037 0.39995401157407406 0.6157121597222223 0.4185196851851852 0.6138783310185185 0.41877741435185184 0.5876756319444445 0.43192709722222217 0.585986775462963 0.43321635416666665 0.5862767175925926 0.435279412037037 0.6054848472222223 0.4388913078703704 0.6073186782407407 0.43863357870370373 0.6222792592592592 0.4386348148148148 0.6242580625 0.43940861574074075 0.6320282962962963 0.4414722916666666 0.6338621273148148 0.4412145625 0.6413424166666667 0.4412151805555556 0.643031275462963 0.4399259236111111 0.6502216226851851 0.4378634837962963
3 0.7483277916666666 0.4040893888888889 0.7500166481481481 0.4028001319444445 0.7700438032407407 0.39893359490740743 0.771732662037037 0.39764433796296295 0.7966814189814815 0.38887849999999996 0.798370275462963 0.3875892430555556 0.8141498842592593 0.3801120439814815 0.8158387430555556 0.37882278703703703 0.8278057175925926 0.3708295162037037 0.8276607476851852 0.3697979884259259 0.8387578912037037 0.35561554166666665 0.84044675 0.3543262847222222 0.8504349236111111 0.34555921064814815 0.850289951388889 0.3445276828703704 0.8549216087962963 0.33756532175925924 0.8547766365740741 0.3365337939814815 0.8541459421296296 0.31874006944444444 0.8521671412037037 0.31796626620370366 0.8214703125 0.29913854398148143 0.8213253402777778 0.2981070138888889 0.8148090462962962 0.29165949305555555 0.8146640740740742 0.29062796296296295 0.8112355532407407 0.27953887037037034 0.80925675 0.2787650694444444 0.8037552615740741 0.27953825231481483 0.8020664050925925 0.28082750925925926 0.7714711851851852 0.28933500231481485 0.7696373564814815 0.2895927314814815 0.7150573796296297 0.30041915740740743 0.7133685208333334 0.3017084143518518 0.7025105162037036 0.3042863125 0.7008216574074074 0.3055755694444444 0.6669936967592592 0.3176931041666667 0.665304837962963 0.3189823611111111 0.6465824305555555 0.33213266203703706 0.6467274027777777 0.3331641921296296 0.6402619143518519 0.3403842777777778 0.6404068865740741 0.34141580787037035 0.6329774027777778 0.35508279861111114 0.633122375 0.35611432638888885 0.6345720949074075 0.36642962037037036 0.6448068518518518 0.3860292939814815 0.6467856550925926 0.38680309490740744 0.6531569768518518 0.39221908564814817 0.6551357777777779 0.3929928865740741 0.6790263703703703 0.40331003240740737 0.680860199074074 0.40305230324074076 0.7151738842592593 0.407696962962963 0.717007712962963 0.4074392361111111 0.7483277916666666 0.4040893888888889
3 0.9005715740740741 0.3164229861111111 0.9024054050925926 0.31616525925925926 0.9263901643518518 0.3138463240740741 0.9280790208333334 0.3125570671296296 0.955151550925926 0.3055965601851852 0.9568404097222222 0.30430730324074073 0.9710761319444444 0.2991508912037037 0.9727649884259258 0.29786163425925927 0.9598116782407408 0.1923879236111111 0.9578328749999999 0.19161412268518518 0.944561150462963 0.19032362962962962 0.9427273217592592 0.1905813587962963 0.9149299305555556 0.1923842199074074 0.9132410740740741 0.19367347685185188 0.8968815763888889 0.19702455787037038 0.8951927199074073 0.1983138148148148 0.8827908263888888 0.2032124976851852 0.8811019699074074 0.20450175462962963 0.8689900208333333 0.2114634976851852 0.8673011643518519 0.21275275462962961 0.8355028101851851 0.23931169907407407 0.8356477824074074 0.24034322916666667 0.8174110949074075 0.27025572453703706 0.8175560671296296 0.27128725462962966 0.8153381273148148 0.2821180023148148 0.8230141967592592 0.2968177569444444 0.824993 0.29759155787037034 0.8334880949074075 0.3048128796296296 0.8354668958333333 0.30558668055555555 0.8514422824074074 0.3128086203703703 0.8532761111111111 0.3125508935185185 0.8762968726851852 0.31667886111111115 0.8781307013888889 0.3164211342592593 0.9005715740740741 0.3164229861111111
3 1 0.5315671134259259 0.9998821967592593 0.5307288958333333 0.9977584212962962 0.5289235648148148 0.9619950185185184 0.513963613425926 0.9583273587962963 0.5144790694444444 0.9468894652777777 0.512930849537037 0.9429318611111112 0.5113832476851852 0.9410980324074074 0.511640974537037 0.9371404282407408 0.5100933726851852 0.9257025324074074 0.5085451527777778 0.9121408657407407 0.5051916018518519 0.8607936319444444 0.5124079861111112 0.8537482569444445 0.5155019560185186 0.8445791087962964 0.5167905949074074 0.84289025 0.5180798518518519 0.8392225902777777 0.5185953078703703 0.835844875 0.5211738217592592 0.8128749212962963 0.5307134606481482 0.8044306319444444 0.5371597476851852 0.8045756041666666 0.5381912777777778 0.7978201736111111 0.5433483055555556 0.7964212592592593 0.5467006203703704 0.7930435439814815 0.5492791365740741 0.7899557708333333 0.5539207083333333 0.7889917731481482 0.5603676111111111 0.7873029166666667 0.5616568703703704 0.7877378310185186 0.5647514560185185 0.786048974537037 0.5660407152777778 0.7874986944444444 0.5763560069444444 0.7858098356481482 0.5776452638888889 0.786824638888889 0.5848659675925926 0.7904922986111111 0.5843505115740741 0.7924711018518518 0.5851243148148149 0.7880079583333334 0.5899591828703704 0.7903745925925926 0.6001456111111111 0.7929568240740741 0.6018865092592592 0.791992824074074 0.608333412037037 0.7960954004629629 0.6109125439814815 0.7963853449074074 0.6129756041666666 0.8006328912037036 0.6165862638888889 0.8045904953703704 0.6181338657407408 0.8130855902777777 0.6253551898148147 0.8190219953703703 0.6276765925925927 0.8246684560185186 0.6279349375000001 0.8295900578703703 0.623035636574074 0.8533356782407407 0.6323212523148148 0.8613277083333334 0.6333018541666667 0.8540605393518519 0.6374788981481482 0.8560393402777777 0.6382526990740741 0.8578731712962963 0.6379949722222222 0.8656434050925925 0.6400586481481482 0.8693110648148148 0.6395431921296297 0.8807489583333333 0.641091412037037 0.9028998888888888 0.6390302060185186 0.9045887453703704 0.6377409490740741 0.9119240648148148 0.6367100370370371 0.9171356111111111 0.6338737939814815 0.9202233819444444 0.6292322222222223 0.9196434953703704 0.6251061041666667 0.9156858912037037 0.6235585023148148 0.9091695972222221 0.6171109814814815 0.8976635532407408 0.6124166273148148 0.9194650601851853 0.5998854930555555 0.9270221736111111 0.5977715046296296 0.929000974537037 0.5985453078703704 0.9526524305555555 0.620467 0.9636554074074074 0.6189206342592593 0.9723896412037036 0.6145374050925926 0.9760573009259259 0.614021949074074 0.9831026759259259 0.6109279791666666 0.9914019930555555 0.6034501643518518 0.9912570208333333 0.6024186342592592 1 0.596475611111111 1 0.5315671134259259
3 0.7418561736111111 0.6374696388888889 0.7415662291666666 0.6354065787037037 0.7494306319444445 0.6248341759259259 0.7487057708333333 0.6196765300925926 0.7503946296296297 0.6183872731481481 0.7496697685185185 0.6132296273148148 0.7513586273148148 0.6119403703703704 0.7506337662037038 0.606782724537037 0.752322625 0.6054934652777777 0.7518877083333334 0.6023988796296296 0.7499089074074073 0.601625076388889 0.7491840462962963 0.5964674305555555 0.7449365 0.5928567708333333 0.7445015833333334 0.5897621828703704 0.7425227824074073 0.5889883819444445 0.7396741481481482 0.5820254050925926 0.7269315069444444 0.5711934212962964 0.720995099537037 0.5688720185185185 0.7208501296296297 0.5678404884259259 0.6818539814814815 0.5564905810185186 0.6781863217592593 0.5570060347222222 0.6685822569444445 0.5552000879629629 0.650098988425926 0.556745837962963 0.6443075555555556 0.555455962962963 0.6259692569444445 0.5580332430555556 0.6189238819444444 0.561127212962963 0.6115885624999999 0.562158125 0.6098997060185185 0.5634473819444444 0.6062320462962963 0.563962837962963 0.6011654722222223 0.5678306111111111 0.6026151921296297 0.5781459027777778 0.6009263356481481 0.5794351597222223 0.5951349004629629 0.5781452847222222 0.5887635810185186 0.5727292939814814 0.5814282615740741 0.5737602060185185 0.5729839722222222 0.5802064907407407 0.5755426620370371 0.5851064097222223 0.5972071018518519 0.5945530277777777 0.5893087800925926 0.5978983611111112 0.5959744583333333 0.5999200393518519 0.5947418125 0.6052870509259259 0.5852912916666666 0.6030212314814816 0.5571688564814815 0.638881326388889 0.5662867939814815 0.639002423611111 0.5593863888888889 0.643127923611111 0.5531513680555555 0.644004199074074 0.5541748449074074 0.6459641643518518 0.5488183263888889 0.6477688796296297 0.5491338796296296 0.6491270694444444 0.5403740393518519 0.6542151643518518 0.545116386574074 0.6542499398148147 0.5410988981481482 0.6593728101851852 0.5430776990740741 0.6601466111111111 0.5433676435185185 0.6622096712962963 0.5474702199074074 0.6647888032407407 0.5498839375 0.6686571921296297 0.5617567476851851 0.6732999999999999 0.5654244074074074 0.6727845439814815 0.5674032083333334 0.6735583449074075 0.5709258958333333 0.6720113587962963 0.5704909814814815 0.6689167708333333 0.572179837962963 0.6676275138888889 0.5799500740740741 0.6696911898148149 0.5803849884259259 0.6727857777777778 0.584632537037037 0.6763964398148148 0.5885901412037037 0.6779440416666667 0.6472726921296297 0.6696967453703704 0.6492514930555556 0.6704705486111111 0.7042663865740741 0.6627387083333333 0.7059552453703704 0.661449451388889 0.71681325 0.6588715555555557 0.730324113425926 0.6485574976851851 0.7301791412037036 0.6475259675925926 0.7352457152777778 0.6436581967592593 0.7351007430555555 0.6426266666666666 0.7418561736111111 0.6374696388888889
3 0.5035388958333333 0.8445270601851852 0.5052277523148148 0.8432378032407407 0.5306114259259259 0.8375665532407408 0.5323002824074075 0.8362772962962963 0.5359679421296296 0.8357618402777777 0.5376568009259259 0.8344725833333334 0.5496237777777778 0.8264793125 0.5514576064814815 0.8262215856481482 0.5585029814814815 0.823127613425926 0.5601918402777778 0.8218383564814815 0.5715789282407407 0.8097189699074073 0.573267787037037 0.8084297106481481 0.5835459050925926 0.8017256967592593 0.5815671018518519 0.8009518958333333 0.5740868125 0.8009512800925925 0.5723979537037037 0.802240537037037 0.5652076064814815 0.8043029768518518 0.5632288055555555 0.8035291759259259 0.5594161736111111 0.8030131018518518 0.5592712013888889 0.801981574074074 0.5606701157407407 0.7986292569444444 0.562358974537037 0.7973399999999999 0.5936282453703704 0.7803225462962963 0.5953171041666666 0.7790332893518518 0.6037613912037038 0.7725870023148148 0.6036164189814814 0.771555474537037 0.5964186273148149 0.7336466203703703 0.5944398263888888 0.7328728194444445 0.5941498819444445 0.7308097615740741 0.5921710787037037 0.7300359583333333 0.5655768240740741 0.7137873680555555 0.5635980231481481 0.7130135648148148 0.5381635439814815 0.7050172083333334 0.5363297152777777 0.7052749351851851 0.5023059745370371 0.7026933356481481 0.5004721458333333 0.7029510625000001 0.46012789120370373 0.7086210787037037 0.4584390324074074 0.7099103356481481 0.45293754398148145 0.7106835185185185 0.4512486851851852 0.711972775462963 0.4246110717592593 0.7220278703703704 0.42292221296296295 0.7233171273148149 0.4127890671296296 0.7310526712962963 0.41293403935185186 0.732084201388889 0.4097012962962963 0.7356942430555555 0.4098462685185185 0.7367257731481481 0.41028118287037035 0.7398203611111112 0.41225998611111114 0.740594162037037 0.4173773657407407 0.750394 0.4193561666666667 0.7511678009259258 0.42374868518518516 0.7558099907407407 0.42572748842592595 0.7565837916666667 0.43547652546296295 0.7594212685185185 0.43562149537037037 0.760452798611111 0.44030396064814814 0.7671580462962964 0.4422827615740741 0.7679318472222222 0.446385337962963 0.7705109791666667 0.4465303078703704 0.7715425092592592 0.44971969212962964 0.7942361527777778 0.4480308356481481 0.7955254097222222 0.4403114050925926 0.8071293425925925 0.4384775763888889 0.8073870694444445 0.42409688194444445 0.811511951388889 0.4224080231481481 0.8128012083333332 0.40383058796296295 0.8269830393518518 0.40397556018518516 0.8280145671296296 0.4041205324074074 0.8290460972222222 0.4145944282407407 0.8370412199074074 0.41657323148148145 0.8378150208333333 0.4304248425925926 0.8432316296296297 0.43225867361111114 0.8429739027777777 0.4497779444444444 0.8478750555555555 0.45161177314814815 0.8476173263888889 0.4741976203703704 0.8486507083333333 0.4760314490740741 0.8483929814814815 0.5035388958333333 0.8445270601851852
3 0.34525709490740736 0.9025368449074074 0.3451121226851852 0.9015053148148148 0.34414067824074074 0.8679809236111111 0.34245182175925926 0.8692701805555556 0.3303398726851852 0.8762319236111111 0.3304848449074074 0.8772634513888888 0.3207866134259259 0.8880935833333333 0.32093158564814817 0.8891251111111111 0.3168798171296296 0.9002135879629629 0.31702478703703707 0.9012451180555556 0.3177496481481481 0.9064027638888889 0.3290933773148148 0.9205870625 0.3310721782407407 0.9213608634259259 0.3484464768518518 0.9252304884259259 0.35028030787037034 0.9249727592592593 0.3594494560185185 0.9236841203703704 0.3593044837962963 0.9226525902777778 0.35616590740740744 0.9136265555555555 0.35418710416666666 0.9128527546296297 0.34525709490740736 0.9025368449074074
3 0.8382599097222223 0.7911736689814816 0.841637625 0.7885951527777778 0.8461243101851852 0.7806012662037036 0.8680794606481482 0.7638409212962963 0.8699132916666668 0.7635831944444443 0.8870918125 0.7527536805555556 0.8889256412037037 0.7524959513888889 0.8955361018518518 0.7463073935185185 0.896500099537037 0.7398604907407408 0.8981889560185186 0.7385712337962963 0.8977540416666666 0.7354766458333333 0.8994428981481482 0.7341873888888889 0.8978482060185186 0.7228405671296296 0.8936006597222222 0.7192299050925925 0.8930207708333333 0.7151037893518519 0.8910419699074075 0.7143299884259259 0.8883383078703704 0.7083985393518518 0.8843807060185185 0.7068509374999999 0.8799881851851852 0.7022087476851852 0.8242917939814816 0.6784792523148148 0.8186453310185186 0.6782209074074074 0.8146877291666668 0.6766733055555556 0.8090412662037038 0.6764149606481481 0.8012710324074074 0.6743512847222222 0.7976033726851852 0.6748667407407408 0.7956245717592593 0.6740929398148148 0.791956912037037 0.6746083958333334 0.7843316481481482 0.6735762476851852 0.7696610092592593 0.6756380717592593 0.7676822083333333 0.6748642708333333 0.7566792291666666 0.676410638888889 0.7549903726851852 0.6776998958333332 0.7458212222222222 0.6789885347222222 0.7406096782407408 0.6818247777777777 0.7351081898148147 0.6825979606481481 0.7315855023148148 0.6841449467592592 0.7318754444444444 0.6862080046296297 0.7286427013888889 0.6898180486111111 0.7213073819444444 0.6908489606481482 0.7222713796296296 0.6844020578703705 0.7050420532407408 0.681563962962963 0.6998305069444444 0.6844002060185185 0.6854498125 0.688525087962963 0.6687062083333333 0.7024491898148149 0.6691411226851852 0.705543775462963 0.6674522662037037 0.7068330347222223 0.6698659837962964 0.7107014236111111 0.6679255046296296 0.7121011782407407 0.6718447847222222 0.711475224537037 0.6719897569444444 0.7125067523148148 0.6694635023148149 0.7140993287037036 0.6683987453703705 0.717369324074074 0.6711847986111111 0.7193025671296296 0.6688719837962963 0.7226374699074074 0.6729060925925926 0.724505800925926 0.6693452222222221 0.7279056134259259 0.6746273865740741 0.7297090393518518 0.6698184606481482 0.7331737592592593 0.6539922083333333 0.730814699074074 0.6523033518518518 0.7321039560185185 0.6579498125000001 0.7323623009259259 0.6580947847222222 0.7333938310185185 0.6640311898148148 0.7357152361111111 0.664176162037037 0.7367467638888889 0.6702917013888888 0.7384419050925927 0.6705474837962963 0.7421627569444444 0.6725262847222223 0.7429365578703704 0.6707649421296297 0.7437100486111111 0.6712381805555556 0.7489781944444445 0.6678946273148149 0.7498989166666666 0.6560218171296297 0.7452561087962963 0.6564567337962963 0.7483506967592594 0.6584355347222222 0.7491244976851852 0.6572613055555556 0.7496401597222222 0.662538111111111 0.7517036296296297 0.6604795949074074 0.7547980115740741 0.6636978865740741 0.7599558634259259 0.6721846597222223 0.759514486111111 0.6726578981481481 0.7647826296296296 0.6669161782407408 0.7651137152777778 0.6701344652777778 0.7702715671296296 0.673131136574074 0.7700507754629631 0.6746066990740741 0.771045574074074 0.6750416157407407 0.774140162037037 0.6733527569444445 0.7754294189814814 0.6740776157407408 0.7805870648148149 0.6760564189814815 0.7813608680555555 0.6763463634259259 0.783423925925926 0.6855155115740741 0.7821352847222223 0.6856604837962963 0.7831668148148148 0.6822827685185184 0.7857453287037037 0.6935616226851852 0.7869446388888889 0.6952829189814814 0.7921478773148147 0.7017808402777779 0.7914202824074074 0.7019258125 0.7924518125 0.6953153541666667 0.7986403703703703 0.6992729583333334 0.8001879722222222 0.7168863958333334 0.7924530486111111 0.7191551412037037 0.7952899074074075 0.7122547384259259 0.7994154074074075 0.7068982199074073 0.8012201203703704 0.7036654768518519 0.8048301643518518 0.7155382870370371 0.8094729722222221 0.7211847476851851 0.8097313171296295 0.7309337847222223 0.8125687939814815 0.7384140763888889 0.812569412037037 0.7442055092592592 0.8138592847222222 0.7535196296296297 0.8136021759259259 0.7593110625 0.8148920486111111 0.7666463819444445 0.8138611388888889 0.7686251851851852 0.8146349398148148 0.7759605023148148 0.8136040277777778 0.7779393055555555 0.8143778287037037 0.8036129212962962 0.8107696365740741 0.8053017800925927 0.8094803796296296 0.8234951041666667 0.8058715717592593 0.8305404791666667 0.802777599537037 0.8382599097222223 0.7911736689814816
3 1 0.6589320185185186 0.9992304791666667 0.6591527430555556 0.9781885208333334 0.655798574074074 0.972976974537037 0.6586348171296296 0.9693093148148149 0.6591502731481482 0.9608650277777777 0.6655965601851852 0.9590311967592592 0.665854287037037 0.9550735925925926 0.6643066851851851 0.9500070208333333 0.6681744560185185 0.9481731898148148 0.6684321851851851 0.9431066180555555 0.6722999560185186 0.941272787037037 0.6725576828703703 0.9362062129629629 0.6764254560185186 0.9343723842592593 0.6766831828703703 0.9280518680555555 0.684934800925926 0.9197525532407407 0.6924126157407408 0.9182086666666666 0.6947334027777777 0.918933525462963 0.6998910486111112 0.9267037615740741 0.701954724537037 0.9064374675925926 0.7174258101851853 0.9046036388888888 0.7176835393518518 0.9202890810185186 0.7228424189814815 0.921738800925926 0.7331577106481482 0.916817199074074 0.738057011574074 0.9079379930555556 0.7414087106481482 0.9417225949074074 0.7555948611111112 0.940033738425926 0.7568841180555554 0.9326984189814815 0.7579150300925925 0.9293207037037037 0.7604935439814815 0.940135349537037 0.7842193356481482 0.9419691782407407 0.7839616064814815 0.9521023263888888 0.7762260648148148 0.959727587962963 0.7772582106481482 0.9617063912037037 0.7780320115740741 0.9621413055555555 0.781126599537037 0.9570747337962963 0.7849943703703703 0.9596334236111111 0.7898942893518518 0.9870467037037037 0.798664449074074 1 0.8004177916666667 1 0.6589320185185186
1 0.1763270763888889 0.5867238888888889 0.2041295486111111 0.5862877893518519 0.22601221296296295 0.5690116805555556 0.23461522685185188 0.5597029467592592 0.28870216666666665 0.5187561759259259 0.30794647453703705 0.5093193796296296 0.3696747962962963 0.5041153125 0.37230956249999997 0.5029034976851852 0.3786980949074074 0.47118486805555554 0.18787744444444443 0.4666562314814815 0.168763 0.4996374189814815 0.23094222453703706 0.505625349537037 0.2481527175925926 0.510990662037037 0.247965 0.5136468032407407 0.23756805555555557 0.5301502199074074 0.1763270763888889 0.5867238888888889
1 0.1371384398148148 0.7855713958333334 0.13282112037037036 0.7442071967592592 0.20972165740740742 0.7351877685185185 0.20953319444444443 0.7338467800925926 0.20488033796296298 0.7047318217592592 0.12714837962962963 0.7065047731481481 0.11879900231481481 0.7043121087962964 0.08181796527777777 0.7073004583333332 0.05157514814814815 0.7422663981481482 0.1009407337962963 0.7449008402777778 0.1141489050925926 0.7936411226851852 0.1371384398148148 0.7855713958333334
0 0.40161663194444447 0.47059363657407405 0.4035289050925926 0.5028287106481482 0.5706242569444444 0.503538775462963 0.583624738425926 0.47362584722222223 0.5311698935185185 0.46763871759259257 0.5056825069444445 0.4605965092592592 0.4936299050925926 0.44935197685185185 0.4900912314814815 0.4428015486111111 0.45912118749999997 0.4340053078703704 0.47640937962962965 0.4678662893518518 0.40161663194444447 0.47059363657407405
0 0.19808662731481483 0.737559298611111 0.2897223587962963 0.7362516759259259 0.3668179282407408 0.7379342546296296 0.3642549027777778 0.7356647060185186 0.3666285902777778 0.7059829907407407 0.33338695370370375 0.7049745185185186 0.33783881944444444 0.6914104351851852 0.2920350787037037 0.6901688333333333 0.2640448888888889 0.6932610740740741 0.23967093981481483 0.7047862685185186 0.20088940277777778 0.7056082824074075 0.19808662731481483 0.737559298611111