2 0 0.4660264907407407 0.19744792824074076 0.420198525462963 0.441623849537037 0.39216943981481484 0.4420522523148148 0.39388767129629626 0.663283412037037 0.38252962962962966 0.9875923726851852 0.406449375 0.987268599537037 0.3875448611111111 0.9826692916666666 0.3690980462962963 0.8266834328703704 0.3558530092592593 0.5646407523148148 0.347434300925926 0.28975299537037036 0.3739954814814815 0.12644827314814813 0.3964614722222222 0 0.42695798611111113 0 0.4660264907407407
2 0.41819867824074075 1 0.4480725208333333 0.976830462962963 0.44929623379629624 0.9549468842592593 0.39455524305555556 1 0.41819867824074075 1
2 0.9159974884259259 0.32521077777777774 0.9278029768518518 0.3228041180555556 0.9412778773148148 0.2551384513888889 0.9409460069444444 0.20175509027777777 0.9393455347222223 0.19533594675925928 0.9340594328703703 0.18178930092592593 0.9293801921296295 0.22579084722222223 0.9106825578703704 0.32685800694444445 0.9159974884259259 0.32521077777777774
2 0.7271881041666667 0.6924206041666666 0.7423933055555556 0.6806852083333333 0.7185248287037036 0.6798728865740741 0.6433579328703704 0.764959849537037 0.6453344606481481 0.7644670462962964 0.6606164189814815 0.7645216273148149 0.6702985231481482 0.7551294953703703 0.6825530833333333 0.7262013935185185 0.6911066805555556 0.7168759166666667 0.693884113425926 0.7150025138888888 0.6971491342592593 0.7189120995370369 0.7029176689814816 0.7190841759259259 0.7271881041666667 0.6924206041666666
3 0.1985232662037037 0.30892473842592594 0.2003201111111111 0.30847673379629625 0.22468709027777778 0.3066955879629629 0.22648393287037039 0.30624758333333335 0.2606239675925926 0.2977355162037037 0.2621688101851852 0.29627678935185187 0.2691041851851852 0.29347405092592593 0.27064902546296293 0.29201532175925926 0.28351176620370366 0.28236694444444443 0.2853086087962963 0.28191894212962965 0.2955856689814815 0.2772094722222222 0.29713051157407405 0.2757507430555555 0.3172134560185185 0.256787275462963 0.3169614537037037 0.25577655092592594 0.32109197685185187 0.24937891666666664 0.32083997453703705 0.24836819212962963 0.32068646296296294 0.22478823842592593 0.3204344606481481 0.2237775138888889 0.3151424189814815 0.20255229398148147 0.3130935740740741 0.20198957407407406 0.30928071296296294 0.1943517800925926 0.3072318680555555 0.19378905787037037 0.2888250856481481 0.18120149074074074 0.2867762384259259 0.18063876851851854 0.2562955532407407 0.17320867592592593 0.2544987083333333 0.17365668055555553 0.24655532638888888 0.17241652083333334 0.24475848379629628 0.17286452314814815 0.2239851921296296 0.17374966203703704 0.22218834722222222 0.17419766666666667 0.191642 0.18181372685185185 0.19009715972222221 0.1832724537037037 0.17364073148148146 0.19381683796296298 0.17184388657407407 0.19426484027777777 0.13767102314814816 0.2102999837962963 0.13612618055555556 0.21175871296296297 0.12197060185185185 0.22387654166666665 0.12222260185185185 0.2248872662037037 0.11345755555555555 0.23566108564814814 0.11370955787037038 0.23667181018518518 0.1074973587962963 0.25002979861111113 0.10774936111111112 0.25104052546296296 0.10667569212962963 0.26204377777777776 0.10692769444444444 0.2630545023148148 0.11070772453703703 0.278215375 0.120919125 0.2885520555555556 0.12296796990740741 0.2891147777777778 0.13677305787037036 0.2985554537037037 0.13882190277777778 0.29911817361111115 0.1606032013888889 0.30227593287037036 0.16265204861111113 0.3028386550925926 0.18109166203703705 0.30790314583333334 0.18288850462962963 0.30745514120370365 0.1985232662037037 0.30892473842592594
3 0.38582274074074074 0.3405953125 0.3873675833333333 0.3391365833333333 0.4076696990740741 0.32870691898148147 0.4092145416666667 0.3272481898148148 0.4290454861111111 0.3072739976851852 0.42879348379629634 0.30626327314814816 0.43295683564814813 0.2923425625 0.4327048333333333 0.29133183796296297 0.42939597916666666 0.28571549305555555 0.4275991342592593 0.2861634976851852 0.3921990902777778 0.2896219398148148 0.39015024305555557 0.28905921759259257 0.37297064120370366 0.28904835185185185 0.37092179398148145 0.28848562962962965 0.3529861851851852 0.28544258796296296 0.3527341828703704 0.2844318634259259 0.33533540740740736 0.27588719444444443 0.3350834050925926 0.2748764699074074 0.32972570370370374 0.2686974050925926 0.3294737013888889 0.26768668055555556 0.32720568518518517 0.25859015740740743 0.325156837962963 0.2580274375 0.32310799305555554 0.25746471527777776 0.32131114814814815 0.2579127199074074 0.31437577546296297 0.26071545833333337 0.3128309328703704 0.2621741851851852 0.3007241990740741 0.2748547361111111 0.29892735416666666 0.27530274074074074 0.28940630092592595 0.28304438425925926 0.28760945833333335 0.2834923888888889 0.2806740833333333 0.2862951273148148 0.27912924074074075 0.28775385416666666 0.2714050324074074 0.29504749537037034 0.27165703472222225 0.2960582199074074 0.26185114814814814 0.3103122175925926 0.26210315046296295 0.31132294212962963 0.26433833796296297 0.32794254166666664 0.2837531296296296 0.3445730069444444 0.28580197453703704 0.3451357291666667 0.3065424351851852 0.35177366435185187 0.3083392800925926 0.351325662037037 0.32602288657407413 0.35335797916666667 0.32781973148148147 0.35290997453703704 0.3521867106481481 0.3511288287037037 0.35398355324074077 0.350680824074074 0.38582274074074074 0.3405953125
3 0.5462786851851852 0.29522137268518517 0.5478235277777778 0.2937626435185185 0.5529620578703703 0.2914079097222222 0.5545068981481481 0.2899491805555555 0.5781835324074074 0.2700897060185185 0.5779315300925926 0.26907898148148146 0.5921527708333334 0.241915 0.5919007685185185 0.24090427546296295 0.5886247430555556 0.22776485416666667 0.5865758958333334 0.22720213194444444 0.5802101875 0.21698016666666667 0.5781613402777778 0.21641744675925928 0.5730556412037037 0.21124910416666667 0.5710067962962962 0.21068638425925926 0.551811175925926 0.2025897199074074 0.5500143333333333 0.20303772222222222 0.5328347291666667 0.20302685416666666 0.5310378842592592 0.2034748587962963 0.5151182916666667 0.20851761574074074 0.5135734490740741 0.20997634259259257 0.5135077893518518 0.22502249537037036 0.5119629467592592 0.22648122453703703 0.5039539050925926 0.2402872175925926 0.5024090648148148 0.24174594444444444 0.48566780324074077 0.25880268055555555 0.4838709606481481 0.2592506851851852 0.45764147685185186 0.2765259884259259 0.45584463425925925 0.27697399074074075 0.44197388657407405 0.2825794675925926 0.44042904398148147 0.28403819675925923 0.44039621296296294 0.29156127314814817 0.454201300925926 0.30100194907407407 0.45625014583333334 0.3015646689814815 0.4805842962962963 0.30730659953703704 0.4823811388888889 0.30685859722222225 0.5105938078703703 0.30519216666666665 0.5123906527777778 0.30474416435185187 0.5357496226851852 0.2989201180555555 0.5372944652777778 0.2974613888888889 0.5462786851851852 0.29522137268518517
3 0.6781164467592592 0.2269231828703704 0.6796612893518519 0.22546445370370372 0.6979145601851853 0.21447206712962963 0.6994594027777778 0.2130133402777778 0.7040939282407408 0.20863715509259262 0.7038419259259259 0.20762643055555557 0.7164854953703703 0.18944425231481482 0.7162334930555555 0.18843352777777778 0.7183479976851851 0.1739500949074074 0.7180959976851852 0.17293937037037035 0.7155759768518519 0.16283212500000002 0.7171208194444445 0.16137339583333332 0.7163648125000001 0.15834122222222222 0.7179096550925926 0.15688249305555554 0.7194544976851852 0.1554237662037037 0.7192024953703703 0.15441304166666667 0.7112919444444444 0.14564980324074076 0.7092430972222222 0.14508708333333334 0.7005437106481481 0.1408147476851852 0.6987468657407407 0.1412627523148148 0.666151673611111 0.14831609027777778 0.664102826388889 0.14775337037037037 0.6574522847222222 0.14404375694444443 0.6556554421296297 0.14449175925925925 0.6538585972222222 0.1449397638888889 0.6523137546296296 0.14639849074074074 0.6296451296296296 0.17030086342592593 0.627848287037037 0.17074886805555553 0.6149855462962963 0.18039724305555555 0.6131887037037037 0.18084524768518517 0.5913417430555555 0.1927336412037037 0.5915937453703703 0.19374436574074072 0.5872112222222222 0.19913127546296294 0.5874632222222222 0.200142 0.5832998703703703 0.21406271064814816 0.5960312893518519 0.2345066412037037 0.598080136574074 0.23506936111111112 0.6149749074074073 0.2415925810185185 0.6167717523148148 0.2411445763888889 0.6393418865740741 0.2398114351851852 0.6411387314814815 0.23936343055555553 0.6591071689814816 0.23488339583333334 0.6606520115740742 0.23342466666666667 0.6781164467592592 0.2269231828703704
3 0.7872962222222222 0.12133203009259258 0.7870442199074075 0.12032130555555555 0.7955572662037037 0.10853676157407408 0.7953052638888889 0.10752603703703703 0.8000054513888889 0.08810369907407407 0.7997534490740741 0.08709297453703703 0.7941765763888888 0.07238010648148148 0.7921277291666667 0.07181738657407408 0.7806234907407408 0.0639501550925926 0.7788266458333333 0.06439815972222222 0.7757369629629629 0.06731561574074074 0.775988962962963 0.06832634027777777 0.7702807708333334 0.0837057800925926 0.7687359282407408 0.08516450694444444 0.756092361111111 0.10334668518518518 0.7545475185185184 0.10480541435185185 0.7259843564814815 0.1280303472222222 0.7241875138888888 0.12847835185185186 0.7105687685185186 0.13509455324074074 0.7090239259259259 0.1365532824074074 0.707983087962963 0.14003345833333333 0.7286907175925926 0.1541944722222222 0.7304875625 0.1537464699074074 0.7466591574074074 0.1497144375 0.748204 0.14825570833333332 0.7636195902777778 0.1411915023148148 0.7651644305555556 0.13973277546296295 0.7718478032407406 0.1359193125 0.7733926458333333 0.13446058333333333 0.7872962222222222 0.12133203009259258
3 0.6600379652777777 0.13910484953703703 0.6620868101851852 0.13966757175925926 0.6666885069444445 0.14281446296296296 0.6684853518518518 0.14236646064814815 0.6836161087962963 0.14181460648148148 0.6854129513888888 0.14136660185185185 0.7069750787037037 0.13599056018518518 0.7085199212962963 0.1345318310185185 0.7272771967592592 0.1255608935185185 0.7288220393518517 0.12410216666666667 0.7481161481481481 0.10962960185185186 0.7478641458333334 0.10861887731481482 0.7571331990740741 0.09986650694444445 0.7568811967592592 0.0988557824074074 0.7710696064814816 0.07921487731481482 0.7708176041666667 0.07820415277777777 0.7747289537037036 0.06327271759259259 0.774476951388889 0.062261993055555555 0.7709489236111111 0.04811184722222222 0.7689000787037037 0.047549125000000005 0.7553798240740741 0.03159609722222222 0.7533309768518519 0.031033377314814814 0.7466804351851851 0.027323763888888887 0.7446315902777778 0.026761041666666666 0.7325905162037037 0.024395439814814818 0.7307936736111111 0.024843444444444442 0.7095163773148149 0.023707134259259258 0.7077195324074075 0.024155136574074074 0.678466025462963 0.029301743055555555 0.6769211851851852 0.030760472222222224 0.6592047476851852 0.03625123148148148 0.6576599050925926 0.03770996064814815 0.6389026296296296 0.046680898148148145 0.637357787037037 0.048139625 0.624495048611111 0.05778800231481482 0.6247470509259259 0.058798726851851855 0.6172748425925926 0.06710309259259259 0.6175268449074074 0.06811381712962963 0.6149083333333333 0.08057580092592592 0.6236077222222222 0.08484813425925927 0.6254045648148149 0.08440013194444444 0.6412913287037036 0.08688045138888889 0.6415433310185186 0.08789117592592594 0.6556004212962963 0.09834257638888888 0.6558524212962963 0.09935330092592592 0.6609252916666667 0.11204471759259259 0.659380449074074 0.11350344675925926 0.6600379652777777 0.13910484953703703
3 0.6011147986111112 0.18600272222222222 0.6026596412037037 0.18454399305555555 0.6162783865740741 0.17792779166666667 0.6178232291666667 0.1764690625 0.6324828125 0.16637268287037035 0.6340276550925926 0.16491395601851852 0.6528505902777778 0.14089686342592592 0.652598587962963 0.1398861388888889 0.6585916134259259 0.11799434953703704 0.6583396111111112 0.11698362500000001 0.6517547314814814 0.0982278587962963 0.6497058842592592 0.09766513657407407 0.6379496435185185 0.08878718287037037 0.6359007962962963 0.08822446064814814 0.6200140347222223 0.0857441412037037 0.6197620324074073 0.08473341666666666 0.6072169537037037 0.08034636574074074 0.6054201111111112 0.08079436805555557 0.5974767291666666 0.07955420833333333 0.5956798842592592 0.08000221064814815 0.567215212962963 0.08065791666666666 0.5654183703703703 0.08110591898148148 0.531530337962963 0.09062871064814815 0.5299854953703703 0.0920874398148148 0.5148219074074074 0.10016237037037037 0.5132770648148148 0.10162109722222222 0.5040080138888888 0.11037346759259259 0.5042600162037038 0.11138419212962962 0.49703981018518517 0.12069928240740742 0.4972918125 0.12171000694444443 0.49366529398148146 0.13012909027777778 0.4939172962962963 0.13113981481481482 0.4969413194444445 0.14326851157407408 0.49539647685185184 0.14472724074074075 0.4899074560185185 0.16864047916666666 0.5115902638888888 0.19436746990740741 0.5136391111111112 0.1949301898148148 0.5241353425925926 0.19875452083333334 0.5259321851851853 0.19830651620370368 0.5415669467592592 0.1997761134259259 0.5433637916666667 0.19932810879629628 0.5638850810185185 0.19743224537037035 0.5656819236111111 0.19698424074074075 0.6011147986111112 0.18600272222222222
3 0.38425570833333333 0.2883817800925926 0.3860525509259259 0.28793377546296295 0.4032321550925926 0.2879446435185185 0.40502900000000003 0.2874966388888889 0.43992503935185184 0.2820167476851852 0.4414698819444445 0.2805580185185185 0.4571374722222222 0.27450453703703703 0.4586823148148148 0.27304581018518514 0.48361895833333335 0.25823996064814814 0.485163800925926 0.25678123148148146 0.5062875833333333 0.23433758564814813 0.5060355810185185 0.2333268611111111 0.5109549398148148 0.22243832638888889 0.5107029375000001 0.22142760185185184 0.5115246041666667 0.20941362268518518 0.5112726018518519 0.20840289814814814 0.5074925717592593 0.19324202546296296 0.5054437268518518 0.19267930555555554 0.5044357175925926 0.1886364074074074 0.5023868726851851 0.1880736851851852 0.4888666180555556 0.1721206574074074 0.48681777083333333 0.1715579375 0.469923 0.1650347175925926 0.4678741550925926 0.16447199537037036 0.441743162037037 0.15917806944444446 0.4399463171296296 0.1596260740740741 0.43225493750000005 0.1593966388888889 0.43045809490740744 0.1598446412037037 0.4178801875 0.16298066666666666 0.41633534490740737 0.16443939351851852 0.407351125 0.16667941203703704 0.4058062824074074 0.1681381412037037 0.3657388819444445 0.18349584490740742 0.36419403935185185 0.18495457407407406 0.34489993055555557 0.19942713657407407 0.3451519328703704 0.20043786111111112 0.3315003564814815 0.21457714120370372 0.3317523587962963 0.21558786574074076 0.3250361574074074 0.2269244050925926 0.3252881597222222 0.2279351296296296 0.32414883101851855 0.25398453703703705 0.33130337731481485 0.25971559953703705 0.3315553773148148 0.26072632407407403 0.33357139351851856 0.2688121226851852 0.33562024074074076 0.2693748425925926 0.3414819444444444 0.2775753587962963 0.34353079166666667 0.27813808101851856 0.36272640972222225 0.28623474537037036 0.3645232546296296 0.28578674074074073 0.38425570833333333 0.2883817800925926
3 0.41530514583333333 0.1067242361111111 0.41325629861111113 0.10616151388888888 0.40736176388888884 0.10548407638888889 0.4055649189814815 0.1059320787037037 0.39298701157407406 0.10906810416666667 0.39144217129629627 0.11052683101851851 0.3739777337962963 0.11702831712962963 0.3724328935185185 0.11848704398148148 0.3680503680555556 0.1238739537037037 0.3683023703703704 0.12488467824074075 0.3685215416666666 0.13341847916666666 0.3761800925925926 0.14117099074074074 0.37822893750000003 0.14173371296296297 0.38412347453703705 0.14241115277777777 0.38592031712962965 0.14196314814814814 0.4103201273148148 0.13265892592592593 0.4118649699074074 0.13120019675925926 0.4221748587962963 0.11896765046296297 0.42192285648148153 0.11795692592592592 0.41530514583333333 0.1067242361111111
3 0.46914480324074076 0.1083302824074074 0.46889280092592595 0.10731955787037037 0.4689256319444444 0.09979648148148147 0.46687678472222227 0.09923376157407408 0.462023087962963 0.09507614351851851 0.4599742407407408 0.09451342361111112 0.4520308611111111 0.09327326388888889 0.4502340162037037 0.0937212662037037 0.43406242129629624 0.09775329861111111 0.43251757870370366 0.09921202546296295 0.4237853611111111 0.10246276851851853 0.4222405185185185 0.10392149768518519 0.4211996805555555 0.10740167361111111 0.425549375 0.1095378425925926 0.42580137731481477 0.11054856712962964 0.4260205486111111 0.11908236805555555 0.42806939583333337 0.11964508796296297 0.4311262476851852 0.12425070833333332 0.4329230925925926 0.12380270601851852 0.45369638425925923 0.12291756481481482 0.455241224537037 0.12145883796296297 0.46914480324074076 0.1083302824074074
3 0.4782275138888889 0.08352103703703705 0.4766826712962963 0.08497976388888889 0.46561677546296293 0.09418013657407408 0.4658687777777778 0.09519086111111112 0.4699008101851852 0.11136245833333333 0.4863244074074074 0.10834115046296296 0.4878692476851852 0.1068824212962963 0.49739030324074074 0.09914077777777779 0.4971383009259259 0.09813005324074074 0.5002608148148148 0.08768952083333333 0.5000088125 0.0866787962962963 0.4949031134259259 0.0815104537037037 0.4931062685185185 0.08195845833333333 0.4782275138888889 0.08352103703703705
3 0.5195877546296296 0.06569387962962964 0.5193357523148149 0.06468315509259259 0.5232142708333333 0.057274796296296296 0.521165425925926 0.056712074074074074 0.513254875 0.04794883796296296 0.5112060277777778 0.04738611574074074 0.5050594907407407 0.045697953703703706 0.5032626458333334 0.046145956018518515 0.4904327384259259 0.048271256944444445 0.4888878958333333 0.0497299837962963 0.48400136805555555 0.053095444444444445 0.48425337037037036 0.054106168981481476 0.4746994861111111 0.06937089120370371 0.47495148842592594 0.07038161574074074 0.47542266203703704 0.0799261412037037 0.47772350925925927 0.08149958564814816 0.47952035416666666 0.08105158333333334 0.4949031134259259 0.0815104537037037 0.4966999560185185 0.08106245138888889 0.5072290185185185 0.07736370370370371 0.5087738611111111 0.07590497685185185 0.5152052291666667 0.07108078935185184 0.5149532291666667 0.0700700625 0.5195877546296296 0.06569387962962964
3 0.4441531388888889 0.07698694907407407 0.4421042916666667 0.07642422916666668 0.43239689814814813 0.06810899537037038 0.43034805092592593 0.06754627314814815 0.41956698842592594 0.0702342962962963 0.4180221458333333 0.07169302314814814 0.4156884675925926 0.07764265509259259 0.42050933564814813 0.08932334722222222 0.42255818055555555 0.08988606944444444 0.4292087222222222 0.09359568055555556 0.4310055671296296 0.09314767824074074 0.44358347453703706 0.09001165277777777 0.44512831712962964 0.08855292592592592 0.4469579907407407 0.08058184490740741 0.4449091435185185 0.080019125 0.4441531388888889 0.07698694907407407
3 0.5412483726851852 0.03774860648148148 0.5409963703703704 0.036737881944444446 0.5351346643518519 0.028537368055555557 0.5330858171296297 0.027974645833333332 0.5233455925925926 0.027182488425925924 0.5215487476851851 0.027630493055555556 0.5110196875 0.03132923842592593 0.5094748449074074 0.032787967592592594 0.5071411666666666 0.038737597222222225 0.5073931689814815 0.03974832175925926 0.5089051805555556 0.04581267129629629 0.5153037199074074 0.04851155787037037 0.5155557222222222 0.04952228240740741 0.5229622708333334 0.05626407175925926 0.5247591134259258 0.05581606712962963 0.5268079606481482 0.05637878935185186 0.528352800925926 0.054920060185185186 0.5334913310185185 0.05256532407407408 0.5350361736111111 0.05110659722222222 0.5412483726851852 0.03774860648148148
3 0.5757060694444445 0.015201111111111111 0.5754540671296297 0.014190386574074074 0.5724300439814815 0.002061689814814815 0.5703811967592592 0.0014989699074074074 0.558592125 0.00014409259259259258 0.5567952824074074 0.0005920949074074074 0.5352331550925926 0.005968136574074074 0.5336883124999999 0.007426865740740741 0.5218335810185185 0.021118141203703703 0.5220855833333333 0.02212886574074074 0.5210447453703704 0.02560904398148148 0.5371835092592593 0.02910008796296296 0.5374355115740741 0.0301108125 0.5422892106481482 0.034268430555555555 0.5440860532407408 0.03382042592592593 0.560509650462963 0.030799118055555554 0.5620544930555555 0.029340391203703704 0.5687378657407408 0.02552692824074074 0.5684858634259259 0.024516203703703703 0.5757060694444445 0.015201111111111111
3 0.575392599537037 0 0.5742268865740741 0.0016136874999999999 0.5744788888888889 0.0026244120370370366 0.5775029120370371 0.014753108796296297 0.5759580694444444 0.016211837962962963 0.5741283958333333 0.02418291666666667 0.5802749351851852 0.025871081018518517 0.5820717777777777 0.025423076388888886 0.5915600023148149 0.02520450925925926 0.5931048449074074 0.02374578009259259 0.6082684305555555 0.015670849537037037 0.609813273148148 0.014212122685185184 0.6154886365740742 0.006355759259259259 0.6152366342592592 0.0053450347222222215 0.6139039699074075 0 0.575392599537037 0
3 0.636481099537037 0.014004421296296296 0.6362290972222223 0.012993696759259259 0.6339610810185186 0.003897173611111111 0.6319122337962964 0.003334453703703704 0.6298633888888888 0.0027717314814814814 0.6283185462962962 0.004230460648148148 0.6159926412037037 0.008377208333333334 0.6144477986111111 0.009835937500000001 0.610065275462963 0.015222847222222223 0.6082684305555555 0.015670849537037037 0.5933568449074074 0.024756504629629632 0.5936088472222223 0.02576722916666667 0.5943648541666667 0.028799405092592593 0.6046090833333333 0.03161300925925926 0.6064059282407407 0.031165006944444445 0.6140973078703703 0.03139444212962963 0.615894150462963 0.030946437500000003 0.6261712106481482 0.026236967592592593 0.6277160532407408 0.02477824074074074 0.6326025810185185 0.021412780092592593 0.6323505787037037 0.02040205555555556 0.636481099537037 0.014004421296296296
3 0.7898171550925925 0.30750221064814814 0.7880203125 0.307950212962963 0.7769872453703703 0.3096275115740741 0.7754424050925927 0.3110862384259259 0.7677181944444444 0.31837987962962966 0.7679701967592593 0.3193906041666667 0.7687262013888889 0.3224227777777778 0.7730758958333334 0.3245589467592592 0.7748727407407408 0.32411094212962965 0.7861578078703704 0.3234443703703704 0.7877026504629631 0.32198564351851855 0.7928411805555555 0.31963090740740746 0.7925891782407407 0.3186201828703704 0.7964676967592593 0.3112118240740741 0.7944188518518518 0.31064910185185185 0.7898171550925925 0.30750221064814814
3 0.7969717013888888 0.3132332731481482 0.7954268587962963 0.3146920023148148 0.7900034976851852 0.32355908796296295 0.7966540393518519 0.32726870138888886 0.7984508842592594 0.3268206967592593 0.8056382592592592 0.3250286828703704 0.8071831018518518 0.3235699560185185 0.8144033078703704 0.31425486574074074 0.8123544606481481 0.31369214351851854 0.8077527662037036 0.31054525231481483 0.8059559212962962 0.3109932546296296 0.7969717013888888 0.3132332731481482
3 0.8102727847222222 0.3206525 0.810524787037037 0.32166322453703705 0.8094839490740741 0.325143400462963 0.8138336435185186 0.3272795694444444 0.8156304861111111 0.32683156481481485 0.8300052384259259 0.323247537037037 0.8297532361111111 0.32223681249999997 0.8274852175925926 0.31314028935185184 0.8254363726851851 0.3125775694444445 0.8146553078703703 0.3152655902777778 0.8149073101851853 0.31627631481481483 0.8102727847222222 0.3206525
3 0.7625796643518519 0.32073461574074075 0.7607828217592593 0.32118261805555554 0.7500017569444445 0.3238706388888889 0.7484569143518519 0.3253293680555555 0.743822388888889 0.3297055532407407 0.7440743912037037 0.33071627777777773 0.7448303981481481 0.33374845138888887 0.748928087962963 0.33487389351851854 0.7507249328703703 0.3344258912037037 0.7615059953703704 0.33173787037037034 0.7612539953703703 0.3307271435185185 0.7674333634259258 0.3248922314814815 0.7671813611111111 0.32388150694444445 0.7669293587962963 0.3228707824074074 0.7648805115740741 0.32230806018518515 0.7625796643518519 0.32073461574074075
3 0.7658885208333333 0.3263509606481481 0.7643436782407407 0.3278096875 0.7602131574074074 0.33420732175925927 0.7689125439814815 0.3384796574074074 0.770709388888889 0.3380316527777778 0.7778967638888888 0.3362396388888889 0.7794416064814814 0.3347809097222222 0.785872974537037 0.3299567222222222 0.785620974537037 0.3289459976851852 0.7848649675925926 0.32591382407407404 0.7828161226851852 0.32535110185185184 0.7658885208333333 0.3263509606481481
3 0.8028005763888889 0.32895686574074073 0.8007517314814815 0.3283941435185185 0.7987028842592593 0.3278314236111111 0.7969060416666667 0.3282794259259259 0.7894666643518519 0.32906071527777775 0.7879218217592593 0.3305194444444445 0.7781487662037037 0.33725036342592596 0.7809536180555555 0.34084525925925924 0.7830024629629629 0.34140797916666665 0.788897 0.3420854189814815 0.7906938425925927 0.3416374166666667 0.7978812199074073 0.33984540046296297 0.7994260601851851 0.33838667361111113 0.804060587962963 0.3340104884259259 0.8038085856481482 0.33299976388888886 0.8028005763888889 0.32895686574074073
3 0.7950684675925926 0.9256346458333333 0.7948164652777777 0.9246239212962963 0.7935892870370371 0.9120472199074073 0.7915404398148148 0.9114845 0.7825890509259259 0.9062014398148148 0.7807922060185185 0.9066494444444444 0.7731008263888889 0.9064200069444445 0.7713039837962964 0.906868011574074 0.7566772291666667 0.9094413148148148 0.7546283842592593 0.9088785925925926 0.7487338472222221 0.9082011550925926 0.7469370046296296 0.9086491574074074 0.7397496273148149 0.9104411712962963 0.7382047870370371 0.911899900462963 0.7325294236111112 0.9197562638888889 0.7327814236111111 0.920766988425926 0.7337894328703704 0.9248098865740741 0.7506513726851851 0.9388561828703703 0.7527002199074074 0.9394189027777777 0.765749300925926 0.9458274050925927 0.7675461458333332 0.945379400462963 0.7801240532407407 0.9422433773148149 0.7816688935185185 0.9407846481481482 0.7896451064814815 0.9345017314814815 0.7893931041666667 0.9334910069444445 0.7950684675925926 0.9256346458333333
3 0.7354877870370371 0.9469311134259258 0.7352357847222222 0.9459203888888889 0.7373174606481482 0.9389600324074074 0.7370654583333334 0.9379493078703703 0.731992587962963 0.9252578888888889 0.7299437430555555 0.9246951689814815 0.723293201388889 0.9209855555555556 0.7212443541666667 0.9204228356481481 0.7133009722222222 0.9191826736111111 0.713552974537037 0.9201933981481482 0.7130161412037036 0.925695025462963 0.7150649861111111 0.9262577476851852 0.7193818518518519 0.9359169907407408 0.7178370092592593 0.9373757199074073 0.7132024837962964 0.9417519050925925 0.711153636574074 0.9411891828703703 0.7093567939814815 0.9416371851851851 0.7073079467592592 0.9410744652777778 0.697918212962963 0.9187238032407408 0.6961213703703704 0.9191718078703703 0.683543462962963 0.9223078310185185 0.6819986203703704 0.9237665601851852 0.6768600902777777 0.9261212962962964 0.6771120925925926 0.9271320208333333 0.6685990462962963 0.9389165625000001 0.6688510486111111 0.939927287037037 0.6690702199074074 0.9484610902777777 0.6772327731481481 0.9582350509259259 0.6792816203703703 0.9587977708333333 0.6990140740740741 0.9613928101851852 0.7008109166666666 0.9609448055555555 0.7208282013888889 0.9570274930555556 0.7223730439814815 0.9555687638888889 0.7293084189814815 0.952766025462963 0.7308532592592593 0.9513072962962963 0.7354877870370371 0.9469311134259258
3 0.6723790763888888 0.9540774351851852 0.6703302314814814 0.953514712962963 0.6693222222222223 0.9494718148148148 0.6672733773148147 0.9489090925925926 0.6649725277777777 0.9473356458333334 0.6629236828703704 0.9467729259259259 0.6444840694444445 0.9417084351851851 0.642687224537037 0.9421564375 0.6208730972222222 0.9465217569444445 0.6193282546296296 0.9479804837962964 0.6141897245370371 0.9503352199074074 0.6126448819444446 0.9517939467592592 0.6020829907407408 0.9630157708333333 0.6023349930555555 0.9640264953703704 0.5994973101851853 0.967954675925926 0.5997493125 0.968965400462963 0.5999684837962962 0.9774992013888889 0.6065861967592592 0.9887318912037037 0.6083830393518519 0.9882838865740742 0.6658820462962963 0.973947775462963 0.6656300439814815 0.972937050925926 0.6715574097222222 0.9660914120370371 0.6713054074074074 0.9650806875 0.6723790763888888 0.9540774351851852
3 0.5613922800925926 1 0.6029925092592593 0.9896278981481481 0.6027405069444444 0.9886171736111111 0.6007244907407409 0.9805313750000001 0.5986756458333333 0.9799686550925926 0.5792280231481481 0.9708612638888888 0.5774311805555555 0.9713092685185186 0.5694877986111111 0.9700691087962964 0.5676909537037037 0.9705171111111112 0.5546090416666667 0.9716316875 0.5530642013888889 0.973090414351852 0.5443319837962963 0.9763411574074075 0.5427871412037037 0.9777998865740741 0.5301764027777778 0.988458986111111 0.5304284050925926 0.9894697106481481 0.5252570462962963 0.9993475231481481 0.5254197268518519 1 0.5613922800925926 1
3 0.5170616620370371 0.9970966388888889 0.5247530416666666 0.997326074074074 0.5262978842592593 0.9958673449074075 0.5286315601851852 0.9899177152777777 0.5301764027777778 0.988458986111111 0.5409902962962962 0.9782478888888889 0.5427871412037037 0.9777998865740741 0.5492185115740741 0.9729756967592592 0.5510153541666667 0.9725276944444444 0.5528121990740741 0.9720796898148149 0.5415271319444445 0.9727462615740741 0.5399822893518519 0.9742049907407407 0.5312500717592593 0.9774557314814815 0.5297052291666667 0.9789144606481481 0.5201841759259259 0.9866561064814815 0.5204361782407407 0.9876668310185186 0.5160536527777778 0.9930537384259259 0.5163056550925925 0.9940644652777778 0.5170616620370371 0.9970966388888889
3 0.506543238425926 0.9396000462962962 0.5049983958333334 0.941058775462963 0.5052175694444444 0.9495925763888889 0.5165026365740741 0.9489260046296296 0.5182994814814814 0.9484780023148148 0.5270316990740741 0.9452272592592592 0.5285765393518519 0.9437685300925927 0.5229668356481482 0.9365787407407408 0.5211699930555556 0.9370267430555556 0.5152754560185185 0.9363493055555556 0.5134786134259259 0.9367973078703704 0.506543238425926 0.9396000462962962
3 0.5311950509259259 0.9313065486111112 0.5296502083333333 0.9327652777777778 0.5265605231481482 0.9356827337962963 0.526812525462963 0.9366934583333333 0.5273165300925926 0.9387149074074074 0.5342190740740741 0.9434352453703704 0.5360159166666667 0.9429872407407408 0.5483418240740741 0.9388404930555555 0.5480898217592592 0.9378297685185186 0.5488786574074074 0.9333388657407407 0.5468298125 0.9327761435185186 0.5383824259259259 0.9295145347222222 0.5365855810185185 0.9299625393518518 0.5311950509259259 0.9313065486111112
3 1 0.5632082754629629 0.9861239537037036 0.5666679606481482 0.9845791111111111 0.5681266898148148 0.9799445856481481 0.5725028750000001 0.9801965879629629 0.5735135995370371 0.9809525949074074 0.5765457731481481 0.9878551388888889 0.581266111111111 0.9896519814814815 0.5808181064814815 0.9950425138888889 0.5794740972222222 0.9965873564814814 0.5780153680555555 1 0.5714968796296296 1 0.5632082754629629
3 0.9619761458333334 0.5769829097222222 0.9604313055555556 0.5784416388888889 0.9573416203703703 0.5813590949074074 0.9575936226851852 0.5823698194444444 0.9586016319444445 0.5864127175925926 0.9647481689814815 0.5881008819444444 0.966545011574074 0.5876528773148147 0.9806677615740741 0.583058125 0.9822126041666667 0.5815993958333333 0.9835054444444444 0.5791299444444444 0.9814565972222223 0.5785672222222222 0.9778957407407408 0.5719401527777778 0.9760988958333333 0.5723881574074073 0.9619761458333334 0.5769829097222222
1 0.41681339814814816 1 0.4495132800925926 0.9757197523148149 0.4499547222222222 0.9568224606481481 0.45013768981481483 0.9560253541666667 0.43459503703703706 0.9687037291666667 0.4235707546296296 0.974243636574074 0.4056527175925926 0.9789258171296297 0.39456046527777777 0.9765383587962964 0.3641783611111111 0.9641453287037037 0.36083889351851856 0.9714192870370371 0.3993210833333333 0.9902738287037037 0.3988445 0.9937206782407407 0.39096778703703705 1 0.41681339814814816 1
1 0 0.47092885185185185 0.01080739814814815 0.4784349953703704 0.048101013888888884 0.5346235601851852 0.09788052314814814 0.5911344212962963 0.11591249537037038 0.583847300925926 0.06115097685185185 0.4996999421296296 0.05242736111111111 0.47160070833333334 0.0563200787037037 0.45506358333333335 0.16276227314814815 0.4303496087962963 0.1619712175925926 0.4294732847222222 0.11624681481481482 0.4014741597222222 0 0.4270805092592593 0 0.47092885185185185
0 0.18906352546296296 0.30849206944444446 0.16871313657407405 0.30648052314814817 0.13706685648148148 0.3311182986111111 0.1161369537037037 0.34438837962962965 0.12651499768518518 0.37529578472222225 0.12769177546296295 0.3876703402777778 0.11406868287037036 0.40115838425925926 0.04681960416666667 0.41695926157407404 0.0626692800925926 0.4514407939814815 0.2646860949074074 0.41277410416666666 0.26084244212962965 0.382814025462963 0.26099692592592594 0.3826681527777778 0.25988483333333334 0.3789732708333333 0.20295771064814813 0.3856519074074074 0.1666109722222222 0.37689313888888887 0.15927017592592593 0.37271149305555556 0.1447648935185185 0.34744941203703705 0.15741724768518517 0.3331298449074074 0.18509077083333333 0.31399152314814816 0.18906352546296296 0.30849206944444446
1 0.677236025462963 0.7400876875 0.6918385509259259 0.7136874861111111 0.6988912314814816 0.7251337916666666 0.7274653055555556 0.6935324004629629 0.725483275462963 0.689410287037037 0.7202702083333333 0.6853422708333333 0.7155863472222223 0.6833967777777779 0.6995386250000001 0.7001732384259258 0.686194861111111 0.702534011574074 0.6432742453703704 0.6842493148148149 0.636521837962963 0.6862549467592592 0.6816600717592592 0.7134340208333334 0.6661755393518518 0.7362966875 0.677236025462963 0.7400876875