2 1 0.5057034143518518 0.9985720625 0.5046138240740741 0.9398206087962963 0.48132253009259257 0.4232470347222222 0.2906040439814815 0.3057251064814815 0.27485896296296297 0.06351103472222222 0.20931084953703702 0.06084502083333333 0.20924354166666667 0.05295759953703704 0.24368830324074076 0.20436638425925924 0.29180705324074074 0.3910933032407407 0.32760533333333336 0.6655137939814815 0.41677306712962964 0.8924437476851852 0.5000097476851851 0.9987672962962962 0.5582632476851852 1 0.5551723819444445 1 0.5057034143518518
2 0.3606864722222222 0.4897392106481482 0.36816194444444444 0.500477400462963 0.46632902546296295 0.5040266828703704 0.5449904953703704 0.5166923425925926 0.5462011296296296 0.5143206990740741 0.5641404606481482 0.5131962569444445 0.5654075949074074 0.5084672453703704 0.4607527268518518 0.4912091851851852 0.3606864722222222 0.4897392106481482
2 0 0.8827423125 0.020463349537037035 0.8865584421296296 0.11045915277777778 0.8776733148148148 0.229754625 0.8617569189814815 0.21381083333333334 0.8475633958333333 0.11978388888888888 0.8607604421296295 0.004755412037037037 0.8621831944444445 0 0.8618424953703704 0 0.8827423125
2 0.8057565000000001 0.8765495532407407 0.7504742430555557 0.8744404189814815 0.7437685208333333 0.8865875023148149 0.8247116087962963 0.890094099537037 0.8633537546296296 0.8969218217592593 0.8488558796296296 0.8796216736111111 0.8057565000000001 0.8765495532407407
3 0.4042563310185185 0.21336968981481483 0.4060450810185185 0.2138489861111111 0.4371641967592592 0.22650097685185186 0.4389529467592592 0.22698027083333333 0.45684046296296293 0.2317732175925926 0.45889881712962965 0.23124633796296298 0.4883276527777778 0.2358965324074074 0.49038600694444445 0.2353696550925926 0.5134686435185185 0.23508415277777778 0.5155269976851852 0.23455727546296298 0.533782587962963 0.23082154398148147 0.5340521898148148 0.2298153703703704 0.5446135671296296 0.22617480787037036 0.5448831712962963 0.22516863425925926 0.5591205208333333 0.2149641550925926 0.559390125 0.2139579837962963 0.5695107662037037 0.20480726157407408 0.5697803680555555 0.20380108796296295 0.5742651527777778 0.1942186550925926 0.5727460023148149 0.1927331875 0.5759085787037037 0.1666202800925926 0.5743894305555556 0.16513481481481482 0.5737775625 0.15310832407407407 0.5722584143518519 0.1516228564814815 0.5650307476851852 0.1356668449074074 0.5635115995370371 0.1341813773148148 0.5470705694444444 0.11683506481481482 0.5452818171296296 0.11635577083333333 0.5308006736111112 0.10600508333333333 0.5290119212962963 0.10552578935185186 0.45442356481481483 0.08338307175925926 0.4523652083333334 0.08390995138888889 0.4413630972222222 0.08204035648148149 0.43930474305555556 0.08256723379629628 0.42597467129629635 0.08223069212962963 0.4239163171296296 0.08275756944444444 0.4000248703703704 0.08606159027777778 0.3979665162037037 0.0865884675925926 0.3712079050925926 0.09343788425925927 0.37093830092592595 0.09444405787037037 0.35052588657407413 0.10622917129629629 0.3502562847222222 0.1072353425925926 0.3445219560185185 0.11432613657407407 0.3442523518518519 0.11533230787037037 0.33788034722222227 0.13195795138888888 0.3374138032407408 0.14800913194444446 0.3389329513888889 0.14949459722222222 0.34410226388888887 0.16597748842592594 0.345621412037037 0.16746295601851852 0.3635815902777778 0.1862947361111111 0.3653703402777778 0.18677403009259258 0.3811010300925926 0.1996163587962963 0.3828897824074074 0.20009565277777777 0.4042563310185185 0.21336968981481483
3 0.5802385092592592 0.2864058773148148 0.5822968634259259 0.285879 0.610206550925926 0.28904372685185187 0.6122649050925927 0.28851684953703705 0.6323092453703704 0.28526041203703706 0.632578849537037 0.28425423842592595 0.6434098287037037 0.2796075023148148 0.6436794328703704 0.2786013310185185 0.6561280300925927 0.26791755787037036 0.6563976342592593 0.26691138425925925 0.657745650462963 0.26188052083333335 0.6559568981481482 0.26140122685185185 0.6230490324074074 0.2482699398148148 0.6215298842592593 0.24678447222222225 0.601952087962963 0.23398972916666666 0.6004329398148148 0.23250426157407406 0.5895292962962964 0.22311216203703704 0.589798900462963 0.22210599074074075 0.5754162268518519 0.2042327986111111 0.5733578726851851 0.20475967824074073 0.5554445486111111 0.22152807175925926 0.5533861921296297 0.22205494907407408 0.5396880486111111 0.23024708101851854 0.5376296944444444 0.23077396064814815 0.5031768703703704 0.23771854398148148 0.5013881180555556 0.23723925 0.4862692962962963 0.236423412037037 0.4842109421296296 0.23695028935185186 0.48367173611111114 0.23896263425925926 0.4955553194444444 0.2518525462962963 0.49734407175925927 0.2523318402777778 0.5112860092592593 0.2646948726851852 0.5130747615740741 0.26517416666666666 0.5367692662037037 0.27691515509259257 0.5385580185185185 0.27739444907407407 0.5618117893518518 0.2836252777777778 0.5638701435185185 0.283098400462963 0.5802385092592592 0.2864058773148148
3 0.6136645393518518 0.24036330787037039 0.6154532893518518 0.24084260185185186 0.6251073865740742 0.2477430601851852 0.626896138888889 0.24822235648148147 0.6439748449074074 0.2560338194444445 0.6457635949074074 0.2565131134259259 0.6746532222222222 0.26317565277777777 0.6767115787037037 0.26264877546296295 0.7031021157407408 0.2643280347222222 0.7051604699074074 0.26380115740740745 0.7208184976851852 0.26260464814814816 0.7228768518518519 0.26207777083333333 0.7475771087962962 0.2557552314814815 0.7478467129629629 0.25474906018518517 0.765391962962963 0.24650934259259258 0.7656615648148148 0.2455031712962963 0.7921763819444444 0.21809858796296297 0.7924459861111111 0.21709241435185186 0.7948724143518519 0.20803686111111114 0.7933532662037037 0.20655139351851853 0.7923006620370371 0.18901474537037036 0.7907815138888888 0.18752927777777778 0.7832842430555554 0.1725794398148148 0.7817650949074073 0.1710939722222222 0.7632657106481482 0.15427453703703706 0.7614769583333334 0.15379524305555556 0.748514962962963 0.14493002314814815 0.746726210648148 0.14445072916666668 0.7296475046296296 0.1366392638888889 0.7278587546296296 0.1361599699074074 0.7010274814814814 0.12897055324074075 0.6989691273148148 0.12949743055555554 0.6826007592592593 0.1261899513888889 0.6805424050925927 0.12671683101851852 0.6413610023148147 0.12268868287037037 0.6393026481481482 0.12321556018518517 0.6239142245370369 0.12340589583333333 0.6218558680555555 0.12393277314814816 0.6036002800925926 0.12766850462962964 0.6033306759259259 0.12867467592592594 0.5968860092592593 0.1312614837962963 0.5966164050925926 0.13226765740740742 0.5771839328703704 0.14755058333333335 0.5769143310185185 0.14855675462962964 0.5758359189814816 0.15258144675925925 0.5793876111111111 0.1751013726851852 0.5791180092592593 0.17610754629629632 0.5770338449074074 0.1981957638888889 0.5785529930555555 0.19968122916666667 0.5888189583333333 0.21860817824074075 0.5903381064814814 0.22009364583333332 0.6007025416666666 0.23149808796296298 0.6024912939814814 0.23197738194444445 0.6136645393518518 0.24036330787037039
3 0.7575945138888889 0.33284986342592593 0.7596528703703703 0.33232298611111105 0.7706549814814815 0.3341925787037037 0.7727133356481481 0.3336657013888889 0.8042989953703703 0.33026651388888895 0.8063573495370371 0.32973963657407407 0.8171883310185185 0.3250928981481482 0.8174579328703703 0.32408672685185186 0.7894755856481481 0.30688316435185187 0.7879564375 0.30539769675925926 0.7651692129629629 0.2831156875 0.7654388148148149 0.2821095162037037 0.7611509745370371 0.2766469421296296 0.7614205763888889 0.27564076851851854 0.7594606921296296 0.26864514351851854 0.7597302962962963 0.26763896990740743 0.7611767824074074 0.25508560416666665 0.7593880300925926 0.25460630787037036 0.7558105277777778 0.2536477199074074 0.7555409236111111 0.2546538912037037 0.7123154768518518 0.2657183356481482 0.710526724537037 0.26523903935185184 0.6853857314814815 0.2660514212962963 0.6835969814814815 0.265572125 0.666959011574074 0.26327081944444447 0.6649006550925926 0.2637976990740741 0.6622046250000001 0.27385942592592594 0.666663599537037 0.2858383310185185 0.6681827476851852 0.2873237986111111 0.6785471828703704 0.29872824305555556 0.6803359328703704 0.299207537037037 0.694547474537037 0.3105643958333333 0.6963362268518518 0.3110436921296297 0.725396986111111 0.3242225625 0.727185738425926 0.3247018564814815 0.7575945138888889 0.33284986342592593
3 0.8627159282407407 0.33405674305555555 0.8647742824074074 0.3335298657407407 0.8926839675925926 0.3366945925925926 0.8947423240740741 0.3361677152777778 0.9142474583333333 0.33492362268518516 0.9163058125 0.3343967453703704 0.932772650462963 0.33018171990740736 0.9330422523148149 0.3291755462962963 0.9567625671296297 0.3193551967592593 0.9570321712962964 0.31834902314814817 0.9712695208333334 0.3081445439814815 0.9715391250000001 0.3071383726851852 0.9775430555555557 0.2990414074074074 0.9778126597222223 0.29803523379629626 0.9802390879629629 0.2889796782407407 0.9787199398148148 0.2874942106481481 0.9800679537037037 0.2824633472222222 0.9785488055555556 0.28097787962962967 0.9754378472222222 0.2639681111111111 0.9739186990740741 0.2624826435185185 0.9527490925925926 0.23416359953703705 0.9512299444444444 0.23267813194444445 0.9364791967592593 0.22333361805555557 0.9346904444444445 0.22285432175925926 0.9227083912037037 0.21748691666666667 0.920919638888889 0.21700762037037039 0.9012433726851852 0.21173538194444444 0.8991850185185185 0.21226225925925923 0.8825470486111112 0.20996095370370368 0.8804886921296295 0.21048783333333335 0.8489030347222223 0.21388702083333333 0.8471142824074074 0.21340772453703705 0.8222428935185185 0.21321393287037035 0.8201845393518519 0.21374081018518518 0.797542636574074 0.2195364722222222 0.7972730347222222 0.22054264351851852 0.7830356828703704 0.23074712268518519 0.7827660810185185 0.2317532962962963 0.7666415069444444 0.24900098379629632 0.7663719050925926 0.2500071550925926 0.7615190462962963 0.2681182638888889 0.7629397245370371 0.27712623611111115 0.7644588726851852 0.2786117037037037 0.7818798449074074 0.2994558287037037 0.7836685949074074 0.29993512268518524 0.807803837962963 0.31718626851851855 0.809592587962963 0.3176655625 0.8215746435185186 0.3230329699074074 0.8233633935185186 0.3235122638888889 0.8627159282407407 0.33405674305555555
3 1 0.12456668518518518 0.9898300509259259 0.12439560416666666 0.9877716967592592 0.12492248148148148 0.9538580787037036 0.1298547199074074 0.9535884768518519 0.1308608935185185 0.9275402037037037 0.14221429398148147 0.9272706018518518 0.1432204675925926 0.9168803564814815 0.15337736342592592 0.9166107546296296 0.15438353472222222 0.9144539282407408 0.16243291666666668 0.9178344907407407 0.1784365138888889 0.9193536388888889 0.1799219814814815 0.9279293217592594 0.19084712962962963 0.9297180740740741 0.1913264236111111 0.9439296157407407 0.20268328472222222 0.9436600115740741 0.2036894560185185 0.9475797800925926 0.21768070833333333 0.9490989282407407 0.21916617592592594 0.9540971087962964 0.22913273611111112 0.9556162569444445 0.23061820138888892 0.9880575787037037 0.2598006689814815 0.9898463310185185 0.2602799652777778 1 0.26459093055555555 1 0.12456668518518518
3 1 0.2672152638888889 0.9872487708333333 0.2628191875 0.9857296203703704 0.26133371990740745 0.9709788726851852 0.2519892060185185 0.9707092708333334 0.25299537962962965 0.9814159699074074 0.27743248379629626 0.9811463680555556 0.2784386574074074 0.9820278379629629 0.28945897453703706 0.9817582361111111 0.2904651458333333 0.9787926018518519 0.30153304629629635 0.9767342453703703 0.3020599236111111 0.9704607106481482 0.3111630625 0.9684023564814815 0.31168994212962964 0.9471811319444444 0.32649357175925925 0.9594327893518518 0.3308548055555555 0.9614911458333333 0.3303279282407407 0.9671270023148147 0.3307596388888889 0.9691853564814814 0.33023276157407405 0.9827850300925925 0.3295631319444445 0.9848433842592592 0.32903625462962965 0.9992518680555555 0.3253481064814815 0.9995214722222222 0.32434193287037033 1 0.3240771342592592 1 0.2672152638888889
3 0.8857346388888888 0.9851153773148148 0.8860042430555555 0.9841092037037037 0.8927443217592592 0.9589548842592592 0.8912251736111111 0.9574694189814814 0.8872069351851851 0.9510006712962963 0.8854181828703703 0.9505213773148148 0.8790719861111111 0.9455856805555556 0.8772832337962962 0.9451063865740741 0.8706674351851852 0.9411768611111112 0.8688786828703704 0.9406975671296296 0.8509911689814814 0.9359046226851852 0.8489328125 0.9364315 0.8432969560185185 0.9359997893518518 0.8412385995370371 0.9365266666666666 0.8332747847222223 0.9376280069444444 0.8330051828703704 0.9386341805555555 0.8252124976851852 0.9462518518518519 0.8288626643518519 0.9612492754629629 0.8303818125 0.9627347430555555 0.8512091527777778 0.978021125 0.8529979050925925 0.9785004212962962 0.8578249537037037 0.9819506504629629 0.8596137037037037 0.9824299444444444 0.8739237175925927 0.9862643009259259 0.8759820717592594 0.9857374212962964 0.8857346388888888 0.9851153773148148
3 0.8072007037037038 0.9705427476851852 0.8092590578703704 0.9700158703703704 0.8250155578703704 0.9612968587962962 0.8252851597222223 0.9602906851851851 0.826363574074074 0.9562659953703704 0.8248444259259259 0.9547805277777778 0.822174201388889 0.9432809166666667 0.8206550532407407 0.9417954490740741 0.8145784606481482 0.9358535810185186 0.8127897083333333 0.935374287037037 0.799827712962963 0.9265090671296297 0.7980389606481482 0.9260297708333334 0.7801514444444444 0.9212368263888889 0.7780930902777777 0.9217637037037036 0.7665517731481482 0.9219064560185186 0.7644934166666667 0.9224333333333333 0.7557207916666667 0.9265531921296296 0.7554511898148148 0.9275593657407407 0.7491776550925926 0.9366625023148147 0.7539062314814815 0.9476352361111111 0.7554253796296296 0.9491207037037037 0.7630211226851853 0.9565480393518518 0.7648098726851852 0.9570273333333333 0.7777718703703704 0.9658925532407407 0.7795606203703704 0.966371849537037 0.7938706342592593 0.9702062037037037 0.7959289884259259 0.969679326388889 0.8072007037037038 0.9705427476851852
3 0.8458945162037037 0.9334605648148148 0.8443753680555555 0.931975099537037 0.8436650300925926 0.927471113425926 0.8421458819444445 0.9259856458333333 0.8363388912037037 0.9190376041666667 0.834550138888889 0.9185583101851852 0.8228376875000001 0.9121847291666667 0.8210489375000001 0.9117054351851851 0.8067389236111111 0.9078710787037038 0.8046805694444444 0.9083979560185185 0.7954672083333334 0.9070076574074074 0.7934088541666667 0.9075345347222222 0.7892921435185185 0.9085882916666667 0.7890225416666666 0.9095944652777779 0.7812298587962964 0.9172121365740741 0.7893648055555557 0.9226271273148149 0.7911535578703704 0.9231064212962963 0.8051939675925927 0.927946949074074 0.8067131157407408 0.9294324166666668 0.8227134074074074 0.9412685717592593 0.8247717638888888 0.9407416921296297 0.8294276782407407 0.9376755902777778 0.8314860324074075 0.937148712962963 0.8458945162037037 0.9334605648148148
3 0.22236590972222223 0.5916837245370371 0.22263551157407407 0.5906775509259259 0.22550267592592593 0.5871321550925925 0.22398352777777777 0.5856466875 0.22489080787037036 0.5751056643518518 0.2233716597222222 0.573620199074074 0.21783427314814816 0.5656659837962963 0.21604552083333334 0.5651866898148148 0.21273762268518517 0.5632219282407407 0.21094887037037038 0.5627426319444444 0.1927917523148148 0.5589558611111111 0.19073339814814816 0.5594827384259259 0.17588417824074074 0.5576607268518519 0.17382582407407407 0.5581876064814815 0.16407325694444447 0.5588096504629629 0.16380365277777778 0.5598158240740742 0.15914773842592592 0.562881925925926 0.1608380185185185 0.5708837245370371 0.16262677083333335 0.5713630185185186 0.17433922222222223 0.577736599537037 0.17585837037037036 0.5792220648148148 0.19158906018518518 0.5920643935185185 0.19337781018518518 0.5925436875 0.2043799236111111 0.5944132824074074 0.2064382777777778 0.5938864027777777 0.22236590972222223 0.5916837245370371
3 0.14922403703703702 0.5569876412037037 0.1415298263888889 0.5570828078703703 0.13795232175925926 0.5561242199074075 0.1373404537037037 0.5440977291666667 0.13939881018518518 0.5435708518518518 0.13787965972222224 0.5420853842592592 0.1355517037037037 0.5436184351851852 0.12964624305555555 0.5441928981481481 0.12785749074074074 0.5437136018518518 0.12893590277777778 0.5396889120370371 0.11999214583333334 0.5372924398148148 0.10639247222222223 0.5379620671296296 0.10585326620370371 0.5399744143518519 0.11479702314814816 0.5423708865740741 0.10767834722222222 0.547473125 0.11156178472222222 0.5544449583333333 0.10950343055555554 0.554971837962963 0.10869462037037038 0.5579903564814815 0.11298246296296297 0.5634529305555556 0.11207518287037038 0.5739939513888889 0.11511347916666666 0.5769648865740741 0.12405723611111111 0.5793613587962964 0.12611559259259258 0.5788344814814815 0.1371177037037037 0.5807040763888889 0.147139875 0.5790758564814815 0.15412374768518516 0.5744767037037037 0.15708938425925925 0.5634088032407407 0.1543206898148148 0.5594316967592593 0.1507431875 0.5584731087962963 0.14922403703703702 0.5569876412037037
3 0.0949448587962963 0.6093051643518519 0.09700321296296296 0.608778287037037 0.1150876712962963 0.5985262245370371 0.11535727314814814 0.5975200532407408 0.11545574537037037 0.5899975486111111 0.11393659722222223 0.5885120810185186 0.1030329537037037 0.5791199837962963 0.1012442037037037 0.5786406875 0.07799043287037037 0.5724098587962962 0.0759320787037037 0.572936738425926 0.06823786574074074 0.5730319050925926 0.0679682638888889 0.5740380787037037 0.0671594537037037 0.5770565972222222 0.06760018981481482 0.5825667546296296 0.06911933796296296 0.5840522222222222 0.07411751851851853 0.5940187824074074 0.07205916435185185 0.5945456597222223 0.07017194212962963 0.6015888680555556 0.07196069212962963 0.602068164351852 0.07678774074074074 0.6055183935185185 0.07857649305555556 0.6059976874999999 0.0949448587962963 0.6093051643518519
3 0.028683627314814816 0.6562552824074074 0.026625270833333332 0.6567821597222222 0.024027710648148147 0.6593213842592592 0.027237138888888887 0.668808650462963 0.029025891203703705 0.6692879444444444 0.03439214583333333 0.6707258287037037 0.0364505 0.6701989490740741 0.03850885416666667 0.6696720717592592 0.03877845833333333 0.6686658981481481 0.04093528472222222 0.6606165162037037 0.039146532407407404 0.6601372222222223 0.028683627314814816 0.6562552824074074
3 0.0431905787037037 0.6450446319444445 0.04140182870370371 0.644565337962963 0.034246821759259256 0.6426481597222222 0.03218846759259259 0.6431750370370369 0.028071756944444443 0.6442287939814816 0.027802155092592592 0.6452349652777778 0.026723743055555558 0.6492596574074073 0.029492435185185184 0.6532367638888888 0.0312811875 0.6537160578703703 0.04022494444444444 0.6561125324074074 0.04228329861111111 0.6555856527777778 0.04613040509259259 0.6555380694444445 0.04640000925925926 0.6545318958333334 0.048997569444444444 0.6519926736111111 0.04747842129629629 0.6505072060185185 0.0431905787037037 0.6450446319444445
3 0.059730078703703705 0.6548684398148148 0.057671724537037033 0.6553953194444445 0.05561337037037037 0.6559221967592592 0.0553437662037037 0.6569283703703703 0.047551083333333334 0.6645460393518519 0.05129971990740741 0.6720209606481482 0.053088469907407405 0.6725002546296296 0.06024347685185186 0.6744174328703703 0.060513081018518516 0.6734112592592593 0.07269207638888889 0.6637336597222222 0.07296167824074075 0.6627274884259259 0.06867383796296296 0.6572649120370371 0.06688508564814814 0.6567856180555555 0.059730078703703705 0.6548684398148148
3 0.2407104398148148 0.7378711875 0.23865208564814816 0.7383980671296295 0.23041866666666666 0.7405055787037037 0.2301490625 0.7415117523148148 0.22316518981481484 0.7461109050925926 0.2304913287037037 0.7545444143518518 0.2322800787037037 0.7550237083333333 0.23943508564814817 0.7569408865740741 0.2414934398148148 0.7564140069444444 0.24928612268518519 0.7487963379629629 0.24955572685185187 0.7477901643518519 0.24938459490740741 0.7412738333333334 0.24786544675925926 0.7397883657407407 0.2407104398148148 0.7378711875
3 0.8498320277777778 1 0.8392012893518519 0.9942150578703703 0.8374125393518519 0.9937357615740742 0.8264104259259258 0.9918661689814814 0.8261408240740741 0.9928723402777778 0.8224258425925925 1 0.8498320277777778 1
3 0.874618550925926 1 0.8717668912037037 0.9943136828703705 0.8720364953703703 0.9933075092592593 0.873384511574074 0.9882766458333334 0.8715957592592593 0.9877973518518518 0.8593441018518518 0.9834361157407407 0.8572857476851852 0.9839629953703705 0.8534386412037037 0.9840105787037038 0.8531690370370371 0.9850167523148149 0.8489538564814815 0.9935930115740741 0.8555061157407408 1 0.874618550925926 1
3 0.7840836875 1 0.7794363425925925 0.9954556898148148 0.7776475902777777 0.9949763958333334 0.7704925833333334 0.9930592175925925 0.7684342291666667 0.9935860949074075 0.766375875 0.994112974537037 0.7661062708333333 0.9951191458333334 0.7597902847222222 1 0.7840836875 1
3 0.7375406574074075 1 0.7401564699074074 0.9989500462962964 0.740426074074074 0.9979438726851853 0.7384661898148148 0.9909482476851852 0.7369470416666667 0.9894627800925926 0.7306008449074075 0.9845270833333333 0.7288120925925926 0.9840477893518519 0.7145020810185185 0.9802134328703703 0.7124437268518519 0.9807403101851853 0.7062686620370371 0.9823209467592592 0.7059990578703704 0.9833271180555556 0.7031318935185185 0.986872513888889 0.7035726296296296 0.9923826736111111 0.7050917777777778 0.9938681412037037 0.71326175 1 0.7375406574074075 1
3 0.710877724537037 0.9436546712962963 0.7093585763888889 0.9421692037037036 0.7042619236111111 0.9397251481481482 0.7024731736111112 0.9392458518518518 0.696567712962963 0.9398203148148149 0.6962981087962964 0.940826488425926 0.6919844583333332 0.9569252523148148 0.7079847523148148 0.9687614050925926 0.7097735023148148 0.9692406990740741 0.7202364097222222 0.9731226412037037 0.7205060115740741 0.9721164675925926 0.720065275462963 0.9666063101851852 0.7185461273148148 0.9651208425925927 0.7117591967592592 0.9546749884259259 0.7120287986111111 0.9536688148148149 0.710877724537037 0.9436546712962963
3 0.5887244583333333 0.9702365000000001 0.5884548541666667 0.9712426736111112 0.5876460462962962 0.9742611898148148 0.5944329768518519 0.9847070462962962 0.5962217291666667 0.9851863402777779 0.601857587962963 0.9856180509259259 0.6021271898148148 0.9846118773148148 0.6004369097222222 0.9766100787037038 0.5989177615740742 0.9751246134259259 0.5958794652777778 0.9721536782407407 0.594090712962963 0.9716743842592592 0.5887244583333333 0.9702365000000001
3 0.6106703148148148 0.7237683055555556 0.6086119606481482 0.7242951828703703 0.60449525 0.7253489398148149 0.6042256481481482 0.726355113425926 0.6026080277777778 0.7323921481481482 0.6086846226851852 0.7383340185185185 0.610473375 0.7388133125 0.6194171319444445 0.7412097847222222 0.6214754861111111 0.7406829074074074 0.6279201527777778 0.738096099537037 0.6281897569444445 0.7370899282407407 0.628018625 0.7305735972222223 0.6264994768518519 0.7290881296296297 0.6106703148148148 0.7237683055555556
3 0.6485037013888889 0.7328273171296297 0.646714949074074 0.7323480231481482 0.6395599421296296 0.7304308449074074 0.637501587962963 0.7309577222222222 0.6298073750000001 0.7310528912037036 0.6295377731481481 0.7320590625 0.6287289629629629 0.7350775810185185 0.6306888472222222 0.7420732060185186 0.6324775995370371 0.7425525023148148 0.6432101087962963 0.7454282685185185 0.6452684629629629 0.7449013912037037 0.6517131296296297 0.7423145833333332 0.6519827337962963 0.7413084097222222 0.6530611458333333 0.7372837199074075 0.6515419976851852 0.7357982523148148 0.6485037013888889 0.7328273171296297
3 0.663596712962963 0.7552044930555555 0.6633271111111112 0.7562106666666666 0.6601903425925926 0.7607622361111112 0.6621502268518519 0.7677578611111111 0.6639389791666667 0.7682371550925926 0.6735930740740741 0.7751376134259259 0.6738626782407408 0.7741314421296296 0.6787155347222222 0.7560203310185185 0.6769267847222222 0.755541037037037 0.6715605300925925 0.7541031550925926 0.6695021736111111 0.7546300324074074 0.663596712962963 0.7552044930555555
3 0.6964414467592592 0.5968512476851852 0.6967110509259259 0.5958450740740742 0.7021757754629631 0.5897604537037037 0.7042341296296297 0.5892335763888888 0.7132763587962963 0.5841075462962964 0.7135459629629629 0.5831013726851851 0.7140851689814816 0.5810890277777778 0.7125660208333334 0.5796035601851851 0.698084875 0.5692528726851852 0.6962961226851851 0.5687735787037037 0.6766198564814815 0.563501337962963 0.6745615023148148 0.5640282175925926 0.6686560416666667 0.5646026782407407 0.6668672893518518 0.5641233842592592 0.6471910231481481 0.5588511435185185 0.6451326689814815 0.5593780231481481 0.6399375462962963 0.5644564699074074 0.6487828333333333 0.5743754467592592 0.6485132291666666 0.5753816180555555 0.645817199074074 0.5854433472222222 0.6473363472222222 0.5869288125 0.6485858912037037 0.5894204537037037 0.6503746435185185 0.5898997476851852 0.6787250648148148 0.5985746319444445 0.6807834189814814 0.5980477546296297 0.6964414467592592 0.5968512476851852
3 0.681472712962963 0.5453902291666667 0.6817423171296296 0.5443840555555556 0.6828207291666666 0.5403593657407407 0.6813015810185186 0.5388738981481481 0.6808608449074074 0.5333637407407408 0.6793416967592593 0.5318782731481482 0.6783617546296297 0.5283804606481481 0.6768426064814815 0.5268949930555555 0.6689772615740741 0.5204738287037037 0.6671885115740741 0.5199945347222222 0.6615526527777779 0.5195628240740741 0.6612830486111112 0.5205689953703704 0.6522408217592592 0.5256950277777778 0.6519712175925926 0.5267012013888889 0.6379049999999999 0.5434220092592592 0.6437119907407407 0.550370050925926 0.6455007430555555 0.5508493449074074 0.6541748958333332 0.5542519907407407 0.6562332523148149 0.5537251134259259 0.6657162152777778 0.5541092407407407 0.6677745694444445 0.5535823611111111 0.6765471944444444 0.5494625046296296 0.6768167986111111 0.5484563310185185 0.681472712962963 0.5453902291666667
3 0.7215613958333333 0.5388773564814815 0.7226398078703704 0.5348526643518519 0.7246981620370371 0.534325787037037 0.7255069722222223 0.5313072685185185 0.7275653263888889 0.5307803912037037 0.7281045324074074 0.5287680439814815 0.7265853842592592 0.5272825787037038 0.7196999814814815 0.5243592268518519 0.7176416273148148 0.5248861041666667 0.7104866203703705 0.5229689259259259 0.7045811597222221 0.523543388888889 0.6971565509259259 0.5226323842592593 0.686595173611111 0.5262729467592592 0.6863255717592592 0.5272791203703704 0.6798809027777778 0.5298659282407407 0.681424275462963 0.5360310069444444 0.6777240787037037 0.5379153101851851 0.6789736226851851 0.540406949074074 0.6829676412037037 0.5421960833333334 0.6817423171296296 0.5443840555555556 0.684511011574074 0.5483611643518519 0.6824526550925926 0.5488880416666666 0.6816438472222223 0.5519065601851851 0.6834325972222223 0.5523858541666666 0.6864708958333333 0.5553567893518518 0.6856620856481482 0.5583753078703704 0.6943362407407407 0.5617779537037036 0.7002417013888889 0.5612034907407407 0.7056079560185184 0.562641375 0.7115134166666667 0.5620669120370371 0.7080343842592592 0.5535858194444445 0.7126902986111111 0.5505197175925927 0.7166358773148148 0.5429496296296296 0.7186942314814815 0.5424227523148148 0.7195030416666667 0.5394042337962963 0.7215613958333333 0.5388773564814815
3 0.9398875532407408 0.5898287847222222 0.938098800925926 0.5893494907407407 0.9273662916666666 0.5864737222222223 0.9253079375 0.5870006018518519 0.9188632708333334 0.5895874074074074 0.9185936666666668 0.5905935810185186 0.9175152546296296 0.5946182731481481 0.9286884999999999 0.6030041967592593 0.9304772499999999 0.6034834930555555 0.9412097592592593 0.6063592592592593 0.943268113425926 0.6058323819444444 0.9515015324074073 0.6037248680555556 0.951771136574074 0.6027186944444445 0.9528495486111112 0.5986940046296296 0.9510607986111111 0.5982147106481482 0.9398875532407408 0.5898287847222222
3 0.9220726990740741 0.5990746736111111 0.9200143449074074 0.5996015532407407 0.9163383703703704 0.6061654675925925 0.9275116157407408 0.6145513912037037 0.9293003680555556 0.6150306875 0.9346666226851852 0.6164685694444444 0.9367249768518519 0.6159416921296297 0.9470167500000001 0.6133073009259259 0.9454976018518519 0.6118218333333333 0.9412097592592593 0.6063592592592593 0.9394210092592593 0.6058799652777778 0.9220726990740741 0.5990746736111111
3 0.9786024097222222 0.6099081134259259 0.9768136574074074 0.6094288194444445 0.9719866087962963 0.6059785902777778 0.9701978587962963 0.6054992962962963 0.9579462013888889 0.6011380601851852 0.9558878449074074 0.6016649398148148 0.9471152199074074 0.6057847962962962 0.9468456180555556 0.6067909699074073 0.9460368078703704 0.609809488425926 0.9564012430555556 0.6212139328703704 0.9581899953703704 0.6216932268518519 0.9650753981481481 0.6246165763888889 0.9671337523148148 0.624089699074074 0.977155923611111 0.6224614814814815 0.9774255254629629 0.6214553078703703 0.9811015 0.6148913935185185 0.9795823518518518 0.6134059259259259 0.9786024097222222 0.6099081134259259
3 0.8061766874999999 0.48066900462962964 0.8043879375 0.48018970833333335 0.7954441782407408 0.47779323611111113 0.7951745763888889 0.4787994097222222 0.7865730833333333 0.4894355995370371 0.7905913217592593 0.49590434490740737 0.7923800740740741 0.4963836412037037 0.7977463287037038 0.49782152314814815 0.7998046828703704 0.4972946458333333 0.80955725 0.4966725995370371 0.8098268541666666 0.4956664282407407 0.8135028263888889 0.48910251388888887 0.8119836782407407 0.4876170462962963 0.8061766874999999 0.48066900462962964
3 0.890808261574074 0.5583450115740741 0.8850012708333334 0.5513969699074074 0.8852708726851852 0.5503907986111111 0.8819629745370371 0.5484260370370371 0.8739991574074074 0.549527375 0.8734599513888889 0.5515397222222223 0.8542244212962963 0.5517776388888889 0.8534156111111111 0.5547961574074074 0.8594922037037037 0.5607380277777778 0.8652265324074074 0.5536472337962963 0.8723815393518519 0.555564412037037 0.8787277361111111 0.5605001087962963 0.8755909675925926 0.5650516782407408 0.8835547847222223 0.5639503379629629 0.880516488425926 0.5609794027777778 0.881594900462963 0.556954712962963 0.8905386574074073 0.5593511851851852 0.890808261574074 0.5583450115740741
3 0.2903976296296296 0.03727562962962963 0.2886088773148148 0.03679633564814815 0.28351222685185185 0.03435228009259259 0.2814538726851852 0.03487915740740741 0.26758459490740744 0.03655496064814815 0.26731499305555556 0.037561131944444444 0.2592527060185185 0.046184976851851856 0.25898310185185186 0.04719115046296296 0.2565566736111111 0.05624670370370371 0.27282656944444444 0.06707668518518518 0.2746153217592593 0.06755597916666667 0.2889253333333333 0.07139033564814815 0.2909836898148148 0.07086345833333334 0.30994961574074076 0.07163171296296296 0.3102192199074074 0.07062553935185185 0.30039399074074075 0.057208749999999996 0.3006635949074074 0.0562025787037037 0.2903976296296296 0.03727562962962963
3 0.36694587268518514 0.06641397222222223 0.36721547453703707 0.06540779861111111 0.36704434259259255 0.05889146759259259 0.3655251944444444 0.057406000000000006 0.3521224606481482 0.043030622685185184 0.35033371064814817 0.0425513287037037 0.3319069884259259 0.03977072916666667 0.32984863425925925 0.04029760648148148 0.31874805092592595 0.045950516203703703 0.32776446990740743 0.06238582407407408 0.3295532222222222 0.06286511805555556 0.3430544236111111 0.06971799305555555 0.3448431759259259 0.07019728703703704 0.3573644375 0.07355234953703704 0.3594227916666667 0.07302546990740741 0.3614811458333333 0.0724985925925926 0.36175074999999995 0.07149241898148148 0.36694587268518514 0.06641397222222223
3 0.3935075416666667 0.07460956249999999 0.39198839351851855 0.0731240949074074 0.3877005509259259 0.06766152083333334 0.38591179861111113 0.06718222685185185 0.3787567939814815 0.06526504861111111 0.37669843981481477 0.06579192592592592 0.3664066643518518 0.06842631712962963 0.3661370625 0.06943249074074075 0.3627306921296296 0.07499023148148148 0.36897841666666664 0.08744843287037038 0.37049756481481483 0.08893389814814814 0.3755942175925926 0.09137795601851852 0.3776525717592593 0.09085107638888888 0.3943890115740741 0.08562987962962963 0.39465861574074074 0.08462370601851851 0.39573702777777775 0.0805990162037037 0.3942178796296296 0.07911354861111111 0.3935075416666667 0.07460956249999999
3 0.28850564351851854 0.12304168981481481 0.2867168912037037 0.12256239583333334 0.27956188425925926 0.1206452175925926 0.2775035300925926 0.12117209490740741 0.2731172175925926 0.12323202314814816 0.27284761342592595 0.12423819675925926 0.2717692013888889 0.1282628888888889 0.27757619212962964 0.13521093055555555 0.27936494444444443 0.13569022453703705 0.2865199490740741 0.13760740277777778 0.2885783055555556 0.13708052314814814 0.2947533680555556 0.1354998888888889 0.29502297222222224 0.1344937175925926 0.2976205324074074 0.13195449305555554 0.29610138425925925 0.13046902546296296 0.28850564351851854 0.12304168981481481
3 0.2597144861111111 0.10885664583333333 0.2594448819444444 0.10986281944444444 0.2578272638888889 0.11589985416666666 0.26059595601851854 0.11987696296296296 0.2623847083333333 0.12035625694444445 0.27132846527777776 0.12275272916666667 0.27338682175925927 0.12222585185185186 0.27956188425925926 0.1206452175925926 0.2798314884259259 0.11963904398148148 0.279121150462963 0.11513505787037037 0.277602 0.11364959027777778 0.2597144861111111 0.10885664583333333
1 0.23716172453703702 0.30178079166666666 0.2512539490740741 0.3007039351851852 0.3319981527777778 0.3148982337962963 0.35050317592592595 0.31953311342592594 0.3487951064814815 0.28154667824074076 0.25786486574074075 0.26386815046296297 0.21038465046296295 0.2493125648148148 0.1874077476851852 0.24347944675925925 0.16779993518518518 0.24081373842592593 0.10536524074074073 0.22268247685185186 0.10246921064814815 0.2578176296296296 0.14824155555555554 0.2715920694444445 0.1815217037037037 0.2876269837962963 0.1899428912037037 0.30055971990740743 0.19517597222222222 0.31608912499999997 0.2031582523148148 0.3743054305555556 0.22974219675925925 0.37884038657407404 0.22895689351851853 0.31737612499999995 0.23716172453703702 0.30178079166666666
0 0.4009214699074074 0.21150554629629628 0.3912670949074074 0.24968266435185185 0.3937942962962963 0.2760260462962963 0.3889470787037037 0.2819526041666667 0.373668599537037 0.28745662037037034 0.29262572685185184 0.268652962962963 0.2896291226851852 0.3055944699074074 0.3664671365740741 0.32434985185185183 0.5124266805555555 0.36561641898148145 0.5265233935185185 0.3308942893518519 0.4693865 0.3115943773148148 0.4395469490740741 0.29130498842592595 0.4243725787037037 0.2771019490740741 0.42009247916666664 0.26517097222222225 0.4220076134259259 0.2422825763888889 0.42759566666666665 0.22285868518518517 0.4009214699074074 0.21150554629629628
0 0.23522032407407406 0 0.23394669675925925 0.0204241875 0.23856485185185186 0.03395552314814815 0.24280135416666668 0.037463199074074076 0.24837344444444442 0.038848395833333334 0.24972614583333333 0.03737754861111111 0.24065322453703702 0.023299608796296296 0.23959029629629627 0.014387497685185184 0.24461170601851853 0.0049488541666666665 0.2520126875 0 0.23522032407407406 0