2 0 0.5043000787037036 0.3924775601851852 0.4965152152777778 0.6771016921296296 0.492737599537037 0.868102462962963 0.4816696296296296 0.9977184930555555 0.4766694722222222 0.998916263888889 0.47578776157407404 0.9954334444444444 0.4580592314814815 0.8696773148148148 0.4625854537037037 0.6355712685185184 0.47968072916666665 0.3918009768518519 0.4697313587962963 0 0.4830169212962963 0 0.5043000787037036
2 0.15260975231481483 0.5836891944444444 0.1282567013888889 0.6467101666666666 0.13932307638888888 0.6456662337962963 0.16985647685185187 0.5858744699074074 0.20986709490740743 0.5348891990740741 0.19416089814814816 0.53461375 0.15260975231481483 0.5836891944444444
2 0 0.2535453449074074 0.015175657407407407 0.24846028472222223 0.048074743055555556 0.19729871064814813 0.06301888657407408 0.15337927546296296 0.06675325462962964 0.08806230787037038 0.08661042361111111 0.049206872685185185 0.08626820370370371 0.04945878935185185 0.06262693055555556 0.05141703240740741 0.05072253703703704 0.08058522916666666 0.039842115740740744 0.09378040740740741 0.043586520833333336 0.12123706944444444 0.03639079398148148 0.18267613194444443 0.010017131944444445 0.21708424537037038 0 0.23454359027777777 0 0.2535453449074074
3 0.7179821990740741 0.5582437939814815 0.7181091458333333 0.5592776944444444 0.7184899861111111 0.5623794027777778 0.7204549837962964 0.5631876203703704 0.745431349537037 0.5842591643518519 0.7455582986111111 0.5852930671296297 0.7460660856481481 0.5894286759259258 0.7479041342592593 0.5892029907407408 0.7669193564814815 0.592115662037037 0.7687574027777778 0.5918899791666666 0.7723065532407408 0.5904047083333334 0.7721796064814815 0.5893708055555555 0.780100375 0.577903363425926 0.7799734282407408 0.5768694629629629 0.7773736967592593 0.5708917314814814 0.7790847986111111 0.5696321458333333 0.7887166689814814 0.5569051180555555 0.7885897222222221 0.5558712152777778 0.7840249953703704 0.5490852685185185 0.7857360949074074 0.5478256805555556 0.7963835439814815 0.5433698703703703 0.7962565972222222 0.5423359699074074 0.7961296504629629 0.5413020671296296 0.7913110277777777 0.5324483148148148 0.7893460324074074 0.5316400972222222 0.7816129976851852 0.5294411250000001 0.7797749490740741 0.5296668101851851 0.7522042222222223 0.5330520694444444 0.7504931203703704 0.5343116550925926 0.727360175925926 0.5434489606481482 0.7274871226851851 0.5444828634259259 0.7179821990740741 0.5582437939814815
3 0.6732897152777778 0.5133558495370371 0.671578613425926 0.5146154351851853 0.6681564097222222 0.5171346064814815 0.6682833587962963 0.5181685092592593 0.660362587962963 0.5296359513888889 0.6604895347222223 0.5306698541666667 0.6611242708333334 0.5358393657407408 0.6630892662037037 0.5366475833333334 0.6655620509259259 0.5415914097222222 0.6675270462962963 0.5423996296296296 0.6694920439814815 0.5432078472222222 0.6713300902777777 0.5429821643518519 0.6843233773148149 0.5424362777777778 0.6862883726851853 0.5432444953703703 0.7054305416666666 0.5471910694444444 0.7072685902777778 0.5469653865740741 0.7147477314814815 0.5470965532407407 0.7164588310185186 0.5458369652777778 0.7343315277777778 0.5394445185185185 0.7360426273148148 0.5381849305555556 0.7465631296296296 0.5326952175925926 0.7464361828703704 0.5316613171296296 0.7468778125 0.5200627083333333 0.7385100393518519 0.5126942245370371 0.7365450439814815 0.5118860069444445 0.7227900740740741 0.5062284791666667 0.720952025462963 0.5064541643518519 0.7020637523148148 0.5045753935185185 0.7002257037037037 0.5048010787037037 0.6910354629629629 0.5059294976851851 0.6893243611111111 0.5071890833333333 0.6732897152777778 0.5133558495370371
3 0.6429368935185186 0.554864324074074 0.6412257939814815 0.556123912037037 0.632670287037037 0.5624218425925926 0.6327972337962963 0.5634557453703704 0.626714513888889 0.5746975023148148 0.626841460648148 0.5757314050925926 0.6295681388888889 0.582743037037037 0.6315331342592593 0.5835512546296296 0.6543514004629629 0.5870464606481481 0.6561894490740741 0.5868207777777777 0.669055787037037 0.5852409884259259 0.6707668888888889 0.5839814027777778 0.6734274074074074 0.5752588171296297 0.6751385092592592 0.5739992314814815 0.690284525462963 0.560595150462963 0.6921225740740741 0.5603694652777778 0.6938336736111111 0.5591098796296297 0.6957986689814815 0.559918099537037 0.710756951388889 0.5601804305555556 0.7124680532407408 0.5589208449074073 0.7136713657407407 0.553525650462963 0.6978244537037037 0.5460260023148148 0.6959864050925927 0.5462516851851852 0.6864153194444443 0.5442783981481482 0.6845772731481482 0.5445040833333333 0.6732950879629629 0.5437903819444444 0.6714570393518519 0.5440160648148148 0.6587176458333333 0.5466297546296297 0.6570065462962963 0.5478893425925926 0.6429368935185186 0.554864324074074
3 0.5949545277777778 0.543963988425926 0.5950814745370371 0.5449978912037037 0.5887448587962963 0.5541718449074075 0.5888718055555555 0.5552057476851852 0.5892526481481482 0.5583074537037037 0.5912176435185186 0.5591156712962962 0.5951476342592592 0.5607321087962963 0.5969856828703703 0.5605064236111111 0.6251911458333334 0.562290675925926 0.6270291944444445 0.5620649907407407 0.6325433402777777 0.5613879398148148 0.6324163935185185 0.560354037037037 0.6620129027777778 0.5430766805555556 0.6618859537037037 0.5420427777777778 0.6613781666666667 0.5379071689814815 0.6533912361111112 0.5336403935185184 0.6515531875 0.5338660787037037 0.6400171087962963 0.5310845740740741 0.6381790601851852 0.5313102569444444 0.6159955300925927 0.5329845625 0.6142844305555556 0.5342441481481481 0.6070591828703704 0.5361807870370371 0.6053480833333333 0.5374403726851852 0.5949545277777778 0.543963988425926
3 0.5803216736111111 0.5919382106481481 0.5674553333333333 0.5935179976851851 0.5682170185185185 0.5997214120370371 0.5701820138888889 0.6005296296296296 0.57081675 0.6056991412037037 0.5902128125 0.6117135185185185 0.5994030532407407 0.610585099537037 0.6013680486111112 0.6113933171296296 0.6068821944444445 0.6107162662037037 0.6121424467592592 0.6079714097222222 0.6176565902777779 0.6072943587962962 0.6212057407407408 0.605809087962963 0.624374048611111 0.6012221111111111 0.6238662592592592 0.5970865023148149 0.6255773611111111 0.5958269143518519 0.6253234652777778 0.5937591111111111 0.6213934745370371 0.5921426736111111 0.625576287037037 0.5897400092592593 0.6187937430555556 0.5861649444444444 0.6205048449074074 0.5849053587962962 0.6255752106481481 0.5836531018518518 0.6201240023148148 0.5818036527777778 0.6235462060185185 0.5792844791666667 0.6234192569444444 0.5782505763888889 0.625574136574074 0.5775661967592592 0.6244956226851852 0.5718214791666667 0.626206724537037 0.5705618935185185 0.6255719884259259 0.5653923819444444 0.6158739560185185 0.5623851944444445 0.612070912037037 0.5618026597222222 0.6065567685185186 0.5624797106481482 0.6045917708333334 0.5616714930555555 0.5954015300925926 0.562799912037037 0.5934365347222221 0.5619916944444445 0.5897604375 0.5624430625 0.5720146898148148 0.569869412037037 0.5637130763888889 0.5782351481481481 0.5640939189814814 0.5813368564814815 0.5623828171296297 0.5825964421296296 0.5644747615740741 0.5844385625 0.5834899814814815 0.5873512337962963 0.5803216736111111 0.5919382106481481
3 0.582418988425926 0.6242148634259259 0.5807078888888889 0.6254744490740741 0.572406275462963 0.6338401851851851 0.572533224537037 0.634874087962963 0.5729140648148148 0.6379757939814815 0.5747521134259259 0.637750111111111 0.5894565023148148 0.635944638888889 0.5914214976851851 0.6367528564814814 0.6162047569444444 0.6410562824074074 0.6180428055555555 0.6408305972222222 0.625395 0.639927861111111 0.627106099537037 0.638668275462963 0.6322394050925927 0.6348895162037037 0.6321124560185185 0.6338556134259259 0.633061875 0.6263926157407407 0.6279893587962962 0.6154710578703703 0.6260243634259259 0.6146628402777778 0.6180374328703704 0.6103960648148148 0.6161993842592592 0.6106217476851852 0.586663662037037 0.6131987893518519 0.5849525601851853 0.614458375 0.581403412037037 0.6159436458333333 0.5815303587962963 0.6169775486111112 0.582418988425926 0.6242148634259259
3 0.16969668287037035 0.7578004537037037 0.17166167824074072 0.7586086712962964 0.17375362037037037 0.7604507916666667 0.17559166898148146 0.7602251087962962 0.18478191203703703 0.7590966898148148 0.18649301157407408 0.7578371018518518 0.19346436342592593 0.7538326597222222 0.19333741666666668 0.7527987569444444 0.19428683564814814 0.7453357592592593 0.18997600231481482 0.7406176157407408 0.18801100694444445 0.7398093958333334 0.1802779699074074 0.7376104259259258 0.1784399212962963 0.7378361087962964 0.17108772916666665 0.7387388449074074 0.16937662731481481 0.7399984328703704 0.16411637731481482 0.7427432893518519 0.16424332407407405 0.7437771898148149 0.16969668287037035 0.7578004537037037
3 0.18034950462962962 0.7837791759259259 0.18022255555555555 0.7827452731481481 0.18117197453703704 0.7752822754629629 0.17109310185185186 0.7691733796296296 0.16925505324074075 0.7693990625 0.1621567546296296 0.7723696018518518 0.1622837013888889 0.7734035046296297 0.1620959675925926 0.7870699189814815 0.16406096296296296 0.7878781365740741 0.16824484722222224 0.7915623773148148 0.17008289583333333 0.7913366944444445 0.18034950462962962 0.7837791759259259
3 0.1902567615740741 0.8948580833333333 0.1920948101851852 0.894632400462963 0.20496114814814814 0.8930526134259259 0.20667224999999997 0.891793025462963 0.20749471990740742 0.8832961250000001 0.1996347384259259 0.8800632523148147 0.19779668981481482 0.8802889351851853 0.18676839814814816 0.8816430393518518 0.18505729629629628 0.8829026249999999 0.18163509490740742 0.885421798611111 0.18176204166666668 0.8864556990740741 0.1822698310185185 0.8905913078703704 0.18423482638888888 0.8913995277777778 0.1902567615740741 0.8948580833333333
3 0.010769810185185184 0.6030989791666668 0.010896756944444443 0.6041328819444445 0.012293175925925926 0.6155058055555556 0.014131224537037036 0.6152801226851852 0.027632298611111113 0.6188698449074074 0.02947034722222222 0.618644162037037 0.042336687500000005 0.6170643750000001 0.04404778703703704 0.615804787037037 0.05837133333333333 0.6108976087962963 0.058244386574074075 0.6098637083333333 0.06166658796296297 0.6073445347222223 0.061539641203703706 0.6063106319444445 0.06103185185185186 0.6021750231481482 0.04740383101851852 0.5975513981481482 0.04727688425925926 0.5965174953703704 0.0449310462962963 0.5926075717592592 0.04309299768518518 0.5928332546296297 0.03599469907407407 0.5958037939814815 0.03415665046296296 0.5960294791666667 0.019579210648148146 0.5988688541666667 0.017868108796296297 0.6001284398148149 0.010769810185185184 0.6030989791666668
3 0.051775451388888886 0.5875692268518519 0.05190239814814815 0.5886031273148148 0.05095297916666666 0.5960661273148148 0.05291797685185185 0.5968743472222222 0.05513686574074074 0.5997503680555555 0.056974914351851855 0.5995246851851852 0.06667294444444444 0.6025318749999999 0.06851099305555555 0.6023061898148149 0.07782818287037037 0.6022116712962963 0.07953928472222221 0.6009520856481482 0.09227867592592592 0.5983383958333334 0.09398977777777777 0.5970788101851852 0.10241833564814815 0.5897469768518518 0.10229138888888889 0.5887130740740741 0.10495190740740741 0.5799904884259259 0.10076802314814814 0.5763062476851852 0.09880302546296296 0.5754980300925926 0.09106999074074074 0.5732990578703704 0.08923194212962962 0.5735247430555556 0.07807670370370369 0.5738449444444444 0.07636560416666667 0.5751045300925925 0.07268950694444444 0.5755558981481482 0.0709784050925926 0.5768154837962963 0.051775451388888886 0.5875692268518519
3 0.09043525462962963 0.5681295462962963 0.0905622013888889 0.5691634490740741 0.09081609722222223 0.5712312546296296 0.0927810925925926 0.5720394722222222 0.1046980138888889 0.5779226851851852 0.1065360625 0.577697 0.11414215046296297 0.5788620694444444 0.11598019907407407 0.5786363842592593 0.1233323912037037 0.5777336481481482 0.12504349305555554 0.5764740625 0.13714814814814813 0.5686908611111111 0.1370212013888889 0.5676569583333333 0.1378436712962963 0.5591600578703704 0.12763785185185186 0.5520172592592593 0.12579980324074075 0.5522429421296297 0.11832066203703703 0.5521117777777778 0.1166095625 0.553371363425926 0.10818100231481481 0.5607031967592593 0.10634295370370371 0.5609288796296297 0.09727965972222223 0.5630912013888889 0.09556855787037037 0.5643507893518519 0.09043525462962963 0.5681295462962963
3 0.046173652777777775 0.45077392824074075 0.048138650462962965 0.45158214583333334 0.057836680555555554 0.4545893356481482 0.05967472916666666 0.4543636527777778 0.06518887500000001 0.45368659953703705 0.06689997453703704 0.45242701388888884 0.08058878472222222 0.44235032407407404 0.08242683333333334 0.4421246412037037 0.08781403240740741 0.4404136851851852 0.08768708333333333 0.4393797847222223 0.09034760416666666 0.4306571967592593 0.08432566898148147 0.4271986412037037 0.08248762037037037 0.4274243240740741 0.06924043981481481 0.4259024050925926 0.06740239120370371 0.42612809027777776 0.05124079629629629 0.4312609513888889 0.04952969675925926 0.43252053935185186 0.04293918518518519 0.43962668750000006 0.04306613194444445 0.44066059027777776 0.046173652777777775 0.45077392824074075
3 0.06728081712962963 0.4555287199074074 0.06740776388888889 0.45656262268518516 0.07406443518518518 0.4651906921296296 0.07602943055555557 0.46599890972222224 0.08192441666666667 0.46842356481481484 0.08376246527777777 0.4681978796296296 0.08953050462962962 0.46958863194444445 0.09136855324074074 0.46936294907407405 0.10252379166666667 0.46904274768518517 0.10423489351851851 0.467783162037037 0.10791099074074074 0.4673317939814815 0.10962209027777778 0.46607220601851856 0.11291734722222221 0.46251913194444444 0.11279039814814815 0.4614852291666666 0.11019066666666666 0.45550749999999995 0.11190176851851852 0.45424791435185186 0.11335897453703704 0.4509205231481481 0.09738511574074073 0.44238697222222223 0.09554706712962963 0.4426126574074074 0.08977902777777778 0.4412219050925926 0.08794097916666666 0.44144758796296296 0.07887768287037036 0.4436099097222222 0.07716658333333333 0.4448694976851852 0.07032217824074073 0.44990784027777775 0.070449125 0.45094174305555557 0.06728081712962963 0.4555287199074074
3 0.11557786574074073 0.4537965462962963 0.1157048125 0.45483044907407405 0.11976175 0.45748078703703704 0.11988869907407408 0.45851468981481486 0.12026953935185185 0.46161639583333336 0.12223453472222222 0.46242461342592595 0.12838341666666667 0.46691707407407407 0.13022146527777778 0.4666913888888889 0.14359559259259258 0.46924721064814817 0.14543364120370372 0.4690215277777778 0.15094778703703704 0.46834447453703704 0.15265888888888887 0.46708488888888894 0.15804608564814815 0.46537393518518516 0.1597571875 0.46411434953703706 0.16647464583333332 0.45804210185185185 0.16634769675925926 0.45700819907407403 0.16964295370370372 0.453455125 0.16951600694444444 0.4524212222222222 0.1690082175925926 0.4482856134259259 0.1605134976851852 0.4398832291666666 0.15867544907407408 0.440108912037037 0.1345269259259259 0.440975 0.13281582407407408 0.44223458564814816 0.12730167824074076 0.4429116388888889 0.12559057870370371 0.44417122453703706 0.12033032638888888 0.4469160810185185 0.11861922685185185 0.44817566666666664 0.11557786574074073 0.4537965462962963
3 0.17578646064814815 0.42751305092592595 0.17407536111111113 0.4287726365740741 0.16723095601851853 0.43381098148148145 0.1673579027777778 0.43484488425925927 0.16418959490740742 0.4394318611111111 0.16431654166666668 0.44046576388888886 0.17097321296296297 0.4490938310185185 0.17293820833333332 0.44990205092592594 0.18067124305555554 0.4521010208333333 0.18250929166666666 0.451875337962963 0.18998843287037037 0.4520065023148148 0.1918264814814815 0.4517808194444445 0.21521332175925925 0.4447113194444444 0.21692442361111108 0.4434517314814815 0.22205772685185185 0.4396729745370371 0.2219307800925926 0.43863907175925926 0.22167688425925927 0.4365712662037037 0.2058299722222222 0.42907161805555555 0.20570302546296299 0.4280377175925926 0.20310329398148147 0.4220599861111111 0.20126524537037035 0.4222856712962963 0.19746220138888887 0.4217031365740741 0.19562415277777778 0.4219288217592592 0.18827195833333332 0.4228315555555555 0.1865608587962963 0.4240911435185185 0.17578646064814815 0.42751305092592595
3 0.20494134259259258 0.4218343032407407 0.20506828935185184 0.42286820601851854 0.20532218287037038 0.4249360092592593 0.20728717824074075 0.4257442268518518 0.21159801157407407 0.4304623703703704 0.21356300694444444 0.4312705902777778 0.2233879861111111 0.4353116805555555 0.22522603472222222 0.4350859976851852 0.23099407407407407 0.43647674999999997 0.2328321226851852 0.43625106481481485 0.24753650925925927 0.4344455949074074 0.24924761111111113 0.4331860069444445 0.2663586226851852 0.4205901458333333 0.26623167592592595 0.41955624305555556 0.26952693055555554 0.4160031689814815 0.2693999837962963 0.4149692662037037 0.2686383009259259 0.4087658518518519 0.2605244236111111 0.4034651759259259 0.258686375 0.4036908587962963 0.25291833564814814 0.40230010648148146 0.25108028703703705 0.4025257916666667 0.23637590046296297 0.4043312615740741 0.23466479861111111 0.40559084953703706 0.21666515509259257 0.4109493958333333 0.21495405555555555 0.41220898148148144 0.20494134259259258 0.4218343032407407
3 0.1775690949074074 0.4724222152777778 0.17928019675925924 0.4711626296296296 0.18637849537037038 0.46819208796296297 0.1862515486111111 0.46715818750000004 0.18612460185185184 0.4661242847222222 0.18010266666666666 0.4626657268518518 0.17826461805555557 0.46289141203703704 0.1688204814814815 0.461952025462963 0.16710938194444444 0.4632116134259259 0.15633498611111113 0.4666335208333333 0.15462388425925924 0.46789310648148147 0.14974447453703701 0.4737396712962963 0.15170946990740738 0.4745478888888889 0.1775690949074074 0.4724222152777778
3 0.14696406712962964 0.16238270833333335 0.14880211574074076 0.16215702546296296 0.15983040509259258 0.1608029212962963 0.16154150694444447 0.15954333564814813 0.16825896527777776 0.15347108796296297 0.16813201851851853 0.15243718518518518 0.1672433865740741 0.14519987037037035 0.1574184074074074 0.14115877777777777 0.15558036111111112 0.14138446296296298 0.14442512268518518 0.14170466435185183 0.14271402083333332 0.14296425000000001 0.13377767361111112 0.14616047453703704 0.13390462037037038 0.14719437731481483 0.1333360439814815 0.15775908333333333 0.13530103935185187 0.15856730092592594 0.14696406712962964 0.16238270833333335
3 0.13390462037037038 0.14719437731481483 0.1356157222222222 0.14593479166666667 0.13929181944444446 0.1454834236111111 0.14100291898148148 0.14422383796296298 0.14442512268518518 0.14170466435185183 0.14429817592592592 0.14067076157407407 0.1440442800925926 0.13860295833333333 0.13618429861111112 0.13537008564814815 0.13434625 0.1355957685185185 0.1287051574074074 0.13523891898148147 0.12699405555555557 0.13649850462962962 0.11805770833333333 0.13969472916666667 0.11818465509259259 0.14072863194444446 0.11672744907407406 0.14405602083333335 0.11869244444444445 0.14486424074074075 0.13390462037037038 0.14719437731481483
3 0.10601921296296296 0.16321214814814816 0.10798420833333333 0.16402036574074075 0.11375224768518519 0.16541111805555556 0.1155902962962963 0.16518543518518516 0.1283296875 0.16257174537037036 0.13004078935185184 0.16131215740740742 0.1332090972222222 0.15672518055555557 0.13308215046296296 0.1556912800925926 0.13219351851851852 0.14845396296296298 0.12617158564814815 0.1449954074074074 0.12433353703703703 0.14522109027777777 0.12053049305555555 0.14463855555555558 0.11869244444444445 0.14486424074074075 0.10962915046296297 0.1470265625 0.10791804861111111 0.14828614814814817 0.10107364351851852 0.15332449305555557 0.10120059027777778 0.15435839583333333 0.10601921296296296 0.16321214814814816
3 0.11134025 0.14576697685185186 0.11121330324074075 0.14473307407407407 0.11108635648148148 0.1436991712962963 0.10715636574074074 0.1420827337962963 0.10531831712962962 0.1423084189814815 0.09783917592592592 0.14217725231481482 0.09612807407407407 0.14343683796296297 0.0858614675925926 0.1509943564814815 0.08782646296296297 0.15180257407407408 0.09923559490740741 0.15355017824074071 0.10094669675925926 0.15229059027777778 0.11134025 0.14576697685185186
3 0.07179181481481482 0.15796933796296297 0.07008071527777777 0.1592289259259259 0.0669124074074074 0.16381590277777777 0.06703935416666666 0.16484980324074072 0.07147713425925926 0.17060184953703705 0.07344212962962963 0.17141006712962964 0.08681625694444445 0.17396588888888886 0.08865430555555555 0.1737402060185185 0.10126675 0.1700926134259259 0.10297785185185185 0.16883302777777778 0.10798420833333333 0.16402036574074075 0.10170837962962963 0.15849400462962962 0.10158143287037037 0.15746010185185183 0.10120059027777778 0.15435839583333333 0.09923559490740741 0.15355017824074071 0.09162950694444445 0.1523851087962963 0.08979145833333334 0.1526107916666667 0.08243926388888889 0.15351352777777777 0.08072816435185184 0.15477311574074074 0.07179181481481482 0.15796933796296297
3 0.07756522916666667 0.189794625 0.0792763287037037 0.18853503935185184 0.08650157638888889 0.18659840046296294 0.08821267824074075 0.18533881481481482 0.08903514814814814 0.17684191203703706 0.08130211342592591 0.17464294212962964 0.07946406481481481 0.174868625 0.06488662268518518 0.177708 0.06317552314814814 0.17896758564814816 0.05658501157407407 0.1860737337962963 0.05671195833333334 0.1871076365740741 0.05709280092592593 0.1902093425925926 0.05893084953703704 0.18998365972222223 0.07756522916666667 0.189794625
3 0.6199701921296296 0.42859708564814814 0.6218082384259259 0.42837140046296296 0.6346745787037037 0.4267916134259259 0.6363856805555556 0.42553202777777777 0.646652287037037 0.4179745092592593 0.6465253402777777 0.4169406064814815 0.6474747569444445 0.4094776087962963 0.6414528240740741 0.4060190509259259 0.639614775462963 0.4062447337962963 0.6104598935185186 0.4119234837962963 0.6087487939814815 0.41318306944444444 0.6019043888888889 0.41822141435185184 0.6020313356481481 0.41925531712962966 0.602539125 0.4233909259259259 0.6045041203703704 0.4241991435185185 0.6199701921296296 0.42859708564814814
3 0.5688856759259259 0.43801794212962963 0.5708506712962963 0.43882616203703706 0.578456761574074 0.43999122916666666 0.5802948078703704 0.4397655462962963 0.589485050925926 0.438637125 0.5911961527777778 0.43737753935185186 0.596583349537037 0.43566658564814814 0.5982944513888889 0.434407 0.6027930185185185 0.42545872916666666 0.5928410925925925 0.42038373611111113 0.5910030439814814 0.4206094189814815 0.5775019699074074 0.41701969675925926 0.5757908680555556 0.4182792824074074 0.5685656226851852 0.4202159212962963 0.5668545208333333 0.4214755069444444 0.5617212175925926 0.4252542662037037 0.5618481643518519 0.4262881689814815 0.5688856759259259 0.43801794212962963
3 0.7843057523148148 0.7033257361111112 0.786143800925926 0.7031000532407407 0.7972990393518518 0.7027798518518518 0.7990101412037036 0.7015202662037038 0.802559289351852 0.7000349953703704 0.8024323425925927 0.6990010925925927 0.8007820300925926 0.685560363425926 0.7929220462962964 0.6823274907407407 0.7910839976851852 0.6825531736111111 0.7747954560185185 0.6866521342592592 0.7730843564814814 0.6879117199074074 0.7695352060185185 0.6893969907407408 0.7696621527777778 0.6904308935185185 0.7685857870370371 0.6968599907407408 0.7705507847222223 0.6976682083333334 0.7843057523148148 0.7033257361111112
3 0.8347555324074074 0.6887353680555556 0.8346285833333333 0.6877014652777779 0.8342477430555555 0.6845997592592593 0.8265147083333333 0.6824007870370371 0.8246766597222221 0.6826264722222222 0.8154864166666668 0.6837548912037037 0.8137753148148148 0.6850144791666667 0.8150447870370371 0.6953535000000001 0.8170097824074074 0.6961617199074075 0.831460275462963 0.6922884421296296 0.8313333287037037 0.6912545393518519 0.8347555324074074 0.6887353680555556
3 0.721558212962963 0.7089311875 0.7235232083333334 0.7097394050925926 0.7333481875 0.7137804976851853 0.735059287037037 0.712520912037037 0.7438686875 0.7082907847222223 0.7437417407407407 0.7072568819444444 0.7465292060185185 0.6995681990740741 0.7423453217592593 0.6958839583333334 0.7405072731481481 0.6961096412037037 0.7309361898148148 0.6941363541666666 0.7290981412037036 0.6943620393518519 0.7218728935185185 0.6962986759259259 0.7201617939814815 0.6975582638888889 0.7167395902777778 0.7000774351851852 0.7168665370370371 0.7011113379629629 0.721558212962963 0.7089311875
3 0.39866050000000003 0.19129916898148147 0.3969493981481481 0.19255875462962965 0.3877591574074074 0.19368717592592594 0.3857941620370371 0.1928789560185185 0.3889624699074074 0.18829197916666665 0.3758422361111111 0.18780396296296295 0.37413113425925926 0.18906354861111113 0.3687439375 0.19077450462962964 0.3550551273148148 0.20085119444444444 0.3556898634259259 0.2060207037037037 0.3576548587962963 0.2068289236111111 0.36602262962962967 0.21419740509259258 0.37109514583333336 0.22511896064814815 0.37895512962962963 0.22835183564814815 0.39708171990740737 0.22402718981481481 0.4162846736111111 0.21327344907407408 0.4131771527777777 0.20316011111111112 0.40519022222222223 0.19889333564814815 0.4046824351851852 0.19475772685185186 0.40968879166666666 0.18994506481481482 0.4091810023148148 0.1858094560185185 0.40746990046296294 0.18706904166666669 0.39853355324074075 0.1902652662037037 0.39866050000000003 0.19129916898148147
3 0.34941403472222227 0.2004943425925926 0.349287087962963 0.19946043981481482 0.3508712407407408 0.1971669513888889 0.3483984560185185 0.192223125 0.3464334606481482 0.19141490740740738 0.34237652314814815 0.18876456712962963 0.340538474537037 0.1889902523148148 0.32767213425925923 0.19057003935185185 0.3277990810185185 0.19160394212962964 0.33090660185185183 0.20171728009259257 0.332744650462963 0.20149159722222224 0.34941403472222227 0.2004943425925926
3 0.3478906666666667 0.1880875162037037 0.3496017685185185 0.18682793055555555 0.3531509189814815 0.18534265972222222 0.35302397222222226 0.18430875694444443 0.35448117824074077 0.18098136574074072 0.348205349537037 0.17545500462962962 0.34636730092592594 0.17568068981481483 0.3315359652777778 0.17645225925925928 0.3298248657407407 0.1777118449074074 0.32507240277777777 0.18459231018518518 0.32703739814814814 0.1854005277777778 0.331094337962963 0.18805086805555557 0.33293238657407404 0.18782518287037037 0.3478906666666667 0.1880875162037037
3 0.37508055324074074 0.18160055092592592 0.3749536041666667 0.18056664814814813 0.37761412499999997 0.1718440625 0.371719136574074 0.1694194074074074 0.369881087962963 0.1696450902777778 0.35530364814814813 0.17248446527777778 0.35359254629629633 0.17374405092592593 0.3542272824074074 0.1789135625 0.35619228009259263 0.1797217800925926 0.3584111689814815 0.18259780324074074 0.36024921759259254 0.18237212037037037 0.37508055324074074 0.18160055092592592
3 0.3740041875 0.18802964814814815 0.37387724074074075 0.18699574537037036 0.3736233449074074 0.1849279398148148 0.36969335416666665 0.1833115046296296 0.3678553055555555 0.1835371875 0.35853811574074074 0.18363170601851853 0.3568270162037037 0.18489129166666665 0.3515667638888889 0.18763614814814814 0.349855662037037 0.18889573379629632 0.3528362361111111 0.1979751712962963 0.3548012314814815 0.1987833888888889 0.3740041875 0.18802964814814815
3 0.34922998842592595 0.5940754675925926 0.35119498379629627 0.5948836851851852 0.36298495601851855 0.5997329953703704 0.3648230046296296 0.5995073101851852 0.37242909259259255 0.6006723796296297 0.3742671412037037 0.6004466944444444 0.38700653472222224 0.5978330046296297 0.38871763425925926 0.5965734189814815 0.3937239907407407 0.5917607592592593 0.39359704398148143 0.5907268564814815 0.393343150462963 0.588659050925926 0.3869403726851852 0.5820987870370371 0.38510232638888886 0.5823244722222223 0.38313732870370365 0.5815162523148149 0.38129928240740746 0.5817419375 0.3571507569444445 0.582608025462963 0.35543965509259257 0.5838676111111111 0.34859525231481486 0.5889059560185186 0.34872219907407404 0.5899398587962963 0.34922998842592595 0.5940754675925926
3 0.3386433263888889 0.583830962962963 0.3403544259259259 0.582571375 0.3420655277777778 0.5813117893518518 0.34193858101851854 0.5802778865740741 0.3437104699074074 0.5643179861111111 0.3307171828703704 0.5648638703703704 0.3290060810185185 0.5661234583333333 0.32019668055555556 0.5703535833333334 0.3203236296296296 0.5713874861111111 0.3230503078703704 0.5783991180555556 0.32501530324074074 0.5792073356481482 0.32932613657407406 0.5839254791666667 0.3311641851851852 0.5836997962962963 0.3386433263888889 0.583830962962963
3 0.3671134282407407 0.6485520833333334 0.3689514768518518 0.648326400462963 0.37617672453703704 0.6463897615740741 0.37788782407407406 0.6451301759259259 0.38118307870370366 0.6415771018518519 0.3810561319444445 0.640543199074074 0.3806752916666667 0.6374414930555555 0.37452640972222223 0.6329490324074074 0.37268836111111114 0.6331747175925926 0.3654631134259259 0.6351113541666668 0.3637520138888889 0.6363709421296296 0.36045675925925924 0.6399240162037038 0.3605837060185185 0.6409579189814815 0.3612184421296296 0.6461274282407408 0.3631834375 0.6469356481481482 0.3671134282407407 0.6485520833333334
1 0.402290886574074 0.39865231481481483 0.37011701157407406 0.46483749305555555 0.3632411365740741 0.47113908796296294 0.3552552824074074 0.4729592199074074 0.3008612060185185 0.476699400462963 0.29805442824074074 0.48271127314814816 0.2984120300925926 0.4977800115740741 0.45034515277777776 0.4937128726851852 0.45585607638888886 0.47477510185185184 0.4010613101851852 0.47069331249999996 0.39862714583333336 0.4691031087962963 0.4161402592592593 0.40052009027777774 0.402290886574074 0.39865231481481483
1 0.580425886574074 0.5000950925925925 0.6241719768518519 0.4977672662037037 0.6287765671296297 0.47904572685185187 0.49120453703703704 0.4754724050925926 0.4732583611111111 0.49646178009259256 0.5186658472222222 0.49854771296296296 0.5285101365740741 0.5042656180555556 0.5335781851851852 0.5257875648148148 0.51972525 0.5755551064814814 0.539557400462963 0.5744843611111111 0.5605958865740741 0.5133396504629629 0.5672432546296297 0.5051770300925926 0.5778531550925926 0.5034545023148148 0.580425886574074 0.5000950925925925
1 0.8991525856481482 0.40481269212962967 0.8847898819444444 0.4033227916666667 0.858760050925926 0.446609349537037 0.8485447615740741 0.4576238796296296 0.8402426111111111 0.46294616203703703 0.8036085902777778 0.4684937430555556 0.8038370949074074 0.47035476851851854 0.8072945277777778 0.4878765185185185 0.8474335347222223 0.4820035277777778 0.9223381226851851 0.4781587962962963 0.9241414791666668 0.4609356435185185 0.8786268935185185 0.46253607175925926 0.8738220416666667 0.4598726157407408 0.8755503032407407 0.4481160300925926 0.8991525856481482 0.40481269212962967
0 0.10900008101851852 0.5688935925925926 0.10368297222222222 0.5726949189814815 0.12623464814814817 0.5740189305555555 0.14670815046296296 0.5796911180555555 0.14964402314814815 0.5868869606481482 0.14552683564814814 0.6019803912037036 0.14787213425925924 0.602846863425926 0.1585521273148148 0.6032147083333333 0.17019208101851854 0.5840491296296296 0.18697249305555555 0.5657216689814815 0.1726793402777778 0.5632786898148149 0.16322465972222222 0.5744097291666667 0.15759679861111112 0.5771997222222223 0.12956798842592593 0.5707760254629629 0.10900008101851852 0.5688935925925926
0 0.801333212962963 0.504665662037037 0.8025928449074073 0.4951705439814815 0.8001708379629631 0.4906402777777778 0.8197739467592592 0.48466505555555556 0.8440174120370371 0.4830526666666667 0.8378404537037036 0.46313616203703706 0.7388960532407408 0.47329097685185184 0.7350901550925926 0.49243919444444445 0.735457763888889 0.4923940555555556 0.7739816875000001 0.49312125925925926 0.7846561388888889 0.49800258796296293 0.7861027986111111 0.5067456203703704 0.7688212152777778 0.5225108935185185 0.7412206319444444 0.5362897662037037 0.7799206689814815 0.5293340694444444 0.7914672939814814 0.5200451527777777 0.801333212962963 0.504665662037037
0 0.21083249537037038 0.7615653217592593 0.22168413425925926 0.764850662037037 0.21361156481481483 0.7781208749999999 0.2249252175925926 0.7775713240740741 0.23195843055555554 0.7649534722222222 0.24551975694444447 0.7507994282407408 0.2361197824074074 0.7487001828703703 0.2259740439814815 0.7587616342592592 0.18196136574074073 0.7589182638888888 0.17596589351851855 0.7617533935185186 0.21083249537037038 0.7615653217592593
0 0 0.23591769907407406 0.027329479166666667 0.23196028472222224 0.05596958564814815 0.1825810347222222 0.03159255787037037 0.18158609953703703 0.026296372685185185 0.19619459722222224 0.020294824074074076 0.20049975925925928 0.0006007037037037038 0.19357743749999998 0 0.19354709722222221 0 0.20108945601851852 0.005723997685185185 0.20491255555555554 0.009408324074074074 0.2151649675925926 0 0.23310111805555553 0 0.23591769907407406