2 0.9540891828703703 0.6460769444444444 0.9432268402777778 0.6408686782407408 0.9624212175925926 0.6333628055555556 0.9623408032407407 0.6246207037037037 0.9554360648148148 0.6178648356481482 0.942478199074074 0.6182527245370371 0.908098599537037 0.6140521273148147 0.8997891203703704 0.6093078356481482 0.9002965231481481 0.6056974814814815 0.9105051342592593 0.5969287430555555 0.9188226712962964 0.5843177569444444 0.8843270949074075 0.580942386574074 0.8995689467592592 0.5736173541666667 0.7474572592592593 0.45041517129629627 0.7479646620370372 0.44680481944444445 0.7114106134259259 0.4314640162037037 0.3892990532407407 0.33096924305555553 0.22019528935185184 0.31004340046296297 0.02933784953703704 0.2789073310185185 0.02376956712962963 0.29989916666666666 0.21784810185185186 0.3453730601851852 0.39805273148148146 0.36049570370370365 0.6136464212962963 0.42719128935185186 0.6226321874999999 0.4284541550925926 0.7059082476851851 0.4613011087962963 0.975968125 0.6833386990740741 0.9748874050925926 0.6817141481481482 0.9835880509259259 0.6517404861111111 0.9843771134259259 0.6461260208333334 0.980410837962963 0.6424128842592592 0.9695339976851852 0.6373077731481481 0.9580417060185185 0.6458961018518518 0.9540891828703703 0.6460769444444444
2 0.40031415972222223 0.8114490810185185 0.30411478703703704 0.8266461111111112 0.1606235439814815 0.8523427337962963 0.16042058333333334 0.8537868750000001 0.16595032175925925 0.8583508842592593 0.2827763148148148 0.8414243587962963 0.3500192662037037 0.8286795694444444 0.5042184629629629 0.8079591342592592 0.6062325694444445 0.7700166666666667 0.5978317708333334 0.7632609212962963 0.49384394444444446 0.8006104305555555 0.40031415972222223 0.8114490810185185
2 0.5088534097222221 0.14959285185185184 0.5104777083333333 0.16065574074074074 0.526075423611111 0.16011290740740738 0.5326931967592592 0.15294331481481482 0.5382664282407407 0.15719786342592593 0.5582950717592593 0.15307014120370369 0.6105491898148148 0.13653576388888888 0.7426070069444444 0.08840458564814815 0.8380875162037037 0.042601314814814814 0.8145235208333333 0.039289611111111115 0.7362147523148148 0.07667160416666666 0.6048665532407407 0.12374541898148149 0.5089983819444445 0.14856132175925923 0.5088534097222221 0.14959285185185184
2 0.4391959953703704 0.6106352453703704 0.5967918726851852 0.5684073935185185 0.6599859004629629 0.5551987569444444 0.7123371643518518 0.5353119421296296 0.7113637500000001 0.5276014305555555 0.6428697037037038 0.5465870023148148 0.42255237962962966 0.6039833333333333 0.4391959953703704 0.6106352453703704
2 0.7195958333333334 0.7923654467592592 0.8441720023148148 0.7256159976851853 0.9245101273148149 0.6489676342592593 0.9111732314814815 0.6374157407407408 0.8080143287037037 0.7327364513888889 0.7193668564814815 0.778027375 0.7177838148148148 0.7786464166666667 0.7195958333333334 0.7923654467592592
2 0.5794162569444444 0.838408474537037 0.5289335115740741 0.8795959675925926 0.4747671203703704 0.9283654189814814 0.48006565046296296 0.9305827430555556 0.4880714305555556 0.9334961180555555 0.498519925925926 0.9323347986111111 0.510326074074074 0.9228438657407407 0.5480444976851852 0.8793365115740741 0.5773619907407407 0.8556865578703703 0.6124976782407408 0.8425318125 0.6205600925925926 0.8264136898148148 0.5794162569444444 0.838408474537037
2 0.8371533472222222 0.4495567662037037 0.8327781712962964 0.46472043055555556 0.9190604953703704 0.421621675925926 0.9322546550925926 0.4222137106481481 0.9403155787037037 0.41408984490740736 0.9957242592592592 0.38043202083333333 0.9696607083333333 0.3716147013888889 0.8357681851851851 0.45009842824074076 0.8371533472222222 0.4495567662037037
2 0.347125349537037 0.171990125 0.24962061574074074 0.17385490277777776 0.2490878101851852 0.1842990601851852 0.28791283796296296 0.18481161342592592 0.29639777314814814 0.1803238125 0.3002915625 0.18455271296296297 0.3883321203703704 0.18482911342592592 0.4150060439814815 0.1813197523148148 0.4002789074074074 0.1716762824074074 0.347125349537037 0.171990125
3 0.41573931249999996 0.23464913657407407 0.4174281712962963 0.23593839351851853 0.4172831990740741 0.2369699212962963 0.41897205555555556 0.23825918055555556 0.41882708564814813 0.23929070833333335 0.42558251620370374 0.24444773842592593 0.4254375439814815 0.24547926620370372 0.42881525925925923 0.2480577800925926 0.4306490879629629 0.24831550925925927 0.43233794675925924 0.2496047662037037 0.434171775462963 0.24986249537037036 0.43923834953703705 0.2537302662037037 0.4410721805555556 0.2539879930555556 0.4461387523148148 0.2578557662037037 0.44797258333333334 0.25811349305555553 0.4530391550925926 0.2619812662037037 0.45487298611111115 0.26223899305555554 0.4565618425925926 0.26352825 0.4602295023148148 0.2640437060185185 0.4619183611111111 0.265332962962963 0.467419849537037 0.26610614814814815 0.46910870833333335 0.2673954050925926 0.4746101967592593 0.268168587962963 0.4762990555555555 0.26945784490740743 0.4818005439814815 0.2702310300925926 0.4834894027777778 0.271520287037037 0.4871570625 0.27203574305555556 0.4891358634259259 0.2712619421296296 0.4983050115740741 0.27255058101851853 0.5002838148148149 0.2717767800925926 0.5094529629629629 0.27306541898148146 0.5114317638888889 0.2722916180555556 0.5132655949074074 0.27254934722222224 0.5152443958333334 0.27177554398148146 0.517078224537037 0.2720332731481481 0.5190570277777778 0.27125947222222224 0.5208908564814815 0.27151719907407407 0.5228696597222222 0.27074339814814813 0.524703488425926 0.2710011273148148 0.5266822893518518 0.27022732407407407 0.5285161203703703 0.27048505324074074 0.5304949212962963 0.2697112523148148 0.5323287523148148 0.2699689791666667 0.5422227592592592 0.26609997453703704 0.5440565902777778 0.26635770138888887 0.5519717962962963 0.2632624953703704 0.5521167685185185 0.26223096759259257 0.5620107777777777 0.25836196064814815 0.56215575 0.25733043055555554 0.5641345509259259 0.2565566296296296 0.5642795231481481 0.25552510185185184 0.5662583240740741 0.2547512986111111 0.5664032962962963 0.25371977083333336 0.568382099537037 0.2529459699074074 0.568961986111111 0.24881985185185188 0.5709407893518519 0.24804605092592594 0.5719555925925925 0.24082534722222224 0.5739343935185185 0.24005154398148149 0.5748042268518518 0.23386237037037036 0.5767830277777778 0.23308856944444442 0.5772179444444444 0.22999398148148148 0.5755290856481482 0.22870472453703705 0.5756740578703704 0.22767319444444445 0.5739851990740741 0.2263839375 0.5744201157407407 0.22328934953703705 0.5727312592592593 0.22200009259259257 0.5730212013888889 0.21993703472222223 0.5713323449074074 0.21864777546296296 0.5717672592592593 0.2155531898148148 0.5700784027777778 0.21426393055555554 0.5703683472222222 0.2122008726851852 0.5686794884259259 0.21091161574074072 0.5691144050925926 0.20781702777777777 0.5674255462962963 0.20652777083333335 0.5675705185185185 0.20549624074074074 0.5641928032407407 0.20291772685185186 0.5643377754629629 0.20188619907407407 0.5592712013888889 0.19801842592592592 0.5594161736111111 0.19698689814814813 0.554349599537037 0.193119125 0.5544945717592592 0.1920875972222222 0.5528057152777778 0.19079833796296294 0.5509718842592592 0.1905406111111111 0.5492830277777778 0.18925135416666666 0.5474491967592593 0.188993625 0.5457603402777778 0.18770436805555554 0.5439265092592592 0.18744664120370372 0.5422376527777778 0.18615738425925926 0.5404038217592593 0.1858996550925926 0.5387149652777777 0.18461039814814817 0.5368811342592592 0.1843526712962963 0.5351922777777778 0.18306341435185183 0.5333584467592593 0.18280568518518517 0.5316695902777778 0.18151642824074074 0.5298357592592593 0.18125869907407408 0.5281469027777778 0.17996944212962962 0.507974775462963 0.17713443518518518 0.5062859166666667 0.17584517824074075 0.4897814490740741 0.1735256273148148 0.4878026481481481 0.17429942824074074 0.47679966898148146 0.1727530601851852 0.47482086805555557 0.17352686111111112 0.47298703703703704 0.17326913425925927 0.47100823611111114 0.17404293518518518 0.4655067453703704 0.17326975 0.4635279444444444 0.1740435509259259 0.4598602847222222 0.1735280949074074 0.45590268055555555 0.17507569907407405 0.45406885185185186 0.1748179699074074 0.4501112476851852 0.17636557407407405 0.4482774189814815 0.17610784490740738 0.4423410138888889 0.17842924999999998 0.4405071828703704 0.17817152083333332 0.4365495810185185 0.1797191226851852 0.43471575 0.17946139583333331 0.43273694907407406 0.18023519675925925 0.43259197685185186 0.18126672685185186 0.4266555717592592 0.18358812962962964 0.426510599537037 0.18461965972222222 0.42255299537037033 0.18616726157407407 0.42226305324074076 0.18823031944444446 0.42028424999999997 0.1890041203703704 0.42013927777777776 0.19003565046296295 0.41816047685185187 0.19080945138888888 0.4178705324074074 0.19287250925925928 0.4158917314814815 0.1936463125 0.41560178703703704 0.19570937037037037 0.4136229861111111 0.1964831712962963 0.4134780138888889 0.1975147013888889 0.41149921064814815 0.19828850231481482 0.4104844074074074 0.20550920601851852 0.4085056064814815 0.20628300694444446 0.4073458310185185 0.21453524074074076 0.40903468750000005 0.21582449999999997 0.4084548009259259 0.21995061574074073 0.41014365740740744 0.2212398726851852 0.4095637708333333 0.22536599074074073 0.4112526273148148 0.22665524768518516 0.41096268287037035 0.22871830555555556 0.4143403981481481 0.23129681944444444 0.41419542824074074 0.23232834953703704 0.4158842847222222 0.23361760648148147 0.41573931249999996 0.23464913657407407
3 0.5780220763888889 0.3174150023148148 0.5800008796296297 0.31664120138888885 0.5911488287037037 0.3171560393518518 0.5931276319444444 0.31638223842592594 0.6083781574074074 0.3143179467592592 0.6103569583333334 0.3135441435185185 0.6206858842592593 0.30658055092592595 0.618997025462963 0.30529129398148147 0.6067401064814815 0.2993610810185185 0.6050512476851851 0.2980718240740741 0.5881626712962963 0.2851792523148148 0.5883076412037037 0.28414772222222223 0.5784644398148148 0.2743491203703704 0.5786094120370371 0.2733175902777778 0.5693460972222222 0.2593928726851852 0.5675122662037038 0.2591351435185185 0.5579082013888889 0.26094109259259257 0.5559294004629629 0.2617148935185185 0.5321837800925926 0.2710005092592593 0.5303499490740741 0.2707427800925926 0.5073291898148148 0.27487075 0.5054953587962964 0.2746130231481481 0.5018276990740741 0.2740975671296296 0.49984889814814815 0.27487136805555556 0.49970392592592594 0.27590289583333333 0.5071334120370371 0.28956988657407406 0.5088222685185185 0.29085914583333333 0.5171215856481481 0.29833696064814813 0.5189554143518519 0.2985946875 0.5309223912037037 0.30658795833333335 0.5327562222222222 0.30684568749999996 0.5468469722222222 0.3130336273148148 0.5486808009259259 0.3132913564814815 0.5780220763888889 0.3174150023148148
3 0.6556736203703705 0.31044585185185186 0.6576524236111111 0.3096720509259259 0.6916761620370371 0.30709044907407407 0.6936549652777778 0.30631664814814813 0.7111742361111111 0.3014154953703703 0.7113192083333333 0.30038396759259256 0.7213581875 0.29548343055555554 0.7215031597222222 0.2944519027777778 0.7277295092592593 0.2900674398148148 0.7278744814814815 0.2890359097222222 0.7370944375 0.27665694212962966 0.7372394074074073 0.27562541203703705 0.7398489050925926 0.2570578865740741 0.7381600462962963 0.2557686296296296 0.7274978171296297 0.2384915949074074 0.7258089606481481 0.23720233796296297 0.7051077499999999 0.22482583796296296 0.7032739212962963 0.2245681111111111 0.6850805949074074 0.22095930324074076 0.6831017939814814 0.22173310416666667 0.6369661064814814 0.21735296296296294 0.6349873032407407 0.21812676388888888 0.6256731828703704 0.21786965277777778 0.6236943819444444 0.2186434537037037 0.6084438564814815 0.2207077476851852 0.6064650532407407 0.22148154861111113 0.5846982337962964 0.22999336342592594 0.5845532615740741 0.23102489351851851 0.5805956597222223 0.23257249537037036 0.5804506875 0.23360402314814815 0.575768224537037 0.24030927314814812 0.5756232523148148 0.24134080324074073 0.5716148425925925 0.2565560138888889 0.5835310138888888 0.2782168912037037 0.5852198703703704 0.27950615046296295 0.603507361111111 0.29575103703703703 0.6053411921296296 0.2960087638888889 0.6104077662037036 0.29987653703703704 0.6122415949074074 0.3001342638888889 0.6281661759259259 0.3065799328703704 0.6300000046296297 0.306837662037037 0.6556736203703705 0.31044585185185186
3 0.7706250069444445 0.3308088310185185 0.7707699791666666 0.3297773032407407 0.783367650462963 0.3199768472222222 0.7835126226851853 0.31894531944444443 0.7838025671296296 0.31688226157407406 0.7821137083333334 0.3155930023148148 0.7575998680555556 0.3037325787037037 0.7559110092592592 0.30244332175925925 0.7412911782407408 0.2867138888888889 0.7396023194444444 0.28542463194444445 0.7360796319444445 0.28387764583333336 0.7341008310185185 0.2846514490740741 0.7230470462962962 0.2967726875 0.7210682453703704 0.29754648842592596 0.7050928587962964 0.30476842824074074 0.7032590277777778 0.30451070138888886 0.6877185578703704 0.30863805324074073 0.6858847291666668 0.3083803240740741 0.6593412800925926 0.31096130787037035 0.6573624791666667 0.3117351087962963 0.6569275625000001 0.31482969675925926 0.6686045949074073 0.32488602777777775 0.6704384259259258 0.3251437546296296 0.6897407199074074 0.33416793749999996 0.6915745509259259 0.3344256666666667 0.7171031944444445 0.3390653865740741 0.7190819976851851 0.33829158564814815 0.7587521967592593 0.3354516388888889 0.7607309999999999 0.33467783796296297 0.7706250069444445 0.3308088310185185
3 0.8131438425925926 0.3210059074074074 0.8151226435185186 0.3202321064814815 0.8375635162037037 0.3202302546296296 0.8395423194444445 0.31945645370370374 0.849436326388889 0.31558744675925926 0.8512701574074074 0.315845175925926 0.8721671435185185 0.31352253703703703 0.8741459467592593 0.3127487361111111 0.8901213310185185 0.30552679629629625 0.8902663032407406 0.3044952662037037 0.8964926527777778 0.30011080324074074 0.8966376250000001 0.299079275462963 0.9010301458333333 0.29443708564814813 0.9011751157407408 0.29340555555555553 0.9070173564814815 0.2784480717592593 0.9053284976851851 0.2771588148148148 0.9015666736111112 0.2640072800925926 0.8998778148148148 0.2627180231481481 0.8953911296296296 0.25472413425925927 0.8937022708333333 0.25343487731481484 0.8748348912037037 0.2413161064814815 0.8730010625 0.24105837962962962 0.8587653402777777 0.2359019675925926 0.8569315115740741 0.23564424074074072 0.8424058449074074 0.23255088657407408 0.8405720138888889 0.23229315972222223 0.7894639189814815 0.23668132638888892 0.7874851180555557 0.2374551273148148 0.7679870439814814 0.24313008101851852 0.7678420717592593 0.24416161111111112 0.7456403379629629 0.2557680115740741 0.7454953657407407 0.2567995416666667 0.7401822083333334 0.2812985138888889 0.7511343796296296 0.29651249074074076 0.7528232384259259 0.29780174768518514 0.7629563842592592 0.30553729166666665 0.7647902152777777 0.3057950185185185 0.776902162037037 0.31275676157407406 0.7787359930555555 0.31301448842592594 0.7894490277777778 0.31662391435185183 0.7912828564814816 0.3168816435185185 0.8131438425925926 0.3210059074074074
3 0.9001020601851851 0.35426516203703706 0.902080863425926 0.3534913611111111 0.9197451064814814 0.34755868055555555 0.9198900787037038 0.34652715046296295 0.9302190023148148 0.3395635555555555 0.930363974537037 0.33853202777777774 0.9309438634259259 0.3344059097222222 0.9292550046296296 0.3331166527777778 0.9053210532407407 0.31713011111111106 0.9054660231481481 0.3160985810185185 0.8991455092592593 0.3078469652777778 0.897456650462963 0.30655770833333335 0.8939339629629629 0.30501072222222225 0.8919551620370371 0.3057845231481482 0.8857288124999999 0.3101689861111111 0.8837500115740741 0.31094278703703704 0.8700433703703704 0.31532786805555557 0.8682095416666668 0.31507013888888885 0.8372735740740741 0.32229331250000004 0.8354397430555556 0.32203558564814816 0.8111650416666666 0.32177970833333336 0.8110200694444445 0.3228112384259259 0.8105851527777778 0.3259058263888889 0.8167606967592592 0.3351889722222222 0.8184495532407406 0.3364782291666667 0.8302715578703704 0.3455030300925926 0.832105388888889 0.34576075694444447 0.8497188263888888 0.35349568287037036 0.8515526550925926 0.35375341203703703 0.8735586134259259 0.35684614814814813 0.8755374143518518 0.3560723449074074 0.9001020601851851 0.35426516203703706
3 1 0.25890691435185187 0.988532337962963 0.2572952407407407 0.9865535347222222 0.25806904166666667 0.9735717546296295 0.257296474537037 0.9715929537037037 0.2580702777777778 0.9545085972222223 0.2598768425925926 0.9525297962962962 0.2606506435185185 0.9284942314814815 0.2719993171296296 0.9266604004629629 0.2717415902777778 0.9109749583333333 0.2769004699074074 0.9108299884259259 0.277932 0.8997253958333333 0.3037208472222222 0.9088437407407407 0.3186770949074074 0.9105325972222222 0.31996635185185185 0.9363003796296296 0.33621062268518515 0.9381342106481482 0.33646835185185187 0.9543487337962964 0.3408509606481481 0.9561825625 0.34110868981481485 0.9818561805555556 0.3447168819444445 0.9838349814814814 0.34394307870370366 0.9969617337962964 0.34368411574074076 0.9989405347222222 0.3429103148148148 1 0.3425397777777778 1 0.25890691435185187
3 1 0.3433405115740741 0.9891915 0.34574779166666664 0.9873576689814816 0.3454900648148148 0.9560375902777778 0.3421402175925926 0.9543487337962964 0.3408509606481481 0.9379892384259259 0.33749987962962963 0.9360104351851852 0.33827368055555557 0.9352855763888889 0.3434313287037037 0.944693863425926 0.3563245162037037 0.9463827199074074 0.35761377546296297 0.9514492939814815 0.3614815462962963 0.9532831226851852 0.36173927314814813 0.9758181620370371 0.3743735 0.9776519930555556 0.37463122916666663 0.9883650277777778 0.37824065509259264 0.9901988564814814 0.37849838194444446 1 0.3798758425925926 1 0.3433405115740741
3 0.9834495555555556 0.5995015162037036 0.9892409884259259 0.5982116412037037 0.9964895879629629 0.5466351782407407 0.9948007314814815 0.5453459212962963 0.9668583680555556 0.5445745902777778 0.9455264652777778 0.5499918171296296 0.9436926342592592 0.549734087962963 0.9377562291666666 0.5520554930555556 0.9271373611111111 0.5610821458333333 0.9267024444444445 0.5641767337962963 0.9247236435185185 0.5649505347222222 0.9239987847222223 0.5701081805555556 0.9220199814814815 0.5708819814814815 0.9217300370370369 0.5729450393518518 0.9541960949074074 0.6097223981481482 0.9647705092592593 0.6126549027777778 0.9588341041666667 0.6149763055555555 0.9582542152777778 0.6191024236111111 0.9688222777777779 0.6237433796296296 0.9726349097222223 0.6232273055555555 0.9732147962962963 0.6191011898148148 0.975193599537037 0.618327386574074 0.9756285138888889 0.6152327986111111 0.9739396574074074 0.6139435416666666 0.9885161296296296 0.6033692870370371 0.9848484699074075 0.6028538310185185 0.9833045833333333 0.6005330439814814 0.9834495555555556 0.5995015162037036
3 0.8526677546296296 0.5853289467592593 0.8546465578703704 0.5845551458333333 0.857060275462963 0.5806867569444445 0.8553714166666666 0.5793975 0.8489059305555556 0.5721774120370371 0.847072099537037 0.5719196851851852 0.8384828402777778 0.5665049282407407 0.8366490092592592 0.5662471990740741 0.827479861111111 0.5649585601851852 0.8255010578703704 0.5657323611111111 0.8105404768518518 0.5657335949074075 0.808561675925926 0.5665073981481482 0.7911873749999999 0.5703770208333333 0.7910424027777778 0.5714085509259259 0.7876138819444444 0.5824976435185185 0.8156504097222222 0.5959050555555556 0.8174842407407407 0.5961627824074074 0.835822537037037 0.5987400625 0.8378013402777778 0.5979662615740741 0.8414689976851852 0.5984817175925926 0.8434478009259259 0.5977079143518518 0.8515079791666667 0.5935811805555556 0.851652951388889 0.5925496527777777 0.8526677546296296 0.5853289467592593
3 0.8465057893518518 0.7622346689814814 0.8448169305555555 0.760945412037037 0.8373874444444445 0.7472784212962963 0.8355536157407407 0.7470206921296296 0.815381488425926 0.7441856851851852 0.8134026875000001 0.7449594861111111 0.7969923842592592 0.755276013888889 0.7968474120370371 0.7563075416666666 0.796267525462963 0.7604336597222222 0.8151349050925926 0.7725524305555557 0.8169687337962963 0.7728101574074074 0.827971712962963 0.774356525462963 0.8299505138888889 0.7735827245370371 0.8394096064814816 0.7728083055555556 0.8413884097222222 0.7720345046296296 0.8454909837962963 0.7694553726851852 0.8456359560185185 0.7684238425925926 0.8465057893518518 0.7622346689814814
3 0.8906626736111112 0.7673886111111111 0.8908076458333334 0.7663570810185185 0.8940911967592592 0.7562995162037036 0.892402337962963 0.7550102592592592 0.8788914768518519 0.7446962013888888 0.8770576458333333 0.744438474537037 0.8681784421296297 0.741086775462963 0.8663446111111112 0.7408290462962962 0.8535078032407407 0.7390249513888889 0.8515290023148148 0.7397987523148147 0.8399461342592593 0.7423785023148148 0.839801162037037 0.7434100324074074 0.8373874444444445 0.7472784212962963 0.8434180162037037 0.7575930949074073 0.8451068749999999 0.7588823518518518 0.8484845902777778 0.7614608657407408 0.8503184189814815 0.7617185949074075 0.8682218009259259 0.767390462962963 0.8700556319444445 0.7676481898148148 0.8810586087962963 0.7691945578703704 0.8830374120370371 0.7684207569444444 0.8906626736111112 0.7673886111111111
3 0.9476563680555555 0.7743466481481481 0.9459675115740741 0.7730573912037038 0.9465473981481481 0.7689312731481481 0.9448585416666667 0.7676420162037038 0.9331815092592592 0.7575856875 0.9313476782407407 0.7573279583333333 0.9261361342592592 0.7544917152777778 0.9243023032407407 0.754233988425926 0.9132993263888888 0.7526876203703703 0.9113205231481482 0.7534614212962963 0.9038402314814815 0.7534620393518519 0.9018614305555555 0.7542358402777778 0.8979038263888889 0.7557834421296297 0.8977588564814815 0.7568149722222223 0.8926414768518519 0.7666148078703704 0.8992519351851852 0.7728033657407407 0.9010857638888888 0.7730610949074075 0.9079861689814814 0.7771865949074075 0.9098199976851852 0.7774443217592593 0.9315360115740741 0.7826001157407408 0.9335148124999999 0.7818263148148148 0.9429739050925926 0.7810518958333333 0.9431188773148148 0.7800203680555555 0.9476563680555555 0.7743466481481481
3 0.8165189259259259 0.8558473356481481 0.814540125 0.8566211365740741 0.8105825208333334 0.858168738425926 0.8204257245370371 0.8679673402777778 0.8222595532407406 0.8682250694444446 0.8332625324074073 0.8697714375 0.8334075046296296 0.8687399074074074 0.8325884791666667 0.861261474537037 0.8308996203703705 0.8599722175925926 0.8256880740740741 0.857135974537037 0.8238542453703703 0.8568782476851852 0.8165189259259259 0.8558473356481481
3 0.7778127222222223 0.8651341851851853 0.7761238657407407 0.8638449282407408 0.7728911226851851 0.8602348842592592 0.7710572916666666 0.8599771574074074 0.7582204837962963 0.8581730601851852 0.7565316273148148 0.8568838032407408 0.7548427685185186 0.8555945462962963 0.7546977962962963 0.8566260763888889 0.748906363425926 0.8579159513888889 0.7487613912037037 0.8589474791666667 0.7442239004629629 0.8646211990740741 0.7488555578703704 0.8715835578703703 0.7506893865740741 0.8718412870370371 0.7561908773148148 0.8726144699074074 0.7581696782407407 0.8718406689814815 0.7677737430555555 0.8700347222222222 0.7696075717592592 0.8702924490740741 0.7732752314814815 0.8708079050925925 0.7734202037037037 0.869776375 0.7778127222222223 0.8651341851851853
3 0.15878240046296296 0.8654431550925926 0.15921731481481483 0.8623485694444445 0.15752845833333334 0.8610593101851852 0.1564194884259259 0.8556439374999999 0.1364431388888889 0.8381097916666667 0.1258750763888889 0.8334688356481481 0.09836762962962962 0.8296029166666666 0.09243122453703705 0.8319243217592592 0.09199630787037037 0.8350189097222221 0.09001750694444445 0.8357927106481482 0.08649481944444444 0.834245724537037 0.07549184027777779 0.8326993564814814 0.05145627546296296 0.8440480300925927 0.042961180555555555 0.8512693518518518 0.03851785648148148 0.869579150462963 0.04314951388888889 0.8765415115740741 0.050194888888888886 0.8796354814814814 0.05415249074074074 0.8780878773148147 0.06264758564814815 0.8708665555555556 0.06602530092592593 0.8734450694444443 0.06530044212962963 0.8786027175925926 0.07374473148148149 0.8850490023148148 0.12861465046296297 0.8938123703703703 0.1305934537037037 0.8930385694444445 0.1435752337962963 0.8938111365740741 0.1540491296296296 0.885816013888889 0.15477399074074075 0.8806583657407407 0.15308513194444445 0.8793691087962963 0.1540999351851852 0.8721484050925925 0.1524110787037037 0.8708591481481482 0.15284599537037039 0.8677645601851851 0.15878240046296296 0.8654431550925926
3 0.14969996990740742 0.9167618912037037 0.1423646527777778 0.9157309791666667 0.14221968055555556 0.9167625069444445 0.13628327546296296 0.919083912037037 0.12923790046296296 0.9159899398148148 0.13194156018518519 0.9100584930555555 0.13392036342592592 0.9092846921296297 0.13633408101851852 0.9054163032407407 0.12547607407407407 0.9028384050925925 0.12349727314814815 0.9036122083333333 0.11982961342592592 0.9030967523148148 0.1196846412037037 0.9041282800925926 0.11389320833333334 0.9054181550925926 0.10839171759259258 0.9046449722222222 0.10332514583333333 0.900777199074074 0.09598982638888888 0.8997462870370371 0.08821959027777779 0.901809962962963 0.08397204398148148 0.905420625 0.08493604166666666 0.9118675277777778 0.08295723842592594 0.9126413287037037 0.07195426157407407 0.9110949606481482 0.06403905324074075 0.9141901666666667 0.05342018518518518 0.9232168194444443 0.05313024074074074 0.9252798773148149 0.05115143981481482 0.9260536782407407 0.05086149537037037 0.928116738425926 0.04661394907407407 0.9317273981481482 0.045309201388888894 0.941011162037037 0.1681757939814815 0.9582789351851851 0.1729090625 0.9379060787037038 0.15756437268518517 0.9273342939814815 0.15814425925925926 0.923208175925926 0.14969996990740742 0.9167618912037037
3 0.17035781944444445 0.9028347013888889 0.1758593101851852 0.9036078865740741 0.1778381111111111 0.902834085648148 0.18700725925925926 0.904122724537037 0.19294366435185187 0.9018013194444444 0.20674447222222223 0.9100523194444444 0.21393481712962964 0.912114761574074 0.21591362037037035 0.9113409583333334 0.22141510879629628 0.9121141435185185 0.22339391203703704 0.9113403425925926 0.23637569212962964 0.9121129097222223 0.24018832175925925 0.9115968356481482 0.25206113425925925 0.9069540277777778 0.25630868055555556 0.9033433657407407 0.25688856944444444 0.8992172500000001 0.24858925231481482 0.8917394351851852 0.24887919444444442 0.889676375 0.24719033796296297 0.8883871180555555 0.2446824537037037 0.8796194282407407 0.23976085185185186 0.8747201273148149 0.22214741435185184 0.8669852013888888 0.20197528703703704 0.8641501944444444 0.19603888194444444 0.8664715995370371 0.19516905092592593 0.8726607731481482 0.18783373148148147 0.8716298611111112 0.1862898449074074 0.8693090763888889 0.1827671574074074 0.8677620902777777 0.17103931944444445 0.8713733680555555 0.17025647222222223 0.8769436273148149 0.17383714814814816 0.878078 0.1753810324074074 0.880398787037037 0.16947362268518518 0.8825138842592593 0.17422125694444443 0.8886510208333334 0.17224245601851854 0.8894248217592592 0.16869077314814815 0.8880841435185185 0.17195251157407407 0.8914878796296297 0.16790792592592593 0.893654400462963 0.16939382175925924 0.8963877986111112 0.16741502083333334 0.897161599537037 0.16712507638888888 0.8992246574074074 0.16866896296296296 0.9015454444444444 0.16348095833333331 0.9018682222222223 0.16596530092592593 0.9074768912037037 0.1639864976851852 0.9082506944444445 0.15954689583333334 0.9065748449074074 0.15254860416666668 0.9097989143518519 0.15561283333333334 0.9112814675925925 0.15167877314814812 0.915988087962963 0.1612320300925926 0.92784975 0.16827740509259262 0.9309437199074074 0.184781875 0.9332632708333334 0.1966546851851852 0.928620462962963 0.19766948842592594 0.9213997592592592 0.19429177314814813 0.9188212453703704 0.19443674537037037 0.9177897152777779 0.18570251157407405 0.913406488425926 0.1765333634259259 0.9121178472222223 0.17146678935185183 0.9082500763888889 0.17035781944444445 0.9028347013888889
3 0.28916519907407406 0.9489852939814816 0.2874763402777778 0.9476960370370371 0.2842435972222222 0.9440859930555555 0.2824097662037037 0.9438282662037037 0.26494130092592594 0.9350618101851852 0.26310747222222225 0.9348040833333334 0.25027066435185186 0.9329999861111111 0.24829186111111112 0.933773787037037 0.2190447523148148 0.9422862199074075 0.2172109212962963 0.9420284907407407 0.1912473611111111 0.9404833587962963 0.18926856018518518 0.9412571597222222 0.18091843749999997 0.9474469513888889 0.1807734652777778 0.9484784814814815 0.17551111342592593 0.9593098472222222 0.28187323842592593 0.9742580694444444 0.28201821064814814 0.9732265393518519 0.2891143912037037 0.9626529027777778 0.2892593634259259 0.9616213726851852 0.28916519907407406 0.9489852939814816
3 0.40001400925925923 0.9719274050925926 0.3983251527777778 0.9706381481481481 0.3948532708333334 0.9554235532407408 0.39316441203703706 0.9541342962962963 0.3888226990740741 0.9451088796296296 0.38713384027777775 0.9438196226851852 0.3785445810185185 0.9384048657407407 0.37671075000000004 0.9381471365740741 0.36387394212962965 0.9363430416666667 0.3618951412037037 0.9371168425925925 0.33163322685185187 0.9528499791666667 0.32979939583333334 0.95259225 0.30031314814814813 0.9495001319444444 0.29833434722222224 0.9502739328703704 0.2940867986111111 0.9538845949074074 0.2939418287037037 0.954916125 0.2910423888888889 0.9755467083333333 0.3900691944444445 0.9894640185185186 0.39021416666666664 0.9884324907407408 0.3965854884259259 0.9830164976851852 0.39673046064814815 0.9819849699074075 0.40001400925925923 0.9719274050925926
3 0.48029257175925927 1 0.4901108055555556 0.996160625 0.49025577777777773 0.9951290949074073 0.5005847013888889 0.9881655023148148 0.5007296736111111 0.9871339722222222 0.505412136574074 0.9804287222222222 0.5055571087962962 0.9793971944444444 0.5067168842592592 0.9711449606481481 0.5050280277777778 0.9698557037037037 0.504788888888889 0.9582511527777777 0.5031000324074074 0.9569618958333334 0.5003022037037037 0.950257263888889 0.4986133472222222 0.9489680069444445 0.48524745601851854 0.9376224212962962 0.4834136273148148 0.9373646921296297 0.4658001898148148 0.9296297662037036 0.46396635879629633 0.9293720393518519 0.45479721064814815 0.9280833981481481 0.45281840740740736 0.9288572013888888 0.43558908101851856 0.9316952939814814 0.4354441087962963 0.9327268240740741 0.42936273148148146 0.9360797569444445 0.4292177592592592 0.9371112870370369 0.4291669537037037 0.9507788935185185 0.4271881527777777 0.9515526967592592 0.4241945462962963 0.9595472013888888 0.4222157453703704 0.9603210023148149 0.41965705555555555 0.9652209212962963 0.4176782523148148 0.9659947222222223 0.4096180740740741 0.9701214560185185 0.4094731018518519 0.9711529861111111 0.40705938425925925 0.975021375 0.4166126435185185 0.9868830347222222 0.4183015 0.9881722916666666 0.42674578935185187 0.9946185787037037 0.4285796203703704 0.9948763055555555 0.4650365995370371 1 0.48029257175925927 1
3 0.4235712986111111 0.9373696319444446 0.4255500995370371 0.9365958310185185 0.44350428703703704 0.9286000902777778 0.44533811805555557 0.9288578171296296 0.4550871550925926 0.9260203402777778 0.4552321273148148 0.9249888125 0.45132532870370373 0.9128688055555556 0.4496364699074074 0.9115795486111111 0.4328928657407407 0.8976554467592592 0.43105903472222223 0.8973977199074074 0.40002890046296297 0.8919848148148148 0.398050099537037 0.8927586157407407 0.38675717824074074 0.8932753078703703 0.3866122060185185 0.8943068356481482 0.3858873449074074 0.8994644814814814 0.396165462962963 0.9061684953703704 0.39602049305555553 0.907200025462963 0.39934740046296296 0.9234461481481482 0.40103625925925923 0.9247354050925927 0.40933557638888884 0.9322132199074075 0.4111694050925926 0.932470949074074 0.4180698101851852 0.9365964467592592 0.4199036388888889 0.9368541759259259 0.4235712986111111 0.9373696319444446
3 0.41803389583333334 0.8703214652777779 0.4162000648148148 0.8700637384259259 0.4015294282407407 0.8680019143518519 0.39955062500000005 0.8687757152777777 0.39559302314814815 0.8703233171296296 0.39544805092592594 0.8713548472222222 0.3920195277777778 0.8824439421296296 0.4039865046296296 0.890437212962963 0.4058203356481481 0.8906949398148148 0.4186571435185185 0.8924990370370369 0.42063594444444447 0.8917252337962963 0.4245935486111111 0.8901776319444444 0.42473852083333336 0.8891461018518518 0.4272972106481482 0.8842461851851852 0.42560835185185186 0.8829569282407407 0.41803389583333334 0.8703214652777779
3 0.39221530555555556 0.8677448032407407 0.3905264490740741 0.8664555462962963 0.38193718750000005 0.8610407893518519 0.3801033587962963 0.8607830624999999 0.36345391898148144 0.8594950393518518 0.36147511574074076 0.8602688402777778 0.35751751388888886 0.8618164421296297 0.35737254166666665 0.8628479722222222 0.35592282175925927 0.8731632638888889 0.36957865509259263 0.8824457939814815 0.37141248611111116 0.8827035208333334 0.3805816342592593 0.883992162037037 0.3825604351851852 0.8832183587962964 0.3882068981481481 0.8829600138888888 0.3883518680555556 0.8819284861111112 0.39332427546296295 0.8731601782407408 0.39346924768518515 0.8721286481481481 0.39221530555555556 0.8677448032407407
3 0.34019401851851855 0.8520184583333333 0.3383601898148148 0.8517607314814816 0.32735721064814816 0.8502143634259259 0.3253784097222222 0.8509881643518519 0.3156293726851852 0.8538256412037037 0.315484400462963 0.8548571712962962 0.31022204861111113 0.865688537037037 0.3217541087962963 0.8767763958333333 0.32358793981481476 0.8770341226851852 0.33275708796296294 0.8783227638888889 0.33473589120370373 0.877548962962963 0.35211018981481484 0.873679337962963 0.35225516203703705 0.8726478078703704 0.3556836828703704 0.8615587152777777 0.3539948263888889 0.8602694583333333 0.34019401851851855 0.8520184583333333
3 0.3139405138888889 0.8525363842592593 0.3122516574074074 0.8512471273148149 0.3004296527777778 0.8422223263888888 0.29859582175925925 0.841964599537037 0.2857590138888889 0.8401605023148149 0.28378021296296296 0.8409343032407407 0.27205237499999996 0.8445455833333333 0.2719074027777778 0.8455771111111111 0.2678048263888889 0.8481562430555556 0.26765985416666666 0.8491877731481481 0.26693499537037035 0.8543454189814815 0.27832208333333336 0.8664648078703704 0.28015591435185183 0.8667225347222222 0.2910139189814815 0.8693004328703703 0.2929927222222222 0.8685266319444445 0.3004730115740741 0.8685260138888888 0.30061798379629634 0.8674944837962962 0.3065543888888889 0.8651730810185185 0.3066993611111111 0.8641415509259259 0.3139405138888889 0.8525363842592593
3 0.28613567824074077 0.8907048194444445 0.28628065046296297 0.8896732893518519 0.2891292847222222 0.8827103125 0.2874404259259259 0.8814210555555555 0.28280876851851855 0.8744586967592594 0.28111991203703707 0.8731694375000001 0.27576339351851853 0.871364724537037 0.2737845925925926 0.8721385277777778 0.25515634953703703 0.8716243055555556 0.25317754861111114 0.8723981064814815 0.2470961712962963 0.8757510393518518 0.24695119907407406 0.8767825694444444 0.24453748148148147 0.8806509583333333 0.25013313657407404 0.8940602199074074 0.25182199537037037 0.8953494791666666 0.266347662037037 0.8984428310185185 0.268326462962963 0.8976690300925926 0.2759517268518519 0.8966368842592592 0.2760966990740741 0.8956053541666668 0.2824680185185185 0.8901893634259259 0.284301849537037 0.8904470902777777 0.28613567824074077 0.8907048194444445
3 0.3583290925925926 0.9092661712962963 0.3584740648148148 0.9082346412037038 0.35200857870370367 0.9010145532407408 0.3539873796296296 0.9002407523148148 0.3613226990740741 0.9012716643518518 0.3633015 0.900497863425926 0.36952784953703705 0.896113400462963 0.36967282175925925 0.8950818726851851 0.37039768055555555 0.8899242268518519 0.36870882407407407 0.8886349675925926 0.36576602314814816 0.8829618657407408 0.3639321944444444 0.8827041388888889 0.35886562037037034 0.8788363680555555 0.35703179166666665 0.8785786388888889 0.34419498379629626 0.8767745439814815 0.3422161805555555 0.8775483449074074 0.3324671435185185 0.8803858217592593 0.3323221736111111 0.8814173518518518 0.3282195972222222 0.8839964837962963 0.3263857662037037 0.8837387546296297 0.31509284490740747 0.8842554444444445 0.31494787268518515 0.8852869745370371 0.3087215231481481 0.8896714375 0.30857655092592595 0.8907029652777778 0.3050030578703704 0.9028235879629629 0.30948974305555554 0.9108174768518518 0.31117860185185187 0.9121067337962963 0.3197678611111111 0.9175214907407407 0.32160169212962963 0.9177792199074074 0.3326046712962963 0.919325587962963 0.33458347222222223 0.918551787037037 0.3402299328703704 0.9182934398148148 0.3422087361111111 0.917519638888889 0.3583290925925926 0.9092661712962963
3 0.16102267824074074 0.7563600185185185 0.16116764814814816 0.7553284907407408 0.16049359490740742 0.7468185277777778 0.1588047384259259 0.7455292708333333 0.1519043333333333 0.7414037708333333 0.15007050462962962 0.7411460439814815 0.13723369675925925 0.739341949074074 0.13525489351851852 0.7401157500000001 0.1170107638888889 0.7501745486111111 0.11686579166666666 0.7512060787037037 0.11585098611111111 0.7584267824074075 0.12246144675925927 0.7646153402777778 0.12429527546296297 0.7648730694444444 0.12950682175925926 0.7677093101851852 0.13134065046296298 0.7679670393518518 0.14432243055555555 0.7687396041666666 0.1463012337962963 0.7679658032407408 0.15436141203703702 0.7638390694444445 0.15450638425925925 0.7628075393518517 0.16102267824074074 0.7563600185185185
3 0.12430272222222223 0.7249017731481481 0.12246889120370372 0.7246440462962963 0.11725734722222222 0.7218078032407407 0.1154235162037037 0.7215500740740741 0.10625436805555556 0.7202614351851852 0.10427556712962963 0.7210352361111111 0.09862910648148147 0.7212935810185186 0.09665030324074074 0.7220673842592592 0.09254772916666666 0.7246465138888889 0.09240275694444444 0.7256780439814814 0.09124298148148148 0.7339302777777778 0.10277504166666666 0.745018136574074 0.10460887037037037 0.7452758657407408 0.11546687731481481 0.7478537615740741 0.11744567824074074 0.7470799606481481 0.13144226388888888 0.7406318217592592 0.13158723611111112 0.7396002939814814 0.1341459236111111 0.734700375 0.13245706712962962 0.7334111180555555 0.12430272222222223 0.7249017731481481
3 0.10760992129629629 0.6973100648148148 0.1057760925925926 0.6970523356481481 0.08956156944444445 0.6926697268518518 0.0875827662037037 0.6934435277777778 0.07445601388888888 0.6937024907407408 0.07431104166666667 0.6947340185185185 0.07233224074074074 0.6955078194444445 0.07749297916666667 0.7120116712962963 0.07918183796296295 0.7133009282407408 0.08733618287037037 0.7218102731481482 0.08917001157407407 0.722068 0.1141695763888889 0.7171662291666666 0.1143145462962963 0.7161347013888888 0.11590923842592593 0.7047878796296296 0.11422038194444444 0.7034986226851851 0.10760992129629629 0.6973100648148148
3 0.08676374074074074 0.6859650949074074 0.08690871296296297 0.6849335648148148 0.08777854398148148 0.6787443888888889 0.0860896875 0.6774551319444444 0.07610151157407408 0.6686880601851852 0.07426768287037036 0.6684303333333333 0.0579081875 0.6650792523148148 0.05592938425925926 0.6658530532407408 0.042077773148148145 0.6712696620370371 0.041932800925925925 0.6723011898148149 0.03893919444444444 0.6802956967592593 0.0420269675925926 0.6849372685185185 0.043860796296296294 0.6851949976851851 0.053609833333333336 0.6823575208333333 0.05529869212962963 0.6836467777777777 0.06036526388888889 0.687514548611111 0.06219909490740741 0.6877722777777777 0.07489093055555555 0.6906079027777778 0.07686973148148148 0.6898341018518518 0.08676374074074074 0.6859650949074074
3 0.13661044907407408 0.7171643773148149 0.13477661805555555 0.7169066504629629 0.12758627083333332 0.7148442083333334 0.12560746990740743 0.7156180092592592 0.11981603703703704 0.7169078842592592 0.1196710648148148 0.7179394143518519 0.11938112037037037 0.7200024722222222 0.1295142662037037 0.7277380162037036 0.1293692962962963 0.7287695439814814 0.13245706712962962 0.7334111180555555 0.13429089583333334 0.7336688449074074 0.14162621527777777 0.7346997569444444 0.1417711875 0.7336682291666667 0.14490976620370372 0.7246421944444444 0.1432209074074074 0.7233529351851852 0.13661044907407408 0.7171643773148149
3 0.13593639351851852 0.7086544166666667 0.13608136574074073 0.707622886574074 0.13680622685185184 0.7024652407407408 0.13511736805555555 0.7011759837962963 0.13555228472222222 0.6980813958333334 0.13386342592592593 0.6967921388888889 0.1290867962962963 0.6908613078703704 0.12725296759259258 0.6906035810185186 0.11074850000000001 0.6882840277777779 0.10876969907407406 0.6890578310185185 0.10481209490740741 0.6906054328703704 0.10466712268518519 0.691636962962963 0.10423220601851851 0.6947315486111111 0.11605421064814815 0.703756349537037 0.11590923842592593 0.7047878796296296 0.11841712268518519 0.7135555694444444 0.12025095138888889 0.7138132962962963 0.12575244212962963 0.7145864814814815 0.12773124305555555 0.7138126805555556 0.1316888472222222 0.7122650763888889 0.13183381944444444 0.7112335486111111 0.13593639351851852 0.7086544166666667
3 0.10066615972222222 0.6668808773148148 0.09868735648148148 0.6676546782407408 0.09275095138888888 0.6699760833333334 0.09260597916666667 0.6710076111111112 0.09188112037037037 0.6761652592592592 0.09863655092592592 0.681322287037037 0.10047038194444445 0.6815800138888889 0.10597187037037037 0.6823531990740741 0.10795067129629629 0.6815793981481482 0.12715880092592594 0.6779675023148148 0.12913760416666667 0.6771937013888889 0.13155132175925927 0.6733253124999999 0.12986246296296297 0.6720360532407407 0.10066615972222222 0.6668808773148148
3 0.5601668703703704 0.8303384398148148 0.5584780115740741 0.8290491828703703 0.5481998935185185 0.8223451689814815 0.5463660648148148 0.8220874421296296 0.5318403981481482 0.818994087962963 0.5298615972222221 0.8197678912037036 0.5181337569444445 0.8233791689814814 0.5179887847222222 0.8244106967592593 0.5149951805555555 0.8324052037037036 0.5271071296296297 0.8393669444444444 0.5289409583333333 0.839624673611111 0.5361313055555555 0.8416871157407407 0.5381101064814815 0.8409133124999999 0.548149087962963 0.8360127777777777 0.5499829166666667 0.8362705046296297 0.5595869814814814 0.8344645578703704 0.5597319537037037 0.8334330277777778 0.5601668703703704 0.8303384398148148
3 0.5594420092592592 0.8354960879629629 0.5574632083333333 0.8362698888888889 0.5499829166666667 0.8362705046296297 0.5480041157407407 0.8370443078703703 0.5420677106481482 0.8393657106481482 0.541922738425926 0.8403972407407407 0.5378201620370371 0.8429763726851852 0.5376751921296296 0.844007900462963 0.5363704444444445 0.8532916643518519 0.5429809027777778 0.8594802222222222 0.5448147314814814 0.8597379513888889 0.5504611944444444 0.8594796041666667 0.5524399953703704 0.8587058032407408 0.5714089861111111 0.8434893587962963 0.5715539583333333 0.8424578287037037 0.5718439027777777 0.8403947708333334 0.5700100717592592 0.8401370416666667 0.5594420092592592 0.8354960879629629
3 0.5925017523148148 0.8264675833333334 0.5906679212962963 0.8262098541666667 0.5758523125 0.8251795601851852 0.5738735092592593 0.8259533611111111 0.5638345300925925 0.8308538958333332 0.5636895578703703 0.831885425925926 0.5632546412037037 0.8349800138888889 0.5755115625 0.8409102268518518 0.577490363425926 0.840136425925926 0.5831368240740741 0.8398780810185186 0.5851156273148148 0.8391042777777777 0.6009460416666668 0.8329138680555555 0.6010910138888889 0.8318823402777779 0.6012359837962963 0.8308508101851851 0.5995471273148149 0.8295615532407408 0.5925017523148148 0.8264675833333334
3 0.5948138564814814 0.8499344097222222 0.594668886574074 0.8509659398148147 0.5905663101851852 0.8535450694444444 0.5904213379629629 0.8545765995370371 0.5894065347222223 0.8617973055555557 0.5960169930555556 0.867985863425926 0.597850824074074 0.8682435902777778 0.6033523125 0.869016775462963 0.6034972847222222 0.8679852453703704 0.6114632962962964 0.8512224328703704 0.6116082685185185 0.8501909027777778 0.6102093564814814 0.846838587962963 0.6083755254629629 0.8465808587962963 0.5948138564814814 0.8499344097222222
3 0.6987114606481482 0.8824186296296297 0.6968776296296296 0.8821609004629629 0.6846207106481481 0.8762306875 0.6827868796296296 0.8759729606481481 0.6785393333333333 0.8795836203703703 0.6783943611111112 0.880615150462963 0.6716822893518518 0.9017618078703704 0.6750600046296297 0.9043403217592593 0.6768938356481482 0.9045980509259259 0.6823953240740741 0.9053712337962962 0.684374125 0.9045974328703704 0.6936882476851851 0.9048545439814815 0.6956670486111111 0.9040807430555555 0.7043071157407407 0.8958278912037038 0.704452087962963 0.8947963611111112 0.6987114606481482 0.8824186296296297
3 0.3598445115740741 0.8053406805555555 0.3581556527777778 0.804051423611111 0.3529441087962963 0.8012151805555555 0.3511102777777778 0.8009574537037037 0.34194112962962964 0.7996688125 0.33996232638888885 0.8004426134259259 0.3375486087962963 0.8043110023148148 0.338802550925926 0.8086948472222223 0.3404914097222222 0.8099841064814816 0.34401409722222226 0.8115310902777778 0.34584792592592595 0.8117888194444445 0.3531832453703704 0.8128197314814815 0.3551620462962963 0.8120459282407407 0.3610984537037037 0.8097245254629629 0.3594095949074074 0.8084352685185185 0.3598445115740741 0.8053406805555555
3 0.452253412037037 0.8530407268518518 0.4502746111111111 0.8538145277777778 0.4463170069444444 0.8553621319444444 0.44896986342592593 0.8630982916666666 0.4508036921296296 0.8633560208333334 0.46151672685185186 0.8669654467592592 0.46349553009259253 0.8661916458333333 0.46547433101851854 0.8654178425925926 0.46561930324074075 0.8643863148148149 0.4686129074074074 0.8563918078703703 0.4667790787037037 0.8561340810185185 0.452253412037037 0.8530407268518518
3 0.47396942592592595 0.8581965208333334 0.471990625 0.8589703217592592 0.4689970185185185 0.8669648287037036 0.47589742129629625 0.8710903287037036 0.4777312523148148 0.8713480555555556 0.483377712962963 0.8710897106481481 0.4853565138888889 0.8703159097222222 0.4882051481481482 0.8633529328703703 0.48651628935185187 0.862063675925926 0.4831385740740741 0.8594851620370371 0.4813047453703704 0.8592274328703704 0.47396942592592595 0.8581965208333334
3 0.5144301851851851 0.7565887314814815 0.5125963541666666 0.7563310023148148 0.49792571527777774 0.7542691782407408 0.49594691435185184 0.7550429791666666 0.4932432523148148 0.7609744282407407 0.4980198819444444 0.7669052569444444 0.49985371296296294 0.767162986111111 0.5070440601851852 0.7692254259259259 0.5090228611111111 0.768451625 0.5170830393518518 0.7643248912037037 0.517228011574074 0.7632933611111111 0.5176629282407407 0.760198775462963 0.5159740694444445 0.7589095162037037 0.5144301851851851 0.7565887314814815
3 0.7872249583333334 0.07963300462962962 0.7853911273148149 0.07937527777777778 0.7705755185185185 0.0783449837962963 0.7685967152777777 0.07911878472222222 0.762515337962963 0.0824717175925926 0.7623703680555556 0.08350324537037038 0.7616455069444444 0.08866089351851852 0.7665671087962963 0.09356019444444445 0.7684009375 0.09381792129629629 0.7736124837962963 0.09665416435185185 0.7754463125000001 0.0969118912037037 0.7901169513888889 0.09897371527777778 0.7920957523148148 0.09819991435185184 0.7976480486111112 0.08530549074074074 0.7959591898148148 0.08401623379629629 0.7872249583333334 0.07963300462962962
3 0.8220677222222222 0.08452983564814814 0.8202338935185186 0.0842721087962963 0.8110647453703704 0.0829834699074074 0.8090859421296296 0.08375727083333333 0.8034394814814815 0.08401561574074075 0.8014606805555556 0.08478941666666666 0.7973581041666667 0.08736854861111111 0.7972131319444444 0.0884000787037037 0.7942195277777778 0.09639458333333334 0.8011199305555556 0.10052008333333333 0.8029537592592592 0.10077781018518518 0.8102890787037036 0.10180872222222223 0.8122678796296297 0.1010349212962963 0.8217269722222221 0.10026050231481481 0.823705775462963 0.09948670138888888 0.8305120115740741 0.09097612268518518 0.8288231550925926 0.08968686574074074 0.8220677222222222 0.08452983564814814
3 0.8387679699074074 0.07215025 0.8369341388888889 0.07189252314814815 0.8256412175925926 0.07240921296296296 0.8254962453703704 0.07344074305555555 0.8213936689814815 0.076019875 0.8212486967592592 0.07705140509259259 0.8202338935185186 0.0842721087962963 0.8286781828703703 0.09071839583333334 0.8305120115740741 0.09097612268518518 0.8379923032407407 0.09097550462962962 0.8399711041666668 0.09020170370370371 0.8460524814814815 0.08684877083333334 0.8461974537037037 0.08581724074074074 0.8491910601851851 0.07782273611111111 0.8475022013888889 0.07653347916666667 0.8387679699074074 0.07215025
3 0.8428556527777779 0.14951370833333333 0.843000625 0.14848218055555554 0.8522713842592593 0.12243560416666667 0.8505825277777779 0.12114634722222223 0.8403044097222222 0.11444233333333333 0.8404493796296296 0.11341080324074075 0.8389054953703704 0.1110900162037037 0.8370716643518519 0.11083228935185184 0.8328241180555556 0.11444294907407408 0.830990287037037 0.11418522222222222 0.8236549699074074 0.1131543101851852 0.8235099976851852 0.11418584027777777 0.8174286203703703 0.11753877314814815 0.8155947893518518 0.11728104398148148 0.8061356967592593 0.11805546296296297 0.805990724537037 0.11908699305555555 0.8031420925925926 0.1260499699074074 0.8090276898148148 0.13739617361111112 0.8107165486111112 0.13868543055555557 0.8188708935185185 0.14719477546296297 0.8207047222222222 0.1474525023148148 0.8259162685185184 0.15028874537037037 0.8277500972222221 0.1505464722222222 0.8350854166666666 0.15157738425925926 0.8370642199074074 0.15080358333333332 0.8428556527777779 0.14951370833333333
3 0.592372988425926 0.48142506481481484 0.5905391574074075 0.481167337962963 0.583203837962963 0.4801364259259259 0.581225037037037 0.48091022685185186 0.5752886319444445 0.4832316296296297 0.5751436597222223 0.4842631597222222 0.5745637731481481 0.4883892777777778 0.5796303449074074 0.49225704861111114 0.5814641759259259 0.49251477546296296 0.5869656643518518 0.49328796064814817 0.5889444652777778 0.49251415972222223 0.5929020694444445 0.4909665555555556 0.5930470416666667 0.48993502777777775 0.5971496180555556 0.48735589583333333 0.5954607592592593 0.48606663888888885 0.592372988425926 0.48142506481481484
3 0.5514488449074074 0.47988116666666664 0.5494700439814815 0.4806549675925926 0.5463314652777778 0.4896810023148148 0.5645247916666667 0.49328981250000004 0.5665035925925926 0.4925160115740741 0.5707511412037037 0.488905349537037 0.5708961134259259 0.48787382175925925 0.5716209722222222 0.48271617361111113 0.5699321157407408 0.48142691666666665 0.5610529097222222 0.47807521990740737 0.5590741087962963 0.4788490208333333 0.5514488449074074 0.47988116666666664
3 0.5408807824074073 0.4752402106481482 0.5389019814814815 0.4760140115740741 0.5352343217592592 0.4754985578703704 0.5332555185185185 0.4762723587962963 0.5196938518518519 0.47962590740740746 0.5195488796296297 0.4806574375 0.5192589351851852 0.4827204953703704 0.5278481967592592 0.4881352523148148 0.529682025462963 0.4883929814814815 0.5370173449074074 0.4894238935185185 0.5389961458333333 0.48865009259259257 0.5447875810185185 0.48736021759259257 0.544932550925926 0.4863286875 0.5477811851851851 0.47936571064814815 0.5460923287037037 0.4780764537037037 0.5408807824074073 0.4752402106481482
3 0.5574211643518518 0.5438347453703704 0.558965050925926 0.5461555324074074 0.5607988796296296 0.5464132592592593 0.5719468310185185 0.5469280972222222 0.5739256319444445 0.5461542962962963 0.574795462962963 0.5399651203703704 0.5731066064814815 0.538675863425926 0.5619586550925926 0.538161025462963 0.5599798541666666 0.5389348263888889 0.5574211643518518 0.5438347453703704
3 0.5200705162037037 0.530170224537037 0.518091712962963 0.5309440254629629 0.5156779953703704 0.5348124143518519 0.5242672569444444 0.5402271712962963 0.5261010856481482 0.5404848981481482 0.5299137175925926 0.5399688263888889 0.5318925208333334 0.5391950231481482 0.5330522962962964 0.5309427893518519 0.5312184652777778 0.5306850625 0.525861949074074 0.5288803495370371 0.5238831458333334 0.5296541504629629 0.5200705162037037 0.530170224537037
3 0.591190875 0.6095911828703704 0.5892120717592593 0.6103649861111111 0.5853994398148148 0.6108810578703704 0.5852544699074074 0.611912587962963 0.5848195532407408 0.615007175925926 0.5938437291666666 0.6173273449074074 0.5958225324074073 0.6165535439814815 0.6051366527777778 0.6168106527777778 0.6052816249999999 0.6157791250000001 0.6054265972222223 0.6147475949074074 0.6035927662037037 0.6144898680555556 0.5985261921296297 0.6106220949074074 0.5966923634259259 0.6103643680555556 0.591190875 0.6095911828703704
3 0.5729975486111111 0.605982375 0.5710187476851852 0.606756175925926 0.5649373703703704 0.6101091087962963 0.5719827453703703 0.6132030787037037 0.573816574074074 0.6134608078703704 0.5829857222222222 0.6147494467592592 0.5831306944444444 0.6137179189814815 0.5851094976851852 0.6129441180555555 0.5834206388888888 0.6116548587962962 0.5818767523148148 0.6093340740740741 0.5800429236111111 0.6090763449074074 0.5729975486111111 0.605982375
3 0.5773900671296297 0.6013401851851852 0.5772450949074074 0.602371712962963 0.574976349537037 0.6052085740740741 0.5893570439814815 0.6093334560185185 0.5913358449074074 0.6085596550925926 0.5936045925925926 0.6057227939814815 0.5919157337962963 0.6044335370370371 0.5886829907407407 0.6008234930555555 0.5868491597222222 0.6005657662037037 0.5850153310185185 0.6003080370370371 0.5830365300925926 0.6010818402777778 0.5773900671296297 0.6013401851851852
3 0.5387990532407407 0.7694806851851852 0.5407778541666667 0.7687068842592593 0.5409228263888889 0.7676753541666668 0.5429016273148148 0.7669015532407407 0.5361461967592592 0.761744525462963 0.5288108773148148 0.7607136134259259 0.5268320763888888 0.7614874143518519 0.5213305879629629 0.7607142291666668 0.5193517847222222 0.7614880324074074 0.5181920092592592 0.7697402662037037 0.5198808680555556 0.7710295231481481 0.5217146967592593 0.7712872500000001 0.5234035555555555 0.7725765069444445 0.5307388749999999 0.7736074189814814 0.5327176759259259 0.7728336180555556 0.5345515046296296 0.7730913472222222 0.5365303078703704 0.7723175439814816 0.5366752800925926 0.7712860162037037 0.5386540810185185 0.7705122152777777 0.5387990532407407 0.7694806851851852
1 0.20963353472222224 0.3492677152777778 0.21446083796296295 0.3681440833333333 0.21396048842592594 0.4116225787037037 0.21720115740740742 0.4244904884259259 0.23681805555555557 0.4286149375 0.2386818888888889 0.3714429398148148 0.25653174768518516 0.3535446412037037 0.26244424074074074 0.3500627824074074 0.30137000231481487 0.35385039583333333 0.32906157638888894 0.35374495833333336 0.33416730555555557 0.3546729027777778 0.33331210185185184 0.3341457800925926 0.3299307962962963 0.3249397662037037 0.2895908773148148 0.3219001203703704 0.11642952083333334 0.29524969212962965 0.11628441666666667 0.3228943657407407 0.1870890787037037 0.3353698819444444 0.2029360925925926 0.34369807407407404 0.20963353472222224 0.3492677152777778
1 0.3046804907407407 0.17328302314814814 0.3074434976851852 0.18555785185185183 0.3976658194444444 0.1836163101851852 0.38984490972222224 0.17273444907407406 0.37298742824074077 0.17425732870370372 0.3572889791666667 0.17152510185185185 0.3482220555555556 0.16551726388888888 0.33034779861111113 0.13302594444444443 0.3229878217592593 0.13483170601851852 0.3390275046296296 0.17106242824074072 0.3046804907407407 0.17328302314814814
0 0.4120600023148148 0.24486146064814815 0.42521575 0.24439619212962962 0.4100406875 0.2299562037037037 0.3925010949074074 0.24032439814814813 0.37988025462962965 0.24496726851851852 0.35807712731481484 0.26704353703703704 0.35154918287037035 0.284218837962963 0.35563056018518524 0.317717025462963 0.3525260578703704 0.32516999305555555 0.32912477777777777 0.3253524398148148 0.2778057939814815 0.32192688194444447 0.29220085416666663 0.35256175694444447 0.35564702777777774 0.35884877546296295 0.4283239305555555 0.37263931944444445 0.44340916203703706 0.377073599537037 0.4634466111111111 0.35159346990740736 0.46268916435185187 0.3503299236111111 0.4588620347222222 0.35094915046296293 0.39039067824074075 0.32586314351851847 0.3750561481481482 0.3125578356481481 0.37087823842592593 0.3050281041666667 0.3698874814814815 0.28679611805555555 0.3776599490740741 0.2727410532407407 0.3968565601851852 0.2532437939814815 0.4120600023148148 0.24486146064814815
0 0.7973745717592593 0.12850029861111112 0.8016561944444445 0.12331657175925927 0.7731420023148148 0.10931607638888889 0.7649774976851852 0.10354025462962964 0.7564426342592592 0.09108538657407407 0.7571580763888889 0.08466413425925925 0.773631449074074 0.0725682337962963 0.7571183078703704 0.06498794444444445 0.7309930439814815 0.07656888194444444 0.6990575138888888 0.08691247916666667 0.7171580324074074 0.0965040949074074 0.740860162037037 0.08752793981481481 0.7455505532407407 0.09008055787037036 0.7538585416666668 0.1028191087962963 0.7973745717592593 0.12850029861111112
1 0.11273102546296297 0.6675245810185184 0.11053191898148149 0.6592210486111112 0.08828458796296296 0.656515150462963 0.07006748148148148 0.6251327407407408 0.06333013888888889 0.6265000578703704 0.07822243981481482 0.6562581018518517 0.06142294675925926 0.6573683703703703 0.06395040740740741 0.6646661458333334 0.11273102546296297 0.6675245810185184