2 0 0.4930833333333333 0.15498148148148147 0.5200625 0.2546111111111111 0.5394375 0.33579629629629626 0.55396875 0.33579629629629626 0.55465625 0.4046666666666667 0.5518958333333334 0.5178333333333334 0.569875 0.6162407407407408 0.5878645833333334 0.952037037037037 0.6757395833333334 0.9963148148148149 0.6881875000000001 0.997537037037037 0.6418333333333334 0.826574074074074 0.5982500000000001 0.7170925925925926 0.5691875000000001 0.6137777777777778 0.540125 0.6137777777777778 0.5394375 0.5289074074074074 0.5221354166666666 0.5042962962962962 0.5235208333333333 0.40590740740740744 0.51453125 0.26322222222222225 0.49792708333333335 0 0.45710416666666664 0 0.4930833333333333
2 0.272037037037037 0.88759375 0.34294444444444444 0.8399375 0.3172222222222222 0.8339375000000001 0.27768518518518515 0.86146875 0.24881481481481482 0.8773541666666667 0.272037037037037 0.88759375
2 0.486037037037037 0.6969791666666667 0.4715925925925926 0.7033333333333333 0.4527777777777778 0.71003125 0.4452407407407407 0.7185104166666667 0.4452407407407407 0.7283958333333332 0.42892592592592593 0.7393333333333333 0.37494444444444447 0.7905208333333333 0.3448333333333333 0.8159375 0.3711851851851852 0.8205208333333333 0.39251851851851854 0.8046354166666667 0.42516666666666664 0.7696979166666666 0.46155555555555555 0.7354479166666666 0.4841481481481481 0.7199166666666668 0.49168518518518517 0.7125104166666667 0.5487777777777778 0.67296875 0.6134259259259259 0.62990625 0.5826666666666667 0.6344895833333333 0.5349814814814815 0.6641458333333333 0.486037037037037 0.6969791666666667
2 0.583925925925926 0.6712083333333333 0.623462962962963 0.6627291666666666 0.6780555555555556 0.6436666666666667 0.7244999999999999 0.6246041666666667 0.7119444444444445 0.6186041666666667 0.670537037037037 0.63484375 0.6058888888888889 0.6531979166666667 0.5695 0.6616770833333333 0.5381111111111111 0.6832083333333334 0.583925925925926 0.6712083333333333
2 0.845462962962963 0.5493958333333333 0.8848333333333334 0.525625 0.9245370370370369 0.49590625000000005 0.9088518518518519 0.49266666666666664 0.8857962962962963 0.513375 0.8374444444444444 0.5396770833333333 0.8147222222222221 0.5529999999999999 0.796148148148148 0.56759375 0.8131111111111111 0.5711875 0.845462962962963 0.5493958333333333
2 0.6360925925925925 0.04695833333333334 0.6387037037037038 0.02325 0.6419814814814815 0.013145833333333334 0.6514444444444444 0.0010104166666666666 0.6436111111111111 0.0011979166666666666 0.630537037037037 0.013322916666666665 0.6259629629629629 0.047322916666666666 0.6138888888888888 0.07194791666666667 0.6096296296296296 0.08757291666666667 0.5982037037037037 0.10098958333333333 0.5661851851851852 0.12285416666666667 0.5465740740740741 0.1315 0.5521296296296296 0.1371875 0.5642222222222222 0.1313125 0.5714074074074075 0.13039583333333335 0.609962962962963 0.10025 0.6227037037037036 0.08720833333333333 0.6249814814814815 0.07158333333333333 0.6295555555555556 0.05595833333333333 0.6370740740740741 0.05504166666666666 0.6360925925925925 0.04695833333333334
2 0.3274814814814815 0.7472291666666666 0.32314814814814813 0.7416874999999999 0.31290740740740736 0.74146875 0.24833333333333332 0.7664895833333333 0.26290740740740737 0.7762395833333334 0.3255185185185185 0.7527604166666667 0.3274814814814815 0.7472291666666666
2 0.045000000000000005 0.3066979166666667 0.052111111111111115 0.31363541666666667 0.07251851851851852 0.3085625 0.09007407407407407 0.3029583333333333 0.11379629629629628 0.29841666666666666 0.1285 0.29067708333333336 0.15887037037037038 0.2837395833333333 0.15364814814814817 0.2770625 0.13135185185185186 0.2826666666666667 0.10905555555555556 0.29067708333333336 0.08627777777777777 0.2954791666666667 0.045000000000000005 0.3066979166666667
3 0.06666666666666667 0.078125 0.06666666666666667 0.07708333333333332 0.06481481481481481 0.07187500000000001 0.06296296296296296 0.07083333333333333 0.05740740740740741 0.065625 0.05555555555555555 0.065625 0.03888888888888889 0.065625 0.037037037037037035 0.06666666666666667 0.027777777777777776 0.06874999999999999 0.027777777777777776 0.06979166666666667 0.025925925925925925 0.07604166666666667 0.03518518518518518 0.08333333333333333 0.037037037037037035 0.08333333333333333 0.04259259259259259 0.08541666666666667 0.044444444444444446 0.08541666666666667 0.05740740740740741 0.084375 0.05925925925925926 0.08333333333333333 0.06481481481481481 0.08125 0.06481481481481481 0.08020833333333333 0.06666666666666667 0.078125
3 0.09259259259259259 0.06458333333333333 0.09074074074074075 0.06458333333333333 0.07777777777777778 0.059375 0.07592592592592592 0.06041666666666667 0.06666666666666667 0.06354166666666666 0.06666666666666667 0.06458333333333333 0.06481481481481481 0.07083333333333333 0.07037037037037036 0.07708333333333332 0.07222222222222222 0.07708333333333332 0.08333333333333333 0.07916666666666668 0.08518518518518518 0.078125 0.09259259259259259 0.07291666666666667 0.09259259259259259 0.07187500000000001 0.09444444444444444 0.06770833333333333 0.09259259259259259 0.06666666666666667 0.09259259259259259 0.06458333333333333
3 0.6759259259259259 0.4239583333333333 0.6777777777777778 0.42291666666666666 0.6870370370370371 0.42291666666666666 0.688888888888889 0.421875 0.7111111111111111 0.41875 0.7129629629629629 0.4177083333333333 0.7351851851851853 0.4104166666666667 0.7370370370370369 0.409375 0.7611111111111112 0.3989583333333333 0.7611111111111112 0.3979166666666667 0.7703703703703704 0.3822916666666667 0.7722222222222223 0.38125 0.7870370370370371 0.365625 0.7870370370370371 0.3645833333333333 0.7888888888888889 0.3479166666666667 0.7870370370370371 0.346875 0.7833333333333333 0.3354166666666667 0.7814814814814816 0.334375 0.7685185185185185 0.3166666666666667 0.7666666666666666 0.315625 0.75 0.3010416666666667 0.7481481481481481 0.3 0.7314814814814815 0.2916666666666667 0.7296296296296296 0.2916666666666667 0.7148148148148148 0.28750000000000003 0.7129629629629629 0.28750000000000003 0.688888888888889 0.284375 0.6870370370370371 0.284375 0.6462962962962963 0.284375 0.6444444444444444 0.28541666666666665 0.6203703703703703 0.2895833333333333 0.6185185185185185 0.29062499999999997 0.5888888888888889 0.29791666666666666 0.587037037037037 0.2989583333333333 0.5611111111111111 0.315625 0.5611111111111111 0.3166666666666667 0.5444444444444444 0.334375 0.5444444444444444 0.3354166666666667 0.5407407407407407 0.346875 0.5407407407407407 0.3479166666666667 0.5407407407407407 0.365625 0.5537037037037037 0.3864583333333333 0.5555555555555556 0.3875 0.5833333333333334 0.4104166666666667 0.5851851851851853 0.4104166666666667 0.612962962962963 0.42083333333333334 0.6148148148148148 0.42083333333333334 0.6425925925925926 0.4239583333333333 0.6444444444444444 0.4239583333333333 0.6759259259259259 0.4239583333333333
3 0.6759259259259259 0.49895833333333334 0.6777777777777778 0.49895833333333334 0.7055555555555556 0.5031249999999999 0.7074074074074075 0.5031249999999999 0.7574074074074074 0.49895833333333334 0.7592592592592593 0.4979166666666667 0.7907407407407407 0.4916666666666667 0.7925925925925925 0.490625 0.8018518518518518 0.4875 0.8037037037037037 0.4864583333333333 0.8296296296296296 0.471875 0.8296296296296296 0.4708333333333333 0.8370370370370371 0.4635416666666667 0.8351851851851853 0.4625 0.8333333333333334 0.4604166666666667 0.8314814814814815 0.4604166666666667 0.8074074074074075 0.45208333333333334 0.8055555555555556 0.4510416666666667 0.7796296296296297 0.4354166666666667 0.7796296296296297 0.434375 0.7685185185185185 0.42291666666666666 0.7685185185185185 0.421875 0.7629629629629631 0.40729166666666666 0.7611111111111112 0.40625 0.7592592592592593 0.4041666666666667 0.7574074074074074 0.40520833333333334 0.7462962962962962 0.40729166666666666 0.7444444444444445 0.4083333333333333 0.7055555555555556 0.421875 0.7037037037037037 0.421875 0.6703703703703704 0.4260416666666667 0.6685185185185185 0.4260416666666667 0.6296296296296297 0.425 0.6277777777777778 0.4260416666666667 0.6222222222222222 0.4322916666666667 0.6222222222222222 0.4333333333333333 0.6203703703703703 0.4479166666666667 0.6240740740740741 0.4604166666666667 0.6259259259259259 0.4614583333333333 0.6351851851851852 0.475 0.637037037037037 0.4760416666666667 0.6462962962962963 0.48541666666666666 0.6481481481481481 0.4864583333333333 0.6611111111111112 0.49375 0.6629629629629629 0.49375 0.6759259259259259 0.49895833333333334
3 0.8777777777777778 0.4666666666666667 0.8796296296296297 0.4666666666666667 0.9092592592592593 0.4666666666666667 0.9111111111111112 0.465625 0.9203703703703704 0.465625 0.9222222222222222 0.4645833333333333 0.9574074074074075 0.4572916666666667 0.9592592592592593 0.45625 0.9870370370370369 0.4427083333333333 0.9870370370370369 0.4416666666666667 0.9962962962962962 0.4354166666666667 0.9962962962962962 0.434375 0.9962962962962962 0.34479166666666666 0.9944444444444445 0.34375 0.9703703703703703 0.3333333333333333 0.9685185185185184 0.3333333333333333 0.938888888888889 0.32708333333333334 0.9370370370370371 0.32708333333333334 0.8944444444444444 0.32708333333333334 0.8925925925925926 0.328125 0.8722222222222222 0.32916666666666666 0.8703703703703703 0.3302083333333333 0.85 0.3333333333333333 0.8481481481481481 0.334375 0.825925925925926 0.340625 0.8240740740740741 0.3416666666666667 0.8018518518518518 0.353125 0.8018518518518518 0.3541666666666667 0.7907407407407407 0.3635416666666667 0.7907407407407407 0.3645833333333333 0.7685185185185185 0.390625 0.7685185185185185 0.39166666666666666 0.7666666666666666 0.4104166666666667 0.774074074074074 0.4260416666666667 0.7759259259259259 0.4270833333333333 0.7870370370370371 0.43854166666666666 0.7888888888888889 0.4395833333333333 0.8129629629629629 0.453125 0.8148148148148148 0.453125 0.8425925925925926 0.4614583333333333 0.8444444444444444 0.4614583333333333 0.8777777777777778 0.4666666666666667
3 0.9722222222222222 0.4947916666666667 0.9740740740740741 0.49375 0.9833333333333334 0.4927083333333333 0.9851851851851853 0.4916666666666667 0.9981481481481481 0.4875 0.9981481481481481 0.4864583333333333 0.9981481481481481 0.4395833333333333 0.9962962962962962 0.43854166666666666 0.9703703703703703 0.453125 0.9685185185185184 0.453125 0.9481481481481482 0.4614583333333333 0.9462962962962963 0.4614583333333333 0.9092592592592593 0.46770833333333334 0.9074074074074074 0.46770833333333334 0.862962962962963 0.46770833333333334 0.8685185185185185 0.4739583333333333 0.8703703703703703 0.475 0.8814814814814815 0.48125 0.8833333333333334 0.48125 0.8907407407407407 0.48541666666666666 0.8925925925925926 0.48541666666666666 0.9185185185185185 0.49375 0.9203703703703704 0.49375 0.9722222222222222 0.4947916666666667
3 0.9796296296296296 0.5052083333333334 0.9796296296296296 0.50625 0.9796296296296296 0.5104166666666666 0.9851851851851853 0.5187499999999999 0.9870370370370369 0.5197916666666667 0.9981481481481481 0.5229166666666667 0.9981481481481481 0.521875 0.9981481481481481 0.5031249999999999 0.9962962962962962 0.5020833333333333 0.9851851851851853 0.5010416666666666 0.9833333333333334 0.5020833333333333 0.9796296296296296 0.5052083333333334
3 0.95 0.609375 0.9555555555555556 0.609375 0.9574074074074075 0.6083333333333334 0.9574074074074075 0.6 0.9481481481481482 0.5895833333333333 0.9351851851851852 0.584375 0.9277777777777778 0.5822916666666667 0.8962962962962963 0.5822916666666667 0.8814814814814815 0.5885416666666666 0.8814814814814815 0.5927083333333334 0.8851851851851852 0.59375 0.8808641990740741 0.595138888888889 0.8851851851851852 0.6 0.8833333333333334 0.6020833333333334 0.880246912037037 0.6017361111111111 0.8814814814814815 0.60625 0.8796296296296297 0.6083333333333334 0.8851851851851852 0.6114583333333333 0.9259259259259259 0.6229166666666667 0.9407407407407407 0.6239583333333334 0.9481481481481482 0.61875 0.9462962962962963 0.6177083333333334 0.9462962962962963 0.615625 0.9203703703703704 0.6083333333333334 0.924074074074074 0.603125 0.9314814814814815 0.6041666666666666 0.9370370370370371 0.60625 0.9407407407407407 0.60625 0.95 0.609375
3 0.8722222222222222 0.5958333333333333 0.8611111111111112 0.5927083333333334 0.8648148148148148 0.5885416666666666 0.8777777777777778 0.5885416666666666 0.8814814814814815 0.5864583333333333 0.8833333333333334 0.5864583333333333 0.887037037037037 0.584375 0.887037037037037 0.5802083333333333 0.8703703703703703 0.571875 0.8666666666666666 0.571875 0.8592592592592593 0.5697916666666667 0.8462962962962963 0.5697916666666667 0.8444444444444444 0.5708333333333333 0.8351851851851853 0.5708333333333333 0.8277777777777778 0.57578125 0.825925925925926 0.5760416666666667 0.8129629629629629 0.5856770833333333 0.8055555555555556 0.5885416666666666 0.8055555555555556 0.5906250000000001 0.8074074074074075 0.5916666666666667 0.8166666666666667 0.59375 0.8203703703703703 0.5958333333333333 0.8314814814814815 0.5989583333333334 0.8351851851851853 0.5989583333333334 0.8407407407407407 0.6010416666666666 0.8444444444444444 0.6010416666666666 0.85 0.603125 0.8537037037037037 0.603125 0.8685185185185185 0.6072916666666667 0.8759259259259259 0.60625 0.8796296296296297 0.6041666666666666 0.8796296296296297 0.6 0.8722222222222222 0.5958333333333333
3 0.9537037037037037 0.5927083333333334 0.9555555555555556 0.5927083333333334 0.9629629629629629 0.5875 0.9629629629629629 0.5864583333333333 0.9629629629629629 0.5770833333333334 0.9611111111111111 0.5760416666666667 0.9592592592592593 0.5739583333333333 0.9574074074074075 0.5729166666666666 0.9481481481481482 0.5666666666666667 0.9462962962962963 0.5666666666666667 0.9333333333333333 0.5635416666666666 0.9314814814814815 0.5635416666666666 0.9055555555555556 0.5645833333333333 0.9037037037037037 0.5656249999999999 0.8944444444444444 0.5708333333333333 0.8944444444444444 0.571875 0.8907407407407407 0.5770833333333334 0.8962962962962963 0.5802083333333333 0.8981481481481481 0.5802083333333333 0.9148148148148147 0.5802083333333333 0.9166666666666666 0.5812499999999999 0.9351851851851852 0.5833333333333334 0.9370370370370371 0.584375 0.9444444444444444 0.5864583333333333 0.9462962962962963 0.5875 0.9537037037037037 0.5927083333333334
3 0.9981481481481481 0.61875 0.9981481481481481 0.6072916666666667 0.9962962962962962 0.60625 0.9962962962962962 0.596875 0.9925925925925926 0.596875 0.9796296296296296 0.5927083333333334 0.9685185185185184 0.5927083333333334 0.9648148148148148 0.5947916666666666 0.9592592592592593 0.5958333333333333 0.9577777777777777 0.6014583333333333 0.9611111111111111 0.6052083333333333 0.9562962962962963 0.6070833333333333 0.9629629629629629 0.609375 0.9629629629629629 0.6114583333333333 0.9548148148148149 0.6127083333333333 0.9518518518518518 0.6239583333333334 0.9537037037037037 0.6208333333333333 0.9611111111111111 0.6208333333333333 0.9648148148148148 0.621875 0.9666666666666667 0.6229166666666667 0.9611111111111111 0.6291666666666667 0.9833333333333334 0.6354166666666666 0.9962962962962962 0.6364583333333333 0.9981481481481481 0.6302083333333334 0.9925925925925926 0.628125 0.9888888888888888 0.628125 0.9833333333333334 0.6260416666666666 0.9796296296296296 0.6260416666666666 0.9703703703703703 0.6229166666666667 0.9740740740740741 0.6145833333333334 0.9907407407407407 0.6197916666666666 0.9981481481481481 0.61875
3 0.7666666666666666 0.553125 0.7666666666666666 0.5541666666666667 0.7648148148148147 0.5572916666666666 0.774074074074074 0.5645833333333333 0.7759259259259259 0.5645833333333333 0.7925925925925925 0.5656249999999999 0.7925925925925925 0.5645833333333333 0.7925925925925925 0.5572916666666666 0.7907407407407407 0.55625 0.7851851851851852 0.5520833333333334 0.7833333333333333 0.5520833333333334 0.7666666666666666 0.553125
3 0.7944444444444444 0.5625 0.7925925925925925 0.5635416666666666 0.7907407407407407 0.5645833333333333 0.8018518518518518 0.5635416666666666 0.8018518518518518 0.5625 0.811111111111111 0.553125 0.811111111111111 0.5520833333333334 0.8074074074074075 0.5499999999999999 0.8055555555555556 0.5510416666666667 0.7907407407407407 0.553125 0.7907407407407407 0.5541666666666667 0.7944444444444444 0.5625
3 0.9037037037037037 0.7302083333333333 0.9055555555555556 0.7291666666666666 0.9148148148148147 0.7229166666666667 0.9148148148148147 0.721875 0.9185185185185185 0.7177083333333334 0.9185185185185185 0.7166666666666667 0.9185185185185185 0.709375 0.9166666666666666 0.7083333333333334 0.9111111111111112 0.7020833333333334 0.9092592592592593 0.7010416666666667 0.9 0.6958333333333334 0.8981481481481481 0.6958333333333334 0.8907407407407407 0.6927083333333334 0.8888888888888888 0.6927083333333334 0.8722222222222222 0.690625 0.8703703703703703 0.6916666666666667 0.8537037037037037 0.7041666666666666 0.8537037037037037 0.7052083333333333 0.8444444444444444 0.7166666666666667 0.8518518518518519 0.725 0.8537037037037037 0.7260416666666666 0.862962962962963 0.73125 0.8648148148148148 0.73125 0.8722222222222222 0.7333333333333334 0.8740740740740741 0.7333333333333334 0.8925925925925926 0.7333333333333334 0.8944444444444444 0.7322916666666667 0.9037037037037037 0.7302083333333333
3 0.8592592592592593 0.696875 0.8592592592592593 0.6958333333333334 0.8666666666666666 0.6864583333333334 0.8666666666666666 0.6854166666666667 0.8648148148148148 0.671875 0.862962962962963 0.6708333333333334 0.8462962962962963 0.6614583333333334 0.8444444444444444 0.6614583333333334 0.8351851851851853 0.659375 0.8333333333333334 0.659375 0.8185185185185185 0.659375 0.8166666666666667 0.6604166666666667 0.811111111111111 0.6614583333333334 0.8092592592592593 0.6625 0.7981481481481482 0.66875 0.7981481481481482 0.6697916666666667 0.7944444444444444 0.678125 0.8018518518518518 0.6854166666666667 0.8037037037037037 0.6854166666666667 0.8185185185185185 0.690625 0.8203703703703703 0.6916666666666667 0.8370370370370371 0.7010416666666667 0.8388888888888888 0.7010416666666667 0.8518518518518519 0.7010416666666667 0.8537037037037037 0.7 0.8592592592592593 0.696875
3 0.8037037037037037 0.6541666666666667 0.811111111111111 0.65 0.811111111111111 0.6489583333333334 0.8166666666666667 0.6458333333333334 0.8166666666666667 0.6447916666666667 0.8129629629629629 0.6416666666666666 0.7796296296296297 0.6322916666666666 0.7703703703703704 0.6322916666666666 0.7598765416666666 0.6336805555555556 0.7537037037037038 0.6270833333333333 0.7444444444444445 0.6239583333333334 0.7444444444444445 0.625 0.7388888888888888 0.628125 0.7537037037037038 0.628125 0.7555555555555555 0.6291666666666667 0.7555555555555555 0.6322916666666666 0.7574074074074074 0.634375 0.7388888888888888 0.6364583333333333 0.7444444444444445 0.6416666666666666 0.7444444444444445 0.64375 0.7481481481481481 0.6479166666666666 0.7574074074074074 0.6520833333333333 0.7611111111111112 0.6520833333333333 0.7611111111111112 0.653125 0.774074074074074 0.6505208333333333 0.774074074074074 0.65625 0.7777777777777778 0.6583333333333333 0.7814814814814816 0.6583333333333333 0.7833333333333333 0.6572916666666666 0.7944444444444444 0.65625 0.7962962962962963 0.6552083333333334 0.8037037037037037 0.6541666666666667
3 0.7870370370370371 0.684375 0.7870370370370371 0.6833333333333333 0.7907407407407407 0.6802083333333334 0.7907407407407407 0.6791666666666666 0.7888888888888889 0.671875 0.7870370370370371 0.6708333333333334 0.7796296296296297 0.6625 0.7777777777777778 0.6614583333333334 0.7462962962962962 0.65 0.7444444444444445 0.65 0.7296296296296296 0.6541666666666667 0.7296296296296296 0.6552083333333334 0.7222222222222222 0.6604166666666667 0.7222222222222222 0.6614583333333334 0.7185185185185184 0.66875 0.7222222222222222 0.6770833333333334 0.7240740740740741 0.678125 0.7314814814814815 0.684375 0.7333333333333334 0.684375 0.7592592592592593 0.684375 0.7611111111111112 0.6854166666666667 0.7796296296296297 0.6875 0.7814814814814816 0.6864583333333334 0.7870370370370371 0.684375
3 0.7166666666666667 0.684375 0.7166666666666667 0.6833333333333333 0.7203703703703703 0.6791666666666666 0.7203703703703703 0.678125 0.7148148148148148 0.6666666666666666 0.7129629629629629 0.665625 0.6925925925925925 0.65625 0.6907407407407407 0.65625 0.6722222222222222 0.65625 0.6703703703703704 0.6572916666666666 0.6629629629629629 0.6583333333333333 0.6611111111111112 0.659375 0.65 0.665625 0.65 0.6666666666666666 0.6444444444444444 0.6739583333333333 0.6481481481481481 0.6833333333333333 0.65 0.684375 0.6629629629629629 0.69375 0.6648148148148147 0.69375 0.6777777777777778 0.690625 0.6796296296296297 0.690625 0.7074074074074075 0.6895833333333333 0.7092592592592593 0.6885416666666666 0.7166666666666667 0.684375
3 0.6203703703703703 0.7 0.6277777777777778 0.6958333333333334 0.6462962962962963 0.7020833333333334 0.6574074074074074 0.7020833333333334 0.6629629629629629 0.6989583333333333 0.6629629629629629 0.6958333333333334 0.6611111111111112 0.69375 0.6574074074074074 0.6927083333333334 0.6574074074074074 0.6916666666666667 0.6481481481481481 0.684375 0.6425925925925926 0.684375 0.6407407407407407 0.6854166666666667 0.6296296296296297 0.6864583333333334 0.6222222222222222 0.6895833333333333 0.6222222222222222 0.6916666666666667 0.6259259259259259 0.6958333333333334 0.6185185185185185 0.6961805555555556 0.6185185185185185 0.7 0.6148148148148148 0.6989583333333333 0.6111111111111112 0.7020833333333334 0.6148148148148148 0.7027777777777778 0.6111111111111112 0.709375 0.6185185185185185 0.7177083333333334 0.6222222222222222 0.71875 0.6296296296296297 0.71875 0.6314814814814815 0.7177083333333334 0.637037037037037 0.7177083333333334 0.6407407407407407 0.715625 0.6407407407407407 0.7125 0.6351851851851852 0.70625 0.6314814814814815 0.7041666666666666 0.6259259259259259 0.703125 0.6203703703703703 0.7
3 0.5462962962962963 0.728125 0.5444444444444444 0.7291666666666666 0.5407407407407407 0.7322916666666667 0.5407407407407407 0.7333333333333334 0.5407407407407407 0.7364583333333333 0.5481481481481482 0.7427083333333334 0.5499999999999999 0.7427083333333334 0.5592592592592592 0.7427083333333334 0.5611111111111111 0.7416666666666666 0.5685185185185185 0.7375 0.5685185185185185 0.7364583333333333 0.5685185185185185 0.73125 0.5666666666666667 0.7302083333333333 0.5462962962962963 0.728125
3 0.8166666666666667 0.0625 0.8148148148148148 0.06145833333333334 0.8018518518518518 0.05625 0.8 0.05625 0.7907407407407407 0.057291666666666664 0.7888888888888889 0.058333333333333334 0.7814814814814816 0.0625 0.7814814814814816 0.06354166666666666 0.7814814814814816 0.06770833333333333 0.7888888888888889 0.08020833333333333 0.7907407407407407 0.08125 0.7944444444444444 0.08333333333333333 0.7962962962962963 0.08333333333333333 0.8074074074074075 0.08020833333333333 0.8092592592592593 0.07916666666666668 0.8166666666666667 0.07395833333333333 0.8166666666666667 0.07291666666666667 0.8166666666666667 0.0625
3 0.8222222222222222 0.078125 0.8203703703703703 0.078125 0.8148148148148148 0.07708333333333332 0.8129629629629629 0.078125 0.7981481481481482 0.084375 0.7981481481481482 0.08541666666666667 0.7962962962962963 0.08854166666666667 0.8055555555555556 0.09791666666666667 0.8074074074074075 0.09791666666666667 0.8166666666666667 0.096875 0.8185185185185185 0.09583333333333333 0.8277777777777778 0.08854166666666667 0.8277777777777778 0.0875 0.8277777777777778 0.08229166666666667 0.825925925925926 0.08125 0.8222222222222222 0.078125
3 0.7092592592592593 0.06666666666666667 0.7111111111111111 0.065625 0.7111111111111111 0.06458333333333333 0.7092592592592593 0.06354166666666666 0.6944444444444444 0.05416666666666666 0.6925925925925925 0.05416666666666666 0.6796296296296297 0.05416666666666666 0.6777777777777778 0.05520833333333334 0.6722222222222222 0.057291666666666664 0.6722222222222222 0.058333333333333334 0.6648148148148147 0.06458333333333333 0.6648148148148147 0.065625 0.6648148148148147 0.07291666666666667 0.6759259259259259 0.08020833333333333 0.6777777777777778 0.08020833333333333 0.6870370370370371 0.08125 0.688888888888889 0.08020833333333333 0.6925925925925925 0.07708333333333332 0.6925925925925925 0.07604166666666667 0.6944444444444444 0.06979166666666667 0.6962962962962963 0.06874999999999999 0.7092592592592593 0.06666666666666667
3 0.6796296296296297 0.13333333333333333 0.6777777777777778 0.13229166666666667 0.6722222222222222 0.13020833333333334 0.6703703703703704 0.13020833333333334 0.6611111111111112 0.13020833333333334 0.6592592592592593 0.13125 0.6518518518518519 0.14479166666666665 0.6592592592592593 0.15416666666666665 0.6611111111111112 0.15416666666666665 0.6703703703703704 0.15416666666666665 0.6722222222222222 0.153125 0.6777777777777778 0.15 0.6777777777777778 0.14895833333333333 0.6833333333333333 0.14270833333333333 0.6833333333333333 0.14166666666666666 0.6796296296296297 0.13333333333333333
3 0.6537037037037037 0.15 0.6518518518518519 0.14895833333333333 0.6481481481481481 0.14791666666666667 0.6462962962962963 0.14895833333333333 0.637037037037037 0.14895833333333333 0.6351851851851852 0.15 0.6314814814814815 0.153125 0.6314814814814815 0.15416666666666665 0.6314814814814815 0.16979166666666665 0.6351851851851852 0.17291666666666666 0.637037037037037 0.17291666666666666 0.6462962962962963 0.17291666666666666 0.6481481481481481 0.171875 0.6574074074074074 0.16666666666666666 0.6574074074074074 0.165625 0.6592592592592593 0.15729166666666666 0.6574074074074074 0.15625 0.6537037037037037 0.15
3 0.6574074074074074 0.13125 0.6555555555555556 0.13020833333333334 0.6518518518518519 0.12604166666666666 0.65 0.125 0.6425925925925926 0.121875 0.6407407407407407 0.121875 0.6259259259259259 0.121875 0.6240740740740741 0.12291666666666667 0.6185185185185185 0.12395833333333332 0.6185185185185185 0.125 0.6148148148148148 0.12708333333333333 0.6148148148148148 0.12812500000000002 0.612962962962963 0.13333333333333333 0.6185185185185185 0.13958333333333334 0.6203703703703703 0.13958333333333334 0.6351851851851852 0.14375000000000002 0.637037037037037 0.14375000000000002 0.6481481481481481 0.14375000000000002 0.65 0.14270833333333333 0.6555555555555556 0.13854166666666667 0.6555555555555556 0.13749999999999998 0.6574074074074074 0.13125
3 0.5518518518518518 0.146875 0.5518518518518518 0.14583333333333334 0.5518518518518518 0.13958333333333334 0.5499999999999999 0.13854166666666667 0.5462962962962963 0.13333333333333333 0.5444444444444444 0.13229166666666667 0.5370370370370371 0.13020833333333334 0.5351851851851852 0.13020833333333334 0.5203703703703704 0.13125 0.5185185185185185 0.13229166666666667 0.5111111111111112 0.134375 0.5111111111111112 0.13541666666666666 0.5074074074074074 0.13854166666666667 0.5074074074074074 0.13958333333333334 0.5055555555555555 0.14791666666666667 0.5092592592592593 0.15104166666666666 0.5111111111111112 0.15104166666666666 0.5166666666666666 0.153125 0.5185185185185185 0.153125 0.5259259259259259 0.15208333333333335 0.5277777777777778 0.153125 0.5388888888888889 0.15416666666666665 0.5407407407407407 0.153125 0.5518518518518518 0.146875
3 0.5148148148148148 0.16770833333333335 0.512962962962963 0.16770833333333335 0.5018518518518519 0.171875 0.5018518518518519 0.17291666666666666 0.4981481481481481 0.17708333333333334 0.4981481481481481 0.178125 0.4981481481481481 0.18333333333333335 0.5055555555555555 0.1875 0.5074074074074074 0.1875 0.5166666666666666 0.1875 0.5185185185185185 0.18645833333333334 0.5240740740740741 0.184375 0.5240740740740741 0.18333333333333335 0.5259259259259259 0.17395833333333335 0.5240740740740741 0.17291666666666666 0.5148148148148148 0.16770833333333335
3 0.5981481481481481 0.146875 0.5981481481481481 0.14583333333333334 0.5888888888888889 0.13541666666666666 0.587037037037037 0.134375 0.5796296296296296 0.13125 0.5777777777777777 0.13125 0.5629629629629629 0.13229166666666667 0.5611111111111111 0.13333333333333333 0.5537037037037037 0.13958333333333334 0.5555555555555556 0.146875 0.5574074074074075 0.14791666666666667 0.5703703703703704 0.14583333333333334 0.5722222222222222 0.146875 0.5777777777777777 0.15625 0.5796296296296296 0.15625 0.5907407407407407 0.15416666666666665 0.5907407407407407 0.153125 0.5981481481481481 0.146875
3 0.5740740740740741 0.17291666666666666 0.5722222222222222 0.171875 0.5666666666666667 0.165625 0.5685185185185185 0.16458333333333333 0.5685185185185185 0.1625 0.5666666666666667 0.1625 0.5518518518518518 0.16041666666666665 0.5499999999999999 0.16145833333333334 0.5407407407407407 0.16145833333333334 0.5388888888888889 0.1625 0.5333333333333333 0.16458333333333333 0.5333333333333333 0.165625 0.5314814814814814 0.17395833333333335 0.5407407407407407 0.18229166666666666 0.5425925925925926 0.18229166666666666 0.5481481481481482 0.184375 0.5499999999999999 0.184375 0.5611111111111111 0.184375 0.5629629629629629 0.18333333333333335 0.5703703703703704 0.18020833333333333 0.5703703703703704 0.17916666666666667 0.5740740740740741 0.17291666666666666
3 0.5981481481481481 0.18229166666666666 0.6 0.18125 0.6148148148148148 0.175 0.6148148148148148 0.17395833333333335 0.6203703703703703 0.16770833333333335 0.6203703703703703 0.16666666666666666 0.6203703703703703 0.16145833333333334 0.6185185185185185 0.16041666666666665 0.6092592592592593 0.15416666666666665 0.6074074074074074 0.15416666666666665 0.5962962962962963 0.15416666666666665 0.5944444444444444 0.15520833333333334 0.5796296296296296 0.15833333333333335 0.5796296296296296 0.159375 0.5833333333333334 0.16979166666666665 0.5814814814814815 0.17083333333333334 0.575925925925926 0.17708333333333334 0.5796296296296296 0.178125 0.5814814814814815 0.17708333333333334 0.5925925925925926 0.17604166666666665 0.5944444444444444 0.17708333333333334 0.5962962962962963 0.17916666666666667 0.5944444444444444 0.18020833333333333 0.5925925925925926 0.18125 0.5944444444444444 0.18229166666666666 0.5981481481481481 0.18229166666666666
3 0.4611111111111111 0.16875 0.45925925925925926 0.16979166666666665 0.4555555555555556 0.175 0.4537037037037037 0.17604166666666665 0.44814814814814813 0.178125 0.46481481481481485 0.18125 0.4666666666666667 0.18020833333333333 0.4740740740740741 0.178125 0.4740740740740741 0.17708333333333334 0.48518518518518516 0.17083333333333334 0.48518518518518516 0.16979166666666665 0.48518518518518516 0.16354166666666667 0.48333333333333334 0.1625 0.4611111111111111 0.16875
3 0.44074074074074077 0.17916666666666667 0.4388888888888889 0.18020833333333333 0.4222222222222222 0.18958333333333335 0.4333333333333333 0.19583333333333333 0.4351851851851852 0.19583333333333333 0.4425925925925926 0.19375 0.4444444444444444 0.19270833333333334 0.4574074074074074 0.18333333333333335 0.4574074074074074 0.18229166666666666 0.4537037037037037 0.17604166666666665 0.45185185185185184 0.17604166666666665 0.44074074074074077 0.17916666666666667
3 0.29074074074074074 0.26979166666666665 0.28888888888888886 0.26875 0.2833333333333333 0.2635416666666667 0.28148148148148144 0.2635416666666667 0.27037037037037037 0.2604166666666667 0.26851851851851855 0.26145833333333335 0.26296296296296295 0.2635416666666667 0.26296296296296295 0.26458333333333334 0.25925925925925924 0.26979166666666665 0.2574074074074074 0.2708333333333333 0.24629629629629632 0.2760416666666667 0.24629629629629632 0.27708333333333335 0.24629629629629632 0.2791666666666667 0.2555555555555556 0.28541666666666665 0.2574074074074074 0.28541666666666665 0.26296296296296295 0.28750000000000003 0.26481481481481484 0.28750000000000003 0.2759259259259259 0.28750000000000003 0.2777777777777778 0.2864583333333333 0.28888888888888886 0.28125 0.28888888888888886 0.28020833333333334 0.29074074074074074 0.26979166666666665
3 0.32592592592592595 0.2760416666666667 0.32592592592592595 0.27499999999999997 0.33148148148148143 0.2708333333333333 0.33148148148148143 0.26979166666666665 0.33148148148148143 0.26145833333333335 0.32962962962962966 0.2604166666666667 0.32407407407407407 0.2552083333333333 0.3222222222222222 0.25416666666666665 0.3166666666666667 0.2520833333333333 0.3148148148148148 0.2520833333333333 0.3037037037037037 0.253125 0.3037037037037037 0.25416666666666665 0.29444444444444445 0.2572916666666667 0.29444444444444445 0.2583333333333333 0.28888888888888886 0.2635416666666667 0.2925925925925926 0.26979166666666665 0.29444444444444445 0.2708333333333333 0.30185185185185187 0.27499999999999997 0.3037037037037037 0.27499999999999997 0.3074074074074074 0.2739583333333333 0.30925925925925923 0.27499999999999997 0.31296296296296294 0.27708333333333335 0.3148148148148148 0.27708333333333335 0.32592592592592595 0.2760416666666667
3 0.362962962962963 0.24166666666666667 0.3611111111111111 0.240625 0.35 0.23645833333333335 0.34814814814814815 0.23645833333333335 0.3388888888888889 0.2375 0.3388888888888889 0.23854166666666665 0.337037037037037 0.24583333333333335 0.3351851851851852 0.246875 0.32592592592592595 0.2520833333333333 0.32592592592592595 0.253125 0.32592592592592595 0.25625000000000003 0.3333333333333333 0.26145833333333335 0.3351851851851852 0.26145833333333335 0.34074074074074073 0.2635416666666667 0.3425925925925926 0.2635416666666667 0.3574074074074074 0.2625 0.3592592592592592 0.26145833333333335 0.36851851851851847 0.253125 0.36851851851851847 0.2520833333333333 0.362962962962963 0.24166666666666667
3 0.39814814814814814 0.2375 0.39814814814814814 0.23645833333333335 0.39814814814814814 0.228125 0.39629629629629626 0.22708333333333333 0.3907407407407408 0.221875 0.3888888888888889 0.221875 0.3833333333333333 0.21979166666666666 0.38148148148148153 0.21979166666666666 0.37592592592592594 0.21979166666666666 0.37407407407407406 0.22083333333333335 0.36851851851851847 0.22291666666666665 0.36851851851851847 0.22395833333333334 0.362962962962963 0.23958333333333334 0.3648148148148148 0.24270833333333333 0.3666666666666667 0.24375 0.37222222222222223 0.24583333333333335 0.37407407407407406 0.24583333333333335 0.3833333333333333 0.246875 0.3851851851851852 0.24583333333333335 0.3907407407407408 0.24479166666666666 0.3907407407407408 0.24375 0.39814814814814814 0.2375
3 0.4074074074074074 0.215625 0.4074074074074074 0.21458333333333335 0.40925925925925927 0.20833333333333334 0.4074074074074074 0.20729166666666665 0.4055555555555555 0.20208333333333334 0.40370370370370373 0.20104166666666665 0.3907407407407408 0.19375 0.3888888888888889 0.19375 0.37407407407407406 0.196875 0.37407407407407406 0.19791666666666666 0.36851851851851847 0.20208333333333334 0.36851851851851847 0.203125 0.36851851851851847 0.20520833333333335 0.37592592592592594 0.21666666666666665 0.37777777777777777 0.21770833333333334 0.3833333333333333 0.21979166666666666 0.3851851851851852 0.21979166666666666 0.3925925925925926 0.221875 0.39444444444444443 0.22083333333333335 0.39814814814814814 0.22083333333333335 0.4 0.21979166666666666 0.4074074074074074 0.215625
3 0.37592592592592594 0.21770833333333334 0.37407407407407406 0.21666666666666665 0.3666666666666667 0.20520833333333335 0.3648148148148148 0.20520833333333335 0.35370370370370374 0.20416666666666666 0.35185185185185186 0.20520833333333335 0.34814814814814815 0.20520833333333335 0.34629629629629627 0.20625 0.34074074074074073 0.209375 0.34074074074074073 0.21041666666666667 0.3351851851851852 0.225 0.3425925925925926 0.23020833333333335 0.3444444444444445 0.23020833333333335 0.35370370370370374 0.23333333333333334 0.35555555555555557 0.23333333333333334 0.362962962962963 0.23125 0.362962962962963 0.23020833333333335 0.3666666666666667 0.22291666666666665 0.36851851851851847 0.221875 0.37592592592592594 0.21770833333333334
3 0.3148148148148148 0.22083333333333335 0.31296296296296294 0.221875 0.3074074074074074 0.22395833333333334 0.3074074074074074 0.225 0.30185185185185187 0.23333333333333334 0.30185185185185187 0.234375 0.30185185185185187 0.23958333333333334 0.3166666666666667 0.24583333333333335 0.3185185185185185 0.24479166666666666 0.3222222222222222 0.24479166666666666 0.32407407407407407 0.24375 0.3333333333333333 0.23854166666666665 0.3333333333333333 0.2375 0.32962962962962966 0.22083333333333335 0.3277777777777778 0.22083333333333335 0.3148148148148148 0.22083333333333335
3 0.29814814814814816 0.23333333333333334 0.2962962962962963 0.23229166666666665 0.28703703703703703 0.22604166666666667 0.2851851851851852 0.22604166666666667 0.2740740740740741 0.22604166666666667 0.2722222222222222 0.22708333333333333 0.2611111111111111 0.22916666666666666 0.2611111111111111 0.23020833333333335 0.26296296296296295 0.23333333333333334 0.2611111111111111 0.234375 0.25925925925925924 0.23645833333333335 0.26481481481481484 0.23958333333333334 0.26481481481481484 0.240625 0.26851851851851855 0.246875 0.27037037037037037 0.246875 0.29444444444444445 0.24270833333333333 0.2962962962962963 0.24166666666666667 0.29814814814814816 0.240625 0.29814814814814816 0.23958333333333334 0.29814814814814816 0.23333333333333334
3 0.17222222222222225 0.16041666666666665 0.17037037037037037 0.16041666666666665 0.1611111111111111 0.16041666666666665 0.15925925925925924 0.16145833333333334 0.15555555555555556 0.1625 0.15555555555555556 0.16354166666666667 0.1537037037037037 0.16979166666666665 0.15925925925925924 0.175 0.1611111111111111 0.175 0.1685185185185185 0.175 0.17037037037037037 0.17395833333333335 0.1796296296296296 0.17083333333333334 0.1796296296296296 0.16979166666666665 0.1814814814814815 0.165625 0.1796296296296296 0.16458333333333333 0.17222222222222225 0.16041666666666665
3 0.21481481481481482 0.27708333333333335 0.21296296296296297 0.278125 0.20555555555555555 0.2833333333333333 0.20555555555555555 0.284375 0.2037037037037037 0.28750000000000003 0.21296296296296297 0.29270833333333335 0.21481481481481482 0.29270833333333335 0.2222222222222222 0.29270833333333335 0.22407407407407406 0.2916666666666667 0.22962962962962963 0.28750000000000003 0.22962962962962963 0.2864583333333333 0.22592592592592592 0.278125 0.22407407407407406 0.27708333333333335 0.21481481481481482 0.27708333333333335
3 0.1259259259259259 0.2572916666666667 0.12407407407407407 0.2583333333333333 0.1 0.25937499999999997 0.1 0.2604166666666667 0.0962962962962963 0.26666666666666666 0.10740740740740741 0.2760416666666667 0.10925925925925926 0.2760416666666667 0.11666666666666667 0.2760416666666667 0.11851851851851852 0.27499999999999997 0.13518518518518519 0.2708333333333333 0.13518518518518519 0.26979166666666665 0.13518518518518519 0.2635416666666667 0.13333333333333333 0.2625 0.1259259259259259 0.2572916666666667
3 0.387037037037037 0.4958333333333333 0.3851851851851852 0.4958333333333333 0.38148148148148153 0.4958333333333333 0.38148148148148153 0.496875 0.38148148148148153 0.5 0.3851851851851852 0.5041666666666667 0.387037037037037 0.5041666666666667 0.4 0.5041666666666667 0.40185185185185185 0.5031249999999999 0.40370370370370373 0.5020833333333333 0.40185185185185185 0.5010416666666666 0.40185185185185185 0.49895833333333334 0.4 0.49895833333333334 0.387037037037037 0.4958333333333333
3 0.9981481481481481 1 0.9981481481481481 0.9989583333333334 0.9981481481481481 0.9833333333333334 0.9962962962962962 0.9822916666666667 0.9796296296296296 0.9822916666666667 0.9777777777777777 0.9833333333333334 0.9703703703703703 0.984375 0.9685185185185184 0.9854166666666666 0.9666666666666667 0.9916666666666666 0.9722222222222222 1 0.9740740740740741 1 0.9981481481481481 1
3 0.6925925925925925 1 0.6944444444444444 0.9989583333333334 0.7037037037037037 0.996875 0.7055555555555556 0.9958333333333333 0.7148148148148148 0.990625 0.7148148148148148 0.9895833333333334 0.7277777777777777 0.9791666666666666 0.7277777777777777 0.978125 0.7296296296296296 0.965625 0.7277777777777777 0.9645833333333333 0.7240740740740741 0.9572916666666667 0.7222222222222222 0.95625 0.7092592592592593 0.9458333333333334 0.7074074074074075 0.9458333333333334 0.6722222222222222 0.959375 0.6722222222222222 0.9604166666666666 0.6685185185185185 0.9739583333333334 0.6666666666666666 0.975 0.6481481481481481 0.984375 0.6555555555555556 0.9927083333333334 0.6574074074074074 0.99375 0.6722222222222222 1 0.674074074074074 1 0.6925925925925925 1
3 0.6870370370370371 0.21770833333333334 0.6851851851851852 0.21666666666666665 0.6814814814814815 0.21458333333333335 0.6796296296296297 0.21458333333333335 0.6722222222222222 0.215625 0.6703703703703704 0.21666666666666665 0.6666666666666666 0.22083333333333335 0.6703703703703704 0.22604166666666667 0.6722222222222222 0.22604166666666667 0.674074074074074 0.22708333333333333 0.6759259259259259 0.22708333333333333 0.6833333333333333 0.22708333333333333 0.6851851851851852 0.22604166666666667 0.688888888888889 0.22395833333333334 0.688888888888889 0.22291666666666665 0.6870370370370371 0.21770833333333334
3 0.7037037037037037 0.22291666666666665 0.7037037037037037 0.22395833333333334 0.7037037037037037 0.22604166666666667 0.7092592592592593 0.22916666666666666 0.7111111111111111 0.22916666666666666 0.7166666666666667 0.22916666666666666 0.7185185185185184 0.228125 0.7222222222222222 0.22083333333333335 0.7203703703703703 0.21979166666666666 0.7111111111111111 0.21875 0.7092592592592593 0.21979166666666666 0.7037037037037037 0.22291666666666665
3 0.7592592592592593 0.21458333333333335 0.7574074074074074 0.21458333333333335 0.75 0.21458333333333335 0.7481481481481481 0.215625 0.7462962962962962 0.21875 0.75 0.225 0.7518518518518519 0.225 0.7592592592592593 0.225 0.7611111111111112 0.22395833333333334 0.7666666666666666 0.221875 0.7666666666666666 0.22083333333333335 0.7666666666666666 0.21770833333333334 0.7648148148148147 0.21666666666666665 0.7592592592592593 0.21458333333333335
3 0.725925925925926 0.21979166666666666 0.725925925925926 0.22083333333333335 0.725925925925926 0.22604166666666667 0.7314814814814815 0.22916666666666666 0.7333333333333334 0.22916666666666666 0.7444444444444445 0.228125 0.7462962962962962 0.22708333333333333 0.7462962962962962 0.21770833333333334 0.7444444444444445 0.21666666666666665 0.7314814814814815 0.215625 0.7296296296296296 0.21666666666666665 0.725925925925926 0.21979166666666666
3 0.5370370370370371 0.22916666666666666 0.5351851851851852 0.23020833333333335 0.5333333333333333 0.23125 0.5333333333333333 0.23229166666666665 0.5333333333333333 0.2375 0.5388888888888889 0.240625 0.5407407407407407 0.240625 0.5425925925925926 0.240625 0.5444444444444444 0.23958333333333334 0.5499999999999999 0.2375 0.5499999999999999 0.23645833333333335 0.5481481481481482 0.22916666666666666 0.5462962962962963 0.22916666666666666 0.5370370370370371 0.22916666666666666
3 0.5499999999999999 0.23229166666666665 0.5537037037037037 0.23541666666666666 0.5555555555555556 0.23541666666666666 0.5629629629629629 0.23541666666666666 0.5648148148148148 0.234375 0.5685185185185185 0.228125 0.5666666666666667 0.22708333333333333 0.5518518518518518 0.22604166666666667 0.5518518518518518 0.22708333333333333 0.5499999999999999 0.23229166666666665
3 0.5666666666666667 0.22395833333333334 0.5666666666666667 0.225 0.5666666666666667 0.23125 0.5740740740740741 0.23229166666666665 0.575925925925926 0.23125 0.5814814814814815 0.23020833333333335 0.5814814814814815 0.22916666666666666 0.5796296296296296 0.22291666666666665 0.5777777777777777 0.22291666666666665 0.5722222222222222 0.221875 0.5703703703703704 0.22291666666666665 0.5666666666666667 0.22395833333333334
3 0.5814814814814815 0.22604166666666667 0.5851851851851853 0.228125 0.587037037037037 0.228125 0.5944444444444444 0.228125 0.5962962962962963 0.22708333333333333 0.5962962962962963 0.22083333333333335 0.5944444444444444 0.22083333333333335 0.5851851851851853 0.22083333333333335 0.5833333333333334 0.221875 0.5814814814814815 0.22604166666666667
3 0.5629629629629629 0.296875 0.5611111111111111 0.296875 0.5555555555555556 0.296875 0.5537037037037037 0.29791666666666666 0.5518518518518518 0.30625 0.5537037037037037 0.3083333333333333 0.5555555555555556 0.3083333333333333 0.5629629629629629 0.309375 0.5648148148148148 0.3083333333333333 0.5722222222222222 0.3052083333333333 0.5722222222222222 0.3041666666666667 0.5740740740740741 0.3020833333333333 0.5722222222222222 0.3010416666666667 0.5629629629629629 0.296875
3 0.7055555555555556 0.10416666666666667 0.7055555555555556 0.103125 0.7055555555555556 0.09791666666666667 0.7037037037037037 0.096875 0.6944444444444444 0.08854166666666667 0.6925925925925925 0.08854166666666667 0.688888888888889 0.0875 0.6870370370370371 0.08854166666666667 0.6722222222222222 0.09375 0.6722222222222222 0.09479166666666668 0.6648148148148147 0.10833333333333332 0.6685185185185185 0.11458333333333333 0.6703703703703704 0.115625 0.6777777777777778 0.11770833333333333 0.6796296296296297 0.11770833333333333 0.6907407407407407 0.11770833333333333 0.6925925925925925 0.11666666666666667 0.6962962962962963 0.11458333333333333 0.6962962962962963 0.11354166666666667 0.7055555555555556 0.10416666666666667
1 0.24851851851851853 0.5380208333333334 0.26296296296296295 0.5494791666666666 0.2575925925925926 0.569375 0.2401851851851852 0.6028125000000001 0.18314814814814817 0.6752083333333333 0.21203703703703702 0.6857291666666667 0.22574074074074074 0.6601041666666667 0.2659259259259259 0.6102083333333334 0.3077777777777778 0.569375 0.33425925925925926 0.5545833333333333 0.39944444444444444 0.5545833333333333 0.45037037037037037 0.5586458333333334 0.4492592592592593 0.5565625 0.46851851851851856 0.5195833333333334 0.3618518518518518 0.5090625 0.31555555555555553 0.5022916666666667 0.2833333333333333 0.5010416666666666 0.23 0.4945833333333333 0.15833333333333335 0.4825 0.13777777777777778 0.5178125 0.24851851851851853 0.5380208333333334
1 0.11055555555555555 0.30114583333333333 0.1174074074074074 0.29604166666666665 0.1451851851851852 0.2870833333333333 0.14351851851851852 0.28729166666666667 0.13796296296296295 0.2808333333333333 0.05777777777777778 0.30364583333333334 0.06259259259259259 0.31104166666666666 0.0938888888888889 0.30322916666666666 0.1 0.30447916666666663 0.12685185185185185 0.32979166666666665 0.13166666666666668 0.3282291666666666 0.11055555555555555 0.30114583333333333
0 0.5603703703703704 0.424375 0.5227777777777778 0.4784375 0.5233333333333333 0.500625 0.5274074074074074 0.5144791666666667 0.5259259259259259 0.5203125000000001 0.5192592592592592 0.5217708333333333 0.49 0.5217708333333333 0.42055555555555557 0.5144791666666667 0.40518518518518515 0.5552083333333333 0.5331481481481481 0.5711458333333334 0.647037037037037 0.5977083333333333 0.6835185185185184 0.5639583333333333 0.6831481481481482 0.561875 0.6038888888888889 0.5338541666666666 0.5603703703703704 0.49656249999999996 0.5598148148148149 0.47229166666666667 0.5725925925925927 0.4515625 0.5931481481481482 0.4272916666666667 0.6064814814814815 0.41885416666666664 0.5818518518518518 0.40822916666666664 0.5603703703703704 0.424375
0 0.6262962962962964 0.7 0.6309259259259259 0.7046875 0.6362962962962962 0.7051041666666668 0.6425925925925926 0.7017708333333333 0.6212962962962962 0.6932291666666667 0.607037037037037 0.6826041666666667 0.6068518518518519 0.6731250000000001 0.6174074074074075 0.6654166666666667 0.6383333333333333 0.6573958333333333 0.6255555555555555 0.6472916666666667 0.5685185185185185 0.6626041666666667 0.5677777777777778 0.6754166666666666 0.5955555555555555 0.6705208333333333 0.5968518518518517 0.68125 0.602037037037037 0.689375 0.6179629629629629 0.6978125 0.6262962962962964 0.7
0 0.6253703703703705 0.06916666666666667 0.615 0.06895833333333333 0.6105555555555555 0.0846875 0.5992592592592593 0.098125 0.6105555555555555 0.10166666666666667 0.6105555555555555 0.10260416666666668 0.6177777777777778 0.09052083333333333 0.6237037037037036 0.08802083333333333 0.635 0.09104166666666666 0.6662962962962963 0.09239583333333333 0.6662962962962963 0.09010416666666667 0.6361111111111112 0.08729166666666667 0.6224074074074074 0.08187499999999999 0.6253703703703705 0.06916666666666667