2 0.8633104074074074 0 0.8041632129629629 0.13167727777777777 0.691382662037037 0.2879192800925926 0.6470136550925927 0.38011624074074074 0.5275127939814814 0.7321639652777777 0.44413602314814815 1 0.49456378935185186 1 0.5336025648148148 0.8732232685185186 0.6892099560185185 0.45416605092592593 0.6950286759259259 0.4464322129629629 0.7361021365740741 0.36676087037037036 0.8189141597222223 0.23049300231481482 0.8232087777777778 0.229658212962963 0.8730600277777777 0.1612975763888889 0.8894580277777777 0.10208071064814815 0.915805875 0.018714256944444445 0.9121681921296297 0 0.8633104074074074 0
2 0.931161224537037 0.8832912175925925 0.9440353912037037 0.8741859398148148 0.8907876574074074 0.7907765833333333 0.8544957546296296 0.7116173981481482 0.7735866319444445 0.5535967476851852 0.7353979212962963 0.4046280023148148 0.7334791967592593 0.4034917546296296 0.7441043958333333 0.46688840740740745 0.7405968379629629 0.47832332638888886 0.7637928726851853 0.5588961828703704 0.7962729699074074 0.6293637476851851 0.8518962731481481 0.7364586967592592 0.8674374351851852 0.7743751203703704 0.8801555509259259 0.7983141435185185 0.931161224537037 0.8832912175925925
2 0.6553056296296297 0.10231902777777778 0.6165115 0.02666464583333333 0.6065207407407407 0.03313428240740741 0.6099594930555555 0.05246288888888889 0.621084400462963 0.07803215740740742 0.638454238425926 0.10351944444444444 0.6642047314814815 0.15246831018518517 0.6693283055555556 0.17882681712962964 0.6925403194444444 0.18469067592592592 0.6553056296296297 0.10231902777777778
3 0.8583289583333333 0.3945041712962963 0.8573064305555556 0.39470293055555555 0.8529004884259259 0.3993323819444444 0.8522313101851852 0.4013489699074074 0.8482162407407408 0.4134484953703704 0.8485695902777778 0.41526632407407404 0.8513588680555556 0.4241567037037037 0.8527347476851852 0.4257757731481482 0.8606741898148148 0.43932460185185185 0.8620500671296296 0.44094367129629625 0.8703053379629629 0.45065808333333335 0.8713278657407407 0.45045932407407413 0.8878008842592593 0.4642359050925926 0.8888234120370371 0.46403714583333333 0.8980636875 0.46790055555555554 0.8990862175925926 0.4677017962962963 0.9188300833333334 0.4600909513888889 0.919499261574074 0.45807436342592595 0.9283111435185185 0.44881545833333336 0.9289803217592593 0.44679887037037036 0.9420480601851852 0.41030153703703703 0.9416947106481481 0.40848370833333336 0.9436647245370371 0.3967817013888889 0.943311375 0.39496387499999996 0.9418229305555555 0.3763880740740741 0.9414695810185185 0.37457024537037037 0.9351468032407408 0.34750158333333336 0.9337709236111111 0.34588251388888885 0.9313349953703705 0.33880996064814817 0.9299591180555556 0.33719089351851855 0.9237489050925926 0.32707896296296296 0.9227263773148148 0.3272777222222222 0.9138019282407407 0.31957989583333335 0.9127794004629629 0.31977865509259257 0.9021632453703704 0.31429617824074074 0.9011407175925926 0.3144949375 0.8793142731481481 0.3168510555555556 0.8691265115740741 0.32449089351851856 0.8684573333333333 0.32650748148148145 0.8644047407407407 0.33295476157407405 0.8647580902777777 0.3347725902777778 0.8666374050925926 0.3608184606481481 0.8659682268518518 0.3628350486111111 0.8623440300925926 0.3824046458333333 0.8616748495370371 0.3844212337962963 0.8583289583333333 0.3945041712962963
3 0.7837594351851851 0.4203180925925926 0.7847819629629629 0.42011933333333334 0.8022775092592593 0.4336971550925926 0.8033000393518519 0.4334983958333333 0.8251264837962963 0.43114227546296297 0.825795662037037 0.4291256898148148 0.8309083032407407 0.4281318912037037 0.8315774814814815 0.4261153055555556 0.8427877708333333 0.41827670833333336 0.8434569490740741 0.4162601203703704 0.8461711851851852 0.41384601388888886 0.8458178333333334 0.4120281851851852 0.8521937893518519 0.39569672685185187 0.8532163171296296 0.3954979675925926 0.8582914375 0.38885192592592593 0.8589606157407408 0.3868353402777778 0.8645548263888889 0.3555637361111111 0.8642014768518519 0.3537459074074074 0.8567811273148149 0.31557151851851856 0.85540525 0.31395244907407405 0.8505333935185185 0.2998073425925926 0.8491575138888889 0.2981882731481481 0.8456990578703704 0.2913144814814815 0.8443231782407408 0.289695412037037 0.8337445462962962 0.2898651782407407 0.8330753680555555 0.29188176388888887 0.824932662037037 0.29912408333333335 0.8235567847222222 0.2975050138888889 0.8121964074074074 0.28273463657407405 0.8111738796296296 0.2829333958333333 0.7991443240740741 0.2701796064814815 0.7981217962962963 0.27037836574074076 0.795054212962963 0.2709746435185185 0.7521298888888889 0.3340271458333333 0.7514607106481482 0.3360437337962963 0.750159875 0.34572915277777777 0.7505132268518518 0.3475469791666667 0.7564826550925926 0.3727978148148148 0.7578585324074074 0.37441688194444445 0.7668955462962963 0.39907143981481485 0.7682714236111111 0.4006905069444444 0.7837594351851851 0.4203180925925926
3 0.8267190601851852 0.18093269907407408 0.8342792939814815 0.21618725 0.8336101157407407 0.21820383796296297 0.8268057662037037 0.22141298148148147 0.8159863472222222 0.23672165046296295 0.8139412916666666 0.23711916898148147 0.8054827592592593 0.24819590277777778 0.7997759814814814 0.26251077314814814 0.7998135046296296 0.26816301851851854 0.8008360324074074 0.26796425925925926 0.8118430578703704 0.2809168078703704 0.8169556990740742 0.27992301157407407 0.8182940555555556 0.2758898356481482 0.8210082916666667 0.27347573148148147 0.8223466481481482 0.2694425555555556 0.8257300625 0.26501186111111114 0.833910287037037 0.26342178703703706 0.8376845717592593 0.26646116435185185 0.8390979722222222 0.27373247685185187 0.8404738518518519 0.2753515462962963 0.8411805509259259 0.2789872013888889 0.844248136574074 0.2783909236111111 0.8449173148148148 0.2763743356481482 0.8500299560185185 0.27538053935185186 0.8506991342592592 0.27336395138888886 0.8527441898148148 0.27296643287037037 0.8567967824074074 0.26651915277777777 0.8588418402777778 0.2661216342592593 0.8639169583333334 0.2594755925925926 0.8696237361111111 0.2451607222222222 0.8685636851851852 0.2397072361111111 0.8658119282407407 0.23646909953703704 0.8647894004629629 0.2366678587962963 0.8606617662037037 0.23181065277777776 0.8558649537037036 0.22897003472222222 0.8517373171296296 0.22411282870370372 0.8507147893518519 0.22431158796296297 0.840414462962963 0.21499469444444444 0.7971822013888888 0.10313302777777779 0.8000262106481482 0.09456253009259259 0.7986128101851853 0.0872912199074074 0.7965677546296297 0.08768873842592592 0.795191875 0.08606966898148148 0.7924805555555556 0.09577772453703703 0.7890567060185185 0.08726222453703703 0.7883875277777778 0.0892788125 0.7832748865740741 0.0902726087962963 0.780914 0.09450454398148149 0.7778464166666667 0.09510082175925925 0.7693878819444444 0.10617755555555555 0.765019462962963 0.11645925231481481 0.7616360486111111 0.12088994675925926 0.7589593356481481 0.1289562962962963 0.7593126851851851 0.130774125 0.7566359722222222 0.13884047453703705 0.7569893217592593 0.14065830324074075 0.7533276018518519 0.1545756550925926 0.7540343032407407 0.15821131249999998 0.753365125 0.16022790046296295 0.754071824074074 0.16386355555555557 0.7534026458333334 0.16588014351851854 0.7541093472222222 0.1695157986111111 0.7534776898148148 0.17718462962962964 0.7617329583333334 0.18689904398148147 0.7603946018518519 0.1909322175925926 0.756304488425926 0.1917272546296296 0.8267190601851852 0.18093269907407408
3 0.8723754930555556 0.2483988587962963 0.8659620162037037 0.25907807407407407 0.8673754166666667 0.2663493865740741 0.8687512939814815 0.2679684560185185 0.8715405717592591 0.27685883796296296 0.8742923287037037 0.280096974537037 0.8798333634259259 0.29222549305555556 0.8928854467592593 0.3047805231481482 0.8973289097222222 0.3058033148148148 0.9130952291666666 0.31594424074074073 0.9151402847222222 0.3155467222222222 0.9189145694444444 0.31858609953703704 0.9240272106481482 0.3175923032407407 0.9246963888888889 0.3155757152777778 0.9277639745370371 0.31497943749999996 0.927410625 0.31316160879629634 0.9156968981481481 0.2965734027777778 0.9153435486111111 0.29475557407407404 0.8988330092592592 0.27532675 0.8984796574074074 0.2735089212962963 0.9156375092592592 0.2362165486111111 0.9197651458333334 0.24107375694444444 0.9201184953703704 0.24289158333333333 0.9242461296296297 0.24774878935185185 0.9245994791666667 0.24956661805555558 0.9373357337962963 0.2659560648148148 0.9376890833333333 0.2677738935185185 0.9431925972222223 0.27425016898148147 0.9435459467592593 0.27606799537037036 0.9504253402777778 0.2841633402777778 0.9507786898148148 0.28598116898148146 0.9562822013888889 0.29245744444444444 0.9566355532407407 0.2942752708333333 0.9621390648148148 0.3007515462962963 0.9631615949074074 0.3005527870370371 0.9710635138888889 0.30844937037037035 0.9413821134259259 0.1557518101851852 0.9386303587962963 0.1525136712962963 0.9365477800925925 0.14725894675925927 0.9245557476851851 0.14015740046296296 0.913977113425926 0.14032716666666667 0.9126012361111111 0.13870809722222222 0.9074885925925926 0.13970189351851853 0.9061127152777778 0.13808282407407407 0.889752261574074 0.14126297453703704 0.8846771412037037 0.1479090162037037 0.879917849537037 0.1507206412037037 0.876887787037037 0.15696916203703704 0.8772786597222222 0.1644392337962963 0.8841955717592592 0.17818682175925926 0.8834621689814816 0.1823926388888889 0.8849022731481482 0.18182247685185185 0.886278150462963 0.18344154629629628 0.8887140787037038 0.19051409953703705 0.882204150462963 0.19061856944444444 0.8746560416666667 0.23997416666666668 0.8768189560185186 0.24942165046296297 0.8723754930555556 0.2483988587962963
3 0.886218761574074 0.12308469444444443 0.8875946412037037 0.12470376157407408 0.8982483171296296 0.1358384837962963 0.8992708449074074 0.13563972453703704 0.9197589328703705 0.1373167824074074 0.920781460648148 0.13711802314814814 0.9364352152777777 0.13030221527777777 0.9360818657407407 0.12848438888888888 0.9212411643518519 0.05213560648148148 0.9202186365740741 0.05233436574074074 0.9136925949074074 0.04605684953703704 0.9022415208333333 0.06903434953703703 0.9015723425925926 0.07105093750000001 0.8942113796296296 0.09323340046296297 0.8931888518518518 0.09343215972222223 0.8891362615740741 0.09987943981481481 0.8884670833333334 0.10189602777777777 0.8841361828703703 0.1178299699074074 0.8855120624999999 0.11944903703703703 0.886218761574074 0.12308469444444443
3 0.7540548726851852 0 0.7561263240740741 0.010656696759259258 0.7575022037037037 0.012275766203703702 0.7617048819444444 0.028437460648148147 0.7755387083333333 0.055932634259259255 0.7906733680555555 0.0737423912037037 0.8026654027777779 0.0808439375 0.8060488148148148 0.07641324305555555 0.8156403726851852 0.04750882407407407 0.8230409259259259 0.06556426157407408 0.8281535671296296 0.06457046527777778 0.8294919236111111 0.060537291666666666 0.8372812777777777 0.05147714351851852 0.847356474537037 0.026880576388888886 0.8483790023148148 0.02668181712962963 0.8577850208333333 0.004101835648148148 0.8588075486111111 0.0039030763888888887 0.8601027337962963 0 0.7540548726851852 0
3 0.8197198796296297 0.49067509722222225 0.8186973518518519 0.49087385648148146 0.810517125 0.4924639328703704 0.8098854675925926 0.5001327638888889 0.8112613472222222 0.5017518333333333 0.8153889814814815 0.5066090393518519 0.8164115092592593 0.5064102800925926 0.821170800925926 0.5035986550925926 0.820817451388889 0.5017808263888889 0.8221558078703703 0.49774765046296293 0.8218024583333333 0.49592982407407404 0.8197198796296297 0.49067509722222225
3 0.5864581828703703 0.9284111574074074 0.5881874120370371 0.9318480555555555 0.5892099398148148 0.9316492939814814 0.6098481134259259 0.9559353263888889 0.618065863425926 0.9599974953703703 0.6208176180555556 0.9632356319444445 0.6280128379629629 0.9674965601851852 0.6378847731481481 0.9636911388888889 0.6385539513888888 0.9616745509259259 0.6416215347222222 0.9610782731481481 0.6422907129629629 0.9590616851851851 0.6415840138888889 0.9554260300925926 0.6422531921296296 0.9534094421296296 0.6404864421296296 0.9443203009259259 0.6411556203703703 0.9423037129629629 0.6404489212962963 0.9386680578703703 0.6390730416666666 0.9370489884259259 0.6344794930555556 0.9134172245370371 0.6331036134259259 0.9117981550925925 0.631690212962963 0.9045268425925926 0.6303143356481482 0.9029077731481481 0.6281942361111111 0.8920008055555556 0.6285100648148148 0.8881663888888889 0.6421187592592593 0.8817481018518519 0.6449455601851852 0.8962907268518518 0.6463214375 0.8979097962962963 0.6505616388888888 0.9197237337962962 0.6519375162037037 0.9213428009259259 0.6540576157407407 0.9322497708333333 0.6609745300925925 0.9459973587962963 0.6660871712962964 0.9450035601851852 0.6674255277777777 0.9409703865740741 0.670139763888889 0.9385562800925926 0.6738014837962963 0.9246389259259259 0.6740797893518519 0.9151522685185185 0.6757339745370371 0.9072846759259259 0.6746364027777778 0.8961789490740741 0.6753055810185186 0.8941623611111111 0.6742080092592593 0.8830566342592592 0.6748771875 0.8810400462962963 0.6731479606481481 0.8776031481481481 0.6717345601851852 0.8703318356481482 0.6703586805555555 0.8687127685185184 0.6685919305555555 0.8596236273148149 0.665840175925926 0.8563854884259259 0.6637575972222223 0.8511307638888889 0.6500376388888889 0.8365046226851852 0.6456679143518519 0.8508740185185185 0.6446453865740741 0.8510727777777777 0.642985238425926 0.8440209282407407 0.6445729537037037 0.8315928958333333 0.6397360092592592 0.8312754259259258 0.6379692592592592 0.8221862870370371 0.6336435787037037 0.8217694375 0.6338416250000001 0.8173290810185185 0.6281788912037037 0.816857710648148 0.6286914606481482 0.8126706342592592 0.6262930532407408 0.8112503240740742 0.6255863541666667 0.8076146666666667 0.6221278981481482 0.8007408749999999 0.6210678472222222 0.7952873888888888 0.6193386203703704 0.7918504930555555 0.611083349537037 0.7821360810185185 0.6045948287037036 0.7815108078703703 0.6032189513888889 0.7798917407407407 0.6008554560185184 0.7922990671296296 0.5899260833333334 0.7824756111111112 0.581467550925926 0.7935523449074074 0.5744599375 0.8175526365740742 0.5751666388888889 0.8211882916666666 0.5816551574074074 0.8218135648148148 0.5864519722222222 0.8246541828703704 0.5895195555555556 0.8240579050925926 0.5908954351851852 0.825676974537037 0.5929404907407407 0.8252794560185186 0.5977373055555555 0.8281200740740741 0.6008048888888888 0.8275237962962962 0.6021807685185185 0.8291428634259259 0.6110676944444444 0.8311884467592593 0.6138194513888889 0.8344265833333333 0.6186162638888889 0.8372672013888889 0.6227438981481482 0.8421244074074075 0.6215476782407408 0.8488739722222222 0.6054695069444445 0.8525137546296295 0.6068493611111111 0.8640791180555555 0.5996541412037037 0.8598181898148148 0.5947507268518519 0.8549402777777778 0.5952106782407407 0.8587953981481482 0.5938347986111111 0.8571763310185185 0.5907672152777778 0.8577726087962964 0.5893913356481482 0.8561535393518519 0.5699632986111111 0.8599299675925927 0.5693316412037037 0.8675987986111111 0.5725117916666667 0.8839592523148149 0.5738876689814815 0.8855783194444444 0.5763611203703704 0.8983031180555556 0.5777369976851852 0.8999221851851852 0.5795037476851852 0.9090113263888889 0.5829622037037038 0.9158851203703704 0.5840222546296296 0.9213386041666667 0.5853981319444445 0.9229576736111111 0.5864581828703703 0.9284111574074074
3 0.6243511180555555 0.9814139143518519 0.6250202962962962 0.9793973263888889 0.6239227245370371 0.9682915972222221 0.6225468472222223 0.9666725300925926 0.6211709699074075 0.9650534606481481 0.6201484398148148 0.9652522199074075 0.605404650462963 0.9549125347222223 0.6040287731481482 0.9532934675925927 0.5885407615740741 0.9336658819444444 0.5875182337962963 0.9338646412037037 0.5800071851851852 0.9334381296296296 0.5657293101851851 0.9418730046296296 0.5650601319444445 0.9438895925925926 0.5582933055555556 0.9527509791666666 0.5586466550925926 0.9545688078703704 0.5503006874999999 0.9826022731481481 0.5506540370370371 0.9844201018518518 0.5497065509259259 0.9959233472222222 0.5510824305555556 0.9975424166666668 0.6243511180555555 0.9814139143518519
3 0.5857890046296296 0.9304277453703704 0.5854356550925925 0.9286099166666667 0.581939675925926 0.9160838796296297 0.5805637986111111 0.9144648101851851 0.5743535856481481 0.9043528796296297 0.5733310555555555 0.9045516388888889 0.5661358356481482 0.9002907106481481 0.5651133078703704 0.9004894699074074 0.5600006666666667 0.9014832662037037 0.5525271412037037 0.9067089976851852 0.551857962962963 0.9087255856481482 0.5502037777777777 0.9165931759259259 0.5505571273148148 0.9184110046296297 0.5575866041666666 0.9491153240740741 0.5586091342592593 0.9489165648148149 0.5728494861111111 0.9348294444444444 0.5738720138888889 0.9346306851851851 0.5857890046296296 0.9304277453703704
3 0.5609481527777778 0.8899800208333333 0.5599256226851852 0.8901787800925925 0.5541062824074074 0.8875369212962964 0.5530837546296297 0.8877356805555556 0.5479711111111111 0.8887294768518518 0.5462794050925927 0.8909448240740742 0.5466327546296297 0.892762650462963 0.5501662546296296 0.9109409328703704 0.5508354328703704 0.9089243449074075 0.5589781388888889 0.9016820254629629 0.5600006666666667 0.9014832662037037 0.5681808935185185 0.8998931921296296 0.5668050138888889 0.8982741226851851 0.5609481527777778 0.8899800208333333
3 0.8395636342592593 0.9093966388888889 0.8405861643518519 0.9091978796296296 0.8532098541666667 0.9086305972222222 0.8538790324074074 0.9066140092592593 0.8555332175925926 0.8987464189814814 0.8551798657407408 0.8969285902777777 0.8551048240740741 0.8856241018518518 0.854751474537037 0.883806275462963 0.8516088449074074 0.8730980648148148 0.8522780231481482 0.8710814768518519 0.8529096805555555 0.8634126458333333 0.8525563310185185 0.8615948194444444 0.8511429305555555 0.8543235069444444 0.8497670509259259 0.8527044375 0.8384441967592593 0.8435863032407407 0.8374216689814815 0.8437850625000001 0.8278655648148148 0.8437560694444444 0.8224370949074074 0.8485842800925926 0.8217679166666666 0.8506008680555555 0.819128724537037 0.864319462962963 0.819482074074074 0.8661372893518519 0.8251356736111112 0.8952225393518518 0.8265115532407408 0.8968416087962963 0.8299324861111111 0.8980631597222222 0.8313083657407409 0.8996822268518518 0.8395636342592593 0.9093966388888889
3 0.8414804722222222 0.9410947546296297 0.842149650462963 0.9390781689814814 0.8492323055555556 0.9263823657407407 0.8488789560185185 0.924564537037037 0.8457363263888888 0.9138563263888889 0.844360449074074 0.9122372592592592 0.8429845694444444 0.9106181898148149 0.8419620416666667 0.9108169490740741 0.825842375 0.8988581967592593 0.8166771412037037 0.9062992731481481 0.816007962962963 0.9083158611111111 0.8133312500000001 0.9163822106481482 0.8136845995370371 0.9182000393518519 0.8123837638888889 0.9278854583333334 0.8127371134259259 0.9297032870370371 0.8169397916666666 0.9458649791666667 0.8179623217592592 0.9456662199074074 0.8414804722222222 0.9410947546296297
3 0.883013261574074 0.925475548611111 0.8819907337962962 0.9256743078703704 0.8649235787037037 0.9252188032407408 0.8642919236111112 0.9328876342592592 0.8656678009259259 0.9345067013888888 0.8680662083333333 0.9359270115740741 0.869088736111111 0.9357282523148148 0.8983887083333334 0.9281464027777778 0.8973661782407407 0.9283451620370371 0.8902084814814815 0.9297364768518519 0.8888326018518519 0.9281174097222222 0.883013261574074 0.925475548611111
3 0.34013844444444447 0.6329456087962962 0.34116097222222225 0.632746849537037 0.3517396064814815 0.6325770833333334 0.35240878472222226 0.6305604953703704 0.35716807638888887 0.6277488703703704 0.3578372546296296 0.6257322824074074 0.3622056736111111 0.6154505856481483 0.361852324074074 0.6136327592592593 0.36350650925925926 0.6057651666666667 0.3631531597222222 0.6039473402777779 0.362055587962963 0.5928416111111111 0.36067970833333335 0.5912225416666667 0.3575370810185185 0.5805143333333334 0.3561612013888889 0.5788952638888889 0.3496351597222222 0.57261775 0.3486126319444445 0.5728165092592592 0.3359889421296296 0.5733837916666666 0.3255603958333333 0.5961625324074075 0.3259137453703704 0.5979803611111111 0.32528209027777777 0.6056491921296296 0.3256354398148148 0.6074670208333333 0.3270488402777778 0.6147383333333333 0.3284247175925926 0.6163574027777777 0.33086064583333336 0.6234299560185185 0.332236525462963 0.6250490231481481 0.34013844444444447 0.6329456087962962
3 0.18217806944444442 0.8466416967592593 0.1818247199074074 0.8448238680555555 0.17286275 0.8314738009259259 0.17184022222222223 0.8316725601851852 0.16468252314814813 0.833063875 0.1633816875 0.8427492939814815 0.16373503935185185 0.8445671226851852 0.1675468449074074 0.8532587430555556 0.16856937268518518 0.8530599837962962 0.17643377083333334 0.8553043240740741 0.1771029490740741 0.8532877384259259 0.18017053472222222 0.8526914606481482 0.17981718518518516 0.8508736319444444 0.18217806944444442 0.8466416967592593
3 0.19727521064814815 0.8587992106481481 0.1969218587962963 0.8569813819444444 0.19480175925925924 0.846074412037037 0.19342588194444443 0.8444553449074074 0.18386977546296296 0.8444263495370371 0.18017053472222222 0.8526914606481482 0.18052388425925925 0.854509287037037 0.18264398379629632 0.8654162569444445 0.18401986342592594 0.867035324074074 0.1908617337962963 0.869478425925926 0.19153091203703704 0.867461837962963 0.19526767361111114 0.8648489722222222 0.19593685416666667 0.8628323842592592 0.19727521064814815 0.8587992106481481
3 0.19898257175925926 0.8075314976851852 0.1986292222222222 0.8057136689814816 0.19756917129629628 0.8002601851851852 0.1961932939814815 0.7986411157407408 0.19206565740740741 0.7937839097222222 0.19104312962962963 0.7939826689814815 0.1855771388888889 0.7931586388888889 0.1839229537037037 0.8010262291666668 0.18427630324074076 0.8028440578703704 0.18678727546296298 0.8212210972222223 0.1881631527777778 0.8228401666666666 0.19429832407407407 0.8216476087962964 0.1949675023148148 0.8196310231481482 0.19835091435185184 0.8152003287037037 0.1979975648148148 0.8133825 0.19898257175925926 0.8075314976851852
3 0.18455461111111113 0.7933573981481481 0.18522378935185185 0.7913408101851852 0.1862087939814815 0.7854898078703704 0.18585544444444443 0.7836719791666666 0.1851112222222222 0.7743840787037037 0.18373534490740742 0.7727650092592592 0.18063023842592593 0.7677090439814814 0.17960771064814815 0.7679078032407408 0.17311918981481483 0.7672825324074074 0.16906659953703704 0.7737298125000001 0.1694199490740741 0.7755476412037038 0.16847246296296295 0.787050888888889 0.16984834259259257 0.7886699560185185 0.17228427083333334 0.7957425092592593 0.17330679861111112 0.79554375 0.18117119675925927 0.7977880902777778 0.181840375 0.7957715046296295 0.18455461111111113 0.7933573981481481
3 0.17113352083333333 0.8280369027777779 0.1707801712962963 0.8262190763888889 0.1697201226851852 0.8207655902777778 0.1703893009259259 0.8187490023148148 0.17133678472222225 0.8072457569444444 0.1709834351851852 0.8054279282407407 0.16992338425925926 0.7999744444444444 0.16890085648148148 0.8001732037037037 0.16410404398148148 0.7973325856481481 0.15663051620370372 0.8025583171296297 0.15596133796296296 0.8045749027777779 0.15497633101851852 0.8104259074074074 0.15532968287037038 0.8122437337962963 0.15709643287037037 0.8213328750000001 0.15847231018518518 0.8229519444444444 0.1643291736111111 0.8312460462962963 0.16535170138888888 0.831047287037037 0.17113352083333333 0.8280369027777779
3 0.27301113657407405 0.7516385300925926 0.2736803148148148 0.7496219421296296 0.27572537268518515 0.7492244236111111 0.2763945509259259 0.7472078356481482 0.2777329074074074 0.7431746597222222 0.2773795578703704 0.7413568333333332 0.2756128078703704 0.7322676921296297 0.27423692824074075 0.7306486226851852 0.27250770138888886 0.7272117268518519 0.2714851712962963 0.7274104861111111 0.2663725300925926 0.7284042824074075 0.2629891180555556 0.7328349768518518 0.26231993981481483 0.7348515624999999 0.2613349328703704 0.7407025671296297 0.26271081018518516 0.7423216365740741 0.2634175092592593 0.7459572916666667 0.26479338888888887 0.7475763611111111 0.26892102314814814 0.7524335671296297 0.2699435509259259 0.7522348078703703 0.27301113657407405 0.7516385300925926
3 0.2613349328703704 0.7407025671296297 0.25995905324074076 0.7390834976851851 0.2572072962962963 0.7358453611111111 0.2561847685185185 0.7360441203703704 0.2459594861111111 0.738031712962963 0.24670370833333333 0.747319613425926 0.24807958564814817 0.7489386828703704 0.25358309953703706 0.7554149583333334 0.25460562731481484 0.7552161967592593 0.25936491898148145 0.7524045717592592 0.2600340972222222 0.7503879861111111 0.2623949814814815 0.7461560509259259 0.2620416319444444 0.7443382222222221 0.2613349328703704 0.7407025671296297
3 0.257523125 0.7320109444444444 0.25716977546296294 0.7301931157407408 0.25642555324074073 0.7209052175925926 0.2550496759259259 0.7192861481481481 0.25332044675925924 0.71584925 0.25229791898148146 0.716048011574074 0.24954616203703706 0.7128098726851853 0.24852363425925927 0.7130086319444444 0.24238846296296296 0.7142011875000001 0.23900505092592592 0.7186318819444445 0.23935840046296294 0.7204497106481482 0.2404184513888889 0.7259031944444444 0.2417943287037037 0.727522263888889 0.24525278472222223 0.7343960578703703 0.2462753148148148 0.734197298611111 0.25413971296296295 0.7364416388888889 0.2548088912037037 0.7344250509259259 0.257523125 0.7320109444444444
3 0.24872689814814813 0.6922174861111111 0.2473510185185185 0.6905984166666668 0.23842657175925927 0.6829005925925926 0.23740404166666668 0.6830993518518519 0.2353589861111111 0.6834968703703703 0.23268227314814816 0.6915632199074074 0.23303562268518518 0.6933810486111112 0.23723830092592593 0.7095427407407408 0.23861417824074074 0.7111618101851852 0.2491928125 0.7109920439814815 0.24986199074074075 0.7089754583333333 0.25120034722222223 0.7049422824074073 0.2508469976851852 0.7031244537037038 0.24872689814814813 0.6922174861111111
3 0.2524261388888889 0.6839523773148147 0.2530953171296296 0.681935789351852 0.2544336736111111 0.677902613425926 0.25408032407407405 0.6760847847222222 0.25266692361111115 0.6688134722222222 0.2512910462962963 0.6671944050925925 0.2461033611111111 0.656883712962963 0.2447274814814815 0.6552646458333333 0.23993066898148147 0.652424025462963 0.23489307175925925 0.6647223101851851 0.23524642129629628 0.6665401388888889 0.23771987037037037 0.6792649351851852 0.23909575000000002 0.6808840046296296 0.2435767337962963 0.6875590393518519 0.24459926157407408 0.6873602800925925 0.24802019675925924 0.6885818287037038 0.248689375 0.6865652407407408 0.2524261388888889 0.6839523773148147
3 0.30282398842592595 0.6156741435185185 0.30247063888888887 0.6138563148148148 0.30172641666666666 0.6045684143518519 0.30035053935185185 0.6029493449074074 0.2968920810185185 0.5960755509259259 0.2958695532407407 0.5962743101851852 0.2931177962962963 0.593036173611111 0.2920952685185185 0.5932349328703703 0.2900502106481482 0.593632451388889 0.2836742569444444 0.609963912037037 0.2840276064814815 0.611781738425926 0.2837117777777778 0.6156161550925925 0.2850876574074074 0.617235224537037 0.28956864120370374 0.6239102569444444 0.2905911689814815 0.6237114976851852 0.2991247476851852 0.6239392523148148 0.2997939259259259 0.6219226643518518 0.30282398842592595 0.6156741435185185
3 0.27863665972222224 0.6222621944444445 0.279305837962963 0.6202456087962963 0.2813133726851852 0.6141958449074074 0.2809600208333333 0.6123780185185185 0.27817074305555556 0.6034876365740741 0.2771482152777778 0.6036863958333334 0.26861463888888887 0.6034586435185185 0.2672387615740741 0.6018395740740741 0.26141941898148147 0.5991977152777778 0.26043441203703704 0.6050487175925926 0.2607877615740741 0.6068665462962963 0.262201162037037 0.6141378587962962 0.2635770416666667 0.615756925925926 0.268058025462963 0.6224319606481481 0.26908055324074076 0.6222332013888888 0.27592242361111113 0.624676300925926 0.27659160185185183 0.6226597152777777 0.27863665972222224 0.6222621944444445
3 0.2738930231481482 0.5760214560185185 0.2725171435185185 0.574402386574074 0.26193851157407405 0.5745721527777777 0.2592617962962963 0.5826385023148148 0.2596151481481482 0.5844563310185186 0.263111125 0.5969823680555556 0.26448700462962965 0.5986014351851852 0.26826128935185184 0.6016408148148149 0.2692838171296296 0.6014420555555555 0.27711069444444447 0.5980341527777777 0.27777987268518517 0.5960175648148147 0.2738930231481482 0.5760214560185185
3 0.02085640046296296 0.502583486111111 0.02152558101851852 0.5005668981481481 0.018698780092592595 0.48602427314814817 0.017322902777777777 0.4844052037037037 0.013548615740740741 0.4813658263888889 0.012526087962962963 0.48156458564814814 0.0074134467592592585 0.4825583819444445 0.00615013425925926 0.4978960439814815 0.006503483796296296 0.4997138726851852 0.0085860625 0.5049685972222222 0.009608590277777777 0.504769837962963 0.012360347222222222 0.5080079768518518 0.013382875 0.5078092175925926 0.017472988425925925 0.5070141805555556 0.018142166666666668 0.5049975925925926 0.02085640046296296 0.502583486111111
3 0 0.5082468148148148 0.004495949074074074 0.5057636365740741 0.005165127314814815 0.5037470486111112 0.006112611111111111 0.49224380092592596 0.005759261574074075 0.49042597222222223 0.004699212962962963 0.48497248842592594 0.0033233333333333335 0.48335341898148143 0 0.47674818750000003 0 0.5082468148148148
3 0.03008102314814815 0.5554992615740741 0.02972767361111111 0.5536814328703704 0.031028506944444447 0.543996013888889 0.030675157407407408 0.5421781851851852 0.021397358796296295 0.5326625324074075 0.01494636111111111 0.5376895046296296 0.01427718287037037 0.5397060925925926 0.013292175925925924 0.5455570949074074 0.013645525462962962 0.5473749236111112 0.01745733333333333 0.5560665439814815 0.01883321064814815 0.5576856134259259 0.021231618055555557 0.5591059236111111 0.022254145833333336 0.5589071643518518 0.03008102314814815 0.5554992615740741
3 0.03708863425925926 0.5314989699074074 0.03673528472222222 0.5296811412037037 0.03669776388888889 0.5240288981481481 0.03532188425925926 0.5224098287037037 0.030134199074074077 0.5120991388888889 0.027104136574074074 0.5183476597222222 0.0260816087962963 0.5185464189814815 0.023014023148148148 0.5191426990740741 0.022344844907407405 0.5211592847222223 0.022066537037037034 0.5306459444444445 0.02241988888888889 0.5324637731481482 0.030321807870370372 0.5403603564814815 0.03134433564814815 0.5401615972222222 0.03708863425925926 0.5314989699074074
3 0.02163814583333333 0.5175236296296296 0.02061561574074074 0.5177223888888889 0.01751050925925926 0.512666423611111 0.016487981481481482 0.5128651828703704 0.00964611111111111 0.5104220833333334 0.004570990740740741 0.5170681226851852 0.004924342592592592 0.5188859513888888 0.006691092592592592 0.5279750925925926 0.008066969907407408 0.5295941597222222 0.014593011574074074 0.535871675925926 0.015615539351851851 0.5356729166666666 0.020374831018518516 0.5328612916666666 0.02104400925925926 0.5308447037037037 0.02163814583333333 0.5175236296296296
3 0.10000705324074073 0.29288737962962963 0.10067623148148147 0.29087079398148147 0.10811223611111112 0.27999281944444443 0.10775888425925925 0.2781749907407407 0.10190202314814814 0.26988088657407405 0.10087949305555555 0.2700796458333333 0.09745855787037037 0.2688580972222222 0.09203008796296297 0.27368630787037035 0.09238343981481482 0.2755041365740741 0.09171426157407409 0.277520724537037 0.0920676111111111 0.27933855324074075 0.09245848148148149 0.286808625 0.09383436111111111 0.28842769212962965 0.09591693981481482 0.2936824189814815 0.0969394675925926 0.29348365972222223 0.10000705324074073 0.29288737962962963
3 0.10972889814814815 0.2664729837962963 0.10835302083333333 0.26485391435185185 0.10556374305555556 0.2559635347222222 0.10418786342592593 0.25434446527777776 0.09872187268518519 0.2535204351851852 0.09431593055555555 0.25814988657407406 0.0946692800925926 0.2599677152777778 0.09572933101851852 0.2654211990740741 0.09710520833333333 0.26704026851851853 0.10807471296296296 0.2743405740740741 0.1087438912037037 0.27232398611111114 0.1097664212962963 0.27212522685185186 0.10941306944444446 0.270307400462963 0.10972889814814815 0.2664729837962963
3 0.0678678587962963 0.07841265740740741 0.06751450694444444 0.0765948287037037 0.01910232638888889 0.08411868981481482 0.024643361111111112 0.09624721064814815 0.02601924074074074 0.09786627777777779 0.03907132407407407 0.11042131018518518 0.04009385185185185 0.11022255092592594 0.04520649305555556 0.10922875231481483 0.0458756712962963 0.10721216666666666 0.06455948842592593 0.09414783796296297 0.06522866666666667 0.09213125 0.0678678587962963 0.07841265740740741
3 0.06420613888888889 0.09233000925925926 0.06152942361111111 0.10039635879629628 0.06050689583333333 0.10059511805555556 0.05063496296296296 0.10440054166666667 0.04996578472222222 0.10641712731481483 0.05137918518518519 0.11368843981481482 0.0527550625 0.11530750925925926 0.06537875231481481 0.11474022453703704 0.06604793055555556 0.1127236388888889 0.07863409953703704 0.10650410879629629 0.08000997685185185 0.10812317824074073 0.08311508333333333 0.11317914351851852 0.08413761342592592 0.11298038425925927 0.08618266898148148 0.11258286574074074 0.08582931944444444 0.11076503703703704 0.08677680324074073 0.09926179166666665 0.0864234537037037 0.09744396296296297 0.0828899537037037 0.07926568287037038 0.08151407638888888 0.07764661342592592 0.07943149768518519 0.07239188888888888 0.07840896990740741 0.07259064814814814 0.06716115740740741 0.074777 0.06790537962962963 0.08406490046296297 0.06723620138888889 0.08608148842592592 0.06522866666666667 0.09213125 0.06420613888888889 0.09233000925925926
3 0.27181044444444447 0.5707667291666666 0.27247962268518516 0.5687501435185185 0.27130700694444443 0.546339925925926 0.2699311296296296 0.5447208587962963 0.2668260231481482 0.5396648935185185 0.26580349305555556 0.5398636527777778 0.258961625 0.537420550925926 0.25388650462962964 0.5440665925925926 0.25423985416666667 0.5458844212962963 0.2535706759259259 0.5479010092592593 0.25392402546296294 0.5497188356481482 0.25742000462962966 0.5622448726851852 0.2587958819444444 0.5638639421296296 0.26567527314814815 0.571959287037037 0.26669780324074077 0.5717605277777777 0.27181044444444447 0.5707667291666666
3 0.27863044675925924 0.5185052199074074 0.27760791898148146 0.5187039791666667 0.27111939814814817 0.5180787083333334 0.2743745925925926 0.5457436481481481 0.27575046990740737 0.5473627175925926 0.28090063425925926 0.5520211643518519 0.2815698125 0.5500045763888889 0.2856224027777778 0.5435572962962963 0.28526905324074076 0.5417394675925926 0.2811038981481482 0.5312300185185185 0.2807505462962963 0.5294121898148147 0.27863044675925924 0.5185052199074074
3 0.6982392939814814 0.13321302777777777 0.6978859444444445 0.13139519907407407 0.6934049583333334 0.12472016435185186 0.6923824305555556 0.12491892361111112 0.6848713819444444 0.12449241203703704 0.6801871342592593 0.13860852546296296 0.6805404837962963 0.14042635185185184 0.6819538842592593 0.14769766435185186 0.6833297615740741 0.14931673379629629 0.6867882199074075 0.15619052777777775 0.6878107476851852 0.15599176851851854 0.6908783333333333 0.15539549074074074 0.691547511574074 0.15337890277777777 0.6982392939814814 0.13321302777777777
1 0.6940043356481481 0.2921259583333333 0.6805948263888889 0.3028445069444444 0.6684870972222222 0.2885967013888889 0.6435514976851852 0.24929930092592592 0.5599659583333333 0.1353773287037037 0.5444660439814815 0.16536733333333334 0.6241209490740741 0.273261900462963 0.656092587962963 0.3596750023148148 0.617499138888889 0.46848252314814814 0.618006650462963 0.4678179189814815 0.6615904097222222 0.5195258402777777 0.6965918657407407 0.44028017129629626 0.7254187407407408 0.38713668055555556 0.7510291875 0.33273189120370367 0.7755198449074073 0.2998623541666667 0.7418796342592593 0.22943164351851852 0.6953802129629629 0.2937450277777778 0.6940043356481481 0.2921259583333333
1 0.8750434837962963 0.15676170601851852 0.8746723171296297 0.13683682175925926 0.8887047361111112 0.09656759953703703 0.9061677800925926 0.06412083564814815 0.8580570648148148 0.014236122685185185 0.8197272384259259 0.08563945601851852 0.8079453263888888 0.11019047453703704 0.8036700879629629 0.12422708333333334 0.7633599351851852 0.1903558148148148 0.791118261574074 0.2692872476851852 0.7915422800925925 0.2714686412037037 0.8307748657407408 0.21781169675925924 0.8394829305555556 0.21347790277777778 0.8990856712962964 0.2722592175925926 0.9616068287037037 0.35424330324074077 0.9696973263888888 0.313431212962963 0.9051770833333334 0.22334640277777779 0.8839188310185185 0.18276824537037037 0.8750434837962963 0.15676170601851852
1 0.5802354768518518 0.11955230555555556 0.5945771365740741 0.12072624537037037 0.6128775856481482 0.10132229398148149 0.6232420231481481 0.09459137037037037 0.6288027638888889 0.09426507638888888 0.6492423703703705 0.1246265462962963 0.6498558888888889 0.12450728935185185 0.6581468171296296 0.10874685416666667 0.6157882268518519 0.025673328703703705 0.6065432546296295 0.03652562962962963 0.6204017800925926 0.0728826111111111 0.6199167800925927 0.0769385625 0.6149942569444445 0.08600740740740741 0.5893985231481481 0.10664076620370369 0.5802354768518518 0.11955230555555556
0 0.6322802986111111 0.854608212962963 0.6227085648148148 0.8419426250000001 0.5967426064814815 0.8273701666666666 0.5516409837962963 0.8246293101851853 0.5713598518518519 0.7721243287037036 0.5319775277777777 0.7158267083333334 0.47754612037037036 0.8910996342592592 0.5183037013888888 0.9386406273148148 0.5376420115740741 0.8956421828703703 0.5559305810185186 0.8641668611111112 0.5628221736111111 0.8586769444444444 0.594204724537037 0.8563498194444444 0.6153551064814815 0.8652555370370371 0.6296567361111111 0.8809634027777777 0.6322802986111111 0.854608212962963
0 0.16537550694444444 0.7318121087962963 0.16182605555555554 0.726653863425926 0.15323212037037037 0.7430391527777778 0.14388489351851852 0.7539113287037037 0.14849971527777778 0.7601830439814814 0.15548605555555556 0.7535428032407407 0.16325570601851852 0.7569374675925926 0.17470394675925927 0.7798027708333334 0.17518894675925925 0.7757468194444445 0.1688817986111111 0.7613147523148148 0.1649399074074074 0.7535916736111111 0.15934164583333332 0.7482657222222222 0.15897328703703706 0.7441869976851853 0.16537550694444444 0.7318121087962963
0 0.8602622175925926 0.7936917083333334 0.8560892337962963 0.8077084421296297 0.852463148148148 0.8578399074074073 0.8546523518518518 0.8740156782407408 0.8601055208333334 0.8780492731481482 0.8608460162037036 0.825082988425926 0.8644295624999999 0.8096716203703704 0.8707054513888889 0.7988304976851852 0.8806464884259259 0.8002938773148147 0.8993531157407408 0.826653224537037 0.9029569861111112 0.8091627430555556 0.8904064768518518 0.7899074212962963 0.8696573032407408 0.7437594236111111 0.8666288055555555 0.7451027083333334 0.8594176319444444 0.7538618171296295 0.8694584120370371 0.7754914930555555 0.8732611504629629 0.7879579004629629 0.8602622175925926 0.7936917083333334