2 0.04364282638888889 0.2608290486111111 0.0401047800925926 0.2765835555555555 0.23218841203703705 0.342864212962963 0.2448169097222222 0.3449095208333333 0.4336537916666667 0.39974418518518523 0.7407999560185184 0.5028460694444444 0.9813321203703703 0.6074220023148148 0.9822673472222222 0.60836625 0.9918143333333334 0.5581070625 0.8845093935185185 0.5080362777777778 0.3800425324074074 0.33755121064814814 0.3731927291666666 0.3323679560185185 0.2142279699074074 0.29197633796296296 0.04897254166666666 0.23842678240740742 0.04202632407407408 0.2497295763888889 0.04364282638888889 0.2608290486111111
3 0.3943482615740741 0.2666852824074074 0.3961596458333333 0.2670703032407407 0.40297203472222226 0.2706481967592593 0.40478341898148146 0.2710332199074074 0.4331158472222222 0.2802502777777778 0.4349272314814815 0.2806352986111111 0.4715880694444444 0.2862979236111111 0.4736160277777778 0.28566404166666665 0.49302931944444445 0.2834008356481481 0.4950572800925926 0.2827669537037037 0.5175814050925927 0.27477534722222224 0.5177979791666667 0.2737564444444444 0.5355376759259259 0.2615530601851852 0.53575425 0.26053415740740743 0.5408930416666666 0.2541718726851852 0.5411096157407408 0.2531529699074074 0.5463074074074074 0.2286992800925926 0.544712599537037 0.22729535416666666 0.5428224259259259 0.21837408101851852 0.5412276180555555 0.21697015509259257 0.5288235023148148 0.19516469444444445 0.5272286921296296 0.1937607685185185 0.5130919791666666 0.1801065347222222 0.5112805949074074 0.1797215138888889 0.5030899699074074 0.17372079166666665 0.5012785856481481 0.1733357685185185 0.48243623148148146 0.16400601157407405 0.4806248472222222 0.16362099074074074 0.46294415046296294 0.1577329675925926 0.4611327662037037 0.15734794444444444 0.44642511574074073 0.15528667592592593 0.4443971574074074 0.15592055787037037 0.4349070856481482 0.15603325694444445 0.43309570138888887 0.15564823611111112 0.4075197453703704 0.15127683564814814 0.4054917847222222 0.1519107175925926 0.37253250231481483 0.15555438657407408 0.37050454398148147 0.15618826851851852 0.3536311458333333 0.16431603703703704 0.3534145717592593 0.16533494212962963 0.34110903009259264 0.1786933888888889 0.34089245601851853 0.17971229398148147 0.33626559953703705 0.19257302083333336 0.3370728981481481 0.20658881250000002 0.3386677083333333 0.20799273842592592 0.3537495069444444 0.2261076064814815 0.35353293287037035 0.22712650925925926 0.3618023425925926 0.2416634861111111 0.3633971527777778 0.24306740972222224 0.37934525 0.25710666435185187 0.3811566342592592 0.2574916875 0.3943482615740741 0.2666852824074074
3 0.5991134907407407 0.3187289791666667 0.6009248749999999 0.3191140023148148 0.6204169560185185 0.3253870462962963 0.6222283402777777 0.3257720694444444 0.6548332592592593 0.33270245833333334 0.6568612175925926 0.33206857638888887 0.6754082129629629 0.3338809861111111 0.6774361712962963 0.3332471041666667 0.7038784282407408 0.3335428888888889 0.705906386574074 0.3329090069444444 0.7259694027777778 0.32758908796296293 0.7261859768518518 0.32657018518518516 0.7390034560185185 0.31971018055555556 0.7392200300925926 0.3186912777777778 0.7498519768518519 0.29539265277777776 0.7518799351851853 0.29475877083333335 0.7592632615740741 0.2867437013888889 0.7594798356481481 0.2857247986111111 0.7609958587962963 0.2785924722222222 0.7594010486111111 0.2771885462962963 0.7503243402777777 0.2486357777777778 0.7487295300925927 0.24723185416666665 0.7404601203703705 0.23269487962962962 0.7388653101851852 0.2312909537037037 0.730891261574074 0.2242713263888889 0.7290798773148148 0.22388630555555555 0.7156716736111112 0.21571161342592593 0.7138602893518519 0.21532659027777776 0.694801361111111 0.2070157384259259 0.692989974537037 0.2066307152777778 0.6753092800925926 0.20074269212962964 0.6734978958333334 0.20035767129629628 0.6515447083333333 0.19675631481481481 0.64951675 0.19739019675925926 0.6309697546296297 0.19557778703703704 0.6289417962962963 0.19621166898148149 0.6135844212962963 0.1972071111111111 0.611556462962963 0.19784099305555555 0.5809205 0.20836812962962964 0.5807039259259259 0.2093870324074074 0.5652087638888889 0.21993762962962965 0.5631808055555555 0.2205715115740741 0.5530410092592593 0.22374092129629627 0.5528244351851852 0.2247598263888889 0.5464649814814815 0.2457717824074074 0.5464059814814815 0.2638631898148148 0.5480007916666667 0.26526711574074074 0.5567821388888889 0.2863025347222222 0.5583769490740741 0.28770646064814814 0.5688908935185185 0.3005906481481482 0.5707022777777778 0.3009756712962963 0.5820825208333333 0.30978424537037036 0.5838939050925925 0.3101692662037037 0.5991134907407407 0.3187289791666667
3 0.6365621990740741 0.4097541226851852 0.6381570092592592 0.4111580486111111 0.6519983611111111 0.4172949328703704 0.6535931712962963 0.4186988564814815 0.6561330671296296 0.4245634189814815 0.657727875 0.4259673449074074 0.6657019236111111 0.43298697222222227 0.6675133101851851 0.43337199305555557 0.7273677824074075 0.45461396064814813 0.7291791666666667 0.4549989814814815 0.7452650532407407 0.45948308101851854 0.747293011574074 0.4588491967592592 0.7719238819444444 0.45875996064814817 0.7739518425925925 0.45812607870370375 0.7950977314814814 0.4477116435185185 0.7953143078703704 0.4466927384259259 0.800019949074074 0.4423682638888889 0.8002365231481482 0.44134935879629633 0.8052965277777778 0.4264508240740741 0.8055131041666667 0.42543192129629626 0.808249787037037 0.4036499212962963 0.8066549768518518 0.40224599537037037 0.7956290972222222 0.38286336111111113 0.794034287037037 0.3814594375 0.7544594050925926 0.35387865046296296 0.7526480185185185 0.3534936273148148 0.7220710578703704 0.3459293564814815 0.720043099537037 0.3465632384259259 0.6872216041666667 0.34065175231481476 0.6851936458333333 0.3412856342592593 0.6664300763888888 0.34049212962962966 0.6644021180555555 0.3411260115740741 0.6546954722222222 0.3422576134259259 0.6526675138888889 0.3428914953703704 0.6331164328703704 0.3547098587962963 0.6310884745370371 0.35534374074074077 0.6209486782407407 0.35851315046296295 0.6207321041666667 0.3595320532407407 0.6090762847222222 0.3698337916666667 0.6088597106481481 0.3708526944444444 0.6037997060185185 0.38575122916666665 0.607363474537037 0.40461268055555555 0.6089582824074073 0.40601660416666663 0.6119313287037037 0.4098433587962963 0.6137427129629629 0.41022838194444444 0.6212048263888889 0.41074956481481484 0.6232327847222222 0.41011568287037037 0.6311280462962963 0.4085990578703704 0.6329394305555556 0.4089840787037037 0.6365621990740741 0.4097541226851852
3 0.6035241296296296 0.4048615393518518 0.6019293194444444 0.40345761574074074 0.5999603611111112 0.38600009027777776 0.6001769375 0.38498118518518515 0.6029924074074074 0.3717354375 0.6013975972222222 0.37033151157407407 0.5951561458333333 0.3551606550925926 0.5935613356481482 0.3537567291666666 0.5737738958333334 0.33996633564814815 0.5719625115740741 0.3395813148148148 0.547902576388889 0.328077587962963 0.5460911921296296 0.32769256712962963 0.5060241597222223 0.3202409953703704 0.5039962013888889 0.3208748773148148 0.48117671296296294 0.32134913425925926 0.47914875462962964 0.3219830185185185 0.4712534930555556 0.3234996412037037 0.4692255347222222 0.32413352314814814 0.4622753587962963 0.3301107847222222 0.46024739814814813 0.3307446666666667 0.4375066990740741 0.33975517824074075 0.43729012500000003 0.3407740810185185 0.4326632685185185 0.3536348101851852 0.4462880462962963 0.36079059722222223 0.44809943055555557 0.36117561805555554 0.5156325902777777 0.38191986342592593 0.517227400462963 0.38332378935185185 0.5720808703703704 0.40137288425925927 0.5738922546296297 0.40175790509259257 0.6008464467592594 0.40855213425925924 0.6010630208333333 0.4075332291666666 0.6035241296296296 0.4048615393518518
3 0.8162040486111111 0.38404188888888885 0.8180154328703705 0.38442690972222227 0.8451862013888888 0.3902022361111111 0.8472141597222221 0.3895683541666667 0.867789113425926 0.3907468796296296 0.8698170717592592 0.3901129976851852 0.8849578703703704 0.39013646064814816 0.8869858310185186 0.38950257870370375 0.9045877384259259 0.38685434953703707 0.9066156967592592 0.3862204675925926 0.920811412037037 0.3817832939814815 0.9210279861111111 0.3807643888888889 0.9279781620370371 0.37478712731481484 0.9300061203703704 0.37415324537037037 0.9464463680555555 0.3680632847222223 0.9466629444444444 0.36704438194444444 0.9538296944444444 0.3600482175925926 0.9540462685185185 0.3590293125 0.9584565486111111 0.34718749074074073 0.9568617407407408 0.3457835648148148 0.958810912037037 0.33661343055555554 0.9572161018518519 0.3352095046296296 0.9557590810185185 0.32425042361111106 0.9541642708333333 0.3228465 0.9488679050925926 0.3121362777777778 0.9472730949074074 0.31073235416666667 0.9392990462962963 0.30371272685185186 0.937487662037037 0.3033277037037037 0.9263239930555556 0.29350022685185184 0.9245126087962964 0.29311520601851854 0.8976962037037036 0.2767658217592593 0.8958848194444444 0.27638079861111114 0.8800155092592592 0.2708777962962963 0.878204125 0.27049277546296296 0.8474105902777778 0.2639474074074074 0.8453826296296296 0.2645812893518518 0.8342977476851852 0.26329006250000003 0.8322697893518518 0.26392394444444445 0.8025001273148148 0.2703754652777778 0.8022835532407407 0.27139437037037034 0.7691864814814815 0.2845931944444444 0.7689699074074073 0.28561209722222225 0.7532581712962964 0.29718159953703704 0.7530415972222222 0.2982005023148148 0.742626224537037 0.32048022453703706 0.7445163958333333 0.3294014976851852 0.7461112060185185 0.3308054236111111 0.7555422777777778 0.3487841296296296 0.7571370879629629 0.35018805555555554 0.7762748055555555 0.36703516203703707 0.7780861898148148 0.36742018287037037 0.793305775462963 0.37597989583333336 0.7951171597222222 0.37636491898148144 0.8162040486111111 0.38404188888888885
3 1 0.4357449305555555 0.993719724537037 0.4217740115740741 0.9921249143518518 0.42037008564814815 0.9718255370370371 0.4000812476851852 0.9700141527777778 0.39969622685185185 0.9582007615740741 0.3929254583333333 0.9563893773148148 0.3925404375 0.9350859120370371 0.3858823703703704 0.9332745277777778 0.385497349537037 0.9221896458333333 0.38420612268518517 0.9201616874999999 0.3848400046296296 0.8824967615740741 0.39280815046296297 0.8806853773148148 0.3924231273148148 0.8612720856481482 0.3946863333333333 0.8594607013888889 0.3943013125 0.8443199027777778 0.39427784953703704 0.8422919421296297 0.39491173148148145 0.8301241875 0.39871502546296295 0.8299076134259259 0.3997339282407407 0.8215792013888888 0.4032883611111111 0.8213626273148149 0.40430726388888893 0.814412451388889 0.410284525462963 0.8141958773148148 0.41130343055555557 0.8040758680555555 0.4411005 0.8063991875 0.4479839652777778 0.8079939976851852 0.4493878912037037 0.8187245162037037 0.4612531759259259 0.820535900462963 0.46163819675925927 0.828726525462963 0.4676389212962963 0.8305379097222222 0.4680239421296296 0.8475688796296297 0.47696867824074074 0.8493802638888889 0.4773536990740741 0.8652495763888889 0.4828567013888889 0.8670609606481482 0.4832417222222222 0.8944483009259259 0.48799814351851856 0.896476261574074 0.4873642615740741 0.9283526689814815 0.4888151111111111 0.9303806296296296 0.4881812291666667 0.9658010185185185 0.4818658703703704 0.9660175949074074 0.48084696527777776 0.9743460046296297 0.4772925347222222 0.9745625810185184 0.4762736296296296 0.9833241412037036 0.4706813912037037 0.9835407152777778 0.4696624861111111 0.9909240416666667 0.4616474189814814 0.992952 0.461013537037037 1 0.45694646759259255 1 0.4357449305555555
3 1 0.27295265046296296 0.9681038356481482 0.26617290972222224 0.9660758773148148 0.2668067916666667 0.9549909953703704 0.26551556712962965 0.952963037037037 0.26614944907407406 0.9357942777777778 0.26675986805555557 0.9337663194444444 0.26739375 0.9155146875 0.27309868981481483 0.9152981134259259 0.2741175925925926 0.9089976597222221 0.2770381435185185 0.9087810856481482 0.2780570462962963 0.9083479375000001 0.2800948541666667 0.9493010532407408 0.3100984722222222 0.9490844791666667 0.311117375 0.9593818495370371 0.32502046759259257 0.9591652731481481 0.32603937037037034 0.9630244050925926 0.3524181689814815 0.9628078287037036 0.3534370740740741 0.9556410787037037 0.3604332384259259 0.9554245046296296 0.36145214120370367 0.9541250555555556 0.3675655648148148 0.9557198657407407 0.36896949074074076 0.9586929097222222 0.37279624537037037 0.956664951388889 0.3734301273148148 0.9494194143518518 0.37189003935185183 0.9473914537037037 0.37252392129629625 0.9376848078703703 0.37365552546296293 0.935656849537037 0.3742894074074074 0.9291398217592592 0.3782288611111111 0.9307346319444444 0.379632787037037 0.9305180578703705 0.38065168981481484 0.9321128680555555 0.3820556157407407 0.9407366412037037 0.3860185324074074 0.9425480254629629 0.3864035532407407 0.9570390995370371 0.38948372685185184 0.9586339097222222 0.39088765277777776 0.9672576828703704 0.3948505671296296 0.9688524930555557 0.39625449305555555 0.9991538773148149 0.42292907638888894 1 0.4231089259259259 1 0.27295265046296296
3 0.2458535925925926 0.09242005787037037 0.24404220833333332 0.09203503703703703 0.23860805555555556 0.09087997222222223 0.23658009490740742 0.09151385416666667 0.2257905763888889 0.09773997453703703 0.2255740023148148 0.09875887962962963 0.22427455324074075 0.10487230092592592 0.23224860185185184 0.11189192824074075 0.2340599861111111 0.11227694907407407 0.24876763657407408 0.11433821990740742 0.2507955972222222 0.11370433796296296 0.2555012384259259 0.1093798611111111 0.2557178125 0.10836095833333334 0.25563902546296297 0.09982470601851852 0.25404421527777776 0.0984207800925926 0.2458535925925926 0.09242005787037037
3 0.2748947453703704 0.08048899768518519 0.27308336111111114 0.08010397453703703 0.26583782175925924 0.07856388888888889 0.26380986342592594 0.07919777083333333 0.24439657175925925 0.08146097685185184 0.24417999537037038 0.08247987962962962 0.2428805486111111 0.08859330324074073 0.25404421527777776 0.0984207800925926 0.25585560185185185 0.09880580324074073 0.27034667592592593 0.10188597685185184 0.27237463657407407 0.1012520949074074 0.2804864722222222 0.09871656481481482 0.2807030462962963 0.09769766203703704 0.28221906944444447 0.09056533564814816 0.28062425925925927 0.08916140972222222 0.2748947453703704 0.08048899768518519
3 0.30655457870370373 0.08295875 0.30495976851851847 0.08155482407407408 0.30198672453703707 0.07772806944444444 0.30017534027777776 0.0773430486111111 0.2805454722222222 0.0806251574074074 0.28032889814814815 0.0816440625 0.2796791736111111 0.08470077314814814 0.28562526388888887 0.09235428240740741 0.2874366481481481 0.09273930324074074 0.2976552314814815 0.09810614583333334 0.2996831898148148 0.0974722638888889 0.30330595833333335 0.09824230555555556 0.3035225324074074 0.09722340277777777 0.30749966435185183 0.08741938657407407 0.30590485416666663 0.08601546064814815 0.30655457870370373 0.08295875
3 0.9844253657407407 0.10031699768518518 0.9828305555555557 0.09891307175925926 0.9708005902777778 0.09316121064814815 0.9687726296296296 0.0937950925925926 0.9651498611111111 0.09302504861111112 0.9631219027777779 0.09365893055555556 0.957038025462963 0.0955605763888889 0.9568214490740741 0.09657948148148147 0.956604875 0.09759838425925926 0.964362349537037 0.10563691435185187 0.9641457754629629 0.10665581944444444 0.963791412037037 0.11722987731481481 0.9656027962962962 0.11761490046296297 0.9710369513888888 0.11876996527777778 0.9730649097222221 0.11813608333333334 0.9856658125000001 0.11229498148148148 0.9858823888888888 0.1112760787037037 0.9844253657407407 0.10031699768518518
3 0.9693831388888888 0.13545744675925928 0.9675717546296296 0.1350724236111111 0.9569200231481482 0.1317433912037037 0.9548920648148148 0.13237727314814815 0.9343171111111112 0.13119874537037038 0.9322891527777778 0.13183262731481482 0.9237441666666667 0.13640596296296298 0.9235275925925925 0.13742486805555554 0.9228778680555556 0.1404815787037037 0.9294736805555556 0.14507837731481482 0.9312850648148149 0.14546339814814815 0.947587525462963 0.1489285925925926 0.949615486111111 0.14829471064814814 0.9575107476851851 0.14677808564814815 0.9577273217592592 0.14575918287037037 0.9723561851851851 0.1392842013888889 0.970761375 0.13788027546296297 0.9693831388888888 0.13545744675925928
3 0.993639863425926 0.1193146087962963 0.9918284768518518 0.11892958796296295 0.986394324074074 0.11777452314814815 0.9843663657407407 0.1184084050925926 0.9780659143518519 0.1213289537037037 0.9778493379629629 0.1223478587962963 0.971194525462963 0.13584246759259258 0.9723561851851851 0.1392842013888889 0.9741675694444445 0.13966922222222222 0.9906866041666667 0.14211551388888888 0.9909031782407408 0.1410966087962963 0.9980699282407407 0.13410044444444444 0.9982865046296296 0.13308154166666666 0.9993693773148148 0.12798702314814814 0.9977745671296296 0.12658309722222222 0.993639863425926 0.1193146087962963
3 0.8958078263888889 0.7577164629629629 0.8942130162037037 0.7563125393518518 0.8876172013888889 0.7517157407407408 0.8858058171296297 0.7513307199074073 0.8710981666666667 0.749269449074074 0.8690702083333334 0.7499033310185185 0.8641479907407408 0.7552467106481481 0.8653096527777777 0.7586884444444444 0.8669044606481481 0.7600923703703703 0.8750950856481481 0.7660930925925926 0.8769064699074074 0.7664781134259259 0.8895861597222222 0.7691732662037037 0.8916141203703704 0.7685393842592592 0.8936420787037037 0.7679055023148149 0.8938586527777778 0.7668865972222222 0.8958078263888889 0.7577164629629629
3 0.9213837824074075 0.7620878634259258 0.9195723981481481 0.7617028425925926 0.9129765833333333 0.7571060439814815 0.911165199074074 0.7567210231481482 0.8976192106481482 0.7581014861111112 0.8974026342592593 0.7591203888888889 0.896319761574074 0.7642149074074075 0.9020492777777778 0.7728873217592592 0.9038606620370371 0.7732723425925926 0.9124844351851853 0.7772352592592592 0.9142958194444445 0.7776202800925925 0.9197299722222222 0.7787753449074074 0.9199465462962962 0.7777564421296297 0.9242190393518519 0.7754697731481482 0.9244356134259258 0.7744508703703703 0.9213837824074075 0.7620878634259258
3 0.9421753101851853 0.762247486111111 0.9403639259259259 0.7618624652777778 0.9349297731481481 0.760707400462963 0.9329018124999999 0.7613412824074074 0.9250065509259259 0.7628579074074074 0.9247899768518519 0.7638768101851852 0.9239236782407407 0.7679524259259259 0.9298697685185184 0.7756059351851852 0.9316811527777779 0.7759909560185185 0.9350873472222223 0.7777799027777778 0.9371153055555556 0.7771460208333333 0.9497162106481482 0.7713049212962964 0.9499327847222223 0.7702860162037036 0.9501493587962963 0.7692671134259259 0.948554548611111 0.7678631875 0.9421753101851853 0.762247486111111
3 0.898583724537037 0.6912153981481481 0.8983671481481481 0.6922343009259259 0.897284275462963 0.6973288194444445 0.9048251759259259 0.7063862546296297 0.9066365601851851 0.706771275462963 0.9254001273148148 0.7075647824074074 0.9256167037037037 0.7065458773148149 0.9239431064814815 0.696605701388889 0.9221317222222223 0.6962206782407407 0.9153193333333334 0.6926427847222222 0.9135079490740741 0.6922577638888889 0.898583724537037 0.6912153981481481
3 0.6880281851851853 0.1587187777777778 0.686433375 0.15731485185185184 0.679404412037037 0.15475586111111111 0.6773764537037037 0.15538974305555556 0.6694811921296296 0.15690636805555555 0.6692646180555556 0.15792527314814817 0.6539860300925926 0.1674569652777778 0.6601486944444445 0.17409157175925927 0.6619600787037037 0.17447659259259257 0.6703672777777777 0.17945841203703702 0.6721786620370371 0.17984343518518517 0.6778293888888889 0.17997959490740742 0.679857349537037 0.17934571296296298 0.6944862129629629 0.17287073148148147 0.694702787037037 0.17185182638888888 0.6880281851851853 0.1587187777777778
1 0.19085153935185184 0.3618726736111111 0.12445874074074074 0.4426464351851852 0.14810718287037036 0.4560860787037037 0.2262798449074074 0.3662083773148148 0.25088902314814815 0.35642359259259254 0.27415741666666665 0.35561877777777773 0.35175752083333334 0.3726456574074074 0.35198985416666667 0.3733340046296296 0.3652974675925926 0.3338845810185185 0.3036414675925926 0.31577398379629634 0.20405863657407405 0.29439401388888886 0.10711211805555555 0.26239255787037036 0.09228448842592592 0.29385133564814814 0.18477147453703702 0.32991009953703704 0.1920130925925926 0.3359220925925926 0.19085153935185184 0.3618726736111111
0 0.4174552662037037 0.28267218518518517 0.3478647175925926 0.291202400462963 0.3252618425925926 0.3004551944444444 0.3051476689814815 0.3149227060185185 0.28260972916666666 0.3140723888888889 0.22594685185185184 0.29830104166666666 0.23541346759259257 0.34461465740740743 0.26245036805555555 0.35547323148148147 0.30919588657407404 0.3617885092592592 0.414378287037037 0.3924522337962963 0.4424802175925926 0.3644539583333333 0.4422006134259259 0.3586438611111111 0.3682901921296296 0.33494668055555554 0.3543917106481481 0.32017165277777776 0.3560219212962963 0.3107207337962963 0.37246806712962965 0.3028216342592593 0.4185244328703704 0.2981280578703704 0.4640826782407408 0.29577796064814815 0.4653998611111111 0.29403455324074074 0.4601487893518519 0.28578331944444446 0.4174552662037037 0.28267218518518517