2 0 0.24630208333333334 0.0038888888888888888 0.27802083333333333 0.0038888888888888888 0.27708333333333335 0.19296296296296298 0.36322916666666666 0.6648148148148147 0.5302083333333334 0.7157407407407407 0.5444791666666666 0.7261111111111112 0.5448958333333334 0.995 0.6311458333333333 1 0.5952083333333333 0.8101851851851852 0.5282291666666666 0.7392592592592593 0.514375 0.3383333333333333 0.37604166666666666 0 0.2419909490740741 0 0.24630208333333334
3 0.4777777777777778 0.5697916666666667 0.4759259259259259 0.5697916666666667 0.4277777777777778 0.5697916666666667 0.42592592592592593 0.5708333333333333 0.387037037037037 0.578125 0.3851851851851852 0.5791666666666666 0.37407407407407406 0.5833333333333334 0.37222222222222223 0.584375 0.3611111111111111 0.5916666666666667 0.3611111111111111 0.5927083333333334 0.35 0.6041666666666666 0.35 0.6052083333333333 0.34629629629629627 0.6114583333333333 0.34629629629629627 0.6125 0.34074074074074073 0.6291666666666667 0.34074074074074073 0.6302083333333334 0.34074074074074073 0.640625 0.3425925925925926 0.6416666666666666 0.34629629629629627 0.6510416666666666 0.34814814814814815 0.6520833333333333 0.3611111111111111 0.6645833333333334 0.362962962962963 0.665625 0.37592592592592594 0.671875 0.37777777777777777 0.671875 0.3888888888888889 0.675 0.3907407407407408 0.675 0.4111111111111111 0.6760416666666667 0.412962962962963 0.675 0.4351851851851852 0.671875 0.43703703703703706 0.671875 0.45185185185185184 0.6729166666666666 0.4537037037037037 0.671875 0.5018518518518519 0.6697916666666667 0.5037037037037037 0.66875 0.5203703703703704 0.6666666666666666 0.5222222222222223 0.665625 0.5425925925925926 0.65625 0.5425925925925926 0.6552083333333334 0.5518518518518518 0.6479166666666666 0.5518518518518518 0.646875 0.5537037037037037 0.6375 0.5555555555555556 0.6364583333333333 0.5592592592592592 0.6302083333333334 0.5592592592592592 0.6291666666666667 0.5592592592592592 0.6229166666666667 0.5555555555555556 0.609375 0.5537037037037037 0.6083333333333334 0.5481481481481482 0.5989583333333334 0.5462962962962963 0.5979166666666667 0.5111111111111112 0.5770833333333334 0.5092592592592593 0.5770833333333334 0.4962962962962963 0.5729166666666666 0.4944444444444444 0.5729166666666666 0.4777777777777778 0.5697916666666667
3 0.21666666666666665 0.5635416666666666 0.21481481481481482 0.5645833333333333 0.1925925925925926 0.5666666666666667 0.19074074074074077 0.5677083333333334 0.14814814814814814 0.5791666666666666 0.1462962962962963 0.5802083333333333 0.11851851851851852 0.5989583333333334 0.11851851851851852 0.6 0.10925925925925926 0.6104166666666666 0.10925925925925926 0.6114583333333333 0.10185185185185185 0.6291666666666667 0.10185185185185185 0.6302083333333334 0.10555555555555556 0.653125 0.10740740740740741 0.6541666666666667 0.1277777777777778 0.671875 0.12962962962962962 0.6729166666666666 0.1462962962962963 0.6802083333333334 0.14814814814814814 0.6802083333333334 0.17037037037037037 0.6854166666666667 0.17222222222222225 0.6854166666666667 0.19444444444444445 0.684375 0.1962962962962963 0.6833333333333333 0.21851851851851853 0.6760416666666667 0.22037037037037038 0.6760416666666667 0.2740740740740741 0.6645833333333334 0.2759259259259259 0.6635416666666666 0.3037037037037037 0.6541666666666667 0.3055555555555556 0.6541666666666667 0.30925925925925923 0.6541666666666667 0.3111111111111111 0.653125 0.32962962962962966 0.6427083333333333 0.32962962962962966 0.6416666666666666 0.3351851851851852 0.6364583333333333 0.3351851851851852 0.6354166666666666 0.3444444444444445 0.6072916666666667 0.3277777777777778 0.5916666666666667 0.32592592592592595 0.5906250000000001 0.3074074074074074 0.5791666666666666 0.3055555555555556 0.5791666666666666 0.2740740740740741 0.5677083333333334 0.2722222222222222 0.5677083333333334 0.24629629629629632 0.5635416666666666 0.24444444444444444 0.5635416666666666 0.21666666666666665 0.5635416666666666
3 0.31296296296296294 0.65625 0.31296296296296294 0.6572916666666666 0.31296296296296294 0.659375 0.3148148148148148 0.6604166666666667 0.34074074074074073 0.6708333333333334 0.3425925925925926 0.6708333333333334 0.3611111111111111 0.671875 0.362962962962963 0.6708333333333334 0.36851851851851847 0.6697916666666667 0.3574074074074074 0.6635416666666666 0.3574074074074074 0.6625 0.34814814814814815 0.6552083333333334 0.34814814814814815 0.6541666666666667 0.34074074074074073 0.6416666666666666 0.3388888888888889 0.640625 0.337037037037037 0.6395833333333334 0.3351851851851852 0.640625 0.31296296296296294 0.65625
3 0.005555555555555556 0.5947916666666666 0.003703703703703704 0.5958333333333333 0.001851851851851852 0.5958333333333333 0.001851851851851852 0.596875 0.003703703703703704 0.71875 0.005555555555555556 0.7177083333333334 0.014814814814814815 0.7145833333333333 0.016666666666666666 0.7135416666666666 0.046296296296296294 0.696875 0.046296296296296294 0.6958333333333334 0.06111111111111111 0.68125 0.06296296296296296 0.6802083333333334 0.08148148148148149 0.6739583333333333 0.08333333333333333 0.6729166666666666 0.09444444444444444 0.665625 0.09444444444444444 0.6645833333333334 0.1 0.6583333333333333 0.1 0.6572916666666666 0.1 0.6375 0.08518518518518518 0.6197916666666666 0.08333333333333333 0.61875 0.07777777777777778 0.6135416666666667 0.07592592592592592 0.6135416666666667 0.06851851851851852 0.609375 0.06666666666666667 0.609375 0.03888888888888889 0.6 0.037037037037037035 0.6 0.005555555555555556 0.5947916666666666
3 0.011111111111111112 0.8729166666666667 0.009259259259259259 0.8739583333333334 0.003703703703703704 0.875 0.001851851851851852 0.8760416666666666 0.001851851851851852 0.9114583333333334 0.003703703703703704 0.9125 0.018518518518518517 0.9135416666666666 0.020370370370370372 0.9125 0.02962962962962963 0.9114583333333334 0.03148148148148148 0.9104166666666667 0.05185185185185185 0.9041666666666667 0.05185185185185185 0.903125 0.05555555555555555 0.8989583333333334 0.05555555555555555 0.8979166666666666 0.05555555555555555 0.8927083333333333 0.053703703703703705 0.890625 0.05185185185185185 0.890625 0.037037037037037035 0.8854166666666666 0.037037037037037035 0.884375 0.027777777777777776 0.875 0.025925925925925925 0.875 0.020370370370370372 0.8729166666666667 0.018518518518518517 0.8729166666666667 0.011111111111111112 0.8729166666666667
3 0.07037037037037036 0.8375 0.07222222222222222 0.8375 0.08333333333333333 0.8375 0.08518518518518518 0.8364583333333334 0.08888888888888889 0.8302083333333333 0.08333333333333333 0.825 0.08148148148148149 0.825 0.07037037037037036 0.825 0.06851851851851852 0.8260416666666667 0.06111111111111111 0.8270833333333334 0.06111111111111111 0.828125 0.06111111111111111 0.8333333333333334 0.06296296296296296 0.834375 0.07037037037037036 0.8375
3 0.05740740740740741 0.834375 0.05740740740740741 0.8333333333333334 0.05740740740740741 0.828125 0.05185185185185185 0.825 0.05 0.825 0.037037037037037035 0.8260416666666667 0.03518518518518518 0.8270833333333334 0.03518518518518518 0.8364583333333334 0.037037037037037035 0.8375 0.053703703703703705 0.8375 0.053703703703703705 0.8364583333333334 0.05740740740740741 0.834375
3 0.025925925925925925 0.840625 0.027777777777777776 0.8395833333333333 0.03148148148148148 0.8375 0.03148148148148148 0.8364583333333334 0.03148148148148148 0.8291666666666666 0.016666666666666666 0.828125 0.014814814814814815 0.8291666666666666 0.012962962962962963 0.8302083333333333 0.012962962962962963 0.83125 0.011111111111111112 0.8375 0.012962962962962963 0.8385416666666666 0.016666666666666666 0.840625 0.018518518518518517 0.840625 0.025925925925925925 0.840625
3 0.24629629629629632 0.7927083333333333 0.24814814814814815 0.7927083333333333 0.2518518518518518 0.7927083333333333 0.2537037037037037 0.7916666666666666 0.26481481481481484 0.7864583333333334 0.26481481481481484 0.7854166666666667 0.26666666666666666 0.7822916666666666 0.26296296296296295 0.778125 0.2611111111111111 0.778125 0.24814814814814815 0.7802083333333334 0.24629629629629632 0.78125 0.24074074074074073 0.7854166666666667 0.24074074074074073 0.7864583333333334 0.24074074074074073 0.7895833333333334 0.24259259259259258 0.790625 0.24629629629629632 0.7927083333333333
3 0.22037037037037038 0.7927083333333333 0.2222222222222222 0.7927083333333333 0.22962962962962963 0.790625 0.22962962962962963 0.7895833333333334 0.23518518518518516 0.784375 0.23518518518518516 0.7833333333333333 0.23518518518518516 0.78125 0.23333333333333334 0.7791666666666667 0.23148148148148148 0.7791666666666667 0.22592592592592592 0.7791666666666667 0.22407407407407406 0.7802083333333334 0.21481481481481482 0.784375 0.21481481481481482 0.7854166666666667 0.21481481481481482 0.7895833333333334 0.21666666666666665 0.790625 0.22037037037037038 0.7927083333333333
3 0.2611111111111111 0.815625 0.26296296296296295 0.815625 0.26666666666666666 0.8145833333333333 0.26851851851851855 0.8135416666666666 0.2740740740740741 0.8104166666666667 0.2740740740740741 0.809375 0.2740740740740741 0.80625 0.26666666666666666 0.8020833333333334 0.26481481481481484 0.8020833333333334 0.25925925925925924 0.8020833333333334 0.2574074074074074 0.803125 0.2537037037037037 0.8052083333333334 0.2537037037037037 0.80625 0.2537037037037037 0.8104166666666667 0.2555555555555556 0.8114583333333334 0.2611111111111111 0.815625
3 0.5148148148148148 0.26666666666666666 0.5166666666666666 0.265625 0.5240740740740741 0.26145833333333335 0.5240740740740741 0.2604166666666667 0.5277777777777778 0.2583333333333333 0.5277777777777778 0.2572916666666667 0.5277777777777778 0.24895833333333334 0.5185185185185185 0.24166666666666667 0.5166666666666666 0.24166666666666667 0.5074074074074074 0.24166666666666667 0.5074074074074074 0.24270833333333333 0.4944444444444444 0.2583333333333333 0.4944444444444444 0.25937499999999997 0.5037037037037037 0.26666666666666666 0.5055555555555555 0.26666666666666666 0.5148148148148148 0.26666666666666666
3 0.7296296296296296 0.225 0.7314814814814815 0.22604166666666667 0.7407407407407407 0.23333333333333334 0.7425925925925926 0.23333333333333334 0.7555555555555555 0.234375 0.7574074074074074 0.23333333333333334 0.7666666666666666 0.225 0.7666666666666666 0.22395833333333334 0.7666666666666666 0.21666666666666665 0.7648148148148147 0.21354166666666666 0.7629629629629631 0.2125 0.7574074074074074 0.21041666666666667 0.7555555555555555 0.21041666666666667 0.7444444444444445 0.21041666666666667 0.7425925925925926 0.21145833333333333 0.7314814814814815 0.21666666666666665 0.7314814814814815 0.21770833333333334 0.7296296296296296 0.225
3 0.7 0.22916666666666666 0.7018518518518518 0.22916666666666666 0.7222222222222222 0.228125 0.7240740740740741 0.22708333333333333 0.7351851851851853 0.2125 0.725925925925926 0.20520833333333335 0.7240740740740741 0.20520833333333335 0.7074074074074075 0.20520833333333335 0.7055555555555556 0.20625 0.688888888888889 0.21666666666666665 0.688888888888889 0.21770833333333334 0.688888888888889 0.225 0.6907407407407407 0.22604166666666667 0.7 0.22916666666666666
3 0.7055555555555556 0.24895833333333334 0.7074074074074075 0.24895833333333334 0.7222222222222222 0.24895833333333334 0.7240740740740741 0.24791666666666665 0.7351851851851853 0.240625 0.7351851851851853 0.23958333333333334 0.7351851851851853 0.23645833333333335 0.725925925925926 0.23125 0.7240740740740741 0.23125 0.7037037037037037 0.23229166666666665 0.7018518518518518 0.23333333333333334 0.6962962962962963 0.23541666666666666 0.6962962962962963 0.23645833333333335 0.6962962962962963 0.24479166666666666 0.6981481481481482 0.24583333333333335 0.7055555555555556 0.24895833333333334
3 0.7407407407407407 0.5906250000000001 0.7425925925925926 0.5906250000000001 0.7555555555555555 0.5906250000000001 0.7574074074074074 0.5895833333333333 0.7685185185185185 0.5864583333333333 0.7685185185185185 0.5854166666666667 0.7703703703703704 0.5791666666666666 0.75 0.5708333333333333 0.7481481481481481 0.5708333333333333 0.7407407407407407 0.5708333333333333 0.7388888888888888 0.571875 0.7296296296296296 0.5770833333333334 0.7296296296296296 0.578125 0.7296296296296296 0.584375 0.7314814814814815 0.5854166666666667 0.7407407407407407 0.5906250000000001
3 0.46481481481481485 0.80625 0.4666666666666667 0.8072916666666666 0.4759259259259259 0.8114583333333334 0.4777777777777778 0.8114583333333334 0.48703703703703705 0.8125 0.4888888888888889 0.8114583333333334 0.5055555555555555 0.8020833333333334 0.5055555555555555 0.8010416666666667 0.5074074074074074 0.7989583333333333 0.4962962962962963 0.790625 0.4944444444444444 0.790625 0.47962962962962963 0.7895833333333334 0.4777777777777778 0.790625 0.4703703703703703 0.7927083333333333 0.46851851851851856 0.79375 0.46481481481481485 0.796875 0.46481481481481485 0.7979166666666666 0.46481481481481485 0.80625
3 0.5370370370370371 0.7895833333333334 0.5351851851851852 0.790625 0.5240740740740741 0.796875 0.5240740740740741 0.7979166666666666 0.5185185185185185 0.8041666666666666 0.5185185185185185 0.8052083333333334 0.5185185185185185 0.809375 0.5203703703703704 0.8104166666666667 0.5296296296296297 0.825 0.5314814814814814 0.8260416666666667 0.5333333333333333 0.8270833333333334 0.5351851851851852 0.8270833333333334 0.5481481481481482 0.8270833333333334 0.5499999999999999 0.8260416666666667 0.5537037037037037 0.8229166666666666 0.5537037037037037 0.821875 0.5537037037037037 0.81875 0.5444444444444444 0.8145833333333333 0.5444444444444444 0.8135416666666666 0.5388888888888889 0.8072916666666666 0.5388888888888889 0.80625 0.5444444444444444 0.8020833333333334 0.5444444444444444 0.8010416666666667 0.5462962962962963 0.7916666666666666 0.5444444444444444 0.790625 0.5370370370370371 0.7895833333333334
3 0.4574074074074074 0.8572916666666667 0.45925925925925926 0.8572916666666667 0.46296296296296297 0.8583333333333334 0.46481481481481485 0.8572916666666667 0.4666666666666667 0.85625 0.4666666666666667 0.8552083333333333 0.4722222222222222 0.8458333333333333 0.4703703703703703 0.8427083333333334 0.46851851851851856 0.8416666666666667 0.46481481481481485 0.840625 0.46296296296296297 0.840625 0.45 0.8416666666666667 0.45 0.8427083333333334 0.45 0.8510416666666666 0.45185185185185184 0.8520833333333334 0.4574074074074074 0.8572916666666667
3 0.001851851851851852 0.3260416666666667 0.003703703703703704 0.3260416666666667 0.018518518518518517 0.328125 0.020370370370370372 0.32708333333333334 0.03333333333333333 0.3260416666666667 0.03518518518518518 0.325 0.046296296296296294 0.3177083333333333 0.046296296296296294 0.3166666666666667 0.04814814814814815 0.3104166666666667 0.044444444444444446 0.30625 0.04259259259259259 0.3052083333333333 0.025925925925925925 0.296875 0.024074074074074074 0.296875 0.012962962962962963 0.29375 0.011111111111111112 0.29375 0.003703703703703704 0.29375 0.001851851851851852 0.2947916666666667 0.001851851851851852 0.3260416666666667
3 0.03333333333333333 0.3260416666666667 0.03518518518518518 0.32708333333333334 0.05555555555555555 0.3333333333333333 0.05740740740740741 0.3333333333333333 0.06111111111111111 0.3333333333333333 0.06296296296296296 0.3322916666666667 0.07037037037037036 0.328125 0.07037037037037036 0.32708333333333334 0.07407407407407407 0.3208333333333333 0.06851851851851852 0.3166666666666667 0.06666666666666667 0.3166666666666667 0.05185185185185185 0.3104166666666667 0.05 0.31145833333333334 0.046296296296296294 0.3197916666666667 0.044444444444444446 0.3208333333333333 0.03888888888888889 0.325 0.037037037037037035 0.325 0.03333333333333333 0.3260416666666667
3 0.016666666666666666 0.21666666666666665 0.018518518518518517 0.21666666666666665 0.02962962962962963 0.21666666666666665 0.03148148148148148 0.21770833333333334 0.04259259259259259 0.22291666666666665 0.044444444444444446 0.22291666666666665 0.046296296296296294 0.22291666666666665 0.046296296296296294 0.221875 0.05185185185185185 0.21770833333333334 0.05185185185185185 0.21666666666666665 0.05185185185185185 0.21041666666666667 0.046296296296296294 0.20833333333333334 0.044444444444444446 0.20833333333333334 0.027777777777777776 0.20833333333333334 0.025925925925925925 0.209375 0.022222222222222223 0.209375 0.024074074074074074 0.21041666666666667 0.024074074074074074 0.21354166666666666 0.022222222222222223 0.21458333333333335 0.016666666666666666 0.21666666666666665
3 0.0019814814814814816 0.20775000000000002 0.00031481481481481486 0.21639583333333334 0.00938888888888889 0.21734375 0.016944444444444446 0.21679166666666666 0.02225925925925926 0.21270833333333333 0.020999999999999998 0.20925 0.01888888888888889 0.21058333333333332 0.009111111111111111 0.20586458333333332 0.0019814814814814816 0.20775000000000002
3 0.015814814814814813 0.20145833333333332 0.010925925925925926 0.1970625 0.00031481481481481486 0.19839583333333333 0.00044444444444444447 0.20719791666666668 0.016944444444444446 0.20688541666666665 0.015814814814814813 0.20145833333333332
3 0.04488888888888889 0.20539583333333333 0.03440740740740741 0.19533333333333333 0.020999999999999998 0.19894791666666667 0.020574074074074074 0.20719791666666668 0.04516666666666667 0.20688541666666665 0.04488888888888889 0.20539583333333333
1 0.8416666666666667 0.543125 0.83 0.5327083333333333 0.8646296296296296 0.4995833333333333 0.8985185185185186 0.475625 0.8842592592592593 0.46552083333333333 0.8255555555555555 0.5075000000000001 0.7975925925925926 0.5209374999999999 0.7388888888888888 0.51375 0.702037037037037 0.5045833333333333 0.7 0.5040625 0.6940740740740741 0.53 0.7131481481481481 0.5437500000000001 0.7546296296296297 0.5527083333333334 0.7998148148148148 0.5676041666666667 0.8285185185185185 0.5727083333333334 0.9012962962962964 0.5957291666666668 0.9224074074074075 0.5679166666666666 0.8416666666666667 0.543125
1 0.2237037037037037 0.3815625 0.23166666666666666 0.37583333333333335 0.24277777777777776 0.37645833333333334 0.3224074074074074 0.4048958333333333 0.33944444444444444 0.37562500000000004 0.24814814814814815 0.340625 0.20296296296296298 0.320625 0.1361111111111111 0.29552083333333334 0.09944444444444445 0.319375 0.13296296296296295 0.335 0.15888888888888889 0.34447916666666667 0.16685185185185183 0.3516666666666666 0.17425925925925925 0.3651041666666667 0.1938888888888889 0.3815625 0.20037037037037037 0.400625 0.20407407407407407 0.44187499999999996 0.23111111111111113 0.4380208333333333 0.2237037037037037 0.3815625
0 0.5985185185185186 0.6594791666666666 0.6635185185185185 0.6178125 0.6872222222222222 0.5880208333333333 0.6942592592592592 0.5726041666666667 0.692962962962963 0.5502083333333333 0.7048148148148149 0.543125 0.7266666666666667 0.5443749999999999 0.7759259259259259 0.5602083333333333 0.7942592592592592 0.5226041666666666 0.6727777777777777 0.49562500000000004 0.6046296296296296 0.4711458333333333 0.5637037037037037 0.49302083333333335 0.5616666666666666 0.4944791666666667 0.6364814814814814 0.5239583333333333 0.6631481481481482 0.5557291666666666 0.6629629629629629 0.5867708333333334 0.647962962962963 0.6084375000000001 0.6181481481481482 0.6292708333333334 0.5838888888888889 0.64375 0.5583333333333333 0.6503125 0.5985185185185186 0.6594791666666666