2 0.504759412037037 0.3682494328703704 0.29904816435185183 0.7137937106481481 0.23055678935185184 0.8002315277777777 0.31737646759259264 0.7839746736111111 0.31783240277777774 0.7787583587962963 0.34304535416666665 0.7005743356481482 0.5369286296296296 0.3766265625 0.5715605208333333 0.3224735486111111 0.6591406157407407 0.024158620370370372 0.6251626365740741 0.01574401851851852 0.5842392662037037 0.13743497222222223 0.5678922106481481 0.22583826851851854 0.504759412037037 0.3682494328703704
3 0.7382828449074075 1 0.7413389791666667 0.9966481481481482 0.7417555532407407 0.9948437569444444 0.7487314606481482 0.9831503310185185 0.749148037037037 0.9813459421296296 0.7588581597222223 0.9531786898148148 0.7582597685185185 0.9511399768518518 0.7614105601851853 0.9328617638888889 0.7608121666666667 0.9308230486111112 0.760789175925926 0.8985081689814814 0.7601907847222222 0.8964694560185186 0.7522298611111111 0.8661230833333333 0.7512148935185186 0.8658887592592592 0.737891423611111 0.8495088518518519 0.7368764537037037 0.8492745277777778 0.7236818611111111 0.8462283171296296 0.7128808356481481 0.8513369560185184 0.7114492916666667 0.8529070208333333 0.6961188749999999 0.8683733472222223 0.6951039050925927 0.8681390231481482 0.6749334027777778 0.876786238425926 0.6735018587962963 0.8783563032407408 0.6663441342592592 0.8862066273148149 0.6659275578703704 0.8880110162037037 0.6513773518518519 0.9093591574074075 0.6509607754629629 0.9111635462962964 0.645416412037037 0.9212869097222223 0.6449998356481481 0.9230912986111112 0.6429169560185185 0.9321132430555555 0.643515349537037 0.9341519560185185 0.6411977083333333 0.9488213935185186 0.6417961018518519 0.9508601064814814 0.6414554583333334 0.9754887824074074 0.6420538518518518 0.9775274953703703 0.6478987199074074 1 0.7382828449074075 1
3 0.6405693634259259 0.9885881527777778 0.6409859398148149 0.9867837638888889 0.6424174837962964 0.9852136990740741 0.6418190925925926 0.9831749861111111 0.6397132222222223 0.9598820509259259 0.6401297986111111 0.958077662037037 0.6410688356481481 0.9354876967592594 0.641485412037037 0.9336833078703703 0.6431517152777778 0.9264657523148148 0.6425533217592593 0.9244270393518519 0.6395084166666666 0.9237240671296296 0.6087187083333333 0.9413230231481481 0.6083021319444444 0.943127412037037 0.6060374351851853 0.9483062569444444 0.6066358263888889 0.9503449699074075 0.6190732013888889 0.9798242476851852 0.6200881712962962 0.9800585717592593 0.6269581921296296 0.9873463310185185 0.627973162037037 0.9875806550925925 0.6405693634259259 0.9885881527777778
3 0.5590451412037036 0.846230199074074 0.5596435347222223 0.8482689120370371 0.5594847060185185 0.8767406898148148 0.560083099537037 0.8787794027777778 0.5743156527777779 0.9143748217592593 0.5753306203703703 0.9146091458333333 0.5791557361111112 0.9211939328703704 0.5801707060185185 0.9214282569444444 0.5890706666666667 0.9291846643518519 0.5900856342592592 0.929418988425926 0.6124149490740741 0.9345741157407408 0.6138464930555556 0.933004050925926 0.6364635092592593 0.9230210949074075 0.6378950555555556 0.9214510300925925 0.6530436550925927 0.9021416018518518 0.6534602314814815 0.900337212962963 0.669078349537037 0.8697328032407408 0.669494925925926 0.8679284143518518 0.672463900462963 0.8458070972222222 0.6718655069444445 0.8437683842592593 0.6711382407407407 0.8283959768518518 0.6705398472222222 0.8263572638888889 0.6637227685185185 0.809578912037037 0.6627077986111111 0.8093445879629629 0.6534442060185185 0.7939019768518518 0.652429236111111 0.7936676527777777 0.643764037037037 0.7802637546296296 0.6427490671296296 0.7800294305555555 0.6364774375000001 0.7747803842592593 0.6358790439814815 0.7727416712962963 0.6333036574074073 0.7607437175925925 0.6322886875 0.7605093935185185 0.6278651782407407 0.7518858935185185 0.626850210648148 0.7516515694444444 0.6120422546296297 0.7463323194444444 0.5928867199074075 0.7552138587962963 0.5924701458333334 0.7570182476851852 0.5848958449074074 0.7666729606481482 0.5844792685185185 0.7684773495370371 0.5705274537037037 0.7918642037037037 0.5701108773148148 0.7936685925925926 0.5603478125 0.8313264375 0.5609462060185185 0.8333651504629629 0.5590451412037036 0.846230199074074
3 0.5759039282407407 0.6296570300925927 0.5754873518518518 0.6314614189814814 0.5706702546296296 0.6569571875 0.5712686481481482 0.658995900462963 0.5695494027777778 0.675704050925926 0.5701477939814814 0.6777427638888889 0.5722536643518519 0.701035699074074 0.5728520578703704 0.703074412037037 0.5780557754629629 0.7175797268518518 0.5790707430555555 0.7178140509259259 0.5958027523148148 0.7425831342592593 0.5968177222222223 0.7428174583333332 0.6079823796296296 0.7453950231481481 0.6094139236111111 0.7438249583333333 0.6293496666666667 0.7408252337962963 0.6307812106481481 0.7392551689814815 0.6356742384259259 0.7365836875 0.6371057824074073 0.7350136226851852 0.6403854490740741 0.7300691041666667 0.640802025462963 0.7282647152777778 0.6472324814814814 0.7050419814814815 0.6486640277777779 0.7034719166666668 0.6540265740740742 0.6895054513888889 0.6550415416666666 0.689739775462963 0.6568367199074074 0.6958559166666667 0.6564201435185185 0.6976603055555556 0.6555340486111112 0.7107596759259259 0.6565490185185184 0.710994 0.6579805625 0.7094239351851852 0.658397138888889 0.7076195462962963 0.662562900462963 0.6895756550925926 0.6619645069444444 0.6875369421296297 0.6643350879629629 0.6633769143518519 0.6637366967592593 0.6613382013888889 0.6621003449074074 0.6267502824074074 0.6615019513888889 0.6247115694444445 0.6605399259259259 0.6149866527777778 0.6599415324074074 0.6129479398148149 0.6535410300925926 0.5943651967592593 0.6539576041666666 0.5925608078703704 0.6550255162037038 0.5833045393518519 0.6544271226851852 0.5812658263888889 0.6530485208333333 0.5733452986111112 0.6520335532407407 0.5731109745370371 0.6368619629629629 0.5601055208333333 0.6358469930555556 0.5598711967592593 0.6297571805555555 0.5584652523148148 0.6254625462962963 0.5631754490740741 0.6244475787037037 0.5629411249999999 0.6009974097222222 0.5765328587962963 0.5995658657407407 0.5781029236111112 0.590741837962963 0.5931708032407408 0.5903252615740741 0.5949751921296297 0.5847808981481482 0.6050985555555556 0.5843643217592592 0.6069029444444445 0.5759039282407407 0.6296570300925927
3 0.6293015902777778 0.4215195231481481 0.628885013888889 0.42332391203703706 0.6204246203703704 0.4460779976851852 0.6200080439814815 0.44788238657407403 0.6154257083333333 0.4677306666666667 0.6160240995370371 0.4697693796296296 0.6134717013888888 0.49008630555555555 0.6140700949074074 0.4921250185185185 0.6146155439814814 0.5036543263888889 0.6152139375 0.5056930393518518 0.6264015833333333 0.5405854837962963 0.6274165532407407 0.5408198078703703 0.640921837962963 0.5610428171296297 0.6419368078703704 0.5612771412037036 0.6567447638888888 0.5665963912037038 0.6581763078703703 0.5650263263888889 0.6746505694444445 0.5631280185185185 0.676082113425926 0.5615579537037038 0.7001836157407408 0.5405143402777778 0.7006001921296297 0.5387099513888889 0.7130675208333334 0.5263837546296296 0.7134840949074074 0.5245793657407408 0.7241562453703703 0.5061370300925926 0.7245728217592593 0.5043326412037037 0.7287385810185185 0.48628875231481483 0.7281401875 0.4842500393518519 0.7288444652777778 0.46730756481481484 0.728246074074074 0.4652688518518518 0.7216637523148148 0.44284300925925923 0.7220803287037036 0.4410386203703704 0.7175279467592593 0.4190814259259259 0.7165129768518519 0.41884710185185187 0.7056889652777778 0.3916408587962963 0.7046739953703705 0.39140653472222225 0.6961906111111111 0.38184574074074074 0.6951756435185185 0.38161141666666665 0.6858591064814815 0.3756593981481482 0.6649083958333334 0.3784247962962963 0.6634768495370371 0.37999486111111114 0.6536907962962963 0.38533782638888886 0.6522592500000001 0.38690789120370367 0.6440865578703703 0.39452389120370374 0.6436699814814815 0.39632828009259263 0.6375272268518519 0.40441293055555555 0.637110650462963 0.40621731944444445 0.6293015902777778 0.4215195231481481
3 0.608963199074074 0.27808292592592593 0.609379775462963 0.27627853703703703 0.6106295046296296 0.2708653703703704 0.6100311111111111 0.2688266574074074 0.607220962962963 0.2624761944444445 0.6062059953703703 0.2622418703703704 0.6041760578703703 0.2617732222222222 0.6002979976851852 0.2646790277777778 0.5998814236111111 0.26648341666666664 0.5977985416666667 0.2755053611111111 0.5983969351851852 0.27754407407407405 0.5995937199074075 0.2816215 0.6006086898148149 0.2818558240740741 0.6046685648148148 0.28279312037037035 0.6061001087962963 0.28122305555555555 0.608963199074074 0.27808292592592593
3 0.6111519652777778 0.25007979398148145 0.6105535717592593 0.24804108101851852 0.6103717546296296 0.24419797916666666 0.6097733634259259 0.2421592662037037 0.6073797916666668 0.23400441435185185 0.6063648217592593 0.2337700902777778 0.6043348842592593 0.23330144212962964 0.5975937361111112 0.2393473773148148 0.5971771597222222 0.2411517662037037 0.5950942800925927 0.250173712962963 0.595692673611111 0.25221242592592596 0.599101212962963 0.2606016018518518 0.6001161828703703 0.2608359259259259 0.6066225717592593 0.2604374814814815 0.6080541157407408 0.25886741435185184 0.6111519652777778 0.25007979398148145
3 0.6135685254629629 0.2905495277777778 0.6129701319444444 0.28851081481481483 0.6121899236111111 0.28262899999999996 0.6111749537037037 0.28239467592592593 0.6081300486111111 0.2816917037037037 0.6024038680555556 0.28797196296296296 0.6019872916666666 0.28977635185185185 0.6007375648148148 0.29518952083333333 0.6013359560185185 0.29722823379629626 0.6065926180555555 0.3022429537037037 0.6080241620370371 0.30067288888888893 0.6119022199074075 0.29776708333333335 0.6123187962962964 0.29596269444444445 0.6135685254629629 0.2905495277777778
3 0.4338452106481481 0.48092583796296295 0.4352767546296296 0.47935577314814815 0.4432676319444444 0.46789666898148147 0.4436842083333334 0.4660922800925926 0.4486301759259259 0.4539302060185185 0.4480317847222222 0.4518914930555556 0.44730451620370365 0.43651908333333334 0.44628954861111114 0.4362847592592593 0.438586375 0.43260577777777776 0.42510407638888886 0.44469765046296295 0.42468750231481484 0.44650203935185184 0.4189083796296296 0.4622728935185185 0.4195067731481481 0.4643116064814815 0.4194538310185185 0.47380219907407406 0.4204687986111111 0.4740365231481482 0.4210671921296296 0.47607523611111113 0.42208215972222224 0.47630956018518517 0.4338452106481481 0.48092583796296295
3 0.15697049305555555 0.3789930092592592 0.15798546064814814 0.37922733333333336 0.16503730092592594 0.3903581944444444 0.16605227083333335 0.39059251851851856 0.17781531944444445 0.39520879398148145 0.17924686342592594 0.39363872916666665 0.1837233148148148 0.39277163657407405 0.18515486111111112 0.39120157175925924 0.19231258564814815 0.3833512476851852 0.1927291597222222 0.38154685879629624 0.19744037037037038 0.37503227314814813 0.19785694675925924 0.37322788425925923 0.20059116203703706 0.3567540601851852 0.19999277083333333 0.35471534722222225 0.19962913657407408 0.34702914351851855 0.19861416666666667 0.3467948194444444 0.1962205972222222 0.3386399675925926 0.1952056273148148 0.33840564351851854 0.1915623287037037 0.33566395833333335 0.17813297453703705 0.33826523611111114 0.17670143055555557 0.33983530092592595 0.15975765046296295 0.3530285902777778 0.15934107407407408 0.3548329791666667 0.15665980092592593 0.3618162106481481 0.15725819444444444 0.3638549236111111 0.1560084675925926 0.36926809259259263 0.1566068587962963 0.37130680555555556 0.15697049305555555 0.3789930092592592
3 0.2115440509259259 0.3972939953703704 0.21297559490740742 0.3957239305555556 0.2329642800925926 0.3832336157407407 0.2323658865740741 0.38119490046296295 0.23319903935185185 0.3775861226851852 0.23260064583333334 0.3755474097222222 0.22942686574074073 0.36151074305555553 0.22841189583333335 0.3612764189814815 0.22661671759259258 0.3551602800925926 0.22560175000000002 0.3549259560185185 0.2225568425925926 0.3542229837962963 0.2176638148148148 0.35689446527777774 0.21623227083333332 0.35846453009259255 0.20579488194444445 0.371259375 0.20537830555555556 0.3730637638888889 0.20287884953703705 0.3838900972222222 0.20347724074074075 0.3859288101851852 0.20259114814814813 0.3990281828703704 0.20360611574074075 0.39926250694444443 0.2115440509259259 0.3972939953703704
3 0.18286021064814814 0.4381858888888889 0.18327678703703704 0.4363815 0.18952542592592592 0.40931566435185185 0.18892703472222222 0.4072769513888889 0.18468534259259262 0.40249655324074074 0.18367037268518518 0.4022622291666667 0.17555062268518518 0.40038763888888884 0.16618114351851854 0.403926212962963 0.16474959953703702 0.4054962777777778 0.15616033101851853 0.4149166689814815 0.1557437546296296 0.41672105787037034 0.1532442986111111 0.42754739120370366 0.15384268981481483 0.42958610416666665 0.17330891435185183 0.43788136342592593 0.17432388425925927 0.4381156851851852 0.18286021064814814 0.4381858888888889
3 0.09852584259259259 0.2894774722222222 0.09894241666666667 0.2876730810185185 0.0969654212962963 0.2777138402777778 0.0959504537037037 0.2774795162037037 0.08949700694444444 0.2683873680555556 0.0837708287037037 0.2746676296296296 0.08335425231481482 0.27647201851851855 0.08210452314814816 0.2818851851851852 0.08270291666666667 0.28392389814814817 0.08408151851851853 0.2918444259259259 0.08509648842592592 0.29207875 0.09220126851851852 0.2937190185185185 0.09363281481481482 0.2921489537037037 0.09852584259259259 0.2894774722222222
3 0.0996696851851852 0.3030454907407407 0.09907129166666666 0.3010067777777778 0.09769268981481483 0.29308625 0.09667771990740741 0.29285192592592596 0.09566275231481482 0.29261760185185187 0.08933818055555555 0.2968591481481482 0.08892160416666667 0.298663537037037 0.0872552986111111 0.3058810925925926 0.08785369212962964 0.30791980555555554 0.09269377777777778 0.31473891666666665 0.09412532175925926 0.31316885185185184 0.09841995601851851 0.3084586574074074 0.0988365324074074 0.30665426851851857 0.0996696851851852 0.3030454907407407
3 0.10487340277777778 0.3175508055555556 0.10427500925925927 0.31551209259259255 0.09943492592592593 0.3086929814814815 0.09329216898148147 0.31677762962962963 0.09389056250000001 0.31881634259259256 0.09264083564814814 0.32422950925925925 0.09323922685185185 0.326268224537037 0.09891246527777778 0.32947855555555555 0.10034400925925926 0.32790849074074074 0.10320709953703704 0.3247683611111111 0.10362367592592593 0.3229639722222222 0.10487340277777778 0.3175508055555556
3 0.07423975231481482 0.8901502337962962 0.07322478472222221 0.8899159097222222 0.06390824768518519 0.8839638935185186 0.05878046064814815 0.8922828657407408 0.05836388425925926 0.8940872546296297 0.056879398148148144 0.9051479120370369 0.05747778935185185 0.907186625 0.06518096527777778 0.9108656064814815 0.06661250925925925 0.9092955416666667 0.07215687268518518 0.8991721805555556 0.07257344907407408 0.8973677916666667 0.07423975231481482 0.8901502337962962
3 0.07299002546296296 0.895563400462963 0.07442156944444445 0.8939933356481482 0.08282902083333334 0.8807298449074075 0.08324559722222222 0.8789254560185186 0.08532847685185185 0.8699035115740741 0.08473008564814816 0.8678647986111111 0.07994294212962963 0.8515550925925927 0.0664077037037037 0.8731375578703704 0.06700609722222223 0.8751762708333333 0.06575636805555556 0.8805894375000001 0.06635476157407408 0.882628150462963 0.06814993981481482 0.8887442893518518 0.06916490740740741 0.888978613425926 0.07280820833333333 0.8917202986111111 0.07340659953703704 0.8937590115740741 0.07299002546296296 0.895563400462963
3 0.9189174097222222 0.6442287824074073 0.9193339861111112 0.6424243935185184 0.9214168657407407 0.6334024490740741 0.9208184722222222 0.6313637361111112 0.9196216875 0.6272863101851852 0.9186067175925926 0.6270519861111111 0.9115019375000001 0.6254117175925926 0.9057757569444443 0.6316919791666668 0.9053591805555555 0.6334963680555555 0.9041094537037038 0.6389095347222222 0.9047078449074074 0.6409482476851851 0.9075179930555556 0.6472987106481481 0.9085329606481481 0.6475330347222221 0.9156377430555556 0.6491733032407407 0.9160543194444444 0.6473689143518518 0.9189174097222222 0.6442287824074073
3 0.9238863680555556 0.6643815902777779 0.9243029444444445 0.662577201388889 0.926802400462963 0.6517508657407407 0.9262040069444445 0.6497121527777778 0.9213639236111112 0.6428930416666667 0.9142061990740741 0.6507433680555555 0.9137896226851852 0.6525477569444443 0.9106917731481481 0.6613353773148148 0.9112901666666666 0.6633740902777778 0.9135019212962964 0.6676858402777778 0.9145168888888889 0.6679201643518519 0.9185767638888889 0.6688574606481481 0.9200083101851851 0.6672873958333333 0.9238863680555556 0.6643815902777779
3 0.9160773078703704 0.6796837939814815 0.9164938842592593 0.6778794050925926 0.9151152824074074 0.6699588773148148 0.9141003125 0.6697245532407408 0.9114719837962963 0.6672171921296296 0.9037158657407408 0.6730288055555556 0.9032992893518519 0.6748331944444445 0.9020495625 0.680246361111111 0.9026479537037037 0.6822850740740741 0.9042613171296296 0.6845581111111111 0.9052762847222223 0.6847924351851852 0.9127976435185184 0.6846283148148148 0.9142291874999999 0.6830582476851852 0.9160773078703704 0.6796837939814815
3 0.900852775462963 0.6761689351851852 0.9002543842592593 0.6741302222222223 0.8945811458333333 0.670919888888889 0.890286511574074 0.6756300833333333 0.8898699351851852 0.6774344722222223 0.8886202083333333 0.6828476388888889 0.8892186018518518 0.6848863518518519 0.8910137800925926 0.6910024907407407 0.8920287476851853 0.6912368148148148 0.8960886226851851 0.692174111111111 0.8975201689814816 0.6906040462962963 0.900852775462963 0.6761689351851852
3 0.8732138587962963 0.6754896782407407 0.8693358009259259 0.6783954837962963 0.8689192245370371 0.6801998726851851 0.8676694953703703 0.6856130393518519 0.8682678888888888 0.6876517523148148 0.8723277638888889 0.688589048611111 0.8737593101851852 0.6870189837962962 0.8758421898148149 0.6779970393518518 0.8748272199074074 0.6777627152777778 0.8732138587962963 0.6754896782407407
3 0.8423969652777777 0.1514218564814815 0.8428135416666668 0.14961746759259262 0.8436466944444445 0.14600868981481482 0.843048300925926 0.14396997685185187 0.839639761574074 0.13558080092592592 0.8386247916666667 0.13534647685185186 0.8365948541666667 0.13487782870370368 0.8298537060185185 0.1409237638888889 0.8294371319444445 0.14272815277777778 0.8281874027777777 0.14814131944444445 0.8287857962962962 0.1501800324074074 0.830580974537037 0.15629617361111112 0.8315959421296296 0.15653049768518518 0.8356558171296297 0.1574677916666667 0.8370873634259259 0.15589772685185185 0.8423969652777777 0.1514218564814815
3 0.8419803912037037 0.15322624537037036 0.8352392430555555 0.15927218055555556 0.8348226666666667 0.16107657175925924 0.8345879074074074 0.1667240625 0.835602875 0.16695838657407408 0.8437226250000001 0.16883297685185183 0.8451541712962963 0.16726291203703703 0.8466386574074074 0.15620225462962964 0.8460402662037038 0.15416354166666668 0.8419803912037037 0.15322624537037036
3 0.8380793425925925 0.1238171712962963 0.837480949074074 0.12177845833333334 0.8328226805555556 0.11880244907407407 0.8226200509259259 0.12594980092592592 0.822203474537037 0.12775418981481482 0.8229836851851852 0.13363600462962963 0.8239986527777778 0.13387032870370372 0.8306868587962962 0.13731498611111112 0.8321184027777777 0.1357449212962963 0.8345649166666667 0.13440918055555556 0.8349814930555555 0.13260479166666667 0.8380793425925925 0.1238171712962963
3 0.8096323587962964 0.41373752083333337 0.8034896041666667 0.4218221689814815 0.8030730277777778 0.4236265578703704 0.8032548449074075 0.4274696597222222 0.8038532384259258 0.4295083726851852 0.8119729884259259 0.43138296527777775 0.8134045324074074 0.42981290046296294 0.8163205648148149 0.4171821782407407 0.8153055972222222 0.4169478541666667 0.8096323587962964 0.41373752083333337
3 0.5999664166666667 0.4698632962962963 0.6005648078703705 0.4719020092592593 0.6071471296296296 0.4943278541666667 0.6081620972222223 0.4945621782407407 0.6093588842592593 0.49863960416666664 0.6103738518518519 0.4988739282407408 0.6124037893518519 0.4993425763888889 0.6128203657407408 0.4975381875 0.6144107384259259 0.4674963425925926 0.6148273148148148 0.4656919537037037 0.6198262268518518 0.44403928472222226 0.6212577708333333 0.4424692199074074 0.6346641365740742 0.40755306018518517 0.6360956805555555 0.4059829953703704 0.6416400439814814 0.39585963194444446 0.6430715879629629 0.3942895671296296 0.6512442824074074 0.38667356712962964 0.6516608587962963 0.38486917824074074 0.6520774328703703 0.3830647893518519 0.6514790416666666 0.38102607638888886 0.6393523587962963 0.3687235949074074 0.6383373888888889 0.3684892708333333 0.6342775138888889 0.36755197453703703 0.624673275462963 0.37673804166666663 0.6242566990740741 0.37854243055555553 0.610721460648148 0.4001248935185185 0.6103048842592592 0.4019292847222222 0.6026776412037037 0.42107459027777777 0.6022610671296297 0.42287897916666667 0.5993450347222222 0.43550970370370373 0.599943425925926 0.43754841666666666 0.5999664166666667 0.4698632962962963
1 0.5579310925925925 0.12775018055555554 0.5757478009259259 0.15847137731481484 0.5699523101851852 0.20996903703703704 0.5440189884259259 0.2824751180555556 0.579076375 0.2977908935185185 0.5830807986111112 0.2795196990740741 0.6218105972222223 0.15390130555555556 0.6493289976851853 0.05230244212962963 0.6552694560185186 0.03675889120370371 0.6265154652777777 0.02099780787037037 0.6262109745370371 0.02092750925925926 0.6021727245370371 0.08892963657407407 0.593668375 0.10863267361111112 0.5870832685185184 0.11585497222222223 0.5732069652777777 0.11113092361111111 0.5059180138888889 0.05853506481481481 0.49686681944444444 0.08153286574074074 0.5346995925925926 0.11307400694444444 0.5579310925925925 0.12775018055555554
0 0.6384992106481482 0.33583694444444445 0.6106223310185185 0.31951812962962967 0.5835802037037037 0.3102340625 0.5805988263888889 0.29814237962962964 0.5804699537037037 0.28480868287037037 0.6021737731481481 0.21626761111111112 0.5709967453703704 0.20127751851851852 0.5428139143518519 0.28352729861111114 0.4973024930555556 0.3750804004629629 0.5107746203703704 0.4158218356481481 0.5110215694444444 0.41891975 0.5528263703703703 0.3614812708333333 0.5797410162037037 0.34260757175925927 0.6093781064814815 0.34944983333333335 0.6371610833333333 0.3680276435185185 0.6549322337962963 0.3850542662037037 0.6826816342592593 0.3732153125 0.6679553912037037 0.35689166203703704 0.6384992106481482 0.33583694444444445