2 0.7485416666666667 0 0.7448958333333334 0.001851851851851852 0.7233333333333334 0.05296296296296296 0.684375 0.25407407407407406 0.6729166666666666 0.432037037037037 0.6519791666666666 0.567962962962963 0.67 0.5935185185185184 0.6635416666666666 0.6357407407407407 0.6477083333333333 0.6625925925925926 0.636875 0.6690740740740742 0.6311458333333333 0.7061111111111111 0.6282291666666666 0.7112962962962962 0.64125 0.777962962962963 0.7003125 0.5383333333333333 0.6995833333333334 0.47574074074074074 0.7283333333333333 0.26944444444444443 0.7276041666666666 0.26555555555555554 0.7636458333333332 0.040185185185185185 0.778125 0 0.7485416666666667 0
3 0.759375 0.8296296296296296 0.7583333333333334 0.8314814814814815 0.7489583333333334 0.8481481481481481 0.7489583333333334 0.85 0.7395833333333334 0.8777777777777778 0.7395833333333334 0.8796296296296297 0.7364583333333333 0.8962962962962963 0.7364583333333333 0.8981481481481481 0.7385416666666667 0.9296296296296297 0.7385416666666667 0.9314814814814815 0.7375 0.9407407407407407 0.7385416666666667 0.9425925925925925 0.740625 0.9574074074074075 0.7416666666666666 0.9592592592592593 0.7489583333333334 0.9851851851851853 0.75 0.9870370370370369 0.7552083333333334 0.9962962962962962 0.75625 0.9962962962962962 0.859375 0.9962962962962962 0.859375 0.9944444444444445 0.8583333333333334 0.9685185185185184 0.8572916666666667 0.9666666666666667 0.8489583333333334 0.9462962962962963 0.8489583333333334 0.9444444444444444 0.8395833333333333 0.9129629629629629 0.8395833333333333 0.9111111111111112 0.8354166666666666 0.8907407407407407 0.8354166666666666 0.8888888888888888 0.8364583333333334 0.8666666666666666 0.8375 0.8648148148148148 0.8416666666666667 0.8462962962962963 0.8416666666666667 0.8444444444444444 0.8416666666666667 0.8370370370370371 0.840625 0.8351851851851853 0.8302083333333333 0.8166666666666667 0.8291666666666666 0.8166666666666667 0.81875 0.8074074074074075 0.8177083333333334 0.8074074074074075 0.7895833333333334 0.8055555555555556 0.7802083333333334 0.8092592592592593 0.7791666666666667 0.811111111111111 0.759375 0.8296296296296296
3 0.821875 0.75 0.821875 0.7703703703703704 0.8239583333333333 0.7777777777777778 0.8239583333333333 0.7851851851851852 0.825 0.7870370370370371 0.825 0.7925925925925925 0.8260416666666667 0.7944444444444444 0.8260416666666667 0.8018518518518518 0.8270833333333334 0.8037037037037037 0.8270833333333334 0.8074074074074075 0.8416666666666667 0.8314814814814815 0.8458333333333333 0.8333333333333334 0.8479166666666667 0.8296296296296296 0.85 0.8222222222222222 0.8489583333333334 0.7851851851851852 0.8645833333333334 0.7814814814814816 0.865625 0.7833333333333333 0.865625 0.7925925925925925 0.8666666666666666 0.7944444444444444 0.8666666666666666 0.8018518518518518 0.8677083333333334 0.8037037037037037 0.8739583333333334 0.7981481481481482 0.8770833333333333 0.7981481481481482 0.878125 0.8 0.8760416666666666 0.8074074074074075 0.8697916666666666 0.8203703703703703 0.8697916666666666 0.8240740740740741 0.8708333333333333 0.825925925925926 0.871875 0.8388888888888888 0.8739583333333334 0.8462962962962963 0.8739583333333334 0.8518518518518519 0.8770833333333333 0.862962962962963 0.8833333333333334 0.8722222222222222 0.9083333333333333 0.8703703703703703 0.909375 0.8685185185185185 0.9166666666666666 0.8666666666666666 0.9197916666666667 0.862962962962963 0.921875 0.862962962962963 0.9260416666666667 0.8592592592592593 0.928125 0.8555555555555556 0.9333333333333333 0.8518518518518519 0.9458333333333334 0.8296296296296296 0.9458333333333334 0.825925925925926 0.9510416666666667 0.8092592592592593 0.9520833333333334 0.7870370370370371 0.95 0.7796296296296297 0.9489583333333333 0.7629629629629631 0.946875 0.7555555555555555 0.9291666666666666 0.7537037037037038 0.925 0.75 0.921875 0.75 0.90625 0.7277777777777777 0.9020833333333333 0.725925925925926 0.8989583333333334 0.7222222222222222 0.896875 0.7222222222222222 0.8958333333333334 0.7203703703703703 0.8895833333333334 0.7203703703703703 0.8885416666666667 0.7185185185185184 0.8833333333333334 0.7185185185185184 0.8791666666666667 0.7222222222222222 0.878125 0.7222222222222222 0.8776620370370369 0.719753087962963 0.8770833333333333 0.7240740740740741 0.875 0.7240740740740741 0.8739583333333334 0.725925925925926 0.8719907407407407 0.7209876527777778 0.871875 0.725925925925926 0.86875 0.7296296296296296 0.8663194444444444 0.7222222222222222 0.8436342592592593 0.7271604953703703 0.8395833333333333 0.7370370370370369 0.8385416666666666 0.7370370370370369 0.8364583333333334 0.7333333333333334 0.8379629629629629 0.7283950601851852 0.834375 0.7314814814814815 0.8322916666666667 0.7296296296296296 0.8260416666666667 0.7296296296296296 0.825 0.7333333333333334 0.825 0.7370370370370369 0.8239583333333333 0.7388888888888888 0.8239583333333333 0.7425925925925926 0.821875 0.75
3 0.7177083333333334 0.9703703703703703 0.7177083333333334 0.9722222222222222 0.7135416666666666 0.9925925925925926 0.7135416666666666 0.9944444444444445 0.7145833333333333 0.9981481481481481 0.715625 0.9981481481481481 0.7520833333333333 0.9962962962962962 0.7520833333333333 0.9944444444444445 0.7395833333333334 0.9592592592592593 0.7395833333333334 0.9574074074074075 0.7375 0.9425925925925925 0.7364583333333333 0.9407407407407407 0.734375 0.9407407407407407 0.7229166666666667 0.9574074074074075 0.7229166666666667 0.9592592592592593 0.7177083333333334 0.9703703703703703
3 0.7010416666666667 0.8185185185185185 0.7020833333333334 0.8203703703703703 0.703125 0.8296296296296296 0.7041666666666666 0.8314814814814815 0.7072916666666667 0.8370370370370371 0.7083333333333334 0.8370370370370371 0.7145833333333333 0.8425925925925926 0.715625 0.8425925925925926 0.7208333333333333 0.8425925925925926 0.721875 0.8407407407407407 0.7270833333333334 0.8351851851851853 0.728125 0.8351851851851853 0.7302083333333333 0.8351851851851853 0.73125 0.8333333333333334 0.73125 0.8055555555555556 0.7302083333333333 0.8037037037037037 0.721875 0.7907407407407407 0.7208333333333333 0.7907407407407407 0.7114583333333334 0.7907407407407407 0.7020833333333334 0.8055555555555556 0.7020833333333334 0.8074074074074075 0.7010416666666667 0.8185185185185185
3 0.7322916666666667 0.8314814814814815 0.7333333333333334 0.8333333333333334 0.74375 0.8481481481481481 0.7447916666666666 0.8481481481481481 0.7479166666666667 0.8481481481481481 0.7479166666666667 0.8462962962962963 0.759375 0.8277777777777778 0.759375 0.825925925925926 0.7604166666666666 0.8166666666666667 0.759375 0.8148148148148148 0.753125 0.8018518518518518 0.7520833333333333 0.8018518518518518 0.7416666666666666 0.8 0.7333333333333334 0.8074074074074075 0.7333333333333334 0.8092592592592593 0.7322916666666667 0.8314814814814815
3 0.715625 0.8555555555555556 0.715625 0.8574074074074074 0.7145833333333333 0.8685185185185185 0.715625 0.8703703703703703 0.7166666666666667 0.8796296296296297 0.7177083333333334 0.8814814814814815 0.725 0.8962962962962963 0.7260416666666666 0.8962962962962963 0.7322916666666667 0.8981481481481481 0.7333333333333334 0.8962962962962963 0.7354166666666666 0.8944444444444444 0.7354166666666666 0.8925925925925926 0.7375 0.8796296296296297 0.7385416666666667 0.8777777777777778 0.7447916666666666 0.8574074074074074 0.7447916666666666 0.8555555555555556 0.7447916666666666 0.85 0.74375 0.85 0.7364583333333333 0.8388888888888888 0.7354166666666666 0.8388888888888888 0.7270833333333334 0.8370370370370371 0.71875 0.8462962962962963 0.71875 0.8481481481481481 0.715625 0.8555555555555556
3 0.7166666666666667 0.9185185185185185 0.7166666666666667 0.9203703703703704 0.7229166666666667 0.9425925925925925 0.7239583333333334 0.9444444444444444 0.7270833333333334 0.9462962962962963 0.728125 0.9444444444444444 0.7364583333333333 0.9351851851851852 0.7364583333333333 0.9333333333333333 0.7364583333333333 0.9129629629629629 0.7354166666666666 0.9111111111111112 0.7354166666666666 0.9018518518518519 0.734375 0.9 0.7333333333333334 0.8981481481481481 0.7322916666666667 0.8981481481481481 0.728125 0.8981481481481481 0.7197916666666666 0.9055555555555556 0.7197916666666666 0.9074074074074074 0.7166666666666667 0.9185185185185185
3 0.7052083333333333 0.938888888888889 0.7052083333333333 0.9407407407407407 0.70625 0.9537037037037037 0.7072916666666667 0.9555555555555556 0.7125 0.9722222222222222 0.7135416666666666 0.9722222222222222 0.7177083333333334 0.9685185185185184 0.7177083333333334 0.9666666666666667 0.725 0.9481481481481482 0.725 0.9462962962962963 0.71875 0.9296296296296297 0.7177083333333334 0.9277777777777778 0.7145833333333333 0.9259259259259259 0.709375 0.9296296296296297 0.7083333333333334 0.9314814814814815 0.7052083333333333 0.938888888888889
3 0.61875 0.9425925925925925 0.61875 0.95 0.6270833333333333 0.9518518518518518 0.6270833333333333 0.9555555555555556 0.6260416666666666 0.9555555555555556 0.6260416666666666 0.9592592592592593 0.625 0.9611111111111111 0.625 0.9648148148148148 0.6270833333333333 0.9648148148148148 0.628125 0.9629629629629629 0.6287946435185185 0.9466931226851852 0.6322916666666666 0.9425925925925925 0.6322916666666666 0.9407407407407407 0.630505951388889 0.9378306875 0.6322172615740741 0.9289682546296296 0.6364583333333333 0.9277777777777778 0.6364583333333333 0.9333333333333333 0.640625 0.9333333333333333 0.640625 0.9407407407407407 0.6416666666666666 0.9425925925925925 0.65 0.9425925925925925 0.6541666666666667 0.95 0.6552083333333334 0.9314814814814815 0.6583333333333333 0.9259259259259259 0.6583333333333333 0.9166666666666666 0.6541666666666667 0.9129629629629629 0.6541666666666667 0.9018518518518519 0.6583333333333333 0.9074074074074074 0.6604166666666667 0.9018518518518519 0.6604166666666667 0.8962962962962963 0.6625 0.8907407407407407 0.665625 0.8907407407407407 0.6666666666666666 0.8888888888888888 0.671875 0.8888888888888888 0.675 0.8833333333333334 0.678125 0.887037037037037 0.6791666666666666 0.8851851851851852 0.6822916666666666 0.8851851851851852 0.68125 0.8833333333333334 0.671875 0.8796296296296297 0.6697916666666667 0.8759259259259259 0.6677083333333333 0.8611111111111112 0.6645833333333334 0.8555555555555556 0.6635416666666666 0.8425925925925926 0.6604166666666667 0.8370370370370371 0.659375 0.8370370370370371 0.6572916666666666 0.8333333333333334 0.6510416666666666 0.8314814814814815 0.65 0.8333333333333334 0.6532738101851853 0.8407407407407407 0.6493303564814815 0.8403439143518519 0.6447916666666667 0.8333333333333334 0.6385416666666667 0.8388888888888888 0.6385416666666667 0.8574074074074074 0.6375 0.8592592592592593 0.645907738425926 0.8580687824074075 0.6424851180555555 0.8757936504629629 0.6375 0.8759259259259259 0.6354166666666666 0.8796296296296297 0.628125 0.8851851851851852 0.625 0.8907407407407407 0.625 0.8925925925925926 0.6208333333333333 0.9018518518518519 0.6197916666666666 0.9055555555555556 0.6197916666666666 0.9111111111111112 0.61875 0.9129629629629629 0.61875 0.9222222222222222 0.6177083333333334 0.924074074074074 0.6177083333333334 0.9407407407407407 0.61875 0.9425925925925925
3 0.6416666666666666 0.8074074074074075 0.6427083333333333 0.8074074074074075 0.6510416666666666 0.8074074074074075 0.6520833333333333 0.8092592592592593 0.653125 0.8166666666666667 0.6541666666666667 0.8185185185185185 0.6583333333333333 0.8203703703703703 0.659375 0.8222222222222222 0.659375 0.8277777777777778 0.6604166666666667 0.8296296296296296 0.6614583333333334 0.8296296296296296 0.6614583333333334 0.8277777777777778 0.6625 0.8203703703703703 0.6635416666666666 0.8185185185185185 0.6677083333333333 0.8074074074074075 0.6677083333333333 0.8055555555555556 0.6697916666666667 0.7888888888888889 0.6708333333333334 0.7870370370370371 0.6760416666666667 0.7685185185185185 0.6760416666666667 0.7666666666666666 0.6770833333333334 0.7537037037037038 0.6760416666666667 0.7518518518518519 0.6739583333333333 0.7425925925925926 0.6729166666666666 0.7407407407407407 0.66875 0.7333333333333334 0.6677083333333333 0.7333333333333334 0.6614583333333334 0.7277777777777777 0.6604166666666667 0.7277777777777777 0.6541666666666667 0.7277777777777777 0.6458333333333334 0.7574074074074074 0.6458333333333334 0.7592592592592593 0.6416666666666666 0.8074074074074075
3 0.12604166666666666 0.9 0.12604166666666666 0.9018518518518519 0.12395833333333332 0.9074074074074074 0.12395833333333332 0.9092592592592593 0.12395833333333332 0.9222222222222222 0.125 0.924074074074074 0.13020833333333334 0.9351851851851852 0.13125 0.9351851851851852 0.14270833333333333 0.938888888888889 0.14375000000000002 0.9370370370370371 0.146875 0.9314814814814815 0.146875 0.9296296296296297 0.14479166666666665 0.9129629629629629 0.14583333333333334 0.9111111111111112 0.15416666666666665 0.9037037037037037 0.15416666666666665 0.9018518518518519 0.15520833333333334 0.8981481481481481 0.15416666666666665 0.8962962962962963 0.15208333333333335 0.8888888888888888 0.15104166666666666 0.8888888888888888 0.14791666666666667 0.8851851851851852 0.146875 0.8851851851851852 0.13749999999999998 0.8851851851851852 0.13125 0.8907407407407407 0.13020833333333334 0.8925925925925926 0.12604166666666666 0.9
3 0.12812500000000002 0.9685185185185184 0.12916666666666665 0.9703703703703703 0.13541666666666666 0.9796296296296296 0.13645833333333335 0.9777777777777777 0.14479166666666665 0.975925925925926 0.14583333333333334 0.9740740740740741 0.146875 0.9648148148148148 0.14583333333333334 0.9629629629629629 0.14375000000000002 0.9425925925925925 0.14270833333333333 0.9425925925925925 0.13020833333333334 0.938888888888889 0.12604166666666666 0.9592592592592593 0.12604166666666666 0.9611111111111111 0.12812500000000002 0.9685185185185184
3 0.13229166666666667 0.9870370370370369 0.13229166666666667 0.9888888888888888 0.13020833333333334 0.9981481481481481 0.13125 0.9981481481481481 0.14895833333333333 0.9981481481481481 0.14895833333333333 0.9962962962962962 0.14791666666666667 0.9796296296296296 0.146875 0.9796296296296296 0.14166666666666666 0.9777777777777777 0.13749999999999998 0.9796296296296296 0.13645833333333335 0.9814814814814815 0.13229166666666667 0.9870370370370369
3 0.19270833333333334 0.9981481481481481 0.19270833333333334 0.9962962962962962 0.19166666666666665 0.9888888888888888 0.190625 0.9870370370370369 0.18854166666666666 0.9833333333333334 0.1875 0.9833333333333334 0.18125 0.9814814814814815 0.17916666666666667 0.9981481481481481 0.18020833333333333 0.9981481481481481 0.19270833333333334 0.9981481481481481
3 0.16979166666666665 0.8740740740740741 0.16979166666666665 0.8759259259259259 0.16979166666666665 0.8777777777777778 0.16875 0.8796296296296297 0.16354166666666667 0.8833333333333334 0.16354166666666667 0.8851851851851852 0.16354166666666667 0.8944444444444444 0.16458333333333333 0.8962962962962963 0.16979166666666665 0.9055555555555556 0.17083333333333334 0.9055555555555556 0.18541666666666665 0.9018518518518519 0.18645833333333334 0.9 0.18958333333333335 0.8907407407407407 0.18958333333333335 0.8888888888888888 0.18958333333333335 0.8777777777777778 0.18854166666666666 0.8759259259259259 0.18645833333333334 0.862962962962963 0.18541666666666665 0.8611111111111112 0.18229166666666666 0.8574074074074074 0.18125 0.8574074074074074 0.17291666666666666 0.8574074074074074 0.165625 0.8703703703703703 0.16666666666666666 0.8722222222222222 0.16979166666666665 0.8740740740740741
3 0.020833333333333332 0.9666666666666667 0.020833333333333332 0.9685185185185184 0.01979166666666667 0.9851851851851853 0.020833333333333332 0.9870370370370369 0.026041666666666668 0.9962962962962962 0.02708333333333333 0.9962962962962962 0.042708333333333334 0.9981481481481481 0.04375 0.9962962962962962 0.04583333333333334 0.9944444444444445 0.04583333333333334 0.9925925925925926 0.05 0.9740740740740741 0.05 0.9722222222222222 0.05 0.9592592592592593 0.04895833333333333 0.9574074074074075 0.042708333333333334 0.95 0.041666666666666664 0.95 0.03229166666666666 0.95 0.025 0.9574074074074075 0.02395833333333333 0.9592592592592593 0.020833333333333332 0.9666666666666667
3 0.05520833333333334 0.9351851851851852 0.05520833333333334 0.9370370370370371 0.057291666666666664 0.9611111111111111 0.058333333333333334 0.9629629629629629 0.06666666666666667 0.9722222222222222 0.06770833333333333 0.9722222222222222 0.07708333333333332 0.9666666666666667 0.078125 0.9648148148148148 0.08333333333333333 0.9537037037037037 0.08333333333333333 0.9518518518518518 0.08229166666666667 0.9296296296296297 0.08125 0.9277777777777778 0.07916666666666668 0.924074074074074 0.078125 0.924074074074074 0.06979166666666667 0.924074074074074 0.058333333333333334 0.9296296296296297 0.057291666666666664 0.9314814814814815 0.05520833333333334 0.9351851851851852
3 0.3208333333333333 0.7388888888888888 0.3208333333333333 0.7407407407407407 0.3239583333333333 0.75 0.325 0.75 0.328125 0.7537037037037038 0.32916666666666666 0.7537037037037038 0.3354166666666667 0.7518518518518519 0.3354166666666667 0.75 0.3375 0.7388888888888888 0.3375 0.7370370370370369 0.3364583333333333 0.7240740740740741 0.3354166666666667 0.7240740740740741 0.3322916666666667 0.7222222222222222 0.3239583333333333 0.7314814814814815 0.3229166666666667 0.7333333333333334 0.3208333333333333 0.7388888888888888
3 0.3177083333333333 0.5833333333333334 0.3177083333333333 0.5851851851851853 0.3197916666666667 0.5925925925925926 0.3208333333333333 0.5925925925925926 0.328125 0.5907407407407407 0.32916666666666666 0.5888888888888889 0.3322916666666667 0.5851851851851853 0.3322916666666667 0.5833333333333334 0.32916666666666666 0.5666666666666667 0.3260416666666667 0.5685185185185185 0.3260416666666667 0.5703703703703704 0.3177083333333333 0.5833333333333334
3 0.3166666666666667 0.612962962962963 0.3177083333333333 0.6148148148148148 0.3208333333333333 0.6222222222222222 0.321875 0.6222222222222222 0.328125 0.6222222222222222 0.32916666666666666 0.6203703703703703 0.33125 0.6148148148148148 0.33125 0.612962962962963 0.3302083333333333 0.6018518518518519 0.32916666666666666 0.6 0.31875 0.5981481481481481 0.3166666666666667 0.6037037037037037 0.3166666666666667 0.6055555555555556 0.3166666666666667 0.612962962962963
3 0.31875 0.6333333333333334 0.31875 0.6351851851851852 0.321875 0.6407407407407407 0.3229166666666667 0.6407407407407407 0.32916666666666666 0.6407407407407407 0.3302083333333333 0.6388888888888888 0.3322916666666667 0.6351851851851852 0.3322916666666667 0.6333333333333334 0.3322916666666667 0.6277777777777778 0.33125 0.6277777777777778 0.3260416666666667 0.6240740740740741 0.321875 0.6259259259259259 0.3208333333333333 0.6277777777777778 0.31875 0.6333333333333334
3 0.571875 0.9203703703703704 0.571875 0.9222222222222222 0.5656249999999999 0.95 0.5656249999999999 0.9518518518518518 0.5666666666666667 0.9796296296296296 0.5677083333333334 0.9814814814814815 0.56875 0.9907407407407407 0.5697916666666667 0.9925925925925926 0.571875 0.9981481481481481 0.5729166666666666 0.9981481481481481 0.5770833333333334 0.9944444444444445 0.5770833333333334 0.9925925925925926 0.5791666666666666 0.9648148148148148 0.5802083333333333 0.9629629629629629 0.5875 0.9129629629629629 0.5875 0.9111111111111112 0.5875 0.9018518518518519 0.5864583333333333 0.9018518518518519 0.5854166666666667 0.9018518518518519 0.5791666666666666 0.9074074074074074 0.578125 0.9092592592592593 0.571875 0.9203703703703704
1 0.7177083333333334 0.327037037037037 0.7230208333333334 0.3062962962962963 0.7298958333333333 0.2212962962962963 0.7415625 0.16333333333333333 0.7018749999999999 0.15222222222222223 0.6839583333333334 0.2594444444444444 0.6732291666666667 0.26851851851851855 0.6364583333333333 0.2611111111111111 0.5982291666666667 0.2594444444444444 0.5969791666666666 0.28759259259259257 0.6278125 0.28814814814814815 0.64625 0.29462962962962963 0.6689583333333333 0.3088888888888889 0.67375 0.317962962962963 0.6770833333333334 0.33018518518518514 0.6779166666666667 0.3592592592592592 0.675 0.4075925925925926 0.675 0.40814814814814815 0.7095833333333333 0.4061111111111111 0.7177083333333334 0.327037037037037
0 0.6557291666666666 0.5583333333333333 0.6639583333333333 0.5814814814814815 0.6678125 0.6037037037037037 0.6670833333333334 0.6164814814814815 0.6605208333333334 0.6483333333333333 0.6691666666666666 0.6551851851851852 0.6898958333333334 0.575925925925926 0.7053125 0.5583333333333333 0.7269791666666667 0.5566666666666666 0.75375 0.5762962962962963 0.7804166666666666 0.6062962962962963 0.8389583333333334 0.7133333333333334 0.8402083333333334 0.7185185185185184 0.8527083333333333 0.6885185185185185 0.8327083333333334 0.6483333333333333 0.7954166666666667 0.5896296296296296 0.7592708333333333 0.5472222222222223 0.7301041666666666 0.5296296296296297 0.7130208333333333 0.5283333333333333 0.7058333333333334 0.5194444444444445 0.6995833333333334 0.5035185185185186 0.7014583333333333 0.47240740740740744 0.7082291666666666 0.4264814814814815 0.6736458333333333 0.4237037037037037 0.6557291666666666 0.554074074074074 0.6557291666666666 0.5583333333333333