2 0.15426041666666668 0 0.16661458333333334 0.09418518518518519 0.18588541666666666 0.18555555555555556 0.22344791666666666 0.32964814814814813 0.23827083333333335 0.3805925925925926 0.26297916666666665 0.45175925925925925 0.28472916666666664 0.5457777777777778 0.29213541666666665 0.642425925925926 0.31536458333333334 0.6652592592592592 0.32476041666666666 0.6353888888888889 0.31635416666666666 0.5651111111111111 0.31635416666666666 0.4957037037037037 0.30004166666666665 0.4939444444444444 0.2985625 0.45966666666666667 0.27039583333333334 0.36918518518518517 0.24320833333333333 0.287462962962963 0.23333333333333334 0.2540925925925926 0.20169791666666667 0.11262962962962962 0.18489583333333334 0 0.15426041666666668 0
2 0.4230625 0.12694444444444444 0.43592708333333335 0.14296296296296296 0.44016666666666665 0.13885185185185187 0.4541875 0.1454814814814815 0.46937500000000004 0.15966666666666665 0.4909791666666667 0.18596296296296297 0.4909791666666667 0.1784074074074074 0.49330208333333336 0.16903703703703704 0.4824895833333333 0.1557777777777778 0.4480208333333333 0.12283333333333334 0.4267916666666667 0.11025925925925925 0.4267916666666667 0.11962962962962963 0.4239583333333333 0.12055555555555555 0.4230625 0.12694444444444444
2 0.7473854166666667 0.44070370370370365 0.7416979166666666 0.4526481481481482 0.7543645833333333 0.4590740740740741 0.7830416666666666 0.47883333333333333 0.7861458333333333 0.48709259259259263 0.7936354166666667 0.4889444444444444 0.7995833333333334 0.4880185185185186 0.8458333333333333 0.49857407407407406 0.9641770833333333 0.5008703703703704 0.9633958333333333 0.48159259259259257 0.90578125 0.4825 0.823875 0.48020370370370374 0.7949270833333334 0.4710185185185185 0.7473854166666667 0.44070370370370365
3 0.36041666666666666 0.512962962962963 0.359375 0.5148148148148148 0.3479166666666667 0.5351851851851852 0.3479166666666667 0.5370370370370371 0.3416666666666667 0.5518518518518518 0.3416666666666667 0.5537037037037037 0.3354166666666667 0.5888888888888889 0.3354166666666667 0.5907407407407407 0.3354166666666667 0.6277777777777778 0.3364583333333333 0.6296296296296297 0.3385416666666667 0.6444444444444444 0.3395833333333333 0.6462962962962963 0.3458333333333333 0.6666666666666666 0.346875 0.6685185185185185 0.36041666666666666 0.6870370370370371 0.3614583333333333 0.6870370370370371 0.36875 0.6944444444444444 0.3697916666666667 0.6944444444444444 0.3822916666666667 0.7 0.3833333333333333 0.7 0.3958333333333333 0.7 0.396875 0.6981481481481482 0.4135416666666667 0.6944444444444444 0.4145833333333333 0.6925925925925925 0.4239583333333333 0.6814814814814815 0.425 0.6796296296296297 0.4333333333333333 0.6648148148148147 0.4333333333333333 0.6629629629629629 0.4354166666666667 0.6574074074074074 0.4354166666666667 0.6555555555555556 0.4354166666666667 0.6425925925925926 0.434375 0.6407407407407407 0.4270833333333333 0.6055555555555556 0.4260416666666667 0.6037037037037037 0.42083333333333334 0.587037037037037 0.42083333333333334 0.5851851851851853 0.415625 0.5592592592592592 0.415625 0.5574074074074075 0.415625 0.5296296296296297 0.4145833333333333 0.5277777777777778 0.40625 0.5111111111111112 0.40520833333333334 0.5111111111111112 0.4010416666666667 0.5055555555555555 0.4 0.5055555555555555 0.3947916666666667 0.5018518518518519 0.39375 0.5018518518518519 0.3802083333333333 0.5 0.3677083333333333 0.5055555555555555 0.3666666666666667 0.5074074074074074 0.36041666666666666 0.512962962962963
3 0.5333333333333333 0.3851851851851852 0.5333333333333333 0.387037037037037 0.5333333333333333 0.39814814814814814 0.5343749999999999 0.4 0.5395833333333333 0.40925925925925927 0.540625 0.40925925925925927 0.5489583333333333 0.412962962962963 0.5499999999999999 0.412962962962963 0.5552083333333333 0.4111111111111111 0.55625 0.40925925925925927 0.5645833333333333 0.387037037037037 0.5645833333333333 0.3851851851851852 0.5625 0.37222222222222223 0.5614583333333334 0.37037037037037035 0.5552083333333333 0.3592592592592592 0.5541666666666667 0.3592592592592592 0.5458333333333334 0.3574074074074074 0.5364583333333334 0.37407407407407406 0.5364583333333334 0.37592592592592594 0.5333333333333333 0.3851851851851852
3 0.540625 0.3185185185185185 0.5395833333333333 0.32037037037037036 0.5385416666666667 0.32407407407407407 0.5385416666666667 0.32592592592592595 0.5385416666666667 0.34074074074074073 0.5395833333333333 0.3425925925925926 0.5437500000000001 0.35370370370370374 0.5447916666666667 0.35370370370370374 0.553125 0.35555555555555557 0.5541666666666667 0.35370370370370374 0.5593750000000001 0.35 0.5604166666666667 0.34814814814814815 0.5635416666666666 0.3425925925925926 0.5635416666666666 0.34074074074074073 0.5666666666666667 0.32962962962962966 0.5666666666666667 0.3277777777777778 0.5666666666666667 0.32037037037037036 0.5656249999999999 0.3185185185185185 0.5635416666666666 0.3074074074074074 0.5625 0.3055555555555556 0.5604166666666667 0.30185185185185187 0.5593750000000001 0.30185185185185187 0.5541666666666667 0.2962962962962963 0.553125 0.2962962962962963 0.546875 0.2962962962962963 0.540625 0.3074074074074074 0.540625 0.30925925925925923 0.540625 0.3185185185185185
3 0.5333333333333333 0.26851851851851855 0.5322916666666666 0.27037037037037037 0.5302083333333334 0.2740740740740741 0.5302083333333334 0.2759259259259259 0.5291666666666667 0.28888888888888886 0.5302083333333334 0.29074074074074074 0.5333333333333333 0.3 0.5343749999999999 0.3 0.540625 0.3037037037037037 0.5416666666666666 0.30185185185185187 0.546875 0.29444444444444445 0.5479166666666666 0.29444444444444445 0.553125 0.29074074074074074 0.553125 0.28888888888888886 0.553125 0.2777777777777778 0.5520833333333334 0.2759259259259259 0.5510416666666667 0.26666666666666666 0.5499999999999999 0.26481481481481484 0.546875 0.25925925925925924 0.5458333333333334 0.25925925925925924 0.5427083333333333 0.2555555555555556 0.5416666666666666 0.2555555555555556 0.5375 0.2555555555555556 0.5333333333333333 0.25925925925925924 0.5333333333333333 0.2611111111111111 0.5333333333333333 0.26851851851851855
3 0.6479166666666666 0.8018518518518518 0.646875 0.8018518518518518 0.6427083333333333 0.8074074074074075 0.6416666666666666 0.8074074074074075 0.6291666666666667 0.8129629629629629 0.628125 0.8129629629629629 0.6125 0.811111111111111 0.6125 0.8129629629629629 0.6104166666666666 0.8296296296296296 0.6114583333333333 0.8314814814814815 0.61875 0.8740740740740741 0.61875 0.8759259259259259 0.6166666666666666 0.9277777777777778 0.6177083333333334 0.9277777777777778 0.625 0.9351851851851852 0.6260416666666666 0.9351851851851852 0.6427083333333333 0.9407407407407407 0.64375 0.9407407407407407 0.65625 0.9407407407407407 0.6572916666666666 0.938888888888889 0.6635416666666666 0.9370370370370371 0.6645833333333334 0.9351851851851852 0.6739583333333333 0.9259259259259259 0.675 0.924074074074074 0.6833333333333333 0.9092592592592593 0.6833333333333333 0.9074074074074074 0.6885416666666666 0.8925925925925926 0.6885416666666666 0.8907407407407407 0.6927083333333334 0.8611111111111112 0.6927083333333334 0.8592592592592593 0.6916666666666667 0.8203703703703703 0.690625 0.8185185185185185 0.6854166666666667 0.8 0.684375 0.7981481481481482 0.6770833333333334 0.7833333333333333 0.6760416666666667 0.7833333333333333 0.6708333333333334 0.7759259259259259 0.6697916666666667 0.7759259259259259 0.6645833333333334 0.774074074074074 0.6552083333333334 0.7851851851851852 0.6541666666666667 0.7870370370370371 0.6479166666666666 0.8018518518518518
3 0.5083333333333333 0.862962962962963 0.509375 0.8611111111111112 0.5125000000000001 0.8611111111111112 0.5135416666666667 0.8592592592592593 0.5197916666666667 0.8574074074074074 0.5208333333333334 0.8555555555555556 0.5239583333333333 0.8555555555555556 0.525 0.8537037037037037 0.540625 0.8537037037037037 0.5416666666666666 0.8518518518518519 0.5458333333333334 0.8518518518518519 0.5510416666666667 0.8462962962962963 0.5541666666666667 0.8314814814814815 0.5593750000000001 0.8388888888888888 0.5593750000000001 0.8462962962962963 0.5614583333333334 0.8388888888888888 0.5656249999999999 0.8425925925925926 0.5656249999999999 0.8444444444444444 0.584375 0.8425925925925926 0.5854166666666667 0.8444444444444444 0.5885416666666666 0.8555555555555556 0.5875 0.8851851851851852 0.5854166666666667 0.8907407407407407 0.5854166666666667 0.8962962962962963 0.5833333333333334 0.9037037037037037 0.5822916666666667 0.9166666666666666 0.5625 0.9851851851851853 0.5625 0.9907407407407407 0.5635416666666666 0.9944444444444445 0.5666666666666667 0.9944444444444445 0.5677083333333334 0.9925925925925926 0.5708333333333333 0.9925925925925926 0.571875 0.9907407407407407 0.5760416666666667 0.9907407407407407 0.5770833333333334 0.9888888888888888 0.5802083333333333 0.9888888888888888 0.5916666666666667 0.9796296296296296 0.6010416666666666 0.9648148148148148 0.6010416666666666 0.9629629629629629 0.6041666666666666 0.9574074074074075 0.6041666666666666 0.9555555555555556 0.6083333333333334 0.9481481481481482 0.6083333333333334 0.9444444444444444 0.6135416666666667 0.9277777777777778 0.6135416666666667 0.9222222222222222 0.6145833333333334 0.9203703703703704 0.6145833333333334 0.9148148148148147 0.615625 0.9129629629629629 0.615625 0.9074074074074074 0.6166666666666666 0.9055555555555556 0.6166666666666666 0.9 0.6177083333333334 0.8981481481481481 0.6177083333333334 0.8796296296296297 0.6166666666666666 0.8777777777777778 0.6166666666666666 0.8648148148148148 0.6125 0.85 0.6125 0.8462962962962963 0.609375 0.8351851851851853 0.609375 0.8314814814814815 0.6083333333333334 0.8277777777777778 0.603125 0.8185185185185185 0.5989583333333334 0.8185185185185185 0.5977678564814815 0.8162698402777778 0.5388392847222222 0.7915343912037037 0.5343749999999999 0.7907407407407407 0.5322916666666666 0.7870370370370371 0.5281250000000001 0.7870370370370371 0.521875 0.7925925925925925 0.5208333333333334 0.7981481481481482 0.5177083333333333 0.8037037037037037 0.5177083333333333 0.8055555555555556 0.5072916666666667 0.8314814814814815 0.5072916666666667 0.8351851851851853 0.5020833333333333 0.8518518518518519 0.5020833333333333 0.8648148148148148 0.5083333333333333 0.862962962962963
3 0.409375 0.4888888888888889 0.4104166666666667 0.4944444444444444 0.4041666666666667 0.49537037037037035 0.4041666666666667 0.5074074074074074 0.40729166666666666 0.5092592592592593 0.4166666666666667 0.5222222222222223 0.41875 0.5240740740740741 0.4197916666666667 0.5222222222222223 0.4197916666666667 0.5037037037037037 0.4114583333333333 0.4962962962962963 0.41087962962962965 0.48353909490740743 0.4392361111111111 0.47530864351851854 0.4416666666666667 0.48333333333333334 0.43645833333333334 0.49259259259259264 0.4354166666666667 0.5037037037037037 0.440625 0.512962962962963 0.4552083333333333 0.5259259259259259 0.4583333333333333 0.5259259259259259 0.4604166666666667 0.5277777777777778 0.471875 0.5444444444444444 0.478125 0.5425925925925926 0.484375 0.5370370370370371 0.48541666666666666 0.5259259259259259 0.4864583333333333 0.5240740740740741 0.4864583333333333 0.5185185185185185 0.4875 0.5166666666666666 0.4875 0.4962962962962963 0.48125 0.48703703703703705 0.48333333333333334 0.48148148148148145 0.4875 0.4861111111111111 0.4875 0.4759259259259259 0.4864583333333333 0.4740740740740741 0.4864583333333333 0.4462962962962963 0.4885416666666667 0.4425925925925926 0.4885416666666667 0.44074074074074077 0.48333333333333334 0.4351851851851852 0.48125 0.4351851851851852 0.48125 0.4333333333333333 0.47270833333333334 0.4225925925925926 0.4666666666666667 0.4222222222222222 0.46979166666666666 0.4111111111111111 0.46875 0.412962962962963 0.4645833333333333 0.4074074074074074 0.463125 0.41000000000000003 0.4614583333333333 0.4055555555555555 0.459375 0.40370370370370373 0.4583333333333333 0.40370370370370373 0.45625 0.40925925925925927 0.45416666666666666 0.40324074074074073 0.45 0.4055555555555555 0.4489583333333333 0.4027777777777778 0.4447916666666667 0.40370370370370373 0.44375 0.40185185185185185 0.43854166666666666 0.40185185185185185 0.4375 0.40370370370370373 0.434375 0.40370370370370373 0.4333333333333333 0.4055555555555555 0.43125 0.4055555555555555 0.4291666666666667 0.40925925925925927 0.421875 0.4166666666666667 0.40625 0.4462962962962963 0.40729166666666666 0.4537037037037037 0.4041666666666667 0.48333333333333334 0.4083333333333333 0.4888888888888889 0.409375 0.4888888888888889
3 0.4583333333333333 0.6333333333333334 0.459375 0.6351851851851852 0.459375 0.6388888888888888 0.4666666666666667 0.6574074074074074 0.4666666666666667 0.6592592592592593 0.4708333333333333 0.6629629629629629 0.4760416666666667 0.65 0.4760416666666667 0.6259259259259259 0.5166666643518518 0.5958994722222222 0.475 0.6096560856481481 0.4729166666666667 0.6203703703703703 0.4708333333333333 0.6185185185185185 0.46979166666666666 0.611375662037037 0.4645833333333333 0.613095238425926 0.4625 0.6185185185185185 0.4583333333333333 0.612962962962963 0.4572916666666667 0.6203703703703703 0.4583333333333333 0.6222222222222222 0.4583333333333333 0.6333333333333334
3 0.5427083333333333 0.6185185185185185 0.5437500000000001 0.6166666666666666 0.5427083333333333 0.6074074074074074 0.5343749999999999 0.5907407407407407 0.5322916666666666 0.5907407407407407 0.5310416666666666 0.5833333333333334 0.5281250000000001 0.5796296296296296 0.5302083333333334 0.5722222222222222 0.524375 0.5685185185185185 0.5255208333333333 0.5638888888888889 0.5210416666666666 0.5611111111111111 0.5208333333333334 0.5555555555555556 0.5041666666666667 0.5444444444444444 0.49895833333333334 0.5388888888888889 0.4916666666666667 0.5444444444444444 0.49375 0.5592592592592592 0.48541666666666666 0.5555555555555556 0.48333333333333334 0.5592592592592592 0.48333333333333334 0.5611111111111111 0.48125 0.5629629629629629 0.478125 0.5592592592592592 0.478125 0.5481481481481482 0.4770833333333333 0.5499999999999999 0.4770833333333333 0.5592592592592592 0.475 0.5629629629629629 0.475 0.5648148148148148 0.478125 0.5648148148148148 0.4791666666666667 0.5666666666666667 0.4822916666666667 0.5629629629629629 0.48541666666666666 0.5685185185185185 0.4875 0.5685185185185185 0.4895833333333333 0.5648148148148148 0.5010416666666666 0.5666666666666667 0.5020833333333333 0.5611111111111111 0.5052083333333334 0.5537037037037037 0.515625 0.5611111111111111 0.5145833333333334 0.5648148148148148 0.5145833333333334 0.5796296296296296 0.515625 0.5814814814814815 0.521875 0.5814814814814815 0.5277083333333333 0.575925925925926 0.5270833333333333 0.5924603171296297 0.5281250000000001 0.5944444444444444 0.5260416666666666 0.5962962962962963 0.5260416666666666 0.5981481481481481 0.5239583333333333 0.6018518518518519 0.521875 0.5941798935185185 0.5166666666666666 0.5958994699074074 0.5239583333333333 0.6074074074074074 0.5364583333333334 0.6185185185185185 0.5427083333333333 0.6185185185185185
3 0.4239583333333333 0.6870370370370371 0.42291666666666666 0.6870370370370371 0.4177083333333333 0.6925925925925925 0.4166666666666667 0.6944444444444444 0.4114583333333333 0.7074074074074075 0.4114583333333333 0.7092592592592593 0.40729166666666666 0.7277777777777777 0.40729166666666666 0.7296296296296296 0.40625 0.7407407407407407 0.40625 0.7425925925925926 0.40625 0.7814814814814816 0.40729166666666666 0.7833333333333333 0.4166666666666667 0.8166666666666667 0.4177083333333333 0.8185185185185185 0.4375 0.8462962962962963 0.43854166666666666 0.8462962962962963 0.4479166666666667 0.8537037037037037 0.4489583333333333 0.8537037037037037 0.4625 0.8592592592592593 0.4635416666666667 0.8592592592592593 0.4708333333333333 0.8592592592592593 0.471875 0.8574074074074074 0.48333333333333334 0.8537037037037037 0.484375 0.8518518518518519 0.490625 0.8462962962962963 0.4916666666666667 0.8444444444444444 0.4979166666666667 0.8333333333333334 0.49895833333333334 0.8333333333333334 0.5052083333333334 0.8277777777777778 0.50625 0.825925925925926 0.5114583333333333 0.8148148148148148 0.5114583333333333 0.8129629629629629 0.5239583333333333 0.7703703703703704 0.5239583333333333 0.7685185185185185 0.521875 0.7462962962962962 0.5208333333333334 0.7444444444444445 0.5135416666666667 0.7240740740740741 0.5135416666666667 0.7222222222222222 0.509375 0.7055555555555556 0.5083333333333333 0.7055555555555556 0.5052083333333334 0.7055555555555556 0.5041666666666667 0.7074074074074075 0.48541666666666666 0.7240740740740741 0.484375 0.7240740740740741 0.475 0.7296296296296296 0.4739583333333333 0.7296296296296296 0.46770833333333334 0.7296296296296296 0.4666666666666667 0.7277777777777777 0.4635416666666667 0.7240740740740741 0.4635416666666667 0.7222222222222222 0.4583333333333333 0.7092592592592593 0.4572916666666667 0.7092592592592593 0.4479166666666667 0.6962962962962963 0.4479166666666667 0.6944444444444444 0.43854166666666666 0.674074074074074 0.4375 0.674074074074074 0.4354166666666667 0.6722222222222222 0.4302083333333333 0.6759259259259259 0.4291666666666667 0.6777777777777778 0.4239583333333333 0.6870370370370371
3 0.540625 0.7777777777777778 0.5437500000000001 0.7796296296296297 0.5458333333333334 0.7833333333333333 0.5458333333333334 0.7870370370370371 0.5499999999999999 0.7870370370370371 0.5625 0.7648148148148147 0.5625 0.7574074074074074 0.5635416666666666 0.7555555555555555 0.5635416666666666 0.7518518518518519 0.5583333333333333 0.7351851851851853 0.5583333333333333 0.7296296296296296 0.5593750000000001 0.7277777777777777 0.5604166666666667 0.7296296296296296 0.5635416666666666 0.7296296296296296 0.571875 0.7407407407407407 0.5739583333333333 0.7407407407407407 0.5770833333333334 0.7444444444444445 0.584375 0.7444444444444445 0.5864583333333333 0.7481481481481481 0.6041666666666666 0.7481481481481481 0.6072916666666667 0.7444444444444445 0.609375 0.7370370370370369 0.609375 0.7148148148148148 0.6072916666666667 0.7074074074074075 0.6072916666666667 0.7018518518518518 0.6052083333333333 0.6981481481481482 0.6020833333333334 0.6851851851851852 0.5958333333333333 0.674074074074074 0.5914351851851852 0.6798353912037037 0.5902777777777778 0.674074074074074 0.5847222222222223 0.674074074074074 0.5833333333333334 0.6777777777777778 0.5791666666666666 0.6777777777777778 0.5791666666666666 0.674074074074074 0.578125 0.6944444444444444 0.5697916666666667 0.6925925925925925 0.56875 0.6907407407407407 0.5645833333333333 0.6907407407407407 0.5635416666666666 0.688888888888889 0.5614583333333334 0.688888888888889 0.5604166666666667 0.6907407407407407 0.5479166666666666 0.6907407407407407 0.5447916666666667 0.6962962962962963 0.5447916666666667 0.7018518518518518 0.5458333333333334 0.7055555555555556 0.5499999999999999 0.7129629629629629 0.5499999999999999 0.7203703703703703 0.5437500000000001 0.7185185185185184 0.5375 0.7092592592592593 0.5333333333333333 0.7074074074074075 0.5281250000000001 0.6944444444444444 0.5229166666666667 0.7 0.5208333333333334 0.7 0.5166666666666666 0.7037037037037037 0.515625 0.7185185185185184 0.521875 0.7333333333333334 0.5239583333333333 0.7462962962962962 0.540625 0.7777777777777778
3 0.2708333333333333 0.09444444444444444 0.2708333333333333 0.0962962962962963 0.26875 0.1037037037037037 0.26875 0.10555555555555556 0.26875 0.11666666666666667 0.26979166666666665 0.11851851851851852 0.2833333333333333 0.12222222222222222 0.284375 0.12407407407407407 0.2895833333333333 0.13148148148148148 0.29062499999999997 0.13148148148148148 0.29375 0.13148148148148148 0.2947916666666667 0.12962962962962962 0.2989583333333333 0.11851851851851852 0.2989583333333333 0.11666666666666667 0.29791666666666666 0.1 0.296875 0.09814814814814815 0.29062499999999997 0.08333333333333333 0.2895833333333333 0.08333333333333333 0.2791666666666667 0.08148148148148149 0.2739583333333333 0.08703703703703704 0.2729166666666667 0.08888888888888889 0.2708333333333333 0.09444444444444444
3 0.29062499999999997 0.07962962962962962 0.29375 0.07407407407407407 0.28750000000000003 0.06481481481481481 0.29375 0.05740740740740741 0.2885416666666667 0.04814814814814815 0.28750000000000003 0.04814814814814815 0.284375 0.05277777777777778 0.2833333333333333 0.040740740740740744 0.28125 0.040740740740740744 0.2791666666666667 0.04259259259259259 0.278125 0.05740740740740741 0.27708333333333335 0.05925925925925926 0.27708333333333335 0.06481481481481481 0.2760416666666667 0.06666666666666667 0.2760416666666667 0.07407407407407407 0.27499999999999997 0.07592592592592592 0.27499999999999997 0.07962962962962962 0.29062499999999997 0.07962962962962962
3 0.2625 0.14074074074074072 0.2635416666666667 0.14074074074074072 0.26458333333333334 0.1425925925925926 0.265625 0.1425925925925926 0.27708333333333335 0.14074074074074072 0.278125 0.1388888888888889 0.2895833333333333 0.13333333333333333 0.2885416666666667 0.13148148148148148 0.28229166666666666 0.12222222222222222 0.28125 0.12222222222222222 0.26875 0.12037037037037036 0.26145833333333335 0.13148148148148148 0.26145833333333335 0.13333333333333333 0.2625 0.14074074074074072
3 0.9083333333333333 0.3277777777777778 0.909375 0.32962962962962966 0.9104166666666667 0.3388888888888889 0.9114583333333334 0.34074074074074073 0.9125 0.3444444444444445 0.9135416666666666 0.3444444444444445 0.915625 0.3444444444444445 0.9166666666666666 0.3425925925925926 0.921875 0.3351851851851852 0.921875 0.3333333333333333 0.921875 0.32407407407407407 0.9208333333333334 0.3222222222222222 0.915625 0.3166666666666667 0.9145833333333334 0.3166666666666667 0.9104166666666667 0.3166666666666667 0.9083333333333333 0.32037037037037036 0.9083333333333333 0.3222222222222222 0.9083333333333333 0.3277777777777778
3 0.89375 0.34074074074074073 0.89375 0.3425925925925926 0.9 0.35370370370370374 0.9010416666666666 0.35370370370370374 0.9072916666666666 0.35185185185185186 0.9072916666666666 0.35 0.9104166666666667 0.3425925925925926 0.9104166666666667 0.34074074074074073 0.9083333333333333 0.3277777777777778 0.9072916666666666 0.32592592592592595 0.903125 0.32407407407407407 0.8947916666666667 0.3333333333333333 0.8947916666666667 0.3351851851851852 0.89375 0.34074074074074073
3 0.8854166666666666 0.32592592592592595 0.8864583333333333 0.3277777777777778 0.89375 0.33148148148148143 0.8947916666666667 0.32962962962962966 0.8989583333333334 0.3277777777777778 0.8989583333333334 0.32592592592592595 0.9020833333333333 0.3148148148148148 0.9010416666666666 0.31296296296296294 0.896875 0.3055555555555556 0.8958333333333334 0.3055555555555556 0.8916666666666666 0.3055555555555556 0.8854166666666666 0.31296296296296294 0.8854166666666666 0.3148148148148148 0.8854166666666666 0.32592592592592595
3 0.8770833333333333 0.3 0.878125 0.30185185185185187 0.8833333333333334 0.3074074074074074 0.884375 0.3074074074074074 0.8927083333333333 0.3037037037037037 0.8927083333333333 0.30185185185185187 0.89375 0.2925925925925926 0.8927083333333333 0.29074074074074074 0.8916666666666666 0.2833333333333333 0.890625 0.2833333333333333 0.8822916666666666 0.28148148148148144 0.878125 0.2851851851851852 0.878125 0.28703703703703703 0.8770833333333333 0.3
3 0.8739583333333334 0.32037037037037036 0.875 0.3222222222222222 0.878125 0.32592592592592595 0.8791666666666667 0.32592592592592595 0.8822916666666666 0.32592592592592595 0.8833333333333334 0.32407407407407407 0.8833333333333334 0.30925925925925923 0.8822916666666666 0.3074074074074074 0.8802083333333334 0.3037037037037037 0.8791666666666667 0.3037037037037037 0.8760416666666666 0.3037037037037037 0.8729166666666667 0.30925925925925923 0.8729166666666667 0.3111111111111111 0.8739583333333334 0.32037037037037036
3 0.865625 0.2925925925925926 0.8666666666666666 0.29444444444444445 0.86875 0.30185185185185187 0.8697916666666666 0.30185185185185187 0.8739583333333334 0.3037037037037037 0.875 0.30185185185185187 0.878125 0.28148148148148144 0.8770833333333333 0.2796296296296296 0.871875 0.2777777777777778 0.8677083333333334 0.28148148148148144 0.8677083333333334 0.2833333333333333 0.865625 0.2925925925925926
3 0.875 0.2740740740740741 0.8760416666666666 0.2759259259259259 0.8791666666666667 0.28148148148148144 0.8802083333333334 0.28148148148148144 0.890625 0.2777777777777778 0.890625 0.2759259259259259 0.890625 0.25925925925925924 0.8895833333333334 0.2574074074074074 0.8802083333333334 0.2555555555555556 0.875 0.26666666666666666 0.875 0.26851851851851855 0.875 0.2740740740740741
3 0.9604166666666666 0.575925925925926 0.9645833333333333 0.575925925925926 0.965625 0.5740740740740741 0.9666666666666667 0.5537037037037037 0.9729166666666667 0.5518518518518518 0.9729166666666667 0.5703703703703704 0.98125 0.587037037037037 0.984375 0.587037037037037 0.9854166666666666 0.5888888888888889 0.9875 0.5888888888888889 0.9885416666666667 0.587037037037037 0.9895833333333334 0.5703703703703704 0.9916666666666666 0.5666666666666667 0.9927083333333334 0.5592592592592592 0.9916666666666666 0.5574074074074075 0.9916666666666666 0.5537037037037037 0.98125 0.5388888888888889 0.975 0.5388888888888889 0.9729166666666667 0.5425925925925926 0.9692708333333334 0.5407407407407407 0.965625 0.5444444444444444 0.9625 0.5425925925925926 0.9552083333333333 0.5518518518518518 0.9541666666666666 0.5629629629629629 0.9552083333333333 0.5648148148148148 0.95625 0.5722222222222222 0.9604166666666666 0.575925925925926
3 0.9885416666666667 0.587037037037037 0.9895833333333334 0.5888888888888889 0.9916666666666666 0.5944444444444444 0.9927083333333334 0.5944444444444444 0.9989583333333334 0.5981481481481481 0.9989583333333334 0.5962962962962963 0.9989583333333334 0.5574074074074075 0.9979166666666667 0.5574074074074075 0.996875 0.5574074074074075 0.9895833333333334 0.5703703703703704 0.9895833333333334 0.5722222222222222 0.9885416666666667 0.587037037037037
3 0.984375 0.6296296296296297 0.9854166666666666 0.6277777777777778 0.9885416666666667 0.6259259259259259 0.9885416666666667 0.6240740740740741 0.9885416666666667 0.6166666666666666 0.9875 0.6148148148148148 0.978125 0.5981481481481481 0.9770833333333334 0.5981481481481481 0.9739583333333334 0.5981481481481481 0.9739583333333334 0.6296296296296297 0.975 0.6314814814814815 0.984375 0.6296296296296297
3 0.88125 0.5388888888888889 0.8802083333333334 0.5407407407407407 0.878125 0.5444444444444444 0.8791666666666667 0.5462962962962963 0.88125 0.5499999999999999 0.8822916666666666 0.5499999999999999 0.8864583333333333 0.5499999999999999 0.8875 0.5481481481481482 0.890625 0.5407407407407407 0.890625 0.5388888888888889 0.890625 0.5296296296296297 0.8895833333333334 0.5277777777777778 0.8875 0.5240740740740741 0.8864583333333333 0.5240740740740741 0.884375 0.5240740740740741 0.8822916666666666 0.5259259259259259 0.8822916666666666 0.5277777777777778 0.88125 0.5388888888888889
3 0.8635416666666667 0.5314814814814814 0.8645833333333334 0.5333333333333333 0.8697916666666666 0.5425925925925926 0.8708333333333333 0.5425925925925926 0.8770833333333333 0.5444444444444444 0.878125 0.5425925925925926 0.88125 0.5388888888888889 0.88125 0.5370370370370371 0.8822916666666666 0.5333333333333333 0.8822916666666666 0.5314814814814814 0.88125 0.5240740740740741 0.8802083333333334 0.5222222222222223 0.8760416666666666 0.5166666666666666 0.875 0.5166666666666666 0.8708333333333333 0.5166666666666666 0.8645833333333334 0.5240740740740741 0.8645833333333334 0.5259259259259259 0.8635416666666667 0.5314814814814814
3 0.8604166666666666 0.5222222222222223 0.8614583333333333 0.5222222222222223 0.8645833333333334 0.5222222222222223 0.865625 0.5203703703703704 0.8729166666666667 0.5148148148148148 0.8729166666666667 0.512962962962963 0.8739583333333334 0.5074074074074074 0.8729166666666667 0.5055555555555555 0.871875 0.5 0.8708333333333333 0.5 0.8572916666666667 0.4981481481481481 0.8541666666666666 0.5018518518518519 0.8552083333333333 0.5037037037037037 0.8604166666666666 0.5222222222222223
3 0.8520833333333334 0.47962962962962963 0.853125 0.47962962962962963 0.865625 0.4777777777777778 0.865625 0.4759259259259259 0.865625 0.4722222222222222 0.8645833333333334 0.4703703703703703 0.8625 0.46851851851851856 0.8614583333333333 0.46851851851851856 0.8541666666666666 0.4666666666666667 0.85 0.4759259259259259 0.8510416666666666 0.4777777777777778 0.8520833333333334 0.47962962962962963
3 0.8739583333333334 0.06666666666666667 0.875 0.06851851851851852 0.8760416666666666 0.07407407407407407 0.8770833333333333 0.07592592592592592 0.8791666666666667 0.07962962962962962 0.8802083333333334 0.07962962962962962 0.8927083333333333 0.07777777777777778 0.89375 0.07592592592592592 0.8958333333333334 0.06851851851851852 0.8958333333333334 0.06666666666666667 0.8947916666666667 0.05740740740740741 0.89375 0.05555555555555555 0.8895833333333334 0.05185185185185185 0.8885416666666667 0.05185185185185185 0.884375 0.05185185185185185 0.8760416666666666 0.05740740740740741 0.8760416666666666 0.05925925925925926 0.8739583333333334 0.06666666666666667
3 0.9708333333333333 0 0.9697916666666666 0.014814814814814815 0.9708333333333333 0.016666666666666666 0.9708333333333333 0.022222222222222223 0.971875 0.024074074074074074 0.9739583333333334 0.027777777777777776 0.975 0.027777777777777776 0.9802083333333333 0.027777777777777776 0.98125 0.025925925925925925 0.984375 0.024074074074074074 0.984375 0.022222222222222223 0.9885416666666667 0.011111111111111112 0.9885416666666667 0.009259259259259259 0.9885416666666667 0 0.9875 0 0.9708333333333333 0
3 0.7125 0.825925925925926 0.7125 0.8240740740740741 0.7166666666666667 0.8185185185185185 0.7166666666666667 0.8166666666666667 0.7166666666666667 0.8092592592592593 0.715625 0.8074074074074075 0.7125 0.8 0.7114583333333334 0.8 0.7072916666666667 0.7962962962962963 0.7020833333333334 0.8074074074074075 0.703125 0.8092592592592593 0.7125 0.825925925925926
3 0.7125 0.8351851851851853 0.7135416666666666 0.8370370370370371 0.7166666666666667 0.8425925925925926 0.7177083333333334 0.8407407407407407 0.721875 0.8388888888888888 0.721875 0.8370370370370371 0.721875 0.8240740740740741 0.7208333333333333 0.8222222222222222 0.715625 0.8203703703703703 0.7125 0.825925925925926 0.7125 0.8277777777777778 0.7125 0.8351851851851853
3 0.7177083333333334 0.8555555555555556 0.71875 0.8574074074074074 0.7270833333333334 0.8592592592592593 0.728125 0.8574074074074074 0.7302083333333333 0.85 0.7291666666666666 0.8481481481481481 0.7229166666666667 0.8370370370370371 0.7166666666666667 0.8425925925925926 0.7166666666666667 0.8444444444444444 0.7177083333333334 0.8555555555555556
3 0.78125 0.7222222222222222 0.7822916666666666 0.7240740740740741 0.7895833333333334 0.7296296296296296 0.790625 0.7277777777777777 0.7947916666666667 0.7240740740740741 0.79375 0.7222222222222222 0.790625 0.7092592592592593 0.7895833333333334 0.7074074074074075 0.7854166666666667 0.7055555555555556 0.78125 0.7111111111111111 0.78125 0.7129629629629629 0.78125 0.7222222222222222
3 0.7885416666666666 0.7296296296296296 0.7885416666666666 0.7314814814814815 0.7885416666666666 0.7333333333333334 0.7895833333333334 0.7351851851851853 0.7947916666666667 0.7481481481481481 0.7958333333333334 0.7481481481481481 0.7979166666666666 0.75 0.7989583333333333 0.7481481481481481 0.803125 0.7444444444444445 0.803125 0.7425925925925926 0.803125 0.7388888888888888 0.8020833333333334 0.7370370370370369 0.7989583333333333 0.725925925925926 0.7979166666666666 0.725925925925926 0.79375 0.7222222222222222 0.7916666666666666 0.7277777777777777 0.790625 0.7277777777777777 0.7885416666666666 0.7296296296296296
3 0.76875 0.7037037037037037 0.76875 0.7055555555555556 0.7697916666666667 0.7111111111111111 0.7708333333333334 0.7129629629629629 0.7729166666666666 0.7185185185185184 0.7739583333333334 0.7185185185185184 0.7791666666666667 0.7203703703703703 0.7791666666666667 0.7185185185185184 0.7802083333333334 0.7037037037037037 0.7791666666666667 0.7018518518518518 0.7739583333333334 0.6962962962962963 0.7708333333333334 0.6981481481481482 0.7697916666666667 0.7 0.76875 0.7037037037037037
3 0.6739583333333333 0.4962962962962963 0.675 0.4981481481481481 0.684375 0.5092592592592593 0.684375 0.5111111111111112 0.6854166666666667 0.5222222222222223 0.6864583333333334 0.5222222222222223 0.6916666666666667 0.5240740740740741 0.6927083333333334 0.5222222222222223 0.7 0.512962962962963 0.7 0.5111111111111112 0.7020833333333334 0.4981481481481481 0.7020833333333334 0.4962962962962963 0.7010416666666667 0.48333333333333334 0.7 0.48148148148148145 0.6947916666666666 0.4703703703703703 0.69375 0.4703703703703703 0.690625 0.4666666666666667 0.6895833333333333 0.4666666666666667 0.6791666666666666 0.4666666666666667 0.6739583333333333 0.4740740740740741 0.6739583333333333 0.4759259259259259 0.6739583333333333 0.4962962962962963
3 0.7020833333333334 0.48703703703703705 0.7020833333333334 0.4888888888888889 0.703125 0.4962962962962963 0.7020833333333334 0.4981481481481481 0.7 0.5166666666666666 0.7010416666666667 0.5185185185185185 0.7020833333333334 0.5240740740740741 0.703125 0.5259259259259259 0.7114583333333334 0.5333333333333333 0.7125 0.5333333333333333 0.7260416666666666 0.5277777777777778 0.7270833333333334 0.5259259259259259 0.7322916666666667 0.5111111111111112 0.7322916666666667 0.5092592592592593 0.7291666666666666 0.48518518518518516 0.728125 0.48333333333333334 0.7166666666666667 0.4740740740740741 0.715625 0.4740740740740741 0.709375 0.4740740740740741 0.703125 0.48148148148148145 0.703125 0.48333333333333334 0.7020833333333334 0.48703703703703705
3 0.70625 0.5499999999999999 0.70625 0.5518518518518518 0.70625 0.5592592592592592 0.7072916666666667 0.5611111111111111 0.709375 0.5648148148148148 0.709375 0.5666666666666667 0.709375 0.5777777777777777 0.7104166666666666 0.5796296296296296 0.7114583333333334 0.5814814814814815 0.7125 0.5814814814814815 0.7229166666666667 0.5833333333333334 0.7239583333333334 0.5814814814814815 0.7322916666666667 0.5740740740740741 0.7322916666666667 0.5722222222222222 0.7364583333333333 0.5537037037037037 0.7364583333333333 0.5518518518518518 0.7354166666666666 0.5425925925925926 0.734375 0.5407407407407407 0.7291666666666666 0.5333333333333333 0.728125 0.5333333333333333 0.7166666666666667 0.5333333333333333 0.7135416666666666 0.5351851851851852 0.7125 0.5370370370370371 0.70625 0.5499999999999999
3 0.728125 0.5296296296296297 0.7291666666666666 0.5314814814814814 0.7364583333333333 0.5407407407407407 0.7375 0.5388888888888889 0.740625 0.5222222222222223 0.7395833333333334 0.5203703703703704 0.7385416666666667 0.5148148148148148 0.7375 0.5148148148148148 0.734375 0.5111111111111112 0.7322916666666667 0.512962962962963 0.7322916666666667 0.5148148148148148 0.728125 0.5296296296296297
3 0.7010416666666667 0.48148148148148145 0.7020833333333334 0.48148148148148145 0.7083333333333334 0.4740740740740741 0.7083333333333334 0.4722222222222222 0.7083333333333334 0.46851851851851856 0.7072916666666667 0.46851851851851856 0.6979166666666666 0.4666666666666667 0.6958333333333334 0.4703703703703703 0.696875 0.4722222222222222 0.7010416666666667 0.48148148148148145
3 0.59375 0.46481481481481485 0.5947916666666666 0.4666666666666667 0.6041666666666666 0.4666666666666667 0.6041666666666666 0.46481481481481485 0.6052083333333333 0.4555555555555556 0.6041666666666666 0.4537037037037037 0.603125 0.45185185185185184 0.6020833333333334 0.45185185185185184 0.596875 0.45185185185185184 0.59375 0.4574074074074074 0.59375 0.45925925925925926 0.59375 0.46481481481481485
3 0.7302083333333333 0.4666666666666667 0.73125 0.46851851851851856 0.73125 0.4722222222222222 0.7322916666666667 0.4740740740740741 0.734375 0.4777777777777778 0.7354166666666666 0.4777777777777778 0.740625 0.47962962962962963 0.7416666666666666 0.4777777777777778 0.7458333333333333 0.4666666666666667 0.7447916666666666 0.46481481481481485 0.7447916666666666 0.45925925925925926 0.74375 0.4574074074074074 0.7427083333333334 0.4555555555555556 0.7416666666666666 0.4555555555555556 0.7385416666666667 0.4537037037037037 0.7322916666666667 0.45925925925925926 0.73125 0.4611111111111111 0.7302083333333333 0.4666666666666667
3 0.71875 0.4611111111111111 0.7197916666666666 0.4611111111111111 0.7260416666666666 0.46296296296296297 0.7270833333333334 0.4611111111111111 0.7270833333333334 0.4462962962962963 0.7260416666666666 0.4462962962962963 0.7197916666666666 0.4425925925925926 0.7177083333333334 0.4444444444444444 0.7177083333333334 0.4462962962962963 0.71875 0.4611111111111111
3 0.7145833333333333 0.44814814814814813 0.715625 0.4462962962962963 0.7177083333333334 0.44074074074074077 0.7166666666666667 0.44074074074074077 0.7114583333333334 0.43703703703703706 0.7104166666666666 0.43703703703703706 0.7052083333333333 0.43703703703703706 0.7041666666666666 0.45 0.7052083333333333 0.45 0.7145833333333333 0.44814814814814813
3 0.7072916666666667 0.4666666666666667 0.7083333333333334 0.4666666666666667 0.7166666666666667 0.4611111111111111 0.7166666666666667 0.45925925925925926 0.715625 0.45 0.7145833333333333 0.45 0.709375 0.45 0.7052083333333333 0.45925925925925926 0.7052083333333333 0.4611111111111111 0.7072916666666667 0.4666666666666667
3 0.7104166666666666 0.4703703703703703 0.7114583333333334 0.4722222222222222 0.71875 0.4722222222222222 0.71875 0.4703703703703703 0.71875 0.46481481481481485 0.7177083333333334 0.46481481481481485 0.7145833333333333 0.46296296296296297 0.7104166666666666 0.4666666666666667 0.7104166666666666 0.46851851851851856 0.7104166666666666 0.4703703703703703
3 0.7541666666666667 0.5555555555555556 0.7552083333333334 0.5555555555555556 0.7604166666666666 0.5555555555555556 0.7614583333333333 0.5537037037037037 0.7625 0.5499999999999999 0.7614583333333333 0.5481481481481482 0.7604166666666666 0.5444444444444444 0.759375 0.5444444444444444 0.75625 0.5444444444444444 0.753125 0.5481481481481482 0.753125 0.5499999999999999 0.7541666666666667 0.5555555555555556
3 0.75 0.5388888888888889 0.7510416666666666 0.5407407407407407 0.7520833333333333 0.5444444444444444 0.753125 0.5444444444444444 0.7583333333333334 0.5425925925925926 0.7583333333333334 0.5407407407407407 0.7583333333333334 0.5333333333333333 0.7572916666666666 0.5333333333333333 0.7520833333333333 0.5314814814814814 0.75 0.5333333333333333 0.75 0.5351851851851852 0.75 0.5388888888888889
3 0.9822916666666667 0.41851851851851857 0.9833333333333334 0.41851851851851857 0.990625 0.42037037037037034 0.9916666666666666 0.41851851851851857 0.996875 0.4166666666666667 0.996875 0.4148148148148148 0.99375 0.40370370370370373 0.9927083333333334 0.40370370370370373 0.9895833333333334 0.40185185185185185 0.9833333333333334 0.40925925925925927 0.9833333333333334 0.4111111111111111 0.9822916666666667 0.41851851851851857
3 0.9333333333333333 0.4722222222222222 0.9333333333333333 0.4740740740740741 0.9354166666666667 0.48148148148148145 0.9364583333333334 0.48148148148148145 0.9416666666666667 0.4759259259259259 0.9416666666666667 0.4740740740740741 0.9416666666666667 0.46481481481481485 0.9364583333333334 0.4666666666666667 0.9354166666666667 0.46851851851851856 0.9333333333333333 0.4722222222222222
3 0.7583333333333334 0.02962962962962963 0.759375 0.02962962962962963 0.7666666666666666 0.022222222222222223 0.7666666666666666 0.020370370370370372 0.7666666666666666 0.016666666666666666 0.765625 0.014814814814814815 0.7625 0.009259259259259259 0.7614583333333333 0.009259259259259259 0.7572916666666666 0.009259259259259259 0.75625 0.025925925925925925 0.7572916666666666 0.027777777777777776 0.7583333333333334 0.02962962962962963
2 0.7262604166666667 0.42944444444444446 0.7078645833333334 0.4166851851851852 0.6894583333333334 0.3990740740740741 0.67884375 0.38307407407407407 0.6710520833333333 0.39835185185185185 0.6895625000000001 0.41883333333333334 0.7043229166666666 0.431962962962963 0.7270729166666667 0.44490740740740736 0.7262604166666667 0.42944444444444446
1 0.28010416666666665 0.43425925925925923 0.2865625 0.41574074074074074 0.2646875 0.3433333333333333 0.24697916666666664 0.2962962962962963 0.22333333333333336 0.21796296296296294 0.19895833333333335 0.2383333333333333 0.2203125 0.32833333333333337 0.2175 0.3362962962962963 0.16999999999999998 0.3598148148148148 0.11770833333333333 0.39925925925925926 0.1171875 0.42962962962962964 0.175 0.3857407407407407 0.20083333333333334 0.37277777777777776 0.22729166666666667 0.37222222222222223 0.23989583333333334 0.3881481481481482 0.26687500000000003 0.4666666666666667 0.2677083333333333 0.4666666666666667 0.28208333333333335 0.44574074074074077 0.28010416666666665 0.43425925925925923
0 0.3198958333333333 0.4727777777777778 0.3302083333333333 0.455 0.35864583333333333 0.4542592592592593 0.38677083333333334 0.4659259259259259 0.409375 0.4835185185185185 0.4114583333333333 0.45814814814814814 0.388125 0.4424074074074074 0.3569791666666667 0.4311111111111111 0.3419791666666667 0.42944444444444446 0.3229166666666667 0.4340740740740741 0.303125 0.4542592592592593 0.29885416666666664 0.44907407407407407 0.27677083333333335 0.38925925925925925 0.25166666666666665 0.4151851851851852 0.276875 0.5087037037037037 0.2870833333333333 0.5788888888888889 0.3197916666666667 0.5766666666666667 0.31958333333333333 0.5762962962962963 0.31656249999999997 0.5194444444444445 0.3198958333333333 0.4727777777777778
0 0.6890625 0.41703703703703704 0.6861458333333333 0.43 0.6770833333333334 0.4512962962962963 0.6746875 0.47259259259259256 0.6788541666666666 0.46703703703703703 0.6820833333333334 0.4475925925925926 0.6935416666666667 0.42944444444444446 0.6962499999999999 0.4274074074074074 0.7080208333333333 0.4346296296296296 0.7118749999999999 0.417962962962963 0.6799999999999999 0.3861111111111111 0.6795833333333333 0.38685185185185184 0.675625 0.4042592592592592 0.6890625 0.41703703703703704