2 0.5130312662037037 1 0.4983922708333334 0.6075668819444444 0.48964785648148146 0.3230520277777778 0.47524814814814814 0.13227351157407408 0.4679866388888889 0.002764483796296296 0.4670841597222222 0.0015822847222222223 0.44941911342592594 0.005373981481481481 0.45613939351851857 0.13103196296296296 0.4773177777777778 0.36480399999999996 0.4716243032407408 0.6087108032407408 0.4917343912037037 1 0.5130312662037037 1
2 0.5897392430555556 0.8458767592592593 0.6531756365740741 0.8691262337962963 0.6519387291666667 0.8580797638888888 0.5916231898148149 0.8285945231481482 0.5399474027777779 0.7894798171296296 0.5399461064814814 0.8051884282407408 0.5897392430555556 0.8458767592592593
2 0.26081083564814816 1 0.25695994675925926 0.9891404745370371 0.20523199768518519 0.9571392916666667 0.16105843981481482 0.942963923611111 0.09568624768518517 0.9403700648148148 0.05649017361111111 0.9211940393518518 0.05674802546296296 0.9215318101851852 0.05911856712962963 0.9451353078703704 0.08849008101851853 0.9565288333333334 0.1018731388888889 0.9671773101851853 0.12926027083333333 0.9629542893518519 0.19081555787037038 0.9690766597222222 0.22567871527777777 0.994845800925926 0.23503689120370372 1 0.26081083564814816 1
3 0.5544306087962964 0.28103450694444443 0.5554621365740741 0.2808895347222222 0.558556724537037 0.28045461805555555 0.5593305254629629 0.2784758171296296 0.579962962962963 0.25313550462962964 0.5809944930555555 0.25299053240740743 0.5851206087962962 0.25241064583333334 0.5848628819444445 0.2505768148148148 0.5874432476851852 0.23151365740740742 0.5871855208333333 0.2296798287037037 0.5856385347222223 0.2261571412037037 0.5846070069444445 0.22630211342592593 0.573003074074074 0.21858268287037036 0.5719715439814815 0.2187276550925926 0.5660400972222223 0.22143131712962963 0.5647508402777778 0.21974245833333333 0.551857650462963 0.2103341712962963 0.5508261203703704 0.2104791435185185 0.5441208726851852 0.2151616087962963 0.5428316157407407 0.21347275000000002 0.5381906597222222 0.2029046875 0.5371591296296296 0.20304965972222225 0.5361276018518518 0.20319463194444443 0.5273592939814815 0.20816703935185185 0.5265854930555556 0.21014584027777777 0.5245218171296296 0.2179160763888889 0.5247795439814815 0.2197499050925926 0.5286454652777778 0.24725735185185183 0.5299347222222223 0.24894620833333334 0.5394743611111111 0.27191616435185184 0.540505888888889 0.27177119212962964 0.5544306087962964 0.28103450694444443
3 0.5103294930555555 0.32650358796296297 0.51161875 0.32819244444444445 0.5141972638888889 0.3315701597222222 0.5152287939814815 0.3314251875 0.526832724537037 0.33914461805555557 0.5278642546296296 0.3389996458333333 0.5330219004629629 0.3382747847222222 0.5337957013888889 0.33629598379629627 0.5386956203703703 0.3337372939814815 0.5394694212962963 0.33175849305555555 0.5402432222222222 0.3297796898148148 0.5399854953703703 0.32794586111111107 0.5392129282407407 0.3149640810185185 0.5399867291666667 0.3129852777777778 0.543598625 0.29377715046296293 0.5433408981481481 0.29194331944444446 0.5433415138888888 0.28446302777777777 0.5420522569444445 0.2827741712962963 0.5353488611111111 0.2650157615740741 0.5340596041666666 0.26332690277777776 0.5283871180555556 0.2529038125 0.5273555902777778 0.25304878472222225 0.5157510393518518 0.2528096458333333 0.5085297175925926 0.2613047407407407 0.5077559166666666 0.26328354398148146 0.5023393078703704 0.27713515509259257 0.5025970347222222 0.2789689861111111 0.501048199074074 0.2978871712962963 0.5013059259259259 0.29972099999999996 0.5025945671296297 0.3088901504629629 0.5038838240740741 0.31057900694444446 0.5103294930555555 0.32650358796296297
3 0.552361375 0.3561273611111111 0.5536506342592593 0.3578162199074074 0.5600969189814815 0.36626050694444445 0.5611284490740741 0.36611553472222225 0.5724746527777778 0.37200113425925924 0.5735061828703704 0.37185616203703703 0.5804691597222222 0.3690075300925926 0.5812429606481482 0.36702872685185184 0.584339400462963 0.3441529398148148 0.5840816712962963 0.3423191087962963 0.5822775763888889 0.32948230092592595 0.5809883194444444 0.32779344212962963 0.5722206296296296 0.3252855601851852 0.5709313726851852 0.3235967013888889 0.5572649976851852 0.30868692592592595 0.5570072708333333 0.3068530949074074 0.5557180138888889 0.30516423842592594 0.5564918148148148 0.3031854351851852 0.5564930486111112 0.28822485416666666 0.5552037916666667 0.2865359953703704 0.5497884189814815 0.28542702546296295 0.5425664791666667 0.301402412037037 0.5428242060185186 0.3032362430555555 0.5410182592592593 0.3128403078703703 0.541275986111111 0.31467413657407406 0.5407592962962963 0.3259670601851852 0.5410170231481481 0.32780088888888886 0.5438526481481482 0.34049272453703705 0.5451419050925926 0.3421815833333333 0.552361375 0.3561273611111111
3 0.5423001064814815 0.4042926574074074 0.5433316365740741 0.4041476851851852 0.5526147824074075 0.41032322685185185 0.5536463125 0.4101782569444445 0.5567408981481482 0.40974334027777776 0.5575147013888889 0.40776453935185186 0.5590623032407408 0.4038069351851852 0.558804574074074 0.40197310416666665 0.5600963009259259 0.37374079861111115 0.5598385740740741 0.3719069699074074 0.5590653888888889 0.3664054791666667 0.5580338611111111 0.36655045138888886 0.5402426041666667 0.3372599814814815 0.5392110763888889 0.3374049537037037 0.5350849583333334 0.3379848425925926 0.530958224537037 0.3460450208333333 0.5312159537037037 0.347878849537037 0.5286362037037037 0.3594617175925926 0.5288939305555556 0.3612955462962963 0.5309551388888889 0.383446474537037 0.5322443958333333 0.38513533333333333 0.5343068356481481 0.39232568055555556 0.5355960925925926 0.39401453703703704 0.5423001064814815 0.4042926574074074
3 0.5905224004629629 0.41808601620370367 0.5923264976851852 0.43092282407407406 0.598515673611111 0.43005299305555555 0.5992894745370371 0.42807419212962966 0.6044471203703703 0.4273493310185185 0.6101220740740741 0.40785125925925925 0.6088334351851853 0.3986821087962963 0.6096072361111111 0.3967033078703704 0.6088340509259259 0.3912018194444445 0.6059978101851852 0.3859902731481481 0.6052246250000001 0.3804887847222222 0.6036776412037037 0.37696609722222224 0.5990360671296296 0.37387832407407406 0.5949099513888889 0.374458212962963 0.5936206944444444 0.3727693541666667 0.5915576342592592 0.37305929861111115 0.5900100324074073 0.3770169027777777 0.5875347337962963 0.3728766597222222 0.5840785856481481 0.3797205648148148 0.5827893287037037 0.37803170601851854 0.5814487708333334 0.3729839652777778 0.5796947407407407 0.37846662268518516 0.577116224537037 0.3750889074074074 0.5760846967592592 0.3752338796296296 0.5753628101851852 0.3730912708333334 0.5696377939814815 0.3742698796296296 0.5683485347222222 0.37258102314814817 0.5631908888888889 0.3733058819444445 0.560353412037037 0.3830549189814815 0.5598373402777778 0.3868675509259259 0.5606105231481482 0.39236903935185186 0.5598367222222222 0.3943478425925926 0.5611253611111111 0.40351699074074077 0.5603515601851852 0.40549579166666666 0.5608670162037037 0.4091634513888889 0.5686019421296297 0.4267768888888889 0.5771112870370371 0.43493123379629633 0.580205875 0.4344963194444444 0.5814951319444445 0.4361851759259259 0.583300462962963 0.43406140277777777 0.5858808287037037 0.4149982453703704 0.5905224004629629 0.41808601620370367
3 0.6227575347222222 0.4154257152777778 0.6240467939814814 0.4171145740740741 0.6325561365740741 0.4252689189814815 0.6335876666666667 0.4251239467592593 0.6366822546296297 0.4246890300925926 0.636424525462963 0.42285520138888893 0.6343627037037037 0.4081845625 0.6351365046296296 0.40620576157407406 0.6390067453703703 0.38135116898148147 0.6387490162037037 0.3795173402777778 0.6377181041666666 0.37218202083333335 0.6364288472222221 0.3704931643518518 0.6325610763888889 0.36542659027777774 0.6315295462962963 0.3655715625 0.6240511157407407 0.36475253703703703 0.61321975 0.37001488657407405 0.6124459467592592 0.37199368981481484 0.608319212962963 0.3800538680555555 0.6085769421296296 0.38188769675925927 0.6116690601851852 0.41137394675925926 0.6129583171296297 0.41306280324074074 0.6145053009259259 0.41658549074074075 0.6155368310185184 0.4164405185185185 0.6227575347222222 0.4154257152777778
3 0.7635257777777779 0.8257537731481482 0.7642995787037037 0.8237749722222222 0.7661049097222222 0.8216511967592594 0.7658471805555556 0.8198173680555556 0.7645585416666667 0.8106482199074074 0.7632692847222222 0.8089593611111111 0.7591437847222222 0.8020589583333333 0.7581122546296297 0.8022039305555556 0.7506338217592593 0.8013849050925926 0.7459916319444445 0.805777423611111 0.7452178310185185 0.8077562245370371 0.7431541550925926 0.8155264606481482 0.7434118842592592 0.8173602893518519 0.7444427962962963 0.8246956087962963 0.7457320532407408 0.8263844675925925 0.7485682939814815 0.8315960115740741 0.7495998240740741 0.8314510393518518 0.7635257777777779 0.8257537731481482
3 0.789314625 0.8146491828703704 0.7882830972222222 0.8147941550925927 0.7808046643518518 0.8139751296296296 0.774872599537037 0.8241590810185185 0.7751303263888888 0.8259929120370371 0.7782242962962963 0.8330382870370371 0.7792558263888888 0.8328933148148148 0.7929234351851853 0.8328425069444444 0.7936972361111111 0.8308637060185186 0.7973078981481481 0.8266161597222222 0.7970501689814815 0.8247823287037037 0.789314625 0.8146491828703704
3 0.9002037106481482 0.8028048402777778 0.8999459814814814 0.8009710092592592 0.8981418865740741 0.7881342013888889 0.8968526296296296 0.7864453449074075 0.8883426666666666 0.7857712893518518 0.8852474629629629 0.7936864976851852 0.8855051898148149 0.7955203263888889 0.8870515578703704 0.8065233055555555 0.8883408148148149 0.8082121643518518 0.8909193287037036 0.8115898796296297 0.8919508587962963 0.8114449074074074 0.8960769768518518 0.8108650185185184 0.8968507777777778 0.8088862175925926 0.9002037106481482 0.8028048402777778
3 0.6116215208333334 0.9873563541666667 0.6126530509259259 0.9872113819444445 0.6239998726851852 0.9856166898148148 0.6237421435185185 0.9837828587962962 0.6270956944444445 0.9702211921296297 0.6268379675925926 0.9683873611111111 0.6250338703703704 0.9555505532407408 0.6237446134259259 0.9538616967592594 0.6185882013888888 0.9396259745370371 0.6175566736111112 0.9397709467592592 0.6149781597222223 0.9363932291666667 0.6139466296296296 0.9365382013888889 0.609820511574074 0.9371180902777778 0.6054354328703704 0.9508247291666666 0.6044039027777778 0.9509697013888889 0.6005355138888888 0.9533834189814814 0.6007932430555556 0.9552172499999999 0.603887212962963 0.962262625 0.6041449398148148 0.9640964537037037 0.6072382939814815 0.9786221203703703 0.6085275509259259 0.9803109791666667 0.6116215208333334 0.9873563541666667
3 0.5953784861111111 0.9466279884259259 0.5964100138888889 0.9464830162037038 0.6038884467592593 0.9473020416666666 0.60466225 0.9453232407407407 0.6074991087962963 0.9430544953703703 0.6072413796296297 0.9412206666666667 0.6100788587962962 0.9314716296296296 0.6098211296296296 0.9296377986111111 0.6095640185185185 0.9203236782407408 0.6082747615740741 0.9186348194444444 0.6054391365740741 0.9059429837962963 0.6041498796296296 0.9042541273148148 0.5966720648148148 0.8959548101851852 0.5956405347222222 0.8960997824074075 0.5868728449074074 0.8935918981481481 0.5832621851851852 0.8978394444444445 0.5824883842592593 0.8998182476851851 0.5804247083333333 0.9075884814814814 0.5806824351851853 0.9094223124999999 0.5811972731481482 0.9205702615740741 0.5824865300925927 0.9222591203703703 0.5830019861111111 0.9259267800925925 0.5842912430555556 0.9276156365740741 0.5953784861111111 0.9466279884259259
3 0.5752670601851851 0.9083133425925927 0.5762985902777777 0.9081683703703703 0.5783616481481482 0.9078784259259259 0.579135449074074 0.905899625 0.5848097870370371 0.8938818425925925 0.5845520601851851 0.892048011574074 0.5855842060185185 0.88442275 0.5853264768518519 0.8825889189814815 0.5842955648148148 0.8752535995370371 0.5830063078703703 0.8735647430555556 0.575013037037037 0.8615977662037038 0.5739815092592593 0.8617427384259259 0.5654715462962963 0.8610686851851852 0.5585079513888889 0.8713976087962962 0.5587656805555555 0.8732314375 0.5587650625 0.8807117291666666 0.5600543194444444 0.882400587962963 0.5675321342592592 0.8906999050925926 0.567789863425926 0.8925337337962963 0.5701100324074074 0.9015579097222223 0.5713992893518518 0.9032467685185185 0.5752670601851851 0.9083133425925927
3 0.45870178703703707 0.9546163402777778 0.459475587962963 0.9526375370370371 0.4623130671296296 0.9428885023148148 0.462055337962963 0.9410546712962963 0.46128215509259257 0.9355531828703704 0.4599928981481482 0.9338643240740742 0.44967884027777777 0.9203534629629629 0.4494211111111111 0.9185196319444444 0.44761639814814813 0.9131631157407407 0.4465848680555556 0.913308087962963 0.43781717824074073 0.9108002037037037 0.43446424537037037 0.9168815810185186 0.43472197453703704 0.9187154097222222 0.4334314814814815 0.9319871342592593 0.43368921064814814 0.9338209652777778 0.439103349537037 0.9498905162037038 0.4403926064814815 0.951579375 0.44761269444444446 0.9580448611111111 0.4486442222222222 0.9578998888888889 0.45870178703703707 0.9546163402777778
3 0.46308748379629633 0.9334294074074074 0.4641190138888889 0.9332844375 0.4726295925925926 0.9264781990740741 0.4734033935185185 0.9244993981481481 0.4757247986111111 0.9185629930555556 0.47546706944444445 0.916729162037037 0.47675694444444444 0.9109377291666667 0.4764992175925926 0.909103900462963 0.4759843773148148 0.8979559490740741 0.4746951203703704 0.8962670902777778 0.4741796643518519 0.8925994328703704 0.4728904074074074 0.8909105740740741 0.46928036342592594 0.8876778310185186 0.4682488356481482 0.8878228032407407 0.4623173888888889 0.8905264652777777 0.46102812962962963 0.8888376064814815 0.4576758148148148 0.8874386921296297 0.44942234722222224 0.9035590509259259 0.4496800740740741 0.9053928796296297 0.44839019907407407 0.9111843125 0.44864792824074073 0.9130181435185185 0.45096809722222225 0.9220423194444444 0.4522573541666667 0.9237311782407408 0.45741438194444445 0.9304866087962963 0.458445912037037 0.930341636574074 0.46308748379629633 0.9334294074074074
3 0.4605126736111111 0.8851699467592593 0.46154420370370375 0.885024974537037 0.46412333564814817 0.8809224004629629 0.4651548657407407 0.8807774282407408 0.4682494537037037 0.8803425115740742 0.4690232546296296 0.8783637106481481 0.4734077152777778 0.8721373611111112 0.47314998842592587 0.8703035300925925 0.47547200925925925 0.8568868356481482 0.47521428240740743 0.8550530046296296 0.4744410972222222 0.8495515162037037 0.47315184027777774 0.8478626574074073 0.4713471273148148 0.8425061412037037 0.4700578703703704 0.8408172824074074 0.4638693125 0.834206824074074 0.4628377824074074 0.8343517962962963 0.4592277384259259 0.831119050925926 0.45819621064814814 0.8312640231481482 0.45407009259259257 0.831843912037037 0.44581724074074075 0.8404839791666667 0.4460749699074074 0.8423178078703705 0.44736237500000003 0.8664475393518519 0.44865163194444446 0.8681363981481481 0.44942481481481483 0.873637886574074 0.4507140740740741 0.8753267430555555 0.45355031481481484 0.8805382893518519 0.4548395717592592 0.8822271481481481 0.4605126736111111 0.8851699467592593
3 0.43318239814814813 0.8254292314814814 0.4344716550925926 0.827118087962963 0.4396286828703704 0.8338735208333333 0.440660212962963 0.8337285486111111 0.44530178472222226 0.8368163194444445 0.4463333148148148 0.8366713472222223 0.4548438935185185 0.8298651111111112 0.45561769444444444 0.8278863078703703 0.4576813703703704 0.820116074074074 0.4574236435185185 0.8182822430555555 0.45742426157407406 0.8108019537037037 0.45716653240740746 0.8089681226851851 0.4496899513888889 0.785708224537037 0.44840069444444447 0.7840193657407407 0.4445329236111111 0.7789527939814815 0.4435013935185185 0.779097763888889 0.4414383356481481 0.7793877083333334 0.4342163958333333 0.7953630949074074 0.43318486805555556 0.7955080671296296 0.42725341898148145 0.7982117291666667 0.42751114814814817 0.8000455578703703 0.42699507407407405 0.8038581898148147 0.4272528032407407 0.8056920185185185 0.42828371296296297 0.8130273379629629 0.42957297222222224 0.8147161967592593 0.43318239814814813 0.8254292314814814
3 0.4269956921296296 0.7963778981481482 0.4280272199074074 0.7962329259259259 0.4300902800925926 0.7959429837962964 0.43086408101851853 0.7939641805555555 0.4355062708333333 0.7895716620370371 0.43628007175925926 0.7875928587962963 0.44014907870370373 0.777698851851852 0.439891349537037 0.7758650208333334 0.44118122453703706 0.7700735879629629 0.4409234976851852 0.7682397592592592 0.4388616736111111 0.7535691203703704 0.4375724166666667 0.7518802615740741 0.4246798449074074 0.7349916851851852 0.42364831481481485 0.7351366574074073 0.42003827083333334 0.7319039143518519 0.4190067430555555 0.7320488842592593 0.41281756712962964 0.7329187175925925 0.4076593032407408 0.7411238680555555 0.4079170300925926 0.7429576967592593 0.40662715740740746 0.7487491319444445 0.4068848842592593 0.7505829606481482 0.4089467083333333 0.7652535995370371 0.4102359652777778 0.7669424560185185 0.4159078333333333 0.7848458379629629 0.41719709027777774 0.7865346967592592 0.4269956921296296 0.7963778981481482
3 0.4780536111111111 0.8228630949074074 0.4767643541666666 0.821174238425926 0.4736703842592593 0.8141288634259259 0.4726388541666666 0.8142738333333334 0.4716073240740741 0.8144188055555555 0.4682543912037037 0.8205001828703703 0.4685121203703704 0.8223340138888888 0.4677377013888889 0.8317931064814815 0.4690269583333333 0.833481962962963 0.4726363842592593 0.8441949976851851 0.4739256412037037 0.8458838564814815 0.4798564722222223 0.850660486111111 0.48063027314814816 0.8486816828703704 0.4780536111111111 0.8228630949074074
3 0.16859545601851852 0.8588743981481483 0.16833772916666664 0.8570405694444445 0.1667913611111111 0.8460375902777778 0.16550210416666666 0.8443487314814815 0.1593135462962963 0.8377382731481482 0.15828201620370372 0.8378832453703703 0.15106131250000002 0.8388980486111111 0.14719230555555557 0.8487920578703704 0.1474500324074074 0.8506258865740741 0.14796487268518518 0.8617738379629629 0.14925412962962964 0.8634626944444445 0.1526058263888889 0.8723419004629629 0.15363735648148147 0.8721969282407407 0.16421037731481483 0.8725810393518519 0.16498417824074074 0.8706022361111111 0.16859545601851852 0.8588743981481483
3 0.15363735648148147 0.8721969282407407 0.15234809953703704 0.8705080717592593 0.15183264351851852 0.866840412037037 0.1505433865740741 0.8651515532407408 0.14796487268518518 0.8617738379629629 0.14693334259259258 0.8619188101851852 0.14487028472222221 0.8622087546296296 0.1417750787037037 0.8701239606481481 0.14203280787037037 0.8719577893518519 0.14177446064814814 0.8776042523148149 0.1430637199074074 0.8792931087962963 0.14641541666666666 0.8881723148148148 0.14744694675925926 0.8880273425925926 0.15079926157407406 0.8894262569444444 0.1515730625 0.8874474537037037 0.15363735648148147 0.8721969282407407
3 0.17013935416666667 0.8997985416666666 0.1709131550925926 0.897819738425926 0.1722030300925926 0.8920283055555556 0.17194530324074075 0.8901944768518518 0.16910967824074075 0.8775026388888889 0.16782042129629632 0.8758137824074075 0.16317884722222223 0.8727260092592592 0.16214731944444444 0.8728709814814815 0.15492661342592592 0.873885787037037 0.15157368055555556 0.879967164351852 0.1518314097222222 0.8818009930555555 0.15131533564814814 0.885613625 0.1515730625 0.8874474537037037 0.15389323148148149 0.8964716319444443 0.15518249074074075 0.898160488425926 0.16033951851851852 0.9049159189814815 0.16137104861111112 0.9047709490740741 0.17013935416666667 0.8997985416666666
3 0.15260397453703703 0.8947827731481481 0.15157244675925927 0.8949277453703703 0.15054091666666666 0.8950727175925927 0.14899331481481481 0.8990303217592592 0.14925104166666667 0.900864150462963 0.14925042592592594 0.9083444421296297 0.15053968287037037 0.9100332986111112 0.15827522453703705 0.9201664467592593 0.15904902546296298 0.9181876435185186 0.16059724537037037 0.90674975 0.15930798842592592 0.9050608912037037 0.15260397453703703 0.8947827731481481
3 0.16549469444444445 0.934112224537037 0.1667839513888889 0.9358010810185186 0.17142552546296294 0.9388888541666667 0.17245705555555554 0.9387438819444444 0.17813077314814815 0.9342063912037036 0.1789045740740741 0.9322275879629629 0.18122659722222223 0.9188108912037037 0.18096886805555557 0.9169770625 0.1771017152777778 0.9044301990740741 0.17581245601851853 0.9027413402777777 0.1709131550925926 0.897819738425926 0.16549716435185186 0.9041910601851852 0.16446563425925925 0.9043360324074073 0.16137104861111112 0.9047709490740741 0.16059724537037037 0.90674975 0.15956509953703704 0.9143750138888889 0.1598228287037037 0.9162088425925925 0.16085374074074074 0.9235441620370369 0.1621429976851852 0.9252330185185186 0.16549469444444445 0.934112224537037
3 0.19721437268518519 0.9277842638888889 0.19592511574074076 0.9260954050925926 0.19386267592592593 0.9189050578703705 0.19257341898148148 0.9172162013888888 0.1840634560185185 0.9165421458333334 0.18199978009259257 0.9243123819444444 0.18225750925925924 0.9261462106481482 0.18535086111111113 0.9406718773148148 0.18664011805555555 0.942360736111111 0.1938602060185185 0.9488262222222222 0.1948917337962963 0.94868125 0.19798632175925926 0.9482463333333334 0.1977285949074074 0.9464125046296297 0.19721437268518519 0.9277842638888889
3 0.42651419212962965 0.3812942337962963 0.42625646296296293 0.3794604050925926 0.4244523680555556 0.3666235949074074 0.4231631111111111 0.3649347384259259 0.41542756712962964 0.35480159027777775 0.41439603703703703 0.3549465625 0.4069176064814815 0.35412753703703703 0.4035646736111111 0.36020891435185187 0.40382240046296297 0.3620427453703704 0.4100091064814815 0.3910940763888889 0.4112983634259259 0.3927829351851852 0.4164553935185185 0.39953836574074075 0.41748692129629633 0.39939339351851855 0.42161303935185185 0.3988135046296296 0.4223868402777778 0.3968347037037037 0.42651419212962965 0.3812942337962963
3 0.43682516203703703 0.43220655092592597 0.43759896296296297 0.43022774999999996 0.43863111111111114 0.4226024861111111 0.4383733819444444 0.42076865740740743 0.43708474305555556 0.41159950694444447 0.43579548611111113 0.409910650462963 0.43399077314814816 0.4045541319444444 0.4327015138888889 0.40286527546296297 0.4236760972222222 0.39852356250000004 0.41877556250000003 0.40856254166666667 0.41903328935185186 0.4103963726851852 0.4156797384259259 0.4239580393518519 0.41696899537037035 0.42564689814814816 0.4190314375 0.4328372453703704 0.4203206944444445 0.4345261018518518 0.42418846527777776 0.4395926759259259 0.4252199953703704 0.43944770370370373 0.43682516203703703 0.43220655092592597
3 0.6983329490740742 0.21218902314814814 0.6980752222222222 0.21035519444444445 0.6975603842592593 0.19920724305555557 0.6962711273148149 0.19751838657407408 0.6947241412037037 0.19399569907407407 0.6936926111111111 0.19414067129629628 0.6802827314814814 0.19602530555555553 0.6771875277777778 0.20394051388888887 0.6774452546296296 0.20577434259259259 0.6818278657407407 0.22198886805555557 0.6831171226851852 0.22367772453703705 0.6846641064814816 0.22720041203703703 0.6856956365740741 0.22705543981481482 0.6921425393518519 0.2280194375 0.6929163402777777 0.22604063657407408 0.6983329490740742 0.21218902314814814
3 0.6828643333333333 0.16200156712962965 0.6818328032407407 0.16214653935185183 0.6787382152777778 0.1625814537037037 0.6766745393518518 0.17035168981481483 0.6769322685185185 0.17218551851851854 0.6782209074074074 0.1813546689814815 0.6795101643518519 0.18304352546296296 0.6898254583333333 0.18159380555555557 0.6905992592592592 0.17961500462962962 0.6864743773148149 0.16523431018518517 0.6854428472222223 0.1653792824074074 0.6828643333333333 0.16200156712962965
3 0.7050326412037037 0.27482918055555555 0.7058064444444445 0.2728503773148148 0.7096754490740741 0.26295637037037034 0.7083861921296296 0.2612675115740741 0.7040029652777777 0.25253328009259257 0.7029714351851851 0.25267825 0.6952352754629629 0.25002539583333333 0.691624613425926 0.25427294212962964 0.6918823425925926 0.25610677314814817 0.6900763935185185 0.26571083796296296 0.6903341226851851 0.26754466666666665 0.6923965625 0.2747350138888889 0.6936858217592593 0.2764238726851852 0.6962643356481482 0.27980158796296295 0.6972958634259259 0.27965661574074074 0.7050326412037037 0.27482918055555555
3 0.19311480324074073 0.606711636574074 0.19440406018518516 0.6084004953703703 0.1956927013888889 0.6175696435185185 0.19491890046296298 0.6195484467592592 0.1902773263888889 0.6164606736111111 0.19001836342592593 0.6295874259259259 0.19130762037037036 0.6312762847222223 0.19311233333333333 0.636632800925926 0.2034263912037037 0.6501436643518518 0.20858403703703704 0.6494188032407407 0.2093578402777778 0.6474400023148148 0.21657916203703703 0.6389449074074074 0.2274105277777778 0.6336825555555555 0.23050573148148146 0.625767349537037 0.2258653935185185 0.6077189953703703 0.21477815277777776 0.5887066435185185 0.20472058796296297 0.5919901944444445 0.20059385416666664 0.6000503726851852 0.1964677361111111 0.6006302615740741 0.19156843518518518 0.5957086597222222 0.18744231944444445 0.5962885462962964 0.1887315763888889 0.5979774050925926 0.19208327546296294 0.6068566087962963 0.19311480324074073 0.606711636574074
3 0.2031680462962963 0.655790125 0.20213651851851852 0.6559350972222222 0.1998157314814815 0.6543912106481481 0.1949158125 0.6569499004629629 0.19414201157407407 0.6589287037037037 0.19156287962962962 0.6630312777777777 0.19182060879629628 0.6648651087962962 0.1936247037037037 0.6777019166666667 0.1946562337962963 0.6775569444444445 0.20471379629629627 0.6742733958333333 0.20445606944444444 0.6724395648148148 0.2031680462962963 0.655790125
3 0.19078969675925925 0.6575297893518518 0.18950043749999998 0.6558409305555556 0.1879534537037037 0.6523182430555556 0.1869219236111111 0.6524632152777777 0.1835696087962963 0.6510643009259259 0.17815361805555555 0.6574356226851852 0.1784113449074074 0.6592694537037036 0.1794416388888889 0.6740850625 0.18073089583333335 0.6757739212962962 0.18769325694444447 0.6804055787037037 0.18846705787037038 0.678426775462963 0.1910461898148148 0.6743242013888889 0.19078846064814814 0.6724903703703704 0.19078969675925925 0.6575297893518518
3 0.1838291875 0.6304572592592592 0.1827976597222222 0.6306022314814815 0.1740299699074074 0.6280943472222221 0.1717085648148148 0.6340307523148148 0.17196629398148147 0.6358645810185185 0.17505964583333333 0.6503902476851852 0.1763489027777778 0.6520791064814815 0.18150655092592594 0.6513542453703705 0.18228035185185187 0.6493754444444444 0.18511721064814815 0.647106699074074 0.1848594837962963 0.6452728680555556 0.1838291875 0.6304572592592592
3 0.19027609259259257 0.6314212569444444 0.18924456250000002 0.6315662291666667 0.18718150462962962 0.6318561712962962 0.18563390277777778 0.635813775462963 0.18589162962962963 0.6376476064814816 0.18614874074074075 0.6469617268518518 0.18743799768518518 0.6486505833333334 0.19027424074074073 0.6538621296296296 0.19156349768518519 0.6555509861111112 0.20058953240740743 0.6524124097222221 0.20136333333333334 0.6504336087962963 0.19027609259259257 0.6314212569444444
3 0.5966924375 0.6491052060185185 0.5974662384259259 0.6471264050925926 0.6021090462962962 0.6352535949074074 0.6018513194444445 0.6334197638888889 0.6028834652777777 0.6257945023148148 0.6026257384259259 0.6239606712962963 0.5997901134259259 0.611268835648148 0.5985008564814814 0.6095799768518518 0.5936015555555556 0.6046583773148149 0.592570025462963 0.6048033472222222 0.5905069675925926 0.6050932916666667 0.5840594467592592 0.6116095856481482 0.5843171736111111 0.6134434143518519 0.5835433726851852 0.6154222175925925 0.5838011018518519 0.6172560462962963 0.5850885069444445 0.6413857777777778 0.5863777638888888 0.6430746342592593 0.5915347916666667 0.6498300671296297 0.5925663217592593 0.6496850949074073 0.5966924375 0.6491052060185185
3 0.5866342569444444 0.6598690462962963 0.585345 0.6581801898148149 0.5840557407407407 0.6564913310185185 0.5830242129629629 0.6566363032407407 0.5670358171296296 0.6551432245370371 0.5678083842592593 0.6681250046296296 0.5690976412037037 0.6698138611111111 0.5734808703703704 0.6785480949074073 0.5745123981481481 0.6784031226851852 0.581475375 0.6755544884259259 0.582249175925926 0.6735756875 0.5868913657407407 0.6691831666666667 0.5866336388888889 0.667349337962963 0.5866342569444444 0.6598690462962963
3 0.6508486481481481 0.6302737407407407 0.6505909212962963 0.6284399120370371 0.6485284791666667 0.6212495648148149 0.6472392222222223 0.6195607060185184 0.6436291782407407 0.6163279629629629 0.642597650462963 0.6164729351851852 0.6395030625000001 0.616907849537037 0.6351185995370371 0.6231341990740741 0.6353763287037038 0.6249680300925926 0.6374387685185186 0.6321583773148148 0.6387280254629629 0.6338472337962963 0.6423380694444445 0.6370799768518518 0.6433695995370371 0.6369350069444444 0.6485272453703703 0.6362101458333334 0.6493010462962963 0.6342313449074074 0.6508486481481481 0.6302737407407407
1 0.4003730092592593 0.5994629930555555 0.46710961805555556 0.6304768773148148 0.4735302546296296 0.6372417268518519 0.47548948148148146 0.6451945995370371 0.480178400462963 0.6995151157407408 0.48623834259259263 0.7022165439814815 0.5012985462962963 0.701596011574074 0.4945804282407408 0.5497570092592592 0.47554936111111107 0.5445774375 0.47242449305555556 0.5994350949074074 0.47087701388888886 0.6018966388888889 0.40199879629629626 0.5855831319444444 0.4003730092592593 0.5994629930555555
1 0.4986914513888889 0.4195847037037037 0.49560050694444446 0.3758859027777778 0.4768014583333333 0.37160874768518515 0.4756296435185185 0.5092221874999999 0.49692902314814813 0.5267993171296296 0.4982221712962963 0.4813623425925926 0.5037673958333333 0.47141976157407406 0.5251976180555555 0.4659768726851852 0.5751993449074074 0.4789591342592593 0.5737826435185185 0.45914869212962967 0.5122800763888888 0.4391805347222222 0.5040026851851852 0.43267663657407407 0.5020952523148148 0.4220984120370371 0.4986914513888889 0.4195847037037037
1 0.3978610162037037 0.1025694537037037 0.39662200694444444 0.11695597453703703 0.44035625462962963 0.14222638425925926 0.4515473888888889 0.1522478888888889 0.4570137546296297 0.16045588657407406 0.46319984259259256 0.19698750925925926 0.4650565949074074 0.19672656018518517 0.4825153356481482 0.1929638587962963 0.4759427175925926 0.15293346296296295 0.47079130555555554 0.07810738194444446 0.4535393032407407 0.07660488657407408 0.4559338263888889 0.1220846087962963 0.45335463425925926 0.12693521296296295 0.44156967592592594 0.12541239351851852 0.3978610162037037 0.1025694537037037
0 0.5757069884259259 0.8897380092592593 0.5796005324074074 0.8949879652777777 0.580530761574074 0.8724166180555556 0.5858447731481482 0.8518472407407408 0.5929882824074073 0.8487862291666667 0.6081512685185184 0.852639375 0.6089766782407408 0.8502793078703703 0.6091580740740741 0.8395945231481482 0.5897922708333333 0.828290826388889 0.5711747430555556 0.8118328287037038 0.5689815856481482 0.8261664398148149 0.5802759351851852 0.8354254189814815 0.583163724537037 0.8410037314814814 0.577230175925926 0.8691403819444444 0.5757069884259259 0.8897380092592593
0 0.49940596296296297 0.19863125462962963 0.4898903055555555 0.19753752777777778 0.48540300000000003 0.20003822916666666 0.4790865648148148 0.18054238888888888 0.47705131712962967 0.15633075462962964 0.45724564814814816 0.1628543634259259 0.4691257337962963 0.2616064675925926 0.4883374560185185 0.26507760416666665 0.48828590972222224 0.26471083796296296 0.48834066666666665 0.22618009027777777 0.4930349583333334 0.21542207638888888 0.5017514097222222 0.2138230486111111 0.5178158888888889 0.2308268587962963 0.5320743564814815 0.2581827638888889 0.5244443125 0.2196100138888889 0.5149552939814815 0.2082272615740741 0.49940596296296297 0.19863125462962963
0 0.7665721527777778 0.7845585185185185 0.7696676064814815 0.7736511967592592 0.7830766828703704 0.7814909398148148 0.7823297662037036 0.770188599537037 0.7695910902777777 0.7633766689814815 0.7552025231481482 0.7500644305555555 0.7532676481481482 0.7594996111111111 0.7635046342592593 0.7694682083333333 0.7644293680555556 0.8134714490740741 0.7673687013888889 0.8194165277777777 0.7665721527777778 0.7845585185185185
0 0.24394678703703704 1 0.24025034722222222 0.9772764675925926 0.1903787800925926 0.9495025092592593 0.18980943055555557 0.9738931898148148 0.20450813657407407 0.9789336157407407 0.20891738425925924 0.9848591157407407 0.2038906134259259 1 0.21316633564814816 1 0.21358380324074075 0.9993507060185186 0.2237703564814815 0.9954880138888889 0.2327496203703704 1 0.24394678703703704 1