2 0.9452197847222222 0.7802521712962963 0.9430638148148148 0.7731262129629629 0.9479356666666667 0.7742509675925926 0.5938852384259259 0.5889194143518518 0.026727263888888887 0.36924813657407407 0.009958585648148147 0.40236649305555555 0.01215667824074074 0.40437065740740735 0.5333447592592593 0.6000656134259259 0.6403921736111111 0.6492610856481482 0.9391062060185185 0.8009704236111111 0.9452197847222222 0.7802521712962963
2 0.0726969675925926 0.376760787037037 0.09198287037037038 0.3837790486111111 0.1167731087962963 0.3727179768518518 0.17699947916666667 0.3530536342592593 0.2645237337962963 0.3443953958333333 0.32478786111111113 0.3476177986111111 0.32518621296296296 0.34589235185185185 0.32954947453703703 0.34016456944444445 0.3093051226851852 0.3315352453703704 0.27705816666666666 0.32879434259259255 0.17266648148148148 0.34136261342592594 0.15785189583333334 0.3511988263888889 0.14311216203703706 0.3491856759259259 0.11911625462962963 0.3543364513888889 0.0726969675925926 0.376760787037037
2 0 0.6658274699074075 0.04001017824074074 0.6418264745370371 0.07904797685185186 0.6266781504629629 0.07796534259259259 0.6264282060185186 0.0829518888888889 0.616354238425926 0.04520761805555556 0.630839037037037 0 0.655635974537037 0 0.6658274699074075
3 0.9511921111111111 0.7025200509259258 0.9475833333333333 0.7016868981481481 0.9473490092592592 0.7027018680555556 0.9210800625 0.7094660046296296 0.9192756736111112 0.7090494282407407 0.9036689421296296 0.7107916643518519 0.9018645532407407 0.710375087962963 0.8908038958333334 0.7088906018518519 0.8905695717592592 0.7099055694444445 0.890100923611111 0.7119355069444444 0.8919053124999999 0.7123520833333333 0.9123863611111112 0.7224258402777778 0.91419075 0.7228424166666666 0.930195925925926 0.7276065694444444 0.9317659907407406 0.7290381134259258 0.9421236782407407 0.7335675069444444 0.9439280671296296 0.7339840833333333 0.9583631782407408 0.7373166921296296 0.9585975023148149 0.7363017222222221 0.962112363425926 0.7210771898148147 0.9574021666666667 0.7167825555555555 0.9576364907407408 0.7157675879629629 0.9527621759259259 0.7039515949074073 0.9511921111111111 0.7025200509259258
3 0.8828824259259259 0.6279508449074074 0.8808437129629629 0.6285492361111111 0.8548792962962963 0.6257620787037038 0.8528405810185185 0.6263604722222221 0.8365308773148149 0.631147613425926 0.8362965532407407 0.6321625833333334 0.8210882662037037 0.6404112083333333 0.8208539421296296 0.641426175925926 0.8182061759259258 0.6611271597222222 0.8197762407407407 0.6625587037037037 0.8291264282407407 0.679684300925926 0.8306964930555556 0.6811158449074074 0.8486701782407408 0.6938179328703704 0.8504745671296297 0.6942345092592593 0.8763687824074075 0.7055579930555557 0.8781731712962964 0.7059745694444445 0.9020988773148148 0.7093601203703704 0.9041375902777778 0.7087617268518519 0.9310393055555556 0.7074890092592592 0.9330780185185185 0.7068906157407407 0.9500906944444445 0.6990585671296295 0.9503250185185186 0.6980435995370371 0.9567456851851852 0.686697125 0.9575188587962963 0.6751158912037036 0.9559487939814815 0.6736843472222221 0.9508401550925926 0.662883324074074 0.9492700902777778 0.6614517800925925 0.9382796342592592 0.6514309652777778 0.9364752453703703 0.651014388888889 0.9009263171296297 0.6321166041666666 0.8991219282407408 0.6317000277777778 0.8828824259259259 0.6279508449074074
3 0.7024672407407407 0.6108872523148149 0.6936094166666668 0.6163257291666667 0.6924377962962963 0.621400574074074 0.6903990833333333 0.6219989675925925 0.6887588148148148 0.6291037476851853 0.686720101851852 0.6297021412037037 0.6860171296296296 0.6327470486111111 0.701085011574074 0.6415710763888889 0.7188945763888889 0.6467518055555556 0.7290179398148148 0.6522961666666667 0.7378055601851853 0.6553940162037037 0.7393756250000001 0.6568255625 0.7312207731481482 0.6592191319444445 0.7203944398148148 0.656719675925926 0.7233002453703704 0.6605977361111111 0.7269090231481482 0.661430886574074 0.738602449074074 0.6684067939814815 0.746757300925926 0.6660132222222223 0.7485616898148147 0.6664297986111111 0.7517018217592593 0.6692928888888888 0.7512331736111112 0.6713228263888888 0.7595549930555555 0.6692350694444444 0.7587552569444443 0.6634378356481482 0.7677772013888889 0.6655207152777778 0.7678768125 0.6671473124999999 0.7729560439814814 0.667785412037037 0.7745261087962964 0.6692169583333333 0.7799392754629629 0.6704666851851853 0.7815093402777777 0.6718982291666667 0.7921013518518519 0.6754126550925926 0.8061380185185185 0.672238875 0.8066066666666666 0.6702089375 0.8156988148148149 0.6637554907407407 0.8011640902777778 0.6587962847222222 0.8178077314814814 0.6546207708333334 0.8162376666666666 0.6531892268518519 0.8171749606481482 0.6491293518518518 0.8156048958333334 0.6476978055555556 0.8165421921296295 0.6436379305555555 0.8149721273148147 0.642206386574074 0.815440775462963 0.640176449074074 0.8123006458333334 0.6373133587962962 0.8067233587962962 0.6285422731481481 0.8049189699074074 0.6281256967592592 0.7970686435185186 0.6209679722222222 0.7918898009259259 0.6187032754629629 0.7887496712962964 0.6158401851851851 0.7820007638888888 0.6121439444444445 0.7783919837962963 0.6113107916666666 0.7716430763888888 0.607614550925926 0.7517947986111111 0.6030322152777777 0.7497560856481482 0.6036306064814815 0.7425385277777777 0.6019643032407408 0.736656712962963 0.602744511574074 0.7274004444444444 0.6016766018518518 0.7235573425925926 0.6018584189814815 0.7029358888888888 0.6088573148148149 0.7024672407407407 0.6108872523148149
3 0.6044676689814815 0.5743644004629629 0.6024289537037036 0.5749627939814815 0.5935711296296297 0.5804012708333334 0.5933368055555556 0.5814162384259259 0.592399511574074 0.5854761157407408 0.5939695763888889 0.5869076597222223 0.6085688078703704 0.597761625 0.6103731967592593 0.5981782013888889 0.6522023865740741 0.6228021666666668 0.654006775462963 0.6232187407407408 0.6731520833333333 0.6308459837962963 0.6749564722222222 0.6312625601851851 0.680603962962963 0.6314973194444445 0.6808382870370371 0.6304823518518519 0.6856186851851852 0.6262406597222222 0.6858530092592593 0.6252256898148147 0.690234962962963 0.6144776087962962 0.6772759976851852 0.5965188611111111 0.6754716087962963 0.5961022847222223 0.6660512175925926 0.5875130162037037 0.6642468287037038 0.5870964398148149 0.650749013888889 0.5797039560185185 0.648944625 0.5792873796296296 0.6198400763888889 0.5736371319444444 0.617801363425926 0.574235525462963 0.6044676689814815 0.5743644004629629
3 0.47106051388888887 0.5841894699074074 0.47263057870370373 0.5856210138888889 0.47553638425925926 0.5894990717592593 0.47710644907407407 0.5909306180555556 0.49147135879629633 0.6027995532407407 0.4932757476851852 0.6032161273148148 0.5033991087962962 0.6087604907407408 0.5052034976851851 0.6091770671296296 0.5340737222222223 0.6158422824074073 0.5361124351851851 0.6152438912037037 0.5494461319444445 0.6151150162037037 0.5514848449074075 0.6145166226851851 0.5578353078703704 0.6117064768518519 0.5362528425925925 0.5981712384259259 0.5344484537037038 0.597754662037037 0.5033753958333334 0.5841664791666666 0.5015710069444445 0.5837499050925926 0.47677820833333334 0.5758879027777778 0.47473949537037036 0.5764862939814814 0.4727007824074074 0.5770846875000001 0.47246645833333334 0.5780996574074074 0.47106051388888887 0.5841894699074074
3 0.4847224513888889 0.5991033101851853 0.4831523865740741 0.5976717662037038 0.47082618981481483 0.5852044375 0.4690218009259259 0.5847878611111111 0.46541302314814814 0.5839547106481482 0.4633743101851852 0.5845531018518518 0.4592968842592593 0.5857498888888889 0.45906256018518515 0.5867648564814815 0.4495017638888889 0.5952482407407408 0.44926743981481476 0.5962632106481481 0.44919723611111106 0.604799537037037 0.45076730092592593 0.6062310810185184 0.454305875 0.6156005601851852 0.4558759421296297 0.6170321041666667 0.47361530324074075 0.6307491597222222 0.4754196921296296 0.631165736111111 0.48758176851851853 0.6361117060185185 0.4893861574074074 0.6365282824074073 0.5074300462962963 0.6406940439814816 0.5094687592592593 0.640095650462963 0.5264112337962963 0.6407999282407407 0.5284499467592593 0.6402015347222223 0.5434239097222222 0.6329678796296295 0.5436582337962963 0.6319529097222222 0.5475715393518519 0.6232347662037037 0.5433299907407407 0.6169101944444444 0.5415256018518518 0.6164936180555556 0.5302306203703704 0.6160240995370371 0.5284262314814815 0.6156075231481482 0.5049691736111112 0.6101920347222222 0.5033991087962962 0.6087604907407408 0.49461148842592595 0.6056626412037036 0.49304142361111114 0.6042310972222222 0.4847224513888889 0.5991033101851853
3 0.5605067893518518 0.6165995046296296 0.5584680763888888 0.6171978958333333 0.5518832893518518 0.6210230115740741 0.5516489652777777 0.6220379814814815 0.549071400462963 0.633202638888889 0.5506414652777778 0.6346341828703704 0.5508055856481482 0.6421555416666668 0.552375650462963 0.6435870856481481 0.5548128101851852 0.6494950810185186 0.556382875 0.6509266273148149 0.5644675231481482 0.6570693819444444 0.5662719120370371 0.6574859583333333 0.5898930902777777 0.6704228032407408 0.5916974791666667 0.6708393796296297 0.5953062569444444 0.6716725324074074 0.5973449699074074 0.6710741388888889 0.617966425925926 0.6640752430555557 0.6182007476851852 0.6630602731481482 0.6329403888888889 0.6568415879629629 0.6331747129629629 0.6558266180555555 0.6338776851851852 0.652781710648148 0.629167488425926 0.6484870763888888 0.627363099537037 0.6480705 0.615669673611111 0.6410945925925925 0.6138652847222222 0.6406780185185185 0.6032732731481482 0.6371635925925927 0.6017032083333334 0.6357320486111111 0.5749419004629629 0.6199321111111111 0.5731375115740741 0.6195155370370371 0.5605067893518518 0.6165995046296296
3 0.9803147291666667 0.23885415277777777 0.9771745972222222 0.2359910648148148 0.9753702083333334 0.23557448842592593 0.964309550925926 0.23409 0.962270837962963 0.2346883935185185 0.9572561157407408 0.23994505324074072 0.9592948287037038 0.23934666203703703 0.9703554861111111 0.24083114814814816 0.9723941990740741 0.24023275462962965 0.9803147291666667 0.23885415277777777
3 0.9229025208333334 0.2405664351851852 0.9247069097222222 0.24098301157407406 0.9283156898148148 0.24181616435185185 0.9303544027777777 0.24121777083333332 0.9441567453703704 0.23905895833333335 0.9401495208333333 0.2317194189814815 0.9383451319444445 0.2313028425925926 0.9293231875000001 0.229219962962963 0.927284474537037 0.22981835416666668 0.9214026597222222 0.2305985648148148 0.9211683356481482 0.2316135324074074 0.918660974537037 0.23424186342592593 0.9202310393518518 0.23567340972222223 0.9229025208333334 0.2405664351851852
3 0.9116075393518519 0.24009691666666666 0.9118418634259259 0.23908194907407407 0.9130134837962963 0.23400710416666667 0.9083032893518519 0.2297124699074074 0.906498900462963 0.2292958935185185 0.8954382407407407 0.2278114074074074 0.8933995277777778 0.22840979861111113 0.8910562893518518 0.23855948842592592 0.8926263541666666 0.2399910324074074 0.905491400462963 0.2418920949074074 0.9075301134259258 0.2412937037037037 0.9116075393518519 0.24009691666666666
3 0.9072018726851852 0.22625098842592592 0.909006261574074 0.2266675625 0.9198325949074074 0.22916702083333332 0.9218713078703703 0.2285686273148148 0.9259487337962964 0.2273718402777778 0.9261830578703704 0.2263568726851852 0.9268860300925925 0.22331196527777777 0.9206057708333333 0.21758578703703704 0.9188013819444444 0.21716921064814815 0.9118181481481481 0.2144879375 0.9097794351851852 0.2150863310185185 0.9036632962962963 0.21688150925925928 0.9034289722222222 0.21789647685185184 0.902726 0.22094138425925927 0.9042960648148147 0.22237292824074076 0.9072018726851852 0.22625098842592592
3 0.9372437152777777 0.22784135879629627 0.9390481041666667 0.2282579351851852 0.9496401157407407 0.2317723611111111 0.9516788287037037 0.2311739675925926 0.9580292916666666 0.22836382175925926 0.9582636157407407 0.22734885185185186 0.958732263888889 0.22531891435185186 0.9547250393518518 0.2179793726851852 0.9529206504629629 0.2175627986111111 0.9420943171296295 0.2150633402777778 0.9400556041666667 0.2156617337962963 0.9341737893518519 0.21644194444444445 0.9339394652777777 0.21745691203703701 0.9314321041666667 0.22008524305555555 0.9330021689814815 0.22151678703703703 0.9372437152777777 0.22784135879629627
3 0.35860305555555555 0.6020583564814814 0.33404458101851847 0.5931813865740742 0.33200586805555554 0.5937797800925926 0.3292641828703704 0.5974230787037037 0.3308342476851852 0.5988546226851852 0.3407232870370371 0.6054139537037038 0.3425276759259259 0.6058305300925926 0.35335400925925925 0.6083299861111112 0.3553927222222222 0.6077315949074075 0.35860305555555555 0.6020583564814814
3 0.2010823611111111 0.5763825069444445 0.20084803703703702 0.5773974768518518 0.19873912037037036 0.5865321944444445 0.2003091851851852 0.5879637407407408 0.2097295763888889 0.5965530092592592 0.21153396527777776 0.5969695856481481 0.2300465023148148 0.5991054074074074 0.23208521527777778 0.5985070162037037 0.24251310416666666 0.5945000833333333 0.23780290972222223 0.5902054467592592 0.23599852083333334 0.5897888726851852 0.22540651157407407 0.5862744467592592 0.22383644675925926 0.5848429027777777 0.21441605555555554 0.5762536319444445 0.21261166666666667 0.5758370578703703 0.2071985 0.5745873287037037 0.20515978703703705 0.5751857222222222 0.2010823611111111 0.5763825069444445
3 0.24375492824074071 0.580888912037037 0.24352060416666668 0.5819038796296296 0.2459577615740741 0.5878118773148148 0.2439190486111111 0.5884102685185185 0.24164601157407406 0.5900236319444444 0.24345040046296298 0.5904402060185185 0.24612188194444443 0.5953332337962963 0.24769194675925926 0.5967647800925926 0.2542065324074074 0.6014759907407408 0.25601092129629627 0.6018925648148148 0.2706803564814815 0.6042102060185185 0.27271906944444446 0.6036118125000001 0.28495134722222226 0.6000214560185185 0.2851856712962963 0.5990064861111111 0.2877632361111111 0.5878418310185185 0.28328736574074076 0.5825322268518518 0.28148297685185186 0.582115650462963 0.27473406712962967 0.5784194097222222 0.2729296782407407 0.5780028333333334 0.2657121226851852 0.5763365277777778 0.26367340972222225 0.5769349212962963 0.25237842824074075 0.5764654027777778 0.25033971527777776 0.5770637962962963 0.24375492824074071 0.580888912037037
3 0.2972538287037037 0.5878947731481481 0.2952151157407407 0.5884931643518518 0.2906690416666666 0.5917198888888889 0.2904347175925926 0.5927348564814815 0.2892630972222222 0.5978097013888889 0.290833162037037 0.5992412453703703 0.2991521365740741 0.6043690324074075 0.3009565254629629 0.6047856087962963 0.3158602847222222 0.6060882800925925 0.3178989976851852 0.6054898865740741 0.3262881736111111 0.6020813472222222 0.32652249768518515 0.6010663773148148 0.3279284421296296 0.5949765648148149 0.3225854791666667 0.5851905092592593 0.32078109027777774 0.5847739351851852 0.31583656944444444 0.5814942685185185 0.31403218055555554 0.5810776921296297 0.30681462499999995 0.5794113888888889 0.304775912037037 0.5800097800925926 0.3006984861111111 0.5812065671296296 0.3004641620370371 0.5822215347222222 0.2972538287037037 0.5878947731481481
3 0.25589328935185185 0.5612408703703703 0.25746335416666666 0.5626724166666667 0.26036915972222224 0.5665504745370371 0.2621735486111111 0.5669670509259259 0.2655480023148148 0.5688151712962962 0.2673523912037037 0.5692317476851853 0.2732342060185185 0.5684515370370371 0.2750385949074074 0.5688681134259259 0.2815531782407407 0.5735793240740741 0.28335756944444446 0.573995900462963 0.29645693981481486 0.5748819953703703 0.2966912638888889 0.573867025462963 0.2958241712962963 0.5693905740740741 0.2978628842592592 0.5687921805555556 0.30147166203703707 0.5696253333333333 0.3017059861111111 0.5686103657407408 0.30194031018518513 0.5675953958333333 0.2932228912037037 0.5559612199074074 0.2914185023148148 0.5555446435185185 0.2812951412037037 0.5500002824074074 0.2794907523148148 0.5495837060185186 0.2704688055555555 0.5475008263888889 0.2684300925925926 0.5480992175925926 0.25596349074074076 0.5527045439814815 0.2557291666666667 0.5537195138888888 0.25589328935185185 0.5612408703703703
3 0.2125879513888889 0.5512430462962963 0.2123536273148148 0.5522580138888888 0.21408781481481481 0.5612109166666667 0.21565787962962962 0.5626424629629629 0.22578124074074074 0.5681868240740741 0.22758562962962964 0.568603400462963 0.23841196296296296 0.5711028564814815 0.24045067592592592 0.5705044652777778 0.25762747453703705 0.5701937731481481 0.25786179861111114 0.5691788055555556 0.25809612268518517 0.5681638356481481 0.2557291666666667 0.5537195138888888 0.25415910185185187 0.5522879675925926 0.24898025925925926 0.5500232708333334 0.2471758703703704 0.5496066944444444 0.23274075925925927 0.546274087962963 0.23070204629629631 0.5468724791666667 0.22144577546296296 0.5458045694444444 0.22121145138888887 0.5468195370370371 0.2125879513888889 0.5512430462962963
3 0.17495382175925925 0.5660739907407407 0.17652388657407408 0.5675055370370371 0.1812340810185185 0.5718001712962963 0.1830384699074074 0.5722167476851852 0.1992779722222222 0.5759659305555556 0.1995122962962963 0.574950962962963 0.20389424768518516 0.5642028819444445 0.20593296296296298 0.5636044884259259 0.2107133587962963 0.5593627962962963 0.20419877546296294 0.5546515856481482 0.20239438657407408 0.5542350092592593 0.19156805324074075 0.5517355532407408 0.1895293402777778 0.5523339467592593 0.17957009953703704 0.5543109421296296 0.17933577546296298 0.5553259097222222 0.17385240509259262 0.5626125092592593 0.1754224699074074 0.5640440532407408 0.17495382175925925 0.5660739907407407
3 0 0.5348395162037037 0.0016622731481481482 0.5346190185185186 0.0037009861111111115 0.5340206273148148 0.01593326388888889 0.5304302708333334 0.016167587962962963 0.5294153009259259 0.03896816203703704 0.5047453587962963 0.03920248611111111 0.5037303888888889 0.046326125 0.48933900925925927 0.041287687499999996 0.47000165972222224 0.03971762268518519 0.46857011574074076 0.024016972222222224 0.45425466666666664 0.022212583333333334 0.4538380902777778 0.001262888888888889 0.44579427083333334 0.0010285648148148148 0.44680924074074074 0 0.45171445138888894 0 0.5348395162037037
3 0.05602638657407408 0.3814646134259259 0.06842278472222223 0.38539561342592593 0.06999284953703704 0.3868271597222222 0.08238925000000001 0.3907581597222222 0.0891381574074074 0.39445440277777777 0.09455132407407409 0.39570412962962964 0.09612138888888888 0.39713567361111113 0.10153455555555554 0.3983854027777778 0.10310462037037037 0.3998169467592593 0.10851778703703703 0.40106667592592593 0.11008785416666667 0.4024982199074074 0.11550102083333334 0.4037479490740741 0.11707108564814815 0.40517949305555556 0.09513760416666667 0.43432588657407406 0.0845455949074074 0.43081146296296297 0.0829755300925926 0.42937991666666664 0.07575797453703705 0.4277136134259259 0.07418790972222222 0.4262820694444444 0.06516596296296297 0.4241991875 0.06359589814814814 0.42276764351851853 0.05637834259259259 0.42110134027777774 0.054808277777777775 0.41966979398148146 0.04759072222222222 0.4180034907407407 0.046020657407407406 0.41657194675925924 0.028211090277777778 0.41139121759259256 0.026641025462962962 0.4099596712962963 0.01761908101851852 0.4078767916666667 0.016049016203703706 0.4064452476851852 0.012440238425925928 0.4056120949074074 0.010401525462962961 0.40621048842592594 0.003840451388888889 0.43462961342592593 0.016635296296296297 0.4450670046296296 0.020244074074074074 0.44590015740740746 0.028563046296296295 0.45102794212962966 0.048645650462962965 0.4545953101851852 0.05452746527777778 0.45381510185185187 0.05813624305555556 0.45464825231481476 0.06582244675925926 0.4542846203703704 0.07123561342592592 0.45553434722222225 0.0732743263888889 0.4549359537037037 0.08253059722222222 0.45600386574074075 0.09994171759259259 0.45467820601851855 0.10355049537037038 0.45551135879629634 0.11123669907407407 0.45514772453703706 0.1273120787037037 0.4513755509259259 0.1298194398148148 0.4487472199074074 0.1264449861111111 0.446899099537037 0.13089063657407407 0.4441073634259259 0.13872375231481482 0.41017840509259257 0.13267781712962964 0.40343725694444443 0.12592890972222223 0.3997410162037037 0.12121871527777778 0.3954463819444445 0.1194143263888889 0.39502980555555556 0.11627419444444444 0.3921667152777778 0.11266541666666667 0.39133356249999995 0.10254205555555555 0.3857892013888889 0.08810694212962963 0.3824565925925926 0.08653687731481481 0.38102504861111114 0.07571054398148148 0.3785255925925926 0.07367183101851851 0.3791239837962963 0.05358922916666667 0.3755566180555555 0.04590302314814815 0.37592025 0.04566869907407408 0.3769352199074074 0.04904315509259259 0.37878334027777777 0.054456321759259255 0.3800330694444444 0.05602638657407408 0.3814646134259259
3 0.0429725625 0.26512982175925925 0.044542627314814814 0.26656136574074074 0.05082288657407408 0.2722875462962963 0.05262727546296296 0.2727041226851852 0.0575717962962963 0.275983787037037 0.059376185185185185 0.27640036342592594 0.07945878703703704 0.27996773148148146 0.08149749999999999 0.279369337962963 0.08918370370370371 0.27900570601851854 0.08941802777777778 0.27799073611111114 0.09262836111111111 0.2723175 0.08705107407407409 0.26354641435185183 0.08548100925925926 0.26211486805555556 0.06954603472222222 0.24881438888888888 0.06774164583333334 0.2483978125 0.05738396064814815 0.24386841898148148 0.05557957175925926 0.2434518425925926 0.048127689814814814 0.24280050694444444 0.04789336574074074 0.24381547685185187 0.0429725625 0.26512982175925925
3 0.09096437962962964 0.2548282708333333 0.09073005555555555 0.25584323842592593 0.08932411111111112 0.26193305092592595 0.09089417592592593 0.2633645972222222 0.09443275 0.2727340763888889 0.09600281481481482 0.2741656203703704 0.09914294675925925 0.27702871064814816 0.10094733564814815 0.277445287037037 0.1081648912037037 0.27911159027777777 0.11020360416666666 0.2785131967592593 0.1407842986111111 0.26953730555555555 0.1410186226851852 0.26852233564814815 0.14148727083333335 0.2664923981481482 0.1367770763888889 0.2621977638888889 0.1349726875 0.2617811875 0.12461500231481482 0.25725179398148146 0.1228106111111111 0.2568352175925926 0.10296233333333334 0.25225288194444445 0.10092362037037038 0.252851275462963 0.09527612962962963 0.25261651620370373 0.09323741666666667 0.2532149097222222 0.09096437962962964 0.2548282708333333
3 0.20454696759259258 0.265014875 0.2061170347222222 0.2664464212962963 0.20557818287037039 0.2770126851851852 0.2071482476851852 0.27844422916666667 0.2095854050925926 0.284352224537037 0.21115546990740738 0.28578377083333334 0.2174357314814815 0.29150994907407407 0.21924012037037036 0.29192652546296294 0.22418463888888887 0.2952061921296296 0.2259890277777778 0.2956227685185185 0.23861975 0.29853880092592594 0.24065846296296295 0.2979404074074074 0.25806958564814814 0.2966147476851852 0.2583039097222222 0.2955997777777778 0.25900687962962965 0.2925548726851852 0.25483553703703704 0.27769397222222225 0.25326547222222223 0.27626242824074076 0.24611811805555556 0.2660597986111111 0.24431372916666666 0.26564322222222225 0.2208566736111111 0.26022773379629627 0.21881796064814815 0.26082612499999996 0.2070543287037037 0.2623865462962963 0.20682000462962963 0.2634015138888889 0.20454696759259258 0.265014875
3 0.021323657407407406 0.5894043472222222 0.02289372222222222 0.5908358912037037 0.03074404861111111 0.5979936157407407 0.0325484375 0.5984101921296295 0.05059232638888889 0.6025759513888889 0.05263103935185186 0.6019775601851852 0.05764576157407407 0.5967208981481482 0.059684474537037034 0.5961225046296297 0.06580061342592593 0.594327326388889 0.0660349375 0.5933123587962963 0.06673790972222222 0.5902674513888889 0.06563649305555555 0.5868059699074074 0.06406642824074074 0.5853744236111111 0.05598178009259259 0.5792316689814815 0.054177391203703705 0.5788150925925927 0.037703564814814815 0.5760808773148148 0.03566485185185185 0.5766792708333334 0.022963925925925926 0.5822995648148148 0.02272960185185185 0.5833145324074075 0.021323657407407406 0.5894043472222222
3 0.007545030092592593 0.6161571689814814 0.0073107060185185185 0.6171721388888889 0.0066077337962962964 0.6202170439814815 0.008177798611111111 0.6216485902777777 0.01626244675925926 0.6277913449074075 0.018066835648148146 0.6282079212962963 0.03634505092592593 0.631358712962963 0.038383763888888894 0.6307603194444444 0.04700726388888889 0.6263368101851852 0.04724158796296297 0.6253218425925925 0.049116180555555555 0.6172020902777778 0.044874631944444444 0.6108775185185186 0.04307024305555556 0.6104609421296296 0.03812572453703704 0.6071812777777778 0.03632133564814815 0.6067647013888888 0.03067384490740741 0.6065299421296296 0.028635131944444444 0.6071283356481482 0.024956150462962963 0.6148315092592592 0.0229174375 0.6154299027777778 0.007545030092592593 0.6161571689814814
3 0 0.5951720601851852 0.0009365277777777778 0.595388275462963 0.018746094907407404 0.6005690023148148 0.020784807870370372 0.599970611111111 0.025330881944444442 0.5967438865740741 0.019753592592592593 0.587972800925926 0.019987916666666664 0.5869578333333334 0.021628185185185184 0.579853050925926 0.019823796296296294 0.5794364745370371 0.008997462962962962 0.5769370185185185 0.0069587500000000005 0.5775354120370371 0 0.5778646296296296 0 0.5908590671296297 0.00006943518518518518 0.590911824074074 0 0.5909322037037037 0 0.5951720601851852
3 0.23175603240740741 0.5011459398148148 0.2319903564814815 0.5001309722222222 0.23269332870370368 0.4970860648148148 0.2232729398148148 0.48849679629629633 0.22146855092592593 0.4880802199074074 0.2137823449074074 0.4884438541666667 0.21354802083333335 0.48945882175925925 0.2139464675925926 0.49596521064814814 0.21551653240740742 0.4973967569444444 0.2222654398148148 0.5010929976851851 0.2240698287037037 0.5015095740740741 0.23175603240740741 0.5011459398148148
3 0.2572755185185185 0.5305570462962963 0.25931423148148147 0.5299586550925925 0.2636259814814815 0.5277469004629629 0.26386030555555556 0.5267319305555556 0.26479760185185186 0.5226720555555556 0.2585173402777778 0.5169458773148148 0.2567129513888889 0.516529300925926 0.2515341087962963 0.5142646041666666 0.24949539583333333 0.5148629953703704 0.24134054398148147 0.5172565671296296 0.2411062199074074 0.518271537037037 0.24307472916666667 0.5262094699074075 0.24464479398148148 0.527641013888889 0.2572755185185185 0.5305570462962963
3 0.22299212731481483 0.5226421018518518 0.2247965162037037 0.5230586782407408 0.2333498125 0.5271714953703704 0.23538852546296296 0.5265731041666667 0.23742723842592592 0.5259747106481482 0.23766156249999998 0.5249597407407408 0.2395361550925926 0.5168399907407407 0.23639602546296296 0.513976900462963 0.23459163657407409 0.5135603263888888 0.2291784675925926 0.5123105972222222 0.22713975462962963 0.5129089907407407 0.22125793981481484 0.5136891990740741 0.22102361574074075 0.5147041689814815 0.21875057870370368 0.5163175300925926 0.22032064351851852 0.5177490740740741 0.22299212731481483 0.5226421018518518
3 0.21530592361111112 0.5230057361111111 0.21734463657407407 0.5224073425925926 0.21985199768518518 0.519779011574074 0.21764916203703705 0.5128560486111111 0.21584477314814812 0.5124394722222222 0.2109002546296296 0.5091598055555555 0.20909586574074074 0.5087432291666667 0.20117533796296297 0.5101218333333334 0.20094101388888888 0.511136800925926 0.20087081018518518 0.5196731273148149 0.20267519907407405 0.5200897037037037 0.21530592361111112 0.5230057361111111
3 0.15674581018518519 0.5543868726851852 0.15878452314814814 0.5537884814814815 0.16239330092592594 0.5546216319444445 0.1644320138888889 0.5540232407407407 0.16740802314814815 0.5493649722222222 0.16316647685185184 0.543040400462963 0.16136208796296295 0.5426238240740741 0.15437885648148147 0.5399425509259259 0.15234014351851852 0.5405409444444444 0.14669265277777777 0.5403061851851851 0.1464583287037037 0.5413211527777778 0.1448180601851852 0.5484259351851852 0.14638812499999998 0.5498574791666667 0.15674581018518519 0.5543868726851852
3 0.14198245601851853 0.536011550925926 0.14378684490740742 0.536428125 0.15437885648148147 0.5399425509259259 0.15641756944444443 0.5393441574074074 0.1611979675925926 0.5351024652777778 0.15695641898148147 0.5287778935185186 0.1551520300925926 0.5283613171296296 0.14973886342592593 0.5271115902777778 0.14770015046296298 0.5277099814814815 0.13977962268518518 0.5290885856481482 0.13954529861111112 0.5301035532407408 0.13907665046296297 0.5321334907407407 0.14064671527777778 0.5335650370370371 0.14198245601851853 0.536011550925926
3 0.6903042245370371 0.5236229236111112 0.690069900462963 0.5246378912037037 0.6870938912037038 0.5292961597222222 0.6886639560185186 0.5307277060185185 0.6879609837962962 0.5337726111111111 0.6895310486111111 0.5352041550925926 0.6948740138888888 0.5449902106481481 0.6966784027777778 0.545406787037037 0.707036087962963 0.5499361805555556 0.7090748009259259 0.549337787037037 0.7144879675925926 0.5505875162037037 0.7165266805555556 0.5499891226851852 0.7262515972222222 0.5490270972222222 0.7264859212962963 0.5480121273148149 0.7315708472222222 0.5342191412037037 0.7255249120370371 0.5274779930555555 0.7237205231481482 0.5270614166666666 0.7135971597222223 0.5215170532407407 0.7117927708333334 0.5211004768518519 0.7025365023148148 0.5200325671296296 0.7004977893518519 0.5206309583333334 0.694615974537037 0.5214111689814815 0.694381650462963 0.522426136574074 0.6903042245370371 0.5236229236111112
3 0.6870474027777779 0.5624264976851852 0.6868130787037038 0.5634414652777777 0.6905859768518519 0.5717959768518518 0.6921560416666667 0.5732275208333333 0.6982019791666666 0.5799686689814815 0.6979676550925925 0.5809836388888888 0.6983660995370371 0.5874900277777778 0.700170488425926 0.5879066018518518 0.7055836550925926 0.5891563310185185 0.7058179791666667 0.5881413611111111 0.7098954050925926 0.5869445763888889 0.7116997939814815 0.5873611527777778 0.7225261296296296 0.5898606087962963 0.7245648425925927 0.5892622152777778 0.7282438217592593 0.5815590416666667 0.7176518125 0.5780446157407407 0.7160817476851852 0.5766130717592592 0.7154489791666667 0.5711216504629629 0.7138789143518518 0.5696901064814814 0.706028587962963 0.5625323819444444 0.7042241990740741 0.5621158055555555 0.6952022546296297 0.5600329259259259 0.6931635416666666 0.5606313194444444 0.6870474027777779 0.5624264976851852
1 0.6699074189814815 0.5033055740740741 0.6531921574074074 0.494208125 0.6066394837962963 0.5328514791666666 0.5901939282407407 0.5431664050925926 0.5760588842592592 0.5500592060185185 0.5518755162037037 0.5560219583333333 0.5379279282407408 0.5621027847222222 0.5155535046296296 0.5569372430555556 0.43874734490740736 0.5290490092592592 0.4384661574074074 0.5302669699074074 0.42343849537037037 0.5550209259259259 0.48843643981481477 0.578900136574074 0.5465636643518518 0.6029036249999999 0.6296010347222222 0.6507253032407407 0.6572523981481482 0.6297410138888888 0.5922144236111111 0.5887474907407407 0.5903185810185185 0.5829644675925926 0.6699074189814815 0.5033055740740741
1 0.5810446574074074 0.677467050925926 0.5527323518518519 0.6881426134259259 0.5650421342592592 0.6998578055555555 0.613256511574074 0.6844761157407407 0.670933400462963 0.6725618981481482 0.7113494375 0.6876656365740741 0.7379982314814816 0.7006600231481482 0.7548256319444445 0.6796356782407408 0.6898275949074074 0.6475246319444444 0.6145420763888888 0.6023478634259258 0.5869399490740741 0.6255885601851852 0.6361343101851852 0.6504162152777778 0.6359890648148148 0.6543382291666666 0.6155856180555556 0.6678018564814815 0.5810446574074074 0.677467050925926