2 0.6799999999999999 0.1087037037037037 0.668125 0.13722222222222222 0.6717708333333333 0.1474074074074074 0.669375 0.15833333333333335 0.6586458333333334 0.17222222222222225 0.6545833333333333 0.2714814814814815 0.6554166666666666 0.2853703703703704 0.666875 0.3414814814814815 0.6751041666666666 0.5151851851851852 0.6742708333333334 0.725925925925926 0.6767708333333333 0.7368518518518519 0.693125 0.7712962962962963 0.7083333333333334 0.817962962962963 0.7042708333333333 0.4727777777777778 0.6915625 0.3516666666666666 0.6816666666666668 0.1962962962962963 0.6898958333333334 0.1 0.6915625 0.09925925925925927 0.6825 0.09851851851851852 0.6799999999999999 0.1087037037037037
2 0.0509375 0.15222222222222223 0.0509375 0.20203703703703704 0.033854166666666664 0.26796296296296296 0.03291666666666667 0.28574074074074074 0.043125 0.2798148148148148 0.04114583333333333 0.25666666666666665 0.0609375 0.24092592592592593 0.07708333333333332 0.14462962962962964 0.10479166666666667 0.046296296296296294 0.10270833333333333 0.04425925925925926 0.08635416666666666 0.03666666666666667 0.0509375 0.15222222222222223
2 0.4978125 0.6842592592592593 0.5532291666666667 0.8255555555555555 0.5596875 0.8164814814814816 0.4736458333333334 0.6074074074074074 0.47229166666666667 0.6068518518518519 0.46708333333333335 0.6116666666666667 0.4978125 0.6842592592592593
2 0.6607282060185186 1 0.6939583333333333 0.8816666666666667 0.6908333333333333 0.8796296296296297 0.6703125 0.8518518518518519 0.6321875 0.9942592592592592 0.6523134699074075 1 0.6607282060185186 1
2 0.4009270833333333 0.4756111111111111 0.41653124999999996 0.5082777777777777 0.42341666666666666 0.5031851851851852 0.40925 0.47170370370370374 0.40217708333333335 0.4451666666666667 0.39795833333333336 0.4235555555555556 0.39059375 0.3936111111111111 0.38321875 0.3917407407407407 0.3964270833333333 0.45179629629629625 0.4009270833333333 0.4756111111111111
3 0.8020833333333334 0.3148148148148148 0.8010416666666667 0.3166666666666667 0.7864583333333334 0.3351851851851852 0.7854166666666667 0.337037037037037 0.775 0.3611111111111111 0.775 0.362962962962963 0.7666666666666666 0.40925925925925927 0.7666666666666666 0.4111111111111111 0.7666666666666666 0.42592592592592593 0.7677083333333333 0.4277777777777778 0.7677083333333333 0.4351851851851852 0.76875 0.43703703703703706 0.7708333333333334 0.4462962962962963 0.771875 0.44814814814814813 0.7864583333333334 0.4740740740740741 0.7875 0.4740740740740741 0.7989583333333333 0.47962962962962963 0.8 0.47962962962962963 0.8145833333333333 0.47962962962962963 0.815625 0.4777777777777778 0.8270833333333334 0.4740740740740741 0.828125 0.4740740740740741 0.8541666666666666 0.4777777777777778 0.8552083333333333 0.4759259259259259 0.859375 0.4740740740740741 0.8604166666666666 0.4722222222222222 0.8645833333333334 0.46481481481481485 0.8645833333333334 0.46296296296296297 0.8697916666666666 0.4462962962962963 0.8697916666666666 0.4444444444444444 0.8729166666666667 0.3907407407407408 0.871875 0.3888888888888889 0.8677083333333334 0.35370370370370374 0.8666666666666666 0.35185185185185186 0.8614583333333333 0.3333333333333333 0.8604166666666666 0.33148148148148143 0.8520833333333334 0.3148148148148148 0.8510416666666666 0.3148148148148148 0.8458333333333333 0.30925925925925923 0.8447916666666666 0.30925925925925923 0.8322916666666667 0.3037037037037037 0.83125 0.3037037037037037 0.8239583333333333 0.3037037037037037 0.8125 0.3074074074074074 0.8114583333333334 0.30925925925925923 0.8020833333333334 0.3148148148148148
3 0.8010416666666667 0.49259259259259264 0.8 0.4944444444444444 0.7854166666666667 0.5166666666666666 0.7854166666666667 0.5185185185185185 0.7791666666666667 0.5351851851851852 0.7791666666666667 0.5370370370370371 0.7760416666666666 0.5555555555555556 0.7760416666666666 0.5574074074074075 0.7760416666666666 0.5851851851851853 0.7770833333333333 0.587037037037037 0.778125 0.5962962962962963 0.7791666666666667 0.5981481481481481 0.7875 0.6203703703703703 0.7885416666666666 0.6222222222222222 0.8072916666666666 0.6518518518518519 0.8083333333333333 0.6518518518518519 0.8208333333333334 0.6592592592592593 0.821875 0.6592592592592593 0.8375 0.6611111111111112 0.8385416666666666 0.6592592592592593 0.8645833333333334 0.65 0.865625 0.6481481481481481 0.875 0.6388888888888888 0.8760416666666666 0.637037037037037 0.8822916666666666 0.6259259259259259 0.8822916666666666 0.6240740740740741 0.8875 0.6092592592592593 0.8875 0.6074074074074074 0.8885416666666667 0.5796296296296296 0.8875 0.5777777777777777 0.88125 0.5388888888888889 0.8802083333333334 0.5370370370370371 0.8729166666666667 0.5148148148148148 0.871875 0.512962962962963 0.8625 0.4962962962962963 0.8614583333333333 0.4962962962962963 0.853125 0.48518518518518516 0.8520833333333334 0.48518518518518516 0.8427083333333334 0.4777777777777778 0.8416666666666667 0.4777777777777778 0.8229166666666666 0.4777777777777778 0.8083333333333333 0.48518518518518516 0.8072916666666666 0.48703703703703705 0.8010416666666667 0.49259259259259264
3 0.828125 0.674074074074074 0.8270833333333334 0.6759259259259259 0.8197916666666666 0.6907407407407407 0.8197916666666666 0.6925925925925925 0.8145833333333333 0.7074074074074075 0.8145833333333333 0.7092592592592593 0.8114583333333334 0.7277777777777777 0.8114583333333334 0.7296296296296296 0.8114583333333334 0.7555555555555555 0.8125 0.7574074074074074 0.8125 0.7666666666666666 0.8135416666666666 0.7685185185185185 0.8166666666666667 0.7870370370370371 0.8177083333333334 0.7888888888888889 0.828125 0.8129629629629629 0.8291666666666666 0.8129629629629629 0.8541666666666666 0.8425925925925926 0.8552083333333333 0.8425925925925926 0.8729166666666667 0.8537037037037037 0.8739583333333334 0.8537037037037037 0.88125 0.8537037037037037 0.8822916666666666 0.8518518518518519 0.9 0.8462962962962963 0.9010416666666666 0.8444444444444444 0.9135416666666666 0.8129629629629629 0.9145833333333334 0.811111111111111 0.9260416666666667 0.7907407407407407 0.9260416666666667 0.7888888888888889 0.9229166666666666 0.7722222222222223 0.921875 0.7703703703703704 0.91875 0.7648148148148147 0.91875 0.7629629629629631 0.91875 0.7611111111111112 0.9197916666666667 0.7592592592592593 0.928125 0.7703703703703704 0.9291666666666666 0.7703703703703704 0.9322916666666666 0.7722222222222223 0.9333333333333333 0.7703703703703704 0.9354166666666667 0.7685185185185185 0.9354166666666667 0.7666666666666666 0.934375 0.7481481481481481 0.9333333333333333 0.7462962962962962 0.921875 0.7092592592592593 0.9208333333333334 0.7074074074074075 0.90625 0.6851851851851852 0.9052083333333334 0.6851851851851852 0.8833333333333334 0.6629629629629629 0.8822916666666666 0.6629629629629629 0.8739583333333334 0.6574074074074074 0.8729166666666667 0.6574074074074074 0.8583333333333334 0.6574074074074074 0.8354166666666666 0.6666666666666666 0.834375 0.6685185185185185 0.828125 0.674074074074074
3 0.909375 0.8296296296296296 0.909375 0.8314814814814815 0.9041666666666667 0.8537037037037037 0.903125 0.8555555555555556 0.8979166666666666 0.862962962962963 0.8979166666666666 0.8648148148148148 0.8979166666666666 0.8685185185185185 0.8989583333333334 0.8703703703703703 0.9197916666666667 0.924074074074074 0.9208333333333334 0.9259259259259259 0.9322916666666666 0.9444444444444444 0.9333333333333333 0.9444444444444444 0.9447916666666666 0.9574074074074075 0.9458333333333334 0.9574074074074075 0.9666666666666667 0.9722222222222222 0.9677083333333334 0.9722222222222222 0.98125 0.9740740740740741 0.9822916666666667 0.9722222222222222 0.9989583333333334 0.9703703703703703 0.9989583333333334 0.9685185185185184 0.9989583333333334 0.7814814814814816 0.9979166666666667 0.7814814814814816 0.9927083333333334 0.7777777777777778 0.9916666666666666 0.7777777777777778 0.9635416666666666 0.7777777777777778 0.9208333333333334 0.8055555555555556 0.9197916666666667 0.8074074074074075 0.909375 0.8296296296296296
3 0.042708333333333334 0.26481481481481484 0.042708333333333334 0.26666666666666666 0.041666666666666664 0.2759259259259259 0.042708333333333334 0.2777777777777778 0.04375 0.2833333333333333 0.04479166666666667 0.2833333333333333 0.07395833333333333 0.2796296296296296 0.075 0.28148148148148144 0.0875 0.28703703703703703 0.08854166666666667 0.2851851851851852 0.08854166666666667 0.2833333333333333 0.08645833333333333 0.26481481481481484 0.08541666666666667 0.26296296296296295 0.07708333333333332 0.24629629629629632 0.07604166666666667 0.24629629629629632 0.06874999999999999 0.24074074074074073 0.06770833333333333 0.24074074074074073 0.059375 0.24074074074074073 0.05 0.24814814814814815 0.04895833333333333 0.25 0.042708333333333334 0.26481481481481484
3 0.06458333333333333 0.20925925925925928 0.06458333333333333 0.2111111111111111 0.06354166666666666 0.22592592592592592 0.06458333333333333 0.2277777777777778 0.065625 0.23333333333333334 0.06666666666666667 0.23333333333333334 0.06979166666666667 0.2388888888888889 0.07083333333333333 0.2388888888888889 0.07916666666666668 0.24629629629629632 0.08020833333333333 0.24814814814814815 0.08333333333333333 0.2537037037037037 0.084375 0.2537037037037037 0.096875 0.25 0.09791666666666667 0.2518518518518518 0.10625 0.2537037037037037 0.10729166666666667 0.2518518518518518 0.11041666666666668 0.24259259259259258 0.11041666666666668 0.24074074074074073 0.11041666666666668 0.23148148148148148 0.109375 0.22962962962962963 0.10729166666666667 0.21851851851851853 0.10625 0.21666666666666665 0.1 0.20185185185185187 0.09895833333333333 0.2 0.09166666666666667 0.18888888888888888 0.090625 0.18888888888888888 0.08645833333333333 0.18518518518518517 0.08541666666666667 0.18518518518518517 0.07916666666666668 0.18518518518518517 0.06979166666666667 0.19444444444444445 0.06874999999999999 0.1962962962962963 0.06458333333333333 0.20925925925925928
3 0.11354166666666667 0.2518518518518518 0.11458333333333333 0.2537037037037037 0.11875 0.2796296296296296 0.11979166666666667 0.28148148148148144 0.12708333333333333 0.2833333333333333 0.12812500000000002 0.28148148148148144 0.13125 0.28148148148148144 0.13229166666666667 0.2796296296296296 0.13749999999999998 0.2740740740740741 0.13749999999999998 0.2722222222222222 0.140625 0.25925925925925924 0.140625 0.2574074074074074 0.140625 0.24444444444444444 0.13958333333333334 0.24259259259259258 0.13541666666666666 0.2277777777777778 0.134375 0.22592592592592592 0.13020833333333334 0.22037037037037038 0.12916666666666665 0.22037037037037038 0.12083333333333333 0.21851851851851853 0.11354166666666667 0.2277777777777778 0.11354166666666667 0.22962962962962963 0.11354166666666667 0.2518518518518518
3 0.08125 0.862962962962963 0.08125 0.8648148148148148 0.07916666666666668 0.8703703703703703 0.07916666666666668 0.8722222222222222 0.07916666666666668 0.8851851851851852 0.08020833333333333 0.887037037037037 0.08125 0.8888888888888888 0.08229166666666667 0.8888888888888888 0.10104166666666667 0.8907407407407407 0.10208333333333333 0.8888888888888888 0.10416666666666667 0.887037037037037 0.10416666666666667 0.8851851851851852 0.10520833333333333 0.8703703703703703 0.10416666666666667 0.8685185185185185 0.10208333333333333 0.8592592592592593 0.10104166666666667 0.8574074074074074 0.09479166666666668 0.8518518518518519 0.08645833333333333 0.8555555555555556 0.08541666666666667 0.8574074074074074 0.08125 0.862962962962963
3 0.10625 0.8703703703703703 0.10729166666666667 0.8722222222222222 0.10729166666666667 0.8777777777777778 0.10833333333333332 0.8796296296296297 0.11041666666666668 0.887037037037037 0.11145833333333333 0.887037037037037 0.11666666666666667 0.887037037037037 0.11770833333333333 0.8851851851851852 0.125 0.8759259259259259 0.125 0.8740740740740741 0.12604166666666666 0.8648148148148148 0.125 0.862962962962963 0.12083333333333333 0.8555555555555556 0.11979166666666667 0.8555555555555556 0.11354166666666667 0.8537037037037037 0.10833333333333332 0.8592592592592593 0.10833333333333332 0.8611111111111112 0.10625 0.8703703703703703
3 0.07604166666666667 0.9111111111111112 0.07604166666666667 0.9129629629629629 0.075 0.9185185185185185 0.07604166666666667 0.9203703703703704 0.07604166666666667 0.9259259259259259 0.07708333333333332 0.9277777777777778 0.078125 0.9296296296296297 0.07916666666666668 0.9296296296296297 0.08333333333333333 0.9333333333333333 0.084375 0.9333333333333333 0.08854166666666667 0.9333333333333333 0.08958333333333333 0.9314814814814815 0.09479166666666668 0.9296296296296297 0.09583333333333333 0.9277777777777778 0.1 0.9203703703703704 0.1 0.9185185185185185 0.1 0.9129629629629629 0.09895833333333333 0.9111111111111112 0.09479166666666668 0.9037037037037037 0.09375 0.9037037037037037 0.08229166666666667 0.9018518518518519 0.07916666666666668 0.9037037037037037 0.078125 0.9055555555555556 0.07604166666666667 0.9111111111111112
3 0.3010416666666667 0.25 0.3020833333333333 0.2518518518518518 0.303125 0.2555555555555556 0.3041666666666667 0.2555555555555556 0.31145833333333334 0.2555555555555556 0.31145833333333334 0.2537037037037037 0.31354166666666666 0.24814814814814815 0.31354166666666666 0.24629629629629632 0.3125 0.2388888888888889 0.31145833333333334 0.23703703703703705 0.3052083333333333 0.22962962962962963 0.3020833333333333 0.23703703703703705 0.3020833333333333 0.2388888888888889 0.3010416666666667 0.25
3 0.3020833333333333 0.28888888888888886 0.303125 0.28888888888888886 0.3125 0.28703703703703703 0.31354166666666666 0.2851851851851852 0.315625 0.2796296296296296 0.315625 0.2777777777777778 0.315625 0.26481481481481484 0.3145833333333333 0.26296296296296295 0.31145833333333334 0.25925925925925924 0.3104166666666667 0.25925925925925924 0.303125 0.25925925925925924 0.29791666666666666 0.28148148148148144 0.2989583333333333 0.2833333333333333 0.3020833333333333 0.28888888888888886
3 0.296875 0.30925925925925923 0.29791666666666666 0.3111111111111111 0.29791666666666666 0.3148148148148148 0.2989583333333333 0.3166666666666667 0.3020833333333333 0.32037037037037036 0.303125 0.32037037037037036 0.3083333333333333 0.32037037037037036 0.309375 0.3185185185185185 0.31354166666666666 0.31296296296296294 0.31354166666666666 0.3111111111111111 0.3145833333333333 0.30185185185185187 0.31354166666666666 0.3 0.309375 0.28888888888888886 0.3083333333333333 0.28888888888888886 0.3052083333333333 0.28888888888888886 0.2989583333333333 0.29444444444444445 0.2989583333333333 0.2962962962962963 0.296875 0.30925925925925923
3 0.4197916666666667 0.24259259259259258 0.42083333333333334 0.24444444444444444 0.43125 0.24259259259259258 0.4322916666666667 0.24074074074074073 0.4322916666666667 0.22407407407407406 0.43125 0.2222222222222222 0.4291666666666667 0.21851851851851853 0.428125 0.21851851851851853 0.42083333333333334 0.21851851851851853 0.4177083333333333 0.22592592592592592 0.4177083333333333 0.2277777777777778 0.4197916666666667 0.24259259259259258
3 0.4791666666666667 0.7296296296296296 0.4802083333333333 0.7314814814814815 0.48125 0.75 0.4822916666666667 0.7518518518518519 0.48541666666666666 0.7574074074074074 0.4864583333333333 0.7574074074074074 0.4875 0.7574074074074074 0.4885416666666667 0.7555555555555555 0.4958333333333333 0.7537037037037038 0.496875 0.7518518518518519 0.5020833333333333 0.7444444444444445 0.5020833333333333 0.7425925925925926 0.5031249999999999 0.7277777777777777 0.5020833333333333 0.725925925925926 0.5010416666666666 0.7166666666666667 0.5 0.7148148148148148 0.4979166666666667 0.7111111111111111 0.496875 0.7111111111111111 0.49375 0.7074074074074075 0.4927083333333333 0.7074074074074075 0.4864583333333333 0.7074074074074075 0.4802083333333333 0.7166666666666667 0.4802083333333333 0.7185185185185184 0.4791666666666667 0.7296296296296296
3 0.484375 0.7777777777777778 0.48541666666666666 0.7796296296296297 0.4864583333333333 0.7907407407407407 0.4875 0.7925925925925925 0.490625 0.8 0.4916666666666667 0.8 0.5010416666666666 0.8018518518518518 0.5020833333333333 0.8 0.50625 0.7925925925925925 0.50625 0.7907407407407407 0.5072916666666667 0.7777777777777778 0.50625 0.7759259259259259 0.5041666666666667 0.7629629629629631 0.5031249999999999 0.7611111111111112 0.496875 0.7555555555555555 0.48541666666666666 0.7629629629629631 0.48541666666666666 0.7648148148148147 0.484375 0.7777777777777778
3 0.4864583333333333 0.8129629629629629 0.4864583333333333 0.8148148148148148 0.48541666666666666 0.8407407407407407 0.4864583333333333 0.8425925925925926 0.49375 0.8537037037037037 0.4947916666666667 0.8537037037037037 0.5010416666666666 0.8537037037037037 0.5020833333333333 0.8518518518518519 0.5083333333333333 0.8407407407407407 0.5083333333333333 0.8388888888888888 0.5083333333333333 0.8222222222222222 0.5072916666666667 0.8203703703703703 0.5020833333333333 0.8037037037037037 0.5010416666666666 0.8037037037037037 0.49375 0.8037037037037037 0.4885416666666667 0.8074074074074075 0.4875 0.8092592592592593 0.4864583333333333 0.8129629629629629
3 0.4708333333333333 0.8611111111111112 0.4708333333333333 0.862962962962963 0.46875 0.8722222222222222 0.46875 0.8740740740740741 0.46979166666666666 0.8833333333333334 0.4708333333333333 0.8851851851851852 0.4760416666666667 0.8925925925925926 0.4770833333333333 0.8925925925925926 0.48541666666666666 0.8925925925925926 0.4864583333333333 0.8907407407407407 0.490625 0.8888888888888888 0.4916666666666667 0.887037037037037 0.496875 0.8722222222222222 0.496875 0.8703703703703703 0.4947916666666667 0.8574074074074074 0.49375 0.8574074074074074 0.4875 0.8462962962962963 0.4864583333333333 0.8462962962962963 0.48125 0.8444444444444444 0.475 0.85 0.475 0.8518518518518519 0.4708333333333333 0.8611111111111112
3 0.37395833333333334 0.48333333333333334 0.375 0.48518518518518516 0.384375 0.5018518518518519 0.3854166666666667 0.5018518518518519 0.3885416666666667 0.5055555555555555 0.38958333333333334 0.5055555555555555 0.3927083333333333 0.5055555555555555 0.39375 0.5037037037037037 0.3958333333333333 0.49259259259259264 0.3947916666666667 0.49074074074074076 0.3927083333333333 0.4777777777777778 0.39166666666666666 0.4759259259259259 0.3885416666666667 0.4722222222222222 0.3875 0.4722222222222222 0.38125 0.4722222222222222 0.375 0.4777777777777778 0.37395833333333334 0.47962962962962963 0.37395833333333334 0.48333333333333334
3 0.471875 0.49074074074074076 0.4729166666666667 0.49074074074074076 0.478125 0.49074074074074076 0.4791666666666667 0.4888888888888889 0.4822916666666667 0.48703703703703705 0.4822916666666667 0.48518518518518516 0.48541666666666666 0.47962962962962963 0.48541666666666666 0.4777777777777778 0.4864583333333333 0.46851851851851856 0.48541666666666666 0.4666666666666667 0.4822916666666667 0.4666666666666667 0.46979166666666666 0.48333333333333334 0.46979166666666666 0.48518518518518516 0.471875 0.49074074074074076
3 0.35 0.5833333333333334 0.3510416666666667 0.5851851851851853 0.3552083333333333 0.5907407407407407 0.35625 0.5907407407407407 0.365625 0.5888888888888889 0.3666666666666667 0.587037037037037 0.3708333333333333 0.575925925925926 0.3708333333333333 0.5740740740740741 0.3708333333333333 0.5685185185185185 0.3697916666666667 0.5666666666666667 0.3614583333333333 0.5592592592592592 0.36041666666666666 0.5592592592592592 0.3552083333333333 0.5592592592592592 0.35 0.5648148148148148 0.35 0.5666666666666667 0.35 0.5833333333333334
3 0.3541666666666667 0.5314814814814814 0.3541666666666667 0.5333333333333333 0.353125 0.5462962962962963 0.3541666666666667 0.5481481481481482 0.3572916666666667 0.5555555555555556 0.35833333333333334 0.5555555555555556 0.3645833333333333 0.5592592592592592 0.365625 0.5574074074074075 0.36875 0.5499999999999999 0.3677083333333333 0.5499999999999999 0.36041666666666666 0.5370370370370371 0.3614583333333333 0.5351851851851852 0.3635416666666667 0.5277777777777778 0.3645833333333333 0.5277777777777778 0.3697916666666667 0.5240740740740741 0.36875 0.5222222222222223 0.36041666666666666 0.5222222222222223 0.35625 0.5259259259259259 0.35625 0.5277777777777778 0.3541666666666667 0.5314814814814814
3 0.74375 0.8055555555555556 0.7447916666666666 0.8074074074074075 0.7479166666666667 0.811111111111111 0.7489583333333334 0.811111111111111 0.7541666666666667 0.811111111111111 0.7552083333333334 0.8092592592592593 0.7572916666666666 0.8055555555555556 0.7572916666666666 0.8037037037037037 0.7572916666666666 0.7981481481481482 0.75625 0.7962962962962963 0.7541666666666667 0.7888888888888889 0.753125 0.7888888888888889 0.75 0.7870370370370371 0.74375 0.7925925925925925 0.74375 0.7944444444444444 0.74375 0.8055555555555556
3 0.74375 0.8333333333333334 0.7447916666666666 0.8351851851851853 0.7479166666666667 0.8407407407407407 0.7489583333333334 0.8407407407407407 0.75 0.8407407407407407 0.7510416666666666 0.8388888888888888 0.75625 0.8314814814814815 0.75625 0.8296296296296296 0.75625 0.8203703703703703 0.7552083333333334 0.8185185185185185 0.75 0.8129629629629629 0.7489583333333334 0.8129629629629629 0.7458333333333333 0.8129629629629629 0.7427083333333334 0.8222222222222222 0.7427083333333334 0.8240740740740741 0.74375 0.8333333333333334
3 0.7395833333333334 0.8333333333333334 0.740625 0.8333333333333334 0.7427083333333334 0.8351851851851853 0.7427083333333334 0.8333333333333334 0.7427083333333334 0.8185185185185185 0.74375 0.8166666666666667 0.7447916666666666 0.8148148148148148 0.7447916666666666 0.8129629629629629 0.74375 0.8092592592592593 0.7427083333333334 0.8074074074074075 0.734375 0.8055555555555556 0.7322916666666667 0.8203703703703703 0.7333333333333334 0.8222222222222222 0.7395833333333334 0.8333333333333334
3 0.753125 0.8574074074074074 0.7541666666666667 0.8592592592592593 0.7552083333333334 0.8611111111111112 0.75625 0.8611111111111112 0.765625 0.8518518518518519 0.765625 0.85 0.7666666666666666 0.8425925925925926 0.765625 0.8407407407407407 0.7625 0.8351851851851853 0.7614583333333333 0.8351851851851853 0.75625 0.8333333333333334 0.7510416666666666 0.8407407407407407 0.7510416666666666 0.8425925925925926 0.753125 0.8574074074074074
1 0.6953125 0.39296296296296296 0.6932291666666667 0.3787037037037037 0.6980208333333334 0.3701851851851852 0.7002083333333333 0.36018518518518516 0.7 0.35685185185185186 0.6909375 0.34425925925925926 0.688125 0.32462962962962966 0.6827083333333334 0.2424074074074074 0.6838541666666667 0.15888888888888889 0.6716666666666667 0.1562962962962963 0.6576041666666667 0.17814814814814814 0.65375 0.2646296296296296 0.6447916666666667 0.27370370370370367 0.599375 0.2885185185185185 0.5715625 0.29333333333333333 0.5694791666666666 0.31777777777777777 0.6145833333333334 0.305 0.6334375 0.305 0.6486458333333333 0.30870370370370376 0.65375 0.3151851851851852 0.659375 0.3311111111111111 0.6698958333333332 0.40166666666666667 0.6706249999999999 0.4027777777777778 0.67125 0.4046296296296297 0.6953125 0.39296296296296296
0 0.7016666666666667 0.5014814814814814 0.7033333333333333 0.43722222222222223 0.7226041666666667 0.382037037037037 0.7426041666666667 0.36777777777777776 0.7633333333333333 0.36277777777777775 0.7772916666666667 0.36277777777777775 0.7869791666666667 0.33148148148148143 0.7588541666666666 0.34074074074074073 0.7484375 0.33925925925925926 0.7333333333333334 0.3490740740740741 0.7194791666666667 0.35370370370370374 0.7113541666666667 0.3653703703703704 0.6921875 0.3485185185185185 0.6870833333333333 0.31222222222222223 0.6594791666666666 0.33907407407407403 0.6691666666666666 0.3940740740740741 0.6757291666666667 0.507962962962963 0.6841666666666667 0.5038888888888889 0.7016666666666667 0.5014814814814814
1 0.06958333333333333 0.19666666666666666 0.0828125 0.11907407407407407 0.06406250000000001 0.11407407407407408 0.0546875 0.14703703703703705 0.007083333333333334 0.11611111111111111 0.0038541666666666668 0.12277777777777778 0.044270833333333336 0.15185185185185185 0.05375 0.1638888888888889 0.0540625 0.18555555555555556 0.04864583333333333 0.21314814814814814 0.049166666666666664 0.21407407407407408 0.06447916666666667 0.20962962962962964 0.06958333333333333 0.19666666666666666
1 0.40197916666666667 0.4346296296296296 0.4038541666666667 0.4298148148148148 0.42166666666666663 0.4098148148148148 0.4195833333333333 0.40648148148148144 0.40291666666666665 0.42462962962962963 0.399375 0.42537037037037034 0.39770833333333333 0.4237037037037037 0.39364583333333336 0.405 0.38729166666666665 0.40944444444444444 0.39781249999999996 0.46166666666666667 0.40427083333333336 0.46092592592592596 0.40541666666666665 0.46055555555555555 0.4013541666666666 0.44203703703703706 0.40197916666666667 0.4346296296296296
0 0.146875 0.8342592592592593 0.1459375 0.8131481481481481 0.13729166666666667 0.8159259259259259 0.13697916666666665 0.8329629629629629 0.12041666666666667 0.8401851851851851 0.10843749999999999 0.8512962962962963 0.10604166666666667 0.8572222222222222 0.10802083333333333 0.8631481481481481 0.12333333333333334 0.8416666666666667 0.1325 0.8396296296296297 0.13749999999999998 0.8440740740740741 0.143125 0.8698148148148148 0.143125 0.8687037037037036 0.15135416666666668 0.8635185185185186 0.146875 0.8342592592592593