2 0.630671150462963 0.33389474537037034 0.48804365046296294 0.2842349050925926 0.33318344212962964 0.25706543287037037 0.16698209027777777 0.20492787962962963 0.03399959490740741 0.1503115648148148 0.029774902777777775 0.19050682407407407 0.15385560185185185 0.23769361574074074 0.37777487962962963 0.3022867361111111 0.5152913078703704 0.32616693518518514 0.6910284837962963 0.3956462523148148 0.8492965185185185 0.4736587939814815 0.9890908819444445 0.5750768634259259 0.9899681805555555 0.5755880324074074 0.9977514976851851 0.5475969583333333 0.9992614398148149 0.5332308171296296 0.9249906851851852 0.48161457175925926 0.8852284444444444 0.4418236412037037 0.8331899398148148 0.42493746527777776 0.630671150462963 0.33389474537037034
2 0.7532493310185185 0.8506845162037037 0.6259712291666667 0.888839349537037 0.6264257476851852 0.8898297847222223 0.6389773611111111 0.8997377291666666 0.7225105787037037 0.8756289236111111 0.8411472708333334 0.8293387523148148 0.9154865648148148 0.7970365370370371 0.9757600231481481 0.7568318611111111 0.9765244444444444 0.7495588865740741 0.9747767314814815 0.7449277546296296 0.9178891712962963 0.7812637708333333 0.8329622430555556 0.8186328680555556 0.7532493310185185 0.8506845162037037
2 0.5764114421296296 0.006848131944444445 0.5207691736111111 0.002989962962962963 0.7180795902777777 0.15067354398148147 0.7274169236111111 0.15395922685185184 0.7787868703703703 0.16480493055555556 0.7938941689814816 0.17697155555555555 0.8043191157407408 0.1929404050925926 0.8202131712962962 0.19230664814814813 0.8242369212962963 0.1841408449074074 0.5962191388888889 0.022127300925925925 0.5932453310185186 0.0114454375 0.5764114421296296 0.006848131944444445
2 0.6156176828703704 0.6950287268518518 0.5078713425925926 0.7581745856481482 0.5113905 0.7618961597222222 0.5239557986111111 0.7663590393518519 0.5633151157407407 0.7479766736111111 0.6312883796296297 0.7071498287037037 0.6595865648148148 0.6877096319444443 0.6909223171296296 0.6606284212962963 0.6607382314814815 0.6608076412037037 0.6544717685185185 0.6690519467592593 0.6156176828703704 0.6950287268518518
2 0.9266221319444445 0.5316424976851851 0.8934175995370371 0.5481579837962963 0.8405721296296297 0.5619806851851852 0.7653219375 0.5958630092592593 0.6726268796296296 0.6539921736111111 0.6782400416666667 0.6519636296296296 0.7052596273148148 0.6535466180555555 0.7276180000000001 0.6392428472222222 0.7315337986111111 0.6303325138888889 0.7426440740740742 0.6202930231481482 0.7646493611111111 0.6182067731481482 0.8048561064814814 0.5953048981481481 0.9426829467592592 0.5435951203703704 0.9266221319444445 0.5316424976851851
2 0.3754727986111111 0.7263483217592592 0.3812673356481482 0.7296806041666666 0.4970413148148148 0.7088556990740741 0.6305214814814816 0.6612976481481482 0.6648481574074074 0.6535935601851852 0.6735187962962963 0.6472777893518519 0.6340589814814814 0.6506717083333333 0.3756905671296296 0.7242764027777778 0.3754727986111111 0.7263483217592592
3 0.5443407384259259 0.2375722615740741 0.5461824444444444 0.23776583333333332 0.5756497615740741 0.24086297453703706 0.5776003518518519 0.24002058333333331 0.6116221527777778 0.23521718518518517 0.6135727430555555 0.23437479398148148 0.6310191782407407 0.2278292546296296 0.6311280625 0.2267932939814815 0.6392570787037037 0.2203158564814815 0.6412076689814815 0.2194734675925926 0.6508517407407408 0.21629748148148148 0.650960625 0.21526152083333333 0.6544449050925926 0.1821107916666667 0.6527120833333333 0.18088125925925927 0.6364726875000001 0.1582263425925926 0.6347398634259259 0.1569968101851852 0.6190355694444444 0.14696698611111111 0.6171938611111111 0.14677341435185184 0.6030046226851852 0.1400450439814815 0.6011629166666667 0.13985147222222222 0.5903304398148148 0.136618125 0.5884887337962963 0.13642455324074074 0.5607542407407408 0.13455694444444444 0.558803650462963 0.13539933564814816 0.5324753310185185 0.13786913888888888 0.530524738425926 0.1387115277777778 0.5150288935185185 0.14441468055555554 0.5149200115740741 0.1454506412037037 0.5031075810185185 0.1515409351851852 0.5029986967592592 0.15257689583333334 0.4948696805555556 0.15905433333333333 0.4947607986111111 0.16009029398148147 0.488146837962963 0.16986918287037037 0.4880379537037037 0.17090514351851852 0.4862958125 0.18748050694444446 0.48921704166666663 0.19511937268518517 0.4909498634259259 0.1963489050925926 0.4990695625 0.20767636342592594 0.5008023842592593 0.20890589583333335 0.5124966134259259 0.22165645601851852 0.5142294375 0.22288598842592594 0.5263592013888889 0.23149270833333335 0.5282009074074074 0.23168628009259257 0.5443407384259259 0.2375722615740741
3 0.6592515023148148 0.3135415416666667 0.6612020925925925 0.3126991527777778 0.6786485277777778 0.3061536111111111 0.6787574120370371 0.30511765277777775 0.6911142615740741 0.29384755555555553 0.6912231435185185 0.2928115949074074 0.6949158773148149 0.2753938402777778 0.6931830532407408 0.27416431018518517 0.6873405972222222 0.2588865810185185 0.685607775462963 0.2576570486111111 0.6806270717592592 0.2518965324074074 0.6787853634259259 0.25170296296296296 0.6683884236111112 0.24432577314814813 0.6665467175925925 0.2441322013888889 0.6487829467592592 0.23598072685185187 0.6469412407407407 0.2357871574074074 0.6267913449074074 0.23262191203703703 0.6248407546296296 0.23346430092592593 0.603819787037037 0.23858674074074074 0.6019780810185185 0.2383931689814815 0.5773825833333333 0.24209250462962964 0.5772736990740741 0.2431284652777778 0.5567878356481482 0.260876 0.5566789513888889 0.26191195833333336 0.5534217546296296 0.2751858726851852 0.5594819768518519 0.28839168055555553 0.5612148009259259 0.28962121296296295 0.580166974537037 0.3041820185185185 0.5820086828703703 0.3043755902777778 0.6033469814814815 0.3139501666666667 0.6051886898148148 0.3141437384259259 0.6309725902777777 0.31685373611111106 0.6329231805555556 0.3160113472222222 0.6592515023148148 0.3135415416666667
3 0.8023602453703703 0.33381990046296295 0.8043108356481482 0.33297751157407407 0.8263117569444445 0.31853142824074077 0.8264206412037036 0.3174954699074074 0.8375890856481482 0.29981603935185186 0.8376979675925925 0.2987800787037037 0.8375984027777778 0.2820111435185185 0.8358655787037037 0.2807816111111111 0.8328354675925925 0.2741787083333333 0.8311026435185185 0.27294917592592594 0.8260130578703704 0.26822462037037037 0.824171349537037 0.2680310486111111 0.8046747569444443 0.25865004398148145 0.8028330509259258 0.25845647222222223 0.7718506805555556 0.25205788194444445 0.7699000879629629 0.25290027083333333 0.7512652476851852 0.25303647916666666 0.7493146574074074 0.25387886805555554 0.7302442824074075 0.2581589166666667 0.7282936921296297 0.25900130555555556 0.7145306712962963 0.26593399074074076 0.714421787037037 0.26696994907407406 0.7001143472222222 0.2790824351851852 0.700005462962963 0.2801183958333333 0.6965304976851853 0.29546422916666665 0.704214662037037 0.3109355300925926 0.7059474837962963 0.3121650601851852 0.723057951388889 0.32653229629629626 0.7248996574074075 0.3267258680555556 0.7481885486111111 0.3354580555555555 0.7500302569444445 0.33565162731481485 0.777655863425926 0.33855519675925927 0.7796064560185185 0.33771280787037034 0.8023602453703703 0.33381990046296295
3 0.7143222199074074 0.2502010138888889 0.7161639282407407 0.25039458564814815 0.7327392939814815 0.25213672685185184 0.7346898842592593 0.25129433796296297 0.7476907175925925 0.25161337500000003 0.7496413101851852 0.2507709861111111 0.7687116851851852 0.24649093749999998 0.770662275462963 0.2456485486111111 0.7904948379629629 0.23411677546296297 0.7906037199074073 0.2330808148148148 0.8035049884259259 0.21663091898148149 0.8036138726851852 0.21559495833333334 0.8057915486111111 0.1948757523148148 0.8040587268518519 0.1936462199074074 0.7928000324074075 0.17675181712962965 0.7910672083333333 0.17552228472222223 0.7664810300925926 0.161416724537037 0.7646393217592592 0.1612231527777778 0.7337658356481482 0.15378860185185186 0.7319241273148148 0.1535950300925926 0.7020212777777778 0.15464173148148147 0.7000706875 0.15548412037037038 0.6905355 0.15762414583333334 0.6885849074074074 0.15846653472222222 0.6710295879629629 0.16604803703703705 0.6709207060185185 0.1670839976851852 0.6585638564814815 0.1783540925925926 0.6584549722222222 0.17939005324074075 0.6573661342592593 0.1897496574074074 0.6582185694444443 0.2170717662037037 0.6599513935185185 0.2183012986111111 0.6644965601851852 0.2282056550925926 0.6662293842592594 0.2294351851851852 0.6837753842592592 0.2396585810185185 0.6856170925925925 0.23985215277777777 0.7052225694444445 0.24819719675925925 0.707064275462963 0.24839076851851852 0.7143222199074074 0.2502010138888889
3 0.9229329675925926 0.35591924305555556 0.9248835578703704 0.3550768541666667 0.9456867569444444 0.35202633564814817 0.9476373472222221 0.3511839467592593 0.965301550925926 0.3425664861111111 0.9654104351851851 0.341530525462963 0.9775495162037038 0.33233234953703705 0.9776583981481481 0.33129638888888885 0.9811333634259258 0.31595055555555557 0.9794005393518518 0.31472102314814815 0.9783210208333334 0.30727573148148146 0.9765881967592592 0.3060461990740741 0.9734492013888889 0.30047925462962966 0.9717163773148149 0.299249724537037 0.9438823194444445 0.28061318055555556 0.9420406134259259 0.2804196087962963 0.9330498449074075 0.2773798310185185 0.9312081365740741 0.27718625925925927 0.9089987662037038 0.27589936574074075 0.9070481759259259 0.27674175462962963 0.8769275578703704 0.2798603773148148 0.8749769652777778 0.2807027662037037 0.8614317129629631 0.2855635300925926 0.8613228287037037 0.28659949074074076 0.841599150462963 0.2970953009259259 0.8414902662037037 0.2981312615740741 0.8340052361111111 0.31619783333333334 0.8433133379629629 0.333934625 0.845046162037037 0.3351641574074074 0.862265511574074 0.3484954328703704 0.8641072199074074 0.3486890046296296 0.8803559328703704 0.35353902546296295 0.8821976412037037 0.3537325972222222 0.9098232476851851 0.35663616666666664 0.9117738402777777 0.355793775462963 0.9229329675925926 0.35591924305555556
3 0.8801847546296296 0.2665864652777778 0.8820264606481482 0.2667800347222222 0.8988195925925925 0.26645025694444446 0.9007701851851851 0.26560786574074075 0.9234150902777778 0.2627509189814815 0.9253656805555556 0.2619085300925926 0.9446538240740742 0.2555565601851852 0.9447627083333333 0.25452059953703704 0.965575224537037 0.23366518518518517 0.9656841064814815 0.23262922685185183 0.9673173657407408 0.21708982175925925 0.9655845416666666 0.21586028935185184 0.9645050208333333 0.2084149953703704 0.9627721967592593 0.20718546527777779 0.952593025462963 0.19773635416666668 0.9527019097222222 0.1967003935185185 0.9528107916666667 0.19566443518518517 0.9510779699074073 0.19443490277777778 0.9353736736111111 0.1844050787037037 0.9335319675925926 0.18421150694444444 0.9081836018518518 0.17735766898148148 0.9063418935185185 0.17716409722222223 0.8860831157407408 0.1750348148148148 0.8841325231481482 0.17587720370370372 0.8654976851851851 0.17601341203703705 0.8635470925925927 0.17685580092592593 0.8290897569444444 0.18580304398148148 0.8271391666666666 0.18664543287037036 0.8110989027777777 0.19752838657407407 0.8109900185185185 0.19856434722222222 0.8064262175925926 0.22426978240740741 0.8127042083333333 0.23540367129629627 0.8144370300925926 0.23663320138888888 0.8243984351851852 0.2481542314814815 0.8261312592592593 0.2493837638888889 0.8382610231481481 0.2579904837962963 0.8401027291666666 0.25818405555555557 0.8526680300925926 0.26264693518518517 0.8545097361111111 0.26284050694444444 0.8801847546296296 0.2665864652777778
3 1 0.08062329398148148 0.9946908634259259 0.08066209953703704 0.9927402708333333 0.08150448842592592 0.9851556759259259 0.08280212268518518 0.9832050833333333 0.08364451157407407 0.9656497662037038 0.09122601388888889 0.9655408819444444 0.09226197453703705 0.9475500277777777 0.10398731712962964 0.9474411435185185 0.10502327777777777 0.9409360671296296 0.11376620601851853 0.9408271828703704 0.11480216666666666 0.9396294606481481 0.12619773148148147 0.9423329212962963 0.1359085162037037 0.9440657453703705 0.13713804861111112 0.9489375625 0.14393452314814814 0.9506703865740741 0.14516405555555556 0.9576016805555555 0.15008218055555556 0.959443386574074 0.1502757523148148 0.9736326273148147 0.1570041226851852 0.9754743333333334 0.15719769444444442 1 0.15977544444444444 1 0.08062329398148148
3 1 0.16121402083333333 0.9826233935185186 0.16004390046296296 0.9806728032407407 0.16088628935185184 0.9731970902777777 0.16114796527777778 0.9712465 0.16199035416666666 0.9536911805555556 0.16957185416666667 0.9535822962962962 0.1706078148148148 0.9391659722222222 0.18375626157407407 0.9547613842592592 0.19482204398148148 0.9546525 0.19585800462962963 0.9699212592592593 0.2100316712962963 0.9698123750000001 0.21106762962962963 0.9707830115740741 0.21954888425925925 0.9725158356481481 0.22077841666666667 0.9758725972222222 0.22427343981481482 0.9777143055555556 0.22446700925925925 0.98497225 0.22627725462962964 0.9869228402777778 0.22543486574074073 1 0.22127916666666667 1 0.16121402083333333
3 1 0.22229753472222222 0.9984086203703704 0.2224524537037037 0.9964580277777778 0.2232948425925926 0.9711003449074075 0.23424590046296298 0.9709914606481482 0.2352818611111111 0.963080212962963 0.2396873773148148 0.9629713310185186 0.24072333796296294 0.9484461226851851 0.2549077430555555 0.948337238425926 0.2559437037037037 0.9474661666666667 0.2642313865740741 0.9495163240740742 0.2801579328703704 0.9512491481481482 0.2813874652777778 0.9527642037037037 0.2846889166666667 0.9544970277777778 0.28591844907407404 0.9666267916666667 0.29452516898148146 0.9684684976851853 0.2947187407407407 0.9790832060185186 0.30002400925925926 0.9809249143518519 0.3002175787037037 0.9881828587962963 0.3020278240740741 0.9900245671296296 0.3022213958333333 1 0.30326985648148147 1 0.22229753472222222
3 1 0.30377238425925923 0.9788654398148148 0.3020959282407407 0.9787565555555555 0.3031318888888889 0.978538787037037 0.3052038101851852 0.9833017222222222 0.3130362453703704 0.983192837962963 0.31407220601851854 0.9805796273148147 0.33893525462962965 0.9823124513888888 0.3401647847222222 0.9892437430555555 0.34508291203703706 0.9910854513888888 0.34527648148148143 1 0.34621343981481484 1 0.30377238425925923
3 0.9363978217592593 0.9187432453703704 0.9382395300925926 0.9189368171296296 0.9567654861111111 0.9198365694444445 0.9568743703703704 0.9188006087962962 0.9603586527777778 0.8856498796296296 0.9586258287037036 0.8844203472222222 0.9572196574074074 0.8800829351851852 0.9552690648148149 0.880925324074074 0.9238511597222222 0.8786705740740741 0.9219005671296296 0.8795129629629629 0.9104147893518518 0.8824953773148148 0.9103059050925927 0.883531337962963 0.9044541319444444 0.8860585046296295 0.9043452476851852 0.8870944652777778 0.9041274814814815 0.8891663842592593 0.9088904166666667 0.8969988217592593 0.9087815324074073 0.8980347824074074 0.9097521689814815 0.9065160347222223 0.9114849930555556 0.9077455671296297 0.9149506388888888 0.9102046296296296 0.9167923472222222 0.9103982013888888 0.9255653472222222 0.9155098981481481 0.9274070532407407 0.9157034699074074 0.9363978217592593 0.9187432453703704
3 0.8963157986111111 0.910340837962963 0.8982663912037038 0.9094984490740741 0.9060687546296295 0.9061288935185184 0.9061776388888889 0.9050929328703704 0.9070487083333333 0.89680525 0.9053158842592592 0.8955757175925926 0.9023946574074074 0.8879368541666667 0.9006618333333334 0.8867073217592593 0.8902648935185185 0.8793301342592592 0.8884231874999999 0.8791365624999999 0.874233949074074 0.8724081898148148 0.8723922407407407 0.8722146203703703 0.8557079930555557 0.8715084375000001 0.853757400462963 0.8723508287037036 0.844222212962963 0.8744908518518519 0.8441133287037036 0.8755268125 0.8340337222222223 0.8828466388888889 0.8339248402777778 0.8838825995370371 0.8330537685185185 0.8921702824074074 0.8375989351851851 0.9020746388888888 0.8393317592592593 0.9033041689814815 0.8479958773148148 0.9094518263888889 0.8498375833333334 0.9096453981481482 0.8569866458333334 0.9124916041666666 0.8588283518518518 0.9126851759259259 0.8773543078703704 0.9135849282407407 0.8793048981481482 0.9127425393518519 0.8963157986111111 0.910340837962963
3 0.8914626157407407 0.8679345694444445 0.889512025462963 0.8687769583333333 0.8782440138888888 0.8696874513888888 0.8762934236111112 0.8705298402777778 0.874233949074074 0.8724081898148148 0.9026124259259259 0.8858649328703704 0.9045630162037037 0.8850225439814815 0.9201677453703704 0.8782834305555556 0.9202766273148149 0.8772474722222222 0.9203855115740741 0.8762115115740741 0.9186526898148147 0.8749819791666666 0.9098796874999999 0.8698702824074074 0.9080379814814814 0.8696767106481481 0.8914626157407407 0.8679345694444445
3 0.780344150462963 0.7913164722222222 0.7783935601851851 0.7921588611111111 0.7727595532407407 0.7926141087962962 0.7726506712962964 0.7936500671296296 0.7686406041666667 0.7963708055555556 0.7685317199074073 0.7974067662037037 0.7677695347222223 0.8046584884259259 0.7747008287037036 0.8095766157407408 0.7765425347222222 0.8097701875 0.7875927777777777 0.8109316134259259 0.7895433680555556 0.810089224537037 0.7994052083333334 0.8048413194444444 0.7995140925925925 0.8038053587962963 0.7965928634259258 0.7961664930555555 0.7948600416666667 0.794936962962963 0.780344150462963 0.7913164722222222
3 0.8580690925925927 0.707314099537037 0.8581779768518518 0.7062781412037038 0.8590490486111112 0.6979904583333334 0.857316224537037 0.696760925925926 0.8545038796296296 0.6880861018518518 0.8527710578703703 0.6868565694444444 0.847572587962963 0.683167974537037 0.8457308796296297 0.6829744027777778 0.8403146412037037 0.6813577291666667 0.8384729351851852 0.6811641597222222 0.7997970833333333 0.6770991620370371 0.7978464930555556 0.6779415509259259 0.7876580023148149 0.686297337962963 0.7875491180555556 0.687333298611111 0.7863513958333334 0.6987288611111111 0.7894903912037037 0.7042958055555556 0.7912232152777777 0.705525337962963 0.8086603333333334 0.7167846921296296 0.8105020393518519 0.7169782638888889 0.8177599837962963 0.7187885092592593 0.8197105763888888 0.7179461203703703 0.8419199467592592 0.7192330138888889 0.8438705370370371 0.718390625 0.8580690925925927 0.707314099537037
3 0.9215488912037038 0.7234127361111111 0.921657775462963 0.722376775462963 0.925776724537037 0.7186200763888889 0.9258856087962962 0.7175841157407407 0.9264300277777778 0.7124043148148148 0.9246972037037038 0.7111747847222222 0.901081662037037 0.7055504768518518 0.8993488379629629 0.7043209444444444 0.8858129027777778 0.6913768124999999 0.8839711967592593 0.6911832407407408 0.8785549583333334 0.6895665671296297 0.8766043680555555 0.6904089560185185 0.8629502291666666 0.6963056805555555 0.8628413449074074 0.697341638888889 0.8614258564814814 0.7108091226851853 0.8731200856481481 0.7235596851851852 0.8749617916666667 0.7237532569444445 0.8838436759259259 0.7278289930555556 0.8856853842592592 0.7280225648148148 0.893052212962963 0.728796849537037 0.8950028032407408 0.7279544606481482 0.9137465277777778 0.7267822916666666 0.9156971180555556 0.7259399027777778 0.9215488912037038 0.7234127361111111
3 0.9774534097222223 0.7230041111111112 0.9775622939814815 0.7219681504629629 0.978868900462963 0.7095366273148147 0.9771360763888889 0.7083070949074075 0.9773538449074074 0.7062351759259259 0.9756210208333334 0.7050056435185185 0.9720464907407407 0.7035825416666667 0.9702047824074074 0.7033889699074074 0.9484309490740741 0.6979582337962964 0.9465892407407408 0.697764662037037 0.9244887546296296 0.6954418078703704 0.9225381643518519 0.6962841967592593 0.9151713356481481 0.695509912037037 0.9132207430555556 0.6963523009259259 0.9110523842592593 0.6992666111111111 0.9266477962962963 0.7103323935185185 0.9265389120370371 0.7113683541666667 0.9253411898148148 0.7227639189814815 0.9270740138888889 0.7239934490740741 0.9411543680555555 0.7317577824074074 0.942996074074074 0.7319513518518519 0.9577297337962962 0.733499923611111 0.9596803240740741 0.7326575324074075 0.9774534097222223 0.7230041111111112
3 0.9833331365740741 0.6670622546296295 0.9816003125 0.6658327222222223 0.9628565902777778 0.6670048912037038 0.960906 0.6678472800925925 0.9568959328703704 0.6705680185185185 0.9567870486111111 0.6716039791666667 0.9564603981481482 0.6747118611111111 0.9628472731481481 0.684809787037037 0.9608966805555555 0.6856521782407408 0.9587283217592593 0.688566486111111 0.9604611458333333 0.6897960185185185 0.9620850856481482 0.6920615092592592 0.9639267916666667 0.6922550810185185 0.9784426828703703 0.6958755717592593 0.9803932731481482 0.6950331828703704 0.9833331365740741 0.6670622546296295
3 0.9531036342592593 0.6712168379629629 0.9513708125 0.6699873055555555 0.9428155787037037 0.6628036875 0.9409738703703704 0.6626101157407407 0.9303591620370371 0.6573048472222222 0.9285174560185185 0.657111275462963 0.913783798611111 0.6555627060185185 0.9118332060185185 0.6564050949074074 0.9063080856481482 0.6558243819444444 0.9043574953703704 0.6566667708333334 0.9004563124999999 0.6583515486111111 0.9003474282407408 0.6593875092592593 0.8891789837962962 0.6770669398148148 0.903259337962963 0.6848312708333333 0.9051010462962963 0.6850248425925926 0.9436680138888889 0.6901257986111111 0.9456186041666667 0.6892834097222222 0.957322150462963 0.6842290740740741 0.9574310347222222 0.6831931134259259 0.9577576851851852 0.6800852337962964 0.956024863425926 0.678855701388889 0.9531036342592593 0.6712168379629629
3 0.8944956550925925 0.6619146759259259 0.8927628310185185 0.6606851458333333 0.8643843541666667 0.6472284027777777 0.8625426481481482 0.6470348310185186 0.8459672824074075 0.6452926898148148 0.8440166921296296 0.6461350787037037 0.8286297314814816 0.6508022708333334 0.8285208472222222 0.6518382314814815 0.8212535833333333 0.6678328819444445 0.8226597569444444 0.6721702962962963 0.8243925787037036 0.6733998263888888 0.8315416412037038 0.6762460324074074 0.8333833472222223 0.6764396041666666 0.8756337314814815 0.6819277013888888 0.8775843217592593 0.6810853125 0.8873372754629629 0.6768733680555555 0.8874461597222222 0.6758374074074075 0.8944956550925925 0.6619146759259259
3 0.7592888425925927 0.655035699074074 0.7611305486111112 0.6552292708333334 0.7868055671296297 0.6589752291666667 0.7887561574074075 0.658132837962963 0.8000241689814814 0.6572223449074074 0.8001330532407408 0.656186386574074 0.8083709513888889 0.6486729884259259 0.8084798356481481 0.6476370277777778 0.8092420231481482 0.6403853055555556 0.807509199074074 0.6391557731481482 0.8029640324074074 0.6292514166666666 0.8012312083333334 0.6280218865740741 0.7925670902777777 0.6218742291666667 0.7907253842592593 0.6216806574074073 0.7817346157407408 0.6186408796296297 0.7798929074074074 0.6184473078703704 0.7614758356481481 0.6165115972222223 0.7595252453703704 0.617353986111111 0.7441382847222222 0.6220211782407407 0.744029400462963 0.6230571388888889 0.7400193356481481 0.6257778773148148 0.7399104513888889 0.6268138379629629 0.7387127291666666 0.6382094004629629 0.7478123819444445 0.6402132175925926 0.7497629722222222 0.6393708287037037 0.7538819212962963 0.6356141296296296 0.7557236296296296 0.6358076990740741 0.7683978125 0.6392346203703704 0.7701306342592593 0.640464150462963 0.7692595648148148 0.6487518333333333 0.7673089745370371 0.6495942222222223 0.7592888425925927 0.655035699074074
3 0.7296317129629629 0.6005957916666667 0.7276811203703704 0.6014381805555556 0.720096525462963 0.6027358148148148 0.7181459328703703 0.6035782037037037 0.7120763935185186 0.6081772916666667 0.7171659791666666 0.6129018472222222 0.7190076851851851 0.6130954189814815 0.7279984537037038 0.6161351944444445 0.7299490462962963 0.6152928055555555 0.7362363541666667 0.6086217986111111 0.7363452384259259 0.607585837962963 0.7368896574074074 0.6024060370370371 0.735047949074074 0.6022124652777777 0.7296317129629629 0.6005957916666667
3 0.7166308773148148 0.6002767523148148 0.7148980532407407 0.5990472222222223 0.7095907013888889 0.5963945856481482 0.7077489930555556 0.5962010162037037 0.6877079814814815 0.5919998125 0.6857573912037037 0.5928422013888889 0.6800145 0.5943334074074074 0.6799056180555555 0.5953693680555555 0.6793611990740741 0.6005491689814814 0.6825001944444444 0.6061161134259259 0.684341900462963 0.6063096851851852 0.6951743773148148 0.6095430324074074 0.6971249675925926 0.6087006435185186 0.7008083819444444 0.6090877847222222 0.7027589722222223 0.6082453958333333 0.7124030439814815 0.6050694120370371 0.7125119282407408 0.6040334513888889 0.7166308773148148 0.6002767523148148
3 0.8308854097222222 0.8950845925925925 0.8309942939814815 0.8940486319444445 0.8320831319444444 0.8836890277777778 0.8340337222222223 0.8828466388888889 0.8422716226851852 0.8753332407407407 0.8423805069444446 0.8742972800925926 0.8425982731481482 0.8722253611111112 0.8407565671296297 0.8720317893518519 0.818764962962963 0.8686729745370371 0.8168143726851852 0.8695153634259258 0.8093386597222222 0.8697770393518518 0.8073880694444445 0.8706194282407408 0.8015362962962963 0.8731465949074073 0.8014274120370369 0.8741825555555556 0.7957840902777777 0.892442699074074 0.8042304375 0.9006622777777777 0.8060721458333333 0.9008558472222222 0.8149540300925926 0.9049315856481482 0.8167957384259259 0.9051251574074074 0.8241625671296297 0.9058994421296297 0.8261131574074073 0.9050570532407407 0.8356483449074075 0.9029170277777778 0.8357572291666666 0.9018810671296296 0.8308854097222222 0.8950845925925925
3 0.943111349537037 0.9257332939814815 0.9411607569444445 0.9265756828703703 0.9333583935185185 0.9299452384259259 0.9332495092592593 0.9309811990740741 0.9304278472222223 0.9401112708333333 0.9336757268518519 0.9446422546296297 0.9354085509259259 0.9458717847222222 0.9424487291666667 0.9497539513888889 0.9442904351851852 0.9499475231481481 0.9534989722222222 0.9509153796296296 0.9536078541666667 0.9498794189814815 0.9541615925925926 0.9268947199074075 0.9523198842592593 0.926701150462963 0.943111349537037 0.9257332939814815
3 0.9278332708333333 0.929364525462963 0.9261004490740741 0.9281349930555556 0.9133173819444445 0.9257440347222222 0.9113667916666667 0.9265864236111111 0.9020493703703705 0.9266545277777778 0.9019404861111111 0.9276904884259259 0.8971682337962963 0.9376629490740741 0.9026933564814814 0.938243662037037 0.9044261805555556 0.9394731944444444 0.9115752407407407 0.9423194004629629 0.9134169467592592 0.9425129699074074 0.928259488425926 0.9430255810185185 0.9302100810185185 0.9421831921296296 0.9309722662037038 0.9349314699074074 0.9292394444444445 0.9337019375 0.9278332708333333 0.929364525462963
3 0.7992963240740741 0.8058772800925925 0.7973457337962963 0.8067196689814815 0.7895433680555556 0.810089224537037 0.7894344861111112 0.8111251851851852 0.7892167175925926 0.8131971064814815 0.7907317731481482 0.8164985578703704 0.7924645972222222 0.8177280902777778 0.7977719513888888 0.820380724537037 0.7997225416666667 0.8195383333333334 0.8095843819444445 0.8142904282407407 0.8096932638888888 0.8132544675925927 0.8118616226851851 0.8103401597222223 0.8101288009259259 0.8091106273148149 0.7992963240740741 0.8058772800925925
3 0.8349420648148148 0.8033393703703703 0.8348331805555556 0.8043753310185185 0.8343976458333334 0.8085191712962962 0.8395961157407407 0.8122077662037037 0.8414378217592593 0.812401337962963 0.8432795300925926 0.8125949097222223 0.8452301203703704 0.8117525208333334 0.8592109097222221 0.8027479166666667 0.8574780856481482 0.8015183842592593 0.8467544930555555 0.797249076388889 0.8448039027777777 0.7980914652777777 0.8349420648148148 0.8033393703703703
3 0.6525723171296297 0.44795470601851856 0.6506217268518518 0.4487970972222222 0.6459583587962963 0.45773359722222223 0.6546224745370371 0.46388125462962965 0.6564641828703704 0.46407482638888886 0.6694650162037037 0.4643938634259259 0.6714156087962962 0.463551474537037 0.6755345578703704 0.45979477546296293 0.6756434421296297 0.4587588148148148 0.6745639212962963 0.45131352314814815 0.6728310972222222 0.45008399074074074 0.6525723171296297 0.44795470601851856
3 0.7005655902777778 0.451951599537037 0.6988327662037037 0.4507220671296296 0.6934165277777778 0.4491053935185185 0.6915748217592593 0.4489118217592592 0.6783562199074075 0.4506647037037037 0.6782473356481482 0.4517006643518519 0.6759700925925926 0.4556509351851852 0.6771584976851851 0.46206026851851856 0.6788913194444445 0.4632897986111111 0.6841986736111111 0.46594243287037035 0.6860403819444444 0.4661360046296296 0.6953578009259259 0.4660679004629629 0.6973083935185186 0.46522551157407405 0.7032690486111112 0.46166238425925926 0.7033779328703703 0.4606264236111111 0.7005655902777778 0.451951599537037
3 0.7118335995370371 0.4510411064814815 0.7098830092592593 0.45188349537037037 0.7060907106481481 0.4525323125 0.7059818263888888 0.4535682731481482 0.7052196412037036 0.4608199953703704 0.712042050925926 0.4667740810185185 0.7138837569444445 0.4669676527777778 0.7252606527777778 0.4650211990740741 0.7253695370370371 0.4639852384259259 0.7259139560185185 0.45880543749999997 0.7241811319444444 0.45757590509259255 0.7209332523148149 0.4530449212962963 0.7190915462962962 0.45285134953703704 0.7118335995370371 0.4510411064814815
3 0.712042050925926 0.4667740810185185 0.7119331666666667 0.4678100416666667 0.7095470393518518 0.4727962708333333 0.7147455092592593 0.4764848657407408 0.7166961018518518 0.47564247685185185 0.7241718148148147 0.47538080092592594 0.7261224050925926 0.47453841203703706 0.7286174143518518 0.4685162222222222 0.7268845925925925 0.4672866898148148 0.7214683541666667 0.4656700162037037 0.7195177638888889 0.46651240509259256 0.712042050925926 0.4667740810185185
3 0.6971995092592592 0.46626147222222225 0.6952489166666667 0.46710386111111113 0.6877732060185185 0.46736553703703704 0.685822613425926 0.46820792592592597 0.6835453703703704 0.47215819444444446 0.6903677800925926 0.47811228240740744 0.6922094884259259 0.47830585185185187 0.6958929027777778 0.4786929953703704 0.6978434930555556 0.47785060648148153 0.705863625 0.47240912962962966 0.7059725092592593 0.47137316898148146 0.7061902777777779 0.46930124768518516 0.7044574537037037 0.46807171759259264 0.6971995092592592 0.46626147222222225
3 0.6732573148148148 0.4637450462962963 0.671306724537037 0.4645874351851852 0.6581970046296297 0.4653043564814815 0.6562464143518518 0.4661467453703704 0.6560286481481482 0.46821866666666667 0.6629599398148147 0.47313679166666667 0.6648016481481482 0.4733303634259259 0.6721684768518519 0.4741046481481482 0.6741190671296297 0.47326225925925924 0.6799708402777779 0.4707350925925926 0.680079724537037 0.4696991319444444 0.6801886087962963 0.4686631712962963 0.6784557847222222 0.4674336412037037 0.6732573148148148 0.4637450462962963
3 0.6422749444444444 0.4573464537037037 0.640433236111111 0.4571528819444445 0.6349081157407407 0.4565721689814815 0.6329575231481482 0.4574145578703704 0.62710575 0.4599417245370371 0.6269968657407406 0.46097768518518517 0.6266702152777778 0.4640855671296296 0.6318686851851851 0.46777416203703703 0.6337103935185185 0.46796773148148146 0.6429189282407407 0.468935587962963 0.6448695208333334 0.4680931990740741 0.6524541157407407 0.4667955648148148 0.652563 0.4657596041666667 0.6527807685185185 0.4636876828703703 0.6510479444444444 0.462458150462963 0.6422749444444444 0.4573464537037037
3 0.6214437916666666 0.513811662037037 0.6196020856481481 0.5136180902777778 0.6049773101851851 0.5110335601851852 0.6030267199074074 0.5118759490740741 0.6009672453703703 0.5137542986111111 0.6041062407407408 0.5193212430555556 0.6058390648148148 0.5205507731481481 0.6128792407407407 0.5244329398148148 0.6147209490740742 0.5246265115740741 0.6221966620370369 0.5243648356481482 0.6223055462962963 0.5233288749999999 0.6249094398148147 0.516270724537037 0.6231766157407407 0.5150411921296296 0.6214437916666666 0.513811662037037
3 0.6041062407407408 0.5193212430555556 0.6022645324074074 0.5191276712962962 0.5948977037037038 0.518353386574074 0.5929471134259259 0.5191957754629629 0.5869864560185185 0.5227589027777778 0.5868775717592593 0.523794863425926 0.586442037037037 0.5279387037037038 0.5934822152777778 0.5318208703703703 0.5953239212962963 0.5320144421296297 0.6045324583333334 0.5329822986111111 0.6064830486111111 0.5321399097222222 0.6123348217592592 0.5296127407407407 0.6124437060185185 0.5285767800925926 0.6127703587962963 0.525468900462963 0.6110375347222222 0.5242393680555556 0.6041062407407408 0.5193212430555556
3 0.5667276782407408 0.5206296203703703 0.5647770856481481 0.5214720092592592 0.5588164282407407 0.5250351365740741 0.5637971319444445 0.530795650462963 0.5656388402777778 0.5309892222222222 0.5746296064814815 0.534029 0.5765801990740741 0.5331866111111111 0.5842736782407407 0.5308530138888888 0.5843825625 0.5298170532407407 0.5849269814814815 0.5246372523148148 0.5831941574074074 0.5234077199074074 0.5667276782407408 0.5206296203703703
3 0.5525384398148149 0.5139012476851852 0.5505878472222222 0.5147436365740741 0.5499345439814814 0.5209593981481482 0.5534001921296297 0.5234184629629629 0.5552418981481482 0.5236120324074074 0.5589253125 0.5239991759259259 0.5608759050925927 0.523156787037037 0.5667276782407408 0.5206296203703703 0.5668365601851851 0.5195936597222223 0.567163212962963 0.5164857777777778 0.5653215046296296 0.5162922060185186 0.5525384398148149 0.5139012476851852
3 0.785781951388889 0.5447005555555555 0.7840491296296297 0.543471025462963 0.778741775462963 0.5408183912037037 0.7769000671296297 0.5406248194444445 0.7658498240740741 0.5394633912037037 0.7638992337962962 0.5403057800925926 0.7579385763888888 0.5438689074074075 0.7578296921296297 0.5449048680555555 0.7571763888888888 0.5511206296296296 0.7678999814814815 0.5553899375 0.7697416875 0.5555835092592593 0.7807919305555556 0.5567449375 0.7827425231481482 0.5559025486111111 0.7887031805555554 0.5523394212962963 0.7888120625 0.5513034606481482 0.7890298310185185 0.5492315393518519 0.7872970069444444 0.5480020069444445 0.785781951388889 0.5447005555555555
3 0.8110214328703704 0.5525903541666667 0.8092886111111112 0.551360824074074 0.7908715393518518 0.5494251111111111 0.7907626550925926 0.5504610717592593 0.7827425231481482 0.5559025486111111 0.7826336388888889 0.5569385092592593 0.7824158703703703 0.5590104282407408 0.7875054583333333 0.5637349837962963 0.7893471643518518 0.5639285555555555 0.7946545185185185 0.5665811898148148 0.7964962268518518 0.5667747615740741 0.8057047615740741 0.5677426157407408 0.8076553541666667 0.5669002268518519 0.8115565347222222 0.5652154490740741 0.8116654189814815 0.5641794884259259 0.8110214328703704 0.5525903541666667
3 0.7859187893518518 0.4902499050925926 0.7839681967592592 0.4910922962962963 0.7801759004629629 0.49174111342592597 0.7800670162037037 0.49277707407407406 0.7793048287037038 0.5000287962962963 0.7900284212962964 0.5042981041666666 0.791979011574074 0.5034557152777778 0.7996724930555555 0.5011221180555556 0.799781375 0.5000861574074074 0.8019497337962963 0.4971718495370371 0.800216912037037 0.49594231712962966 0.7969690324074074 0.4914113333333333 0.795127324074074 0.4912177615740741 0.7859187893518518 0.4902499050925926
3 0.7332994189814814 0.42396992824074076 0.7331905347222223 0.42500588888888885 0.7309132939814815 0.42895615972222223 0.7397951782407408 0.43303189583333335 0.7416368842592592 0.4332254675925926 0.7546377199074074 0.4335445069444444 0.7547466018518518 0.4325085462962963 0.7533404305555556 0.4281711342592593 0.7516076064814814 0.42694160185185187 0.740992900462963 0.42163633333333334 0.7390423078703704 0.4224787222222222 0.7332994189814814 0.42396992824074076
3 1 0.38277197453703704 0.9984336458333333 0.3816605601851852 0.9897695277777778 0.37551290277777777 0.9879278194444444 0.3753193310185185 0.976877576388889 0.37415790509259256 0.9749269861111111 0.37500029398148144 0.9670157384259258 0.3794058101851852 0.9669068541666667 0.3804417708333333 0.9665802037037038 0.3835496504629629 0.9734026134259259 0.3895037384259259 0.9752443194444445 0.3896973078703703 0.9844528564814815 0.39066516435185183 0.9864034467592592 0.38982277546296296 0.9959386342592593 0.38768275 0.9960475185185186 0.3866467916666667 1 0.3830419189814815 1 0.38277197453703704
3 1 0.38447393055555557 0.9999487013888889 0.38496201157407406 0.9920374537037037 0.38936753009259256 0.9919285694444445 0.3904034884259259 0.9916019166666666 0.3935113703703704 1 0.40168397916666665 1 0.38447393055555557
3 1 0.3997739189814815 0.9983154421296296 0.40050141666666667 0.994414261574074 0.4021861944444445 0.9943053773148148 0.40322215509259257 0.9937609583333333 0.4084019583333333 0.9988505439814815 0.4131265115740741 1 0.41324732407407405 1 0.3997739189814815
3 0.9877007361111111 0.3951961481481482 0.9858590277777778 0.39500257638888886 0.9804427893518519 0.3933859027777778 0.9784921990740741 0.3942282916666667 0.9671153055555556 0.3961747453703704 0.9670064212962963 0.3972107060185185 0.9646202939814814 0.4021969375 0.9714427037037038 0.40815102314814816 0.9732844120370371 0.40834459490740743 0.9787006481481482 0.40996126851851855 0.9806512407407408 0.4091188796296296 0.9900775439814815 0.40801481481481483 0.9901864282407408 0.4069788541666667 0.994414261574074 0.4021861944444445 0.9926814375 0.40095666435185184 0.9877007361111111 0.3951961481481482
3 1 0.05084538194444445 0.9812731296296296 0.048877108796296295 0.9811642453703704 0.04991306944444445 0.9784514675925926 0.05800718055555555 0.9871155833333334 0.06415483796296297 0.9889572916666667 0.06434840972222222 0.9998986504629629 0.0665457962962963 1 0.06650202777777778 1 0.05084538194444445
3 0.5009858101851852 0.06543076388888888 0.4991441041666667 0.06523719212962963 0.4859255023148148 0.06699007407407408 0.4858166180555556 0.06802603472222223 0.4829949560185185 0.07715610648148148 0.4863517199074074 0.08065112962962963 0.48819342592592596 0.0808447013888889 0.49350078009259263 0.08349733564814815 0.49534248842592593 0.0836909050925926 0.5008676087962963 0.08427162037037038 0.5028181990740741 0.08342923148148149 0.5096499282407407 0.0715784212962963 0.5079171041666667 0.07034888888888889 0.5009858101851852 0.06543076388888888
3 0.5300175902777778 0.07267174305555556 0.5281758842592593 0.07247817361111111 0.5171256412037037 0.07131674537037037 0.5151750486111111 0.07215913425925925 0.5094321597222222 0.07365034027777778 0.509323275462963 0.07468630092592593 0.5047687916666667 0.08258684259259258 0.5098583773148148 0.08731139583333333 0.5117000856481482 0.08750496759259259 0.5170074398148148 0.09015760185185186 0.5188491458333333 0.0903511736111111 0.5301171574074074 0.08944068055555555 0.5302260416666666 0.0884047199074074 0.5332654699074074 0.07720272685185187 0.5315326458333334 0.07597319675925927 0.5300175902777778 0.07267174305555556
3 0.5024915486111111 0.0865371111111111 0.5005409583333333 0.0873795 0.49804594675925923 0.09340169212962962 0.5048683564814814 0.09935577777777777 0.5067100648148148 0.09954934953703704 0.5122351851851852 0.10013006249999999 0.5141857777777777 0.09928767361111111 0.5186313773148148 0.09242309259259258 0.5168985555555555 0.0911935625 0.5098583773148148 0.08731139583333333 0.5080166712962962 0.08711782407407408 0.5024915486111111 0.0865371111111111
3 0.49761041203703704 0.09754553240740742 0.495877587962963 0.096316 0.4928474768518519 0.08971309722222223 0.49111465277777777 0.08848356481481481 0.4860250671296296 0.08375900925925926 0.4841833611111111 0.08356543981481482 0.48060882870370375 0.08214233564814816 0.4786582384259259 0.08298472453703704 0.47118252546296296 0.08324640046296297 0.46923193518518513 0.08408878935185185 0.45774615740740743 0.08707120370370369 0.4576372731481481 0.08810716435185185 0.4547067268518518 0.09827319675925926 0.4575190717592592 0.10694802083333334 0.45925189351851853 0.10817755324074074 0.46260865740740736 0.11167257638888889 0.4644503657407408 0.11186614583333333 0.48275855324074074 0.11483781944444445 0.4847091435185185 0.11399543055555555 0.4967393425925926 0.10583321527777778 0.49684822453703703 0.10479725462962962 0.49761041203703704 0.09754553240740742
3 0.4619553541666667 0.11788833796296297 0.4602225300925926 0.11665880555555556 0.45427119212962963 0.10241703703703704 0.4525383680555556 0.10118750462962964 0.4508055439814815 0.09995797453703704 0.44896383796296296 0.09976440277777777 0.42513052777777777 0.0962120162037037 0.42317993750000005 0.0970544050925926 0.41938763888888886 0.09770322222222222 0.41927875462962966 0.09873918287037037 0.41319989583333333 0.12114316898148149 0.4215373611111111 0.13039870601851852 0.4233790694444444 0.13059227777777777 0.4342115439814815 0.133825625 0.4360532523148148 0.13401919675925925 0.4435289652777778 0.13375752083333334 0.4454795555555556 0.13291513194444443 0.4551236273148148 0.12973914814814813 0.4552325115740741 0.1287031875 0.4619553541666667 0.11788833796296297
3 0.5320677476851852 0.08859829166666666 0.5372662175925926 0.09228688425925925 0.5391079259259259 0.09248045601851852 0.5502670532407407 0.0926059236111111 0.5522176435185185 0.09176353472222222 0.5552570717592593 0.08056154166666667 0.5534153657407407 0.08036797222222222 0.5349982939814815 0.07843225925925926 0.5348894097222222 0.07946821990740742 0.5320677476851852 0.08859829166666666
3 0.5553659560185186 0.07952558101851853 0.5552570717592593 0.08056154166666667 0.5562277083333333 0.08904279629629629 0.5542771180555556 0.08988518518518518 0.5502670532407407 0.0926059236111111 0.5593667037037037 0.09460974074074074 0.5613172962962962 0.09376735185185187 0.5652184768518519 0.09208257175925925 0.5653273611111111 0.09104661342592593 0.5698818472222222 0.08314607175925925 0.5718324375 0.08230368287037038 0.5737830277777778 0.08146129398148148 0.5719413217592593 0.08126772222222221 0.5553659560185186 0.07952558101851853
3 0.1385461898148148 0.3426055648148148 0.14558636805555555 0.3464877314814815 0.14742807638888888 0.34668130324074076 0.15479490509259258 0.347455587962963 0.15674549537037039 0.34661319907407406 0.16303280324074074 0.33994218981481483 0.16129997916666666 0.3387126574074074 0.14288290740740742 0.33677694675925923 0.14277402314814816 0.33781290740740744 0.1385461898148148 0.3426055648148148
3 0.175063 0.331779974537037 0.17311240972222222 0.33262236342592594 0.16932011111111112 0.33327118055555555 0.16921122916666664 0.3343071412037037 0.16531004629629628 0.33599191898148145 0.16520116203703702 0.33702787962962966 0.16476562731481484 0.3411717222222222 0.16823127314814815 0.3436307847222222 0.1700729814814815 0.34382435648148146 0.1757069861111111 0.3433691087962963 0.1776575763888889 0.3425267199074074 0.18350934953703704 0.3399995532407407 0.1836182337962963 0.3389635925925926 0.1840537685185185 0.3348197523148148 0.18232094675925925 0.3335902199074074 0.175063 0.331779974537037
3 0.11243563888888888 0.3430034490740741 0.11232675462962963 0.3440394097222222 0.10994062731481481 0.3490256388888889 0.1264071087962963 0.3518037407407408 0.12835770138888888 0.3509613518518519 0.13594229629629628 0.34966371759259257 0.13420947222222224 0.3484341851851852 0.1293376550925926 0.34163770833333335 0.12749594675925927 0.3414441388888889 0.1219708263888889 0.3408634236111111 0.12002023379629628 0.3417058125 0.11243563888888888 0.3430034490740741
3 0.21125023148148148 0.5366850625 0.2092996412037037 0.5375274513888889 0.20680463194444446 0.5435496412037037 0.21027027777777776 0.5460087037037037 0.21211198611111112 0.546202275462963 0.22316222916666664 0.5473637037037037 0.22511281944444445 0.5465213148148148 0.22598388888888887 0.5382336319444444 0.22425106712962964 0.537004099537037 0.21883482870370372 0.5353874259259259 0.2168842384259259 0.5362298148148148 0.21125023148148148 0.5366850625
3 0.22609277314814816 0.5371976712962963 0.23096459259259258 0.5439941458333334 0.23280629861111113 0.5441877175925925 0.2401731273148148 0.5449620023148148 0.24028201157407406 0.5439260416666666 0.2410441990740741 0.5366743194444444 0.23920249074074074 0.53648075 0.23194454629629632 0.5346705046296296 0.22999395601851852 0.5355128935185185 0.22609277314814816 0.5371976712962963
3 0.3081049166666667 0.7490139606481482 0.3063720949074074 0.7477844282407408 0.28849943981481485 0.7406689143518519 0.2866577337962963 0.7404753425925926 0.27538972222222224 0.7413858356481482 0.275280837962963 0.7424217962962963 0.2613000509259259 0.7514264004629629 0.2611911666666667 0.7524623611111111 0.2606467476851852 0.757642162037037 0.26595410185185187 0.7602947962962964 0.2677958078703704 0.7604883680555555 0.2751626365740741 0.7612626527777778 0.27711322916666664 0.7604202638888888 0.29022294675925925 0.7597033425925926 0.292173537037037 0.7588609537037037 0.3077782662037037 0.7521218402777777 0.30788715046296294 0.7510858796296297 0.3081049166666667 0.7490139606481482
3 0.25458652314814817 0.7444363541666666 0.2546954074074074 0.7434003935185186 0.2571904189814815 0.7373782037037038 0.2554575949074074 0.7361486712962964 0.2333571087962963 0.7338258171296296 0.2314065162037037 0.7346682060185186 0.21038555092592592 0.7397906458333333 0.21027666666666664 0.7408266041666667 0.2099500162037037 0.7439344861111111 0.21839636574074073 0.7521540648148148 0.22023807175925927 0.7523476365740741 0.22576319444444445 0.752928349537037 0.2274960185185185 0.7541578819444444 0.23280337037037035 0.7568105162037037 0.23475396296296297 0.7559681273148149 0.23843737731481482 0.7563552685185185 0.2403879675925926 0.7555128796296297 0.25458652314814817 0.7444363541666666
3 0.794088537037037 0.8199935810185186 0.7923557129629629 0.8187640486111112 0.7855333032407408 0.8128099629629629 0.7836915949074075 0.8126163912037037 0.7636505833333332 0.8084151875000001 0.7616999930555556 0.8092575763888888 0.7558482199074074 0.8117847430555556 0.7557393356481482 0.8128207037037037 0.7551949166666667 0.8180005069444444 0.7601756203703703 0.8237610208333334 0.7620173263888889 0.8239545925925925 0.7673246805555556 0.8266072268518518 0.7691663888888889 0.8268007986111111 0.7802166319444445 0.827962224537037 0.7821672222222221 0.8271198356481482 0.7918112939814814 0.8239438518518518 0.7919201782407407 0.8229078912037038 0.794088537037037 0.8199935810185186
1 0.3413756851851852 0.33679603009259257 0.31930884953703703 0.39438824537037037 0.34689992824074073 0.40116358101851857 0.37256150000000005 0.327085974537037 0.3814517708333333 0.3151373055555556 0.3925611157407407 0.3068783032407407 0.4100591967592593 0.30515625231481486 0.4879923518518518 0.32015548611111116 0.48806856944444443 0.31943031250000004 0.4948215763888889 0.2923838634259259 0.4788450717592593 0.28494394212962965 0.41464757175925926 0.2739021550925926 0.27799225925925924 0.2400573796296296 0.26887490277777776 0.2718828657407408 0.33956722916666665 0.2937671111111111 0.34352721759259264 0.3039241828703703 0.3413756851851852 0.33679603009259257
0 0.48935957407407404 0.2539984837962963 0.4840146041666667 0.28182136574074074 0.4756606597222222 0.2833523611111111 0.4545672013888889 0.2820780138888889 0.42397494907407407 0.27551094444444446 0.4126148796296296 0.30741493287037036 0.5030380439814814 0.3258217291666667 0.5623572037037037 0.3425304675925926 0.5808199861111111 0.319228537037037 0.5852845671296296 0.31749823379629627 0.5419882615740741 0.3024735648148148 0.5151095856481481 0.28006203935185187 0.5081773611111111 0.2769244027777778 0.5120561273148149 0.25596502546296296 0.5186265324074074 0.24660052083333334 0.5333340486111111 0.2359964513888889 0.5157998657407408 0.2238889699074074 0.48935957407407404 0.2539984837962963
0 0.827720912037037 0.896846798611111 0.8303456504629629 0.8913619444444444 0.8018800648148149 0.8787339699074074 0.7884075972222222 0.8687292407407406 0.7818247314814815 0.8604960416666666 0.7850346481481482 0.8547584699074073 0.804291988425926 0.8451563101851852 0.8039454236111111 0.8449104027777777 0.7878718564814814 0.8366223541666667 0.7313383125 0.8589603611111111 0.7406946273148148 0.8673803217592593 0.7514119907407407 0.8628507777777777 0.7695823564814815 0.860047238425926 0.786162087962963 0.8741492106481481 0.8053320277777778 0.8866380972222222 0.827720912037037 0.896846798611111