2 0 0.7306888310185186 0.029590791666666668 0.733552298611111 0.12295434027777778 0.735329238425926 0.2718035717592593 0.7311432430555556 0.3247767453703703 0.7281602430555556 0.3996775810185185 0.720094199074074 0.4961790949074074 0.7200512152777777 0.5920162013888889 0.7345758888888889 0.6194897430555556 0.7170784675925925 0.592498550925926 0.7012040763888889 0.5221309930555555 0.6935858148148148 0.45450249305555557 0.6779725462962963 0.4491188101851852 0.6934712106481482 0.41538682870370375 0.6872016435185185 0.3208882615740741 0.6942924953703703 0.2351447175925926 0.7023996828703704 0.2004082361111111 0.7045148865740741 0.05545453935185186 0.7035172476851851 0 0.6991380856481482 0 0.7306888310185186
2 0.18462055787037035 0.436447037037037 0.17601289351851854 0.4320757824074074 0.16066118518518518 0.439628474537037 0.12080732175925926 0.4658029050925926 0.10377999768518519 0.48365941898148146 0.11291020601851852 0.48576729166666666 0.11317503935185184 0.48873629629629634 0.11919866203703704 0.4910463564814815 0.13770052777777778 0.482114875 0.1346484837962963 0.4770591527777778 0.14426219907407406 0.46488901388888887 0.16150026157407407 0.45328174074074074 0.19198246527777776 0.4381466666666667 0.18462055787037035 0.436447037037037
2 0.5557171898148149 0.20539972222222222 0.5764061944444444 0.16270958796296298 0.6052651875 0.047915537037037034 0.5863057546296296 0.04434020601851852 0.5742294444444445 0.10068225462962964 0.5535671041666667 0.17997269675925925 0.5381054699074075 0.20611246296296296 0.49787307407407405 0.24561629166666668 0.5082319745370371 0.2538449351851852 0.5173425833333334 0.24294843518518516 0.5430463541666667 0.21945120833333331 0.5517922152777778 0.2182845300925926 0.5552813935185186 0.21140348148148147 0.5557171898148149 0.20539972222222222
3 0.5495874791666667 0.6803607222222223 0.5513918680555556 0.6807772986111111 0.5874796481481481 0.6891088194444445 0.5895183611111111 0.6885104259259259 0.6044221203703705 0.6898130972222222 0.6064608333333333 0.6892147037037036 0.6277150555555556 0.6877072268518518 0.6297537685185185 0.6871088356481481 0.6508438726851852 0.67808 0.6510781967592593 0.6770650324074075 0.6599360208333332 0.6716265532407407 0.6601703449074073 0.6706115856481482 0.6683953981481481 0.6596816875 0.6686297222222223 0.6586667175925925 0.6714416111111111 0.6464870925925926 0.6698715462962963 0.6450555486111111 0.6700119537037037 0.6279828935185185 0.668441886574074 0.6265513495370371 0.6597244699074074 0.6149171736111112 0.6581544050925926 0.6134856296296297 0.6455938842592593 0.6020332708333334 0.6437894953703703 0.6016166944444444 0.6388449768518518 0.5983370300925926 0.6370405879629629 0.5979204537037036 0.6244098657407408 0.5950044212962963 0.6223711527777778 0.5956028125 0.5864474930555555 0.5947926504629629 0.5844087800925926 0.5953910439814815 0.5669976574074075 0.5967167037037037 0.5651932685185185 0.5963001273148149 0.5387602037037037 0.5955429074074075 0.5369558148148148 0.5951263310185185 0.5098899791666667 0.5888776898148148 0.5078512662037037 0.5894760833333333 0.48973717361111113 0.593846650462963 0.489502849537037 0.5948616180555555 0.4831523865740741 0.5976717662037038 0.48291806249999997 0.5986867337962963 0.4781376643518519 0.6029284259259259 0.47790334027777776 0.6039433958333333 0.4730527384259259 0.6167214143518519 0.47565401620370373 0.6301507685185185 0.4772240810185185 0.6315823125000001 0.48123130555555554 0.6389218541666667 0.48280137037037035 0.6403533981481482 0.5000720856481481 0.6561003912037037 0.5018764745370371 0.6565169675925925 0.5149056412037036 0.6659393888888888 0.5167100300925925 0.6663559652777777 0.5495874791666667 0.6803607222222223
3 0.42620694444444446 0.43271739120370367 0.4264412685185185 0.43170242361111116 0.42580850000000003 0.42621100231481485 0.42423843518518517 0.42477945833333336 0.4044603587962963 0.4116607962962963 0.40265596990740743 0.4112442199074074 0.3895565995370371 0.410358125 0.38751788657407404 0.41095651851851855 0.3752856087962963 0.414546875 0.3750512847222222 0.4155618425925926 0.3713723032407408 0.42326501851851855 0.3855028888888889 0.4361489212962963 0.3873072777777778 0.43656549768518516 0.39562625 0.4416932847222222 0.39743063888888885 0.4421098611111111 0.4082569722222222 0.44460931712962964 0.41029568518518517 0.4440109236111111 0.42048925 0.44101896064814816 0.4207235740740741 0.44000399074074076 0.42620694444444446 0.43271739120370367
3 0.36729487731481486 0.4244618032407408 0.3675292013888889 0.42344683564814817 0.37120818287037033 0.4157436597222222 0.3696381180555556 0.4143121157407407 0.3672009583333333 0.4084041203703703 0.3656308935185186 0.40697257407407406 0.3609206990740741 0.4026779398148148 0.3591163101851852 0.4022613634259259 0.348992949074074 0.3967170023148148 0.3471885601851852 0.39630042592592596 0.3399710023148148 0.3946341203703704 0.3379322893518519 0.39523251388888886 0.3266373078703704 0.39476299537037035 0.32459859490740745 0.3953613888888889 0.3205211689814815 0.3965581736111111 0.3202868449074074 0.3975731435185185 0.31370205787037037 0.40139825925925926 0.3134677337962963 0.4024132268518518 0.3120617893518518 0.40850303935185184 0.32148218055555555 0.41709231018518517 0.32328656944444445 0.41750888425925925 0.3323085138888889 0.4195917662037037 0.3338785787037037 0.4210233101851852 0.3372530324074074 0.42287143055555554 0.3390574212962963 0.42328800694444446 0.35349253472222225 0.4266206157407407 0.3555312476851852 0.4260222222222222 0.36729487731481486 0.4244618032407408
3 0.31262435648148146 0.422530787037037 0.3128586805555556 0.4215158171296296 0.3178734027777778 0.41625915740740743 0.31630333564814817 0.41482761342592595 0.31025740046296296 0.40808646527777775 0.31049172453703705 0.40707149537037035 0.30805456712962964 0.40116349999999995 0.3062501782407407 0.4007469236111111 0.2954238425925926 0.39824746759259255 0.2933851296296296 0.3988458587962963 0.28412886111111113 0.39777794907407404 0.28209014814814815 0.3983763402777778 0.27597400925925925 0.40017152083333335 0.2757396851851852 0.40118648842592597 0.27142793518518515 0.4033982430555556 0.2711936111111111 0.4044132106481481 0.2702563148148148 0.40847308796296294 0.2729277962962963 0.41336611342592594 0.27473218518518516 0.4137826898148148 0.28194974305555554 0.41544899537037033 0.2835198078703704 0.4168805393518518 0.2866599375 0.41974362962962963 0.2884643263888889 0.4201602060185185 0.30086072453703705 0.4240912060185185 0.3028994375 0.4234928125 0.31262435648148146 0.422530787037037
3 0.8284443472222223 0.46036814120370373 0.8302487361111112 0.4607847152777778 0.8460195902777777 0.46656383796296297 0.8480583032407407 0.46596544444444443 0.8911995185185185 0.46844191203703706 0.8930039074074074 0.4688584884259259 0.9430581504629629 0.48255255555555554 0.943292474537037 0.48153758564814814 0.9521502986111111 0.4760991087962963 0.9523846226851852 0.4750841388888889 0.961546974537037 0.4600943657407407 0.9617812986111112 0.4590793981481482 0.9645931875 0.4468997708333333 0.9630231203703703 0.44546822685185183 0.9626246759259259 0.438961837962963 0.9610546111111111 0.4375302939814815 0.9541415833333333 0.4263126944444444 0.9525715185185185 0.42488114814814815 0.9400109976851851 0.41342878935185184 0.9382066087962962 0.413012212962963 0.9249431157407407 0.40460476157407405 0.9231387268518518 0.4041881851851852 0.8952057986111112 0.3934630949074074 0.8934014097222223 0.3930465185185185 0.8552749166666667 0.3853133912037037 0.8532362037037038 0.38591178240740737 0.8340206944444445 0.38682086574074076 0.8319819814814815 0.38741925925925924 0.8159066018518518 0.39119143287037034 0.8156722777777778 0.3922064027777778 0.8072831018518519 0.3956149421296296 0.8070487777777778 0.39662990972222223 0.8040727685185186 0.40128817824074076 0.8127901851851852 0.4129223541666666 0.81436025 0.41435389814814816 0.8273894189814816 0.42377631944444444 0.8271550949074075 0.42479128935185184 0.8316309652777777 0.4301008935185185 0.8313966412037037 0.4311158611111111 0.8339979212962964 0.4445452152777778 0.8337635972222223 0.44556018287037036 0.8284443472222223 0.46036814120370373
3 0.8518321412037038 0.5566383148148147 0.850262076388889 0.5552067685185185 0.8537769375 0.5399822361111111 0.8522068726851851 0.5385506921296296 0.8531441689814815 0.5344908171296296 0.8489026203703703 0.5281662453703704 0.8351704814814815 0.5217887291666666 0.8435596574074075 0.5183801898148148 0.8507772129629629 0.5200464953703704 0.8440283055555555 0.5163502523148148 0.8485743796296297 0.5131235300925926 0.8503787685185186 0.5135401064814814 0.8527922129629629 0.4948540902777778 0.854830925925926 0.4942556967592593 0.8663602314814816 0.4937102476851852 0.8949961319444445 0.5013904328703703 0.899940650462963 0.504670099537037 0.9053538171296296 0.5059198263888889 0.912102724537037 0.5096160694444445 0.924499125 0.5135470694444445 0.9868093611111112 0.5482447893518518 0.9922225277777778 0.5494945185185185 0.9960656296296295 0.5493127013888889 0.9967686018518519 0.5462677939814815 0.9951985370370371 0.54483625 0.9959015092592592 0.5417913425925925 0.9943314444444444 0.540359798611111 0.9952687407407408 0.5362999236111111 0.993698675925926 0.5348683796296296 0.9944016481481481 0.5318234722222223 0.9879572662037036 0.5185759351851852 0.9756310717592592 0.5061086064814815 0.9738266805555555 0.5056920324074073 0.9691164861111111 0.5013973958333333 0.9673120972222222 0.5009808217592592 0.961031837962963 0.4952546412037037 0.9574230601851852 0.4944214884259259 0.9423551782407408 0.4855974606481481 0.936942011574074 0.4843477337962963 0.9353719467592593 0.4829161875 0.9299587800925926 0.48166646064814816 0.9283887152777778 0.48023491435185184 0.9229755486111111 0.4789851875 0.9214054814814815 0.4775536412037037 0.9159923148148148 0.4763039143518519 0.91442225 0.4748723703703704 0.8963783611111111 0.47070660879629633 0.8943396481481481 0.4713050023148148 0.8817089236111111 0.46838896990740736 0.8663365162037038 0.4691162361111111 0.8627277384259259 0.46828308564814813 0.8511984328703703 0.46882853472222225 0.8475896550925925 0.46799538194444446 0.8437465532407408 0.4681771990740741 0.8335529861111112 0.4711691643518518 0.8326156898148148 0.47522903935185185 0.8301568472222222 0.475883162037037 0.7927993217592593 0.5277371319444444 0.7910217662037037 0.5319084652777778 0.7869443402777777 0.53310525 0.7860070439814815 0.537165125 0.7900142685185185 0.5445046666666666 0.795193111111111 0.546769363425926 0.7999033055555556 0.5510639976851852 0.8017076944444445 0.5514805740740741 0.8246259004629629 0.5674623263888888 0.8282346782407407 0.5682954791666667 0.8433025601851852 0.5771195069444445 0.8559332824074074 0.5800355393518518 0.8555348379629629 0.5735291504629629 0.8539647731481481 0.5720976064814814 0.8546677453703704 0.5690526990740741 0.8530976805555556 0.5676211550925926 0.8526992361111111 0.5611147662037037 0.8511291689814814 0.5596832199074074 0.8518321412037038 0.5566383148148147
3 0.5051797847222222 0.5845830555555556 0.5036097199074074 0.5831515115740741 0.48556582870370374 0.5789857500000001 0.4764736805555556 0.5854391967592593 0.4639132662037037 0.5831333240740741 0.4622725810185185 0.5536521666666667 0.47063835416666666 0.5530890694444445 0.47848867824074076 0.5602467939814815 0.48908068981481484 0.5637612175925926 0.4992742546296296 0.5607692546296297 0.5151855138888889 0.5494757245370371 0.515888486111111 0.5464308171296296 0.5181615231481481 0.5448174560185185 0.5369785879629629 0.5374019837962963 0.5365801435185186 0.5308955949074075 0.5325729189814815 0.5235560532407407 0.5219809097222222 0.5200416273148148 0.5204108449074074 0.5186100833333334 0.5149976782407407 0.5173603541666667 0.5134276134259259 0.5159288101851852 0.4935793333333333 0.5113464745370371 0.48315144444444447 0.5153534074074074 0.47820692592592595 0.5120737407407407 0.48365519444444444 0.5090553055555556 0.47373105555555556 0.5067641365740742 0.47169234259259263 0.5073625300925926 0.44462650694444444 0.5011138888888889 0.4414863773148148 0.49825080092592594 0.43968198842592593 0.497834224537037 0.4330972013888889 0.5016593402777778 0.43262855324074073 0.5036892777777778 0.43082416435185183 0.5032727013888889 0.41843725 0.5091793055555556 0.4167172939814815 0.5149828101851852 0.40659393055555554 0.5094384467592592 0.40816399537037035 0.5108699907407408 0.4018135324074074 0.5136801388888889 0.404011625 0.515684300925926 0.3993061712962963 0.5163084699074074 0.3970331342592593 0.5179218310185185 0.3967988101851852 0.5189367986111111 0.40174333101851856 0.5222164652777778 0.39541041666666665 0.5228925300925926 0.39672860879629634 0.527473125 0.3937877013888889 0.5278632314814815 0.39375259953703706 0.5321313935185186 0.391713886574074 0.532729787037037 0.3905422662037037 0.5378046319444445 0.3921123310185185 0.539236175925926 0.3914093587962963 0.5422810810185185 0.3929794236111111 0.5437126273148148 0.3925107754629629 0.5457425648148148 0.3956509050925926 0.5486056550925926 0.40122819444444446 0.5573767407407407 0.4265835578703704 0.5792664884259259 0.4340354375 0.579917824074074 0.4622026898148148 0.5896279467592592 0.46855315277777776 0.586817800925926 0.46878747685185185 0.5858028310185185 0.47443496759259257 0.5860375902777778 0.47393121759259255 0.5923356921296296 0.4856597476851852 0.5950434351851852 0.4881671087962963 0.5924151041666667 0.5029067476851852 0.5861964166666667 0.5051797847222222 0.5845830555555556
3 0.6407660578703704 0.5570869398148148 0.617309 0.5516714537037037 0.5971907592592592 0.5053331875 0.6012218310185184 0.5490265046296297 0.6111928611111112 0.5534666319444445 0.6089198240740741 0.5550799930555556 0.6017257152777779 0.5544881689814815 0.6022295972222222 0.5599498333333334 0.6070452314814815 0.5631997430555555 0.6006947685185184 0.5660098912037037 0.6076779999999999 0.5686911643518519 0.609716712962963 0.5680927708333333 0.6205430486111111 0.5705922268518518 0.6225817615740742 0.5699938333333333 0.6261905393518519 0.5708269861111112 0.6458746967592593 0.5678879652777777 0.6476790856481481 0.5683045393518519 0.6522251597222223 0.5650778171296297 0.6407660578703704 0.5570869398148148
3 0.5839154768518519 0.4905086111111111 0.5771665671296297 0.48681237037037034 0.572245576388889 0.4916630416666667 0.5679923587962963 0.4895051365740741 0.5642781828703703 0.49324463888888886 0.5588181504629629 0.4921979050925926 0.5442426319444444 0.5059379490740741 0.5376578449074074 0.5097630648148148 0.5414307430555555 0.5181175740740741 0.5563345046296296 0.5194202453703703 0.5508511342592592 0.5267068449074074 0.5539912638888889 0.5295699328703704 0.5557956527777778 0.5299865092592593 0.5571313935185185 0.5324330231481481 0.5528196435185185 0.5346447777777777 0.5419933101851852 0.5321453217592592 0.543563375 0.5335768657407407 0.5525853194444444 0.5356597476851852 0.5557254490740741 0.5385228356481482 0.557529837962963 0.538939412037037 0.5582328101851852 0.5358945069444444 0.5602715231481481 0.5352961134259259 0.5573657175925926 0.5314180555555555 0.5634818564814815 0.5296228773148148 0.5639505046296297 0.5275929398148148 0.560810375 0.524729849537037 0.5651923287037037 0.5139817685185185 0.5600134861111111 0.5117170717592593 0.553498900462963 0.5070058611111111 0.5630596967592593 0.4985224768518518 0.566434150462963 0.5003705972222222 0.5808692638888888 0.5037032060185185 0.5829079768518519 0.5031048124999999 0.5843139212962962 0.497015 0.5802129675925927 0.49008144675925924 0.5961829884259259 0.4944098564814815 0.598350587962963 0.49384121990740737 0.5996863287037038 0.49628773379629626 0.6014907175925926 0.49670430787037034 0.6046308472222223 0.49956739814814816 0.5966868726851852 0.49987152083333336 0.5971907569444445 0.5053331851851852 0.610044013888889 0.5008171273148149 0.6236822361111111 0.49113695601851853 0.6250881805555556 0.4850471435185185 0.6235181157407408 0.48361559953703703 0.6142618472222222 0.4825476875 0.5961477546296295 0.4869182546296296 0.5956791064814815 0.48894819212962964 0.5881803611111112 0.48849984953703707 0.5839154768518519 0.4905086111111111
3 0.701085011574074 0.6415710763888889 0.7028894004629629 0.6419876527777778 0.7134814097222223 0.6455020763888889 0.7152857986111111 0.6459186527777777 0.7531779675925926 0.65466675 0.7552166805555556 0.6540683564814814 0.789804599537037 0.6524320069444444 0.7918433125 0.6518336134259259 0.8233613032407407 0.6387978449074074 0.8235956273148148 0.6377828773148148 0.832922099537037 0.6303144629629629 0.8331564236111112 0.6292994930555555 0.8416158032407408 0.6173546273148148 0.8418501273148148 0.6163396574074075 0.8434903958333334 0.609234875 0.8419203310185185 0.6078033310185185 0.8408891157407408 0.5958055231481482 0.8393190509259258 0.5943739768518519 0.8353118287037037 0.5870344351851852 0.8337417638888889 0.5856028912037037 0.8243213726851851 0.5770136226851852 0.8245556967592592 0.5759986527777778 0.820548474537037 0.5686591134259259 0.8189784097222222 0.5672275671296296 0.8093236967592593 0.5596532685185185 0.8075193055555556 0.5592366921296296 0.7688302476851852 0.5374758171296296 0.7670258587962963 0.5370592407407407 0.7449045416666666 0.5340902662037037 0.7428658287037038 0.5346886597222222 0.7213772824074075 0.5372111041666666 0.7195728935185185 0.5367945277777778 0.7023960972222222 0.5371052199074074 0.7021617731481482 0.5381201875 0.7014588009259258 0.5411650949074074 0.7030288657407406 0.5425966388888889 0.7150505347222222 0.564615261574074 0.7148162106481482 0.5656302314814815 0.7181204606481482 0.5760146782407408 0.717886136574074 0.5770296481481482 0.7164801921296297 0.5831194606481481 0.7144414791666667 0.5837178541666667 0.7101297291666667 0.5859296087962963 0.7083253402777778 0.5855130324074074 0.6945229976851851 0.5876718425925925 0.6942886736111111 0.5886868125 0.6795490347222222 0.5949055 0.6777446458333333 0.594488923611111 0.6557874490740742 0.5990413078703704 0.6555531250000001 0.6000562754629629 0.6532800879629629 0.6016696365740741 0.6557172476851852 0.6075776342592593 0.6572873125 0.6090091782407407 0.665137636574074 0.6161669027777777 0.6649033125 0.6171818703703704 0.6691448587962964 0.6235064444444445 0.6707149236111112 0.624937988425926 0.6821740277777778 0.6329288634259259 0.6839784166666667 0.6333454398148148 0.701085011574074 0.6415710763888889
3 0.7648695138888889 0.49700593750000005 0.7632994490740741 0.4955743935185185 0.7596906689814815 0.4947412407407408 0.7422795486111111 0.496066900462963 0.7368663819444444 0.4948171736111111 0.7352963171296296 0.4933856296296297 0.7373350300925926 0.4927872361111111 0.7380380023148149 0.4897423287037037 0.7507389282407407 0.4841220347222222 0.7512075763888889 0.48209209722222224 0.7555193263888889 0.4798803425925926 0.7571595949074074 0.47277556018518524 0.7612370208333333 0.47157877546296295 0.7652205277777777 0.4543243055555556 0.7623147222222222 0.4504462476851852 0.7555658148148148 0.44675000462962966 0.7339131458333333 0.44175109259259254 0.7262269421296296 0.4421147268518518 0.720813775462963 0.44086499768518517 0.7167363495370371 0.4420617847222222 0.7034026550925927 0.44219065740740743 0.6911703773148148 0.44578101620370375 0.6957946620370371 0.45136245370370376 0.6899206481481482 0.4511941828703704 0.6886709189814815 0.4566073495370371 0.6919672662037037 0.45879379398148146 0.6910299699074074 0.4628536689814815 0.6874211921296296 0.4620205162037037 0.7070351481481482 0.46761782175925926 0.7033561666666667 0.47532099537037037 0.7013174537037037 0.47591938888888885 0.7003801574074074 0.4799792638888889 0.6983414444444445 0.4805776574074074 0.6978727962962963 0.4826075949074074 0.6994428611111111 0.4840391388888889 0.6966309722222221 0.49621876620370375 0.7013411666666666 0.500513400462963 0.7067543356481482 0.5017631273148149 0.7105974375 0.5015813101851851 0.7187522893518519 0.49918774074074074 0.7259698449074073 0.5008540439814815 0.722759511574074 0.5065272800925926 0.7123316226851851 0.510534212962963 0.7095899375 0.5141775138888889 0.6957875949074074 0.516336324074074 0.7000291412037037 0.5226608958333333 0.6995604930555556 0.5246908356481481 0.702231974537037 0.5295838611111111 0.716432763888889 0.5339314398148148 0.7322738194444445 0.5311742337962962 0.7453731898148148 0.5320603287037037 0.7797969884259259 0.5229026203703704 0.7823043495370371 0.5202742893518518 0.786381775462963 0.5190775046296296 0.7899905532407407 0.5199106550925926 0.7909278495370371 0.5158507800925926 0.7720870694444444 0.4986722430555556 0.7648695138888889 0.49700593750000005
3 0.0831652476851852 0.6261320046296297 0.08520396064814814 0.6255336111111112 0.09359313657407407 0.6221250717592594 0.09382746064814815 0.6211101041666667 0.09453043287037037 0.6180651967592593 0.09296036805555555 0.6166336527777778 0.0830713287037037 0.6100743194444443 0.08126693981481481 0.6096577453703703 0.06479311574074074 0.6069235277777778 0.06275440277777779 0.6075219212962963 0.04691334490740741 0.6102791273148148 0.046679020833333335 0.6112940949074074 0.04253139351851852 0.6210272083333334 0.04677293981481481 0.6273517800925925 0.04834300462962963 0.628783324074074 0.05328752314814814 0.6320629907407408 0.05509191203703704 0.6324795671296296 0.06184082175925926 0.6361758078703703 0.06364521064814815 0.6365923842592592 0.07447154398148148 0.6390918402777778 0.07651025694444444 0.6384934467592592 0.0831652476851852 0.6261320046296297
3 0.015734983796296297 0.6094954351851852 0.003772129629629629 0.6078026597222221 0.0033034837962962965 0.6098325972222222 0.004639224537037036 0.6122791111111111 0.018840011574074073 0.6166266874999999 0.02041007638888889 0.6180582314814814 0.025823243055555552 0.6193079606481482 0.02739330787037037 0.6207395046296297 0.03461086574074074 0.6224058101851851 0.03618093055555555 0.6238373541666666 0.03978970833333333 0.6246705069444445 0.04330456712962963 0.6094459745370371 0.03859437268518518 0.6051513402777778 0.028166483796296295 0.6091582731481482 0.022354872685185184 0.6014021550925925 0.012161307870370371 0.6043941203703703 0.011926983796296297 0.6054090879629629 0.015734983796296297 0.6094954351851852
3 0.09539752546296297 0.6225416481481482 0.0933588125 0.6231400416666667 0.08293092361111111 0.627146974537037 0.08269659953703704 0.6281619421296296 0.07808032175925926 0.6399249930555555 0.0872663888888889 0.6495292291666667 0.08907077777777778 0.6499458055555556 0.09652265740740741 0.6505971412037037 0.09675698148148149 0.6495821712962964 0.09879569444444446 0.6489837800925926 0.09903001851851852 0.6479688101851852 0.09980319212962963 0.6363875787037038 0.09823312731481482 0.6349560324074074 0.09539752546296297 0.6225416481481482
3 0.4419266041666667 0.06003505555555556 0.44035653935185187 0.05860351157407408 0.43431060416666667 0.05186236342592592 0.4325062152777778 0.05144578703703703 0.4234842708333333 0.049362907407407404 0.42144555787037036 0.04996129861111111 0.41486077083333334 0.05378641435185186 0.4146264467592593 0.05480138425925926 0.413689150462963 0.05886125925925926 0.41682928009259257 0.06172434953703704 0.4186336689814815 0.062140925925925926 0.42404683564814816 0.06339065277777778 0.42608554861111114 0.06279225925925926 0.43534181712962966 0.0638601712962963 0.4373805300925926 0.06326177777777778 0.44122363425925926 0.06307996296296296 0.4414579583333333 0.06206499305555555 0.4419266041666667 0.06003505555555556
3 0.4389505972222222 0.06469332407407408 0.4371462060185185 0.0642767476851852 0.42404683564814816 0.06339065277777778 0.4220081226851852 0.0639890462962963 0.4192664375 0.06763234490740741 0.42641379166666665 0.07783497685185185 0.42821818055555555 0.07825155092592594 0.43339702314814815 0.08051624768518519 0.43520141203703705 0.08093282407407408 0.44743368981481485 0.0773424675925926 0.4476680138888889 0.0763275 0.4472695694444444 0.06982111111111111 0.44546518055555556 0.06940453472222223 0.4389505972222222 0.06469332407407408
3 0.41001016898148146 0.06656443287037038 0.40797145601851853 0.06716282638888889 0.3998166041666667 0.06955639814814815 0.39958228009259256 0.07057136574074074 0.39864498379629626 0.07463124074074073 0.4044565949074074 0.08238735879629629 0.4062609837962963 0.08280393518518518 0.41708731944444444 0.0853033912037037 0.41912603240740737 0.08470499768518519 0.4243750787037037 0.07843336805555555 0.4228050138888889 0.07700182407407408 0.42193791898148153 0.07252537268518518 0.4201335300925926 0.0721087962962963 0.41001016898148146 0.06656443287037038
3 0.38648290972222227 0.06968527314814815 0.3844441967592593 0.07028366435185185 0.3769923148148148 0.0696323287037037 0.3767579907407408 0.0706472986111111 0.3730790115740741 0.07835047222222222 0.3757504930555555 0.0832435 0.3775548819444445 0.0836600763888889 0.3899512800925926 0.0875910763888889 0.39198999305555554 0.08699268518518519 0.39857478009259256 0.08316756944444445 0.39880910416666665 0.08215259953703703 0.39707491898148145 0.07319969675925926 0.39527053009259255 0.07278312037037037 0.38648290972222227 0.06968527314814815
3 0.40037916898148146 0.08358414351851852 0.39834045601851853 0.08418253703703703 0.3942630300925926 0.08537932175925926 0.3940287060185185 0.08639429166666666 0.3933257337962963 0.08943919907407408 0.3980359305555556 0.09373383333333332 0.3998403194444445 0.09415040972222223 0.40909658796296294 0.09521831944444445 0.4111353009259259 0.09461992824074074 0.41544705092592593 0.0924081736111111 0.415681375 0.09139320370370371 0.41638434722222223 0.08834829861111111 0.4148142824074074 0.08691675231481481 0.40037916898148146 0.08358414351851852
3 0.3721417152777778 0.08241034722222222 0.37010300231481486 0.08300874074074073 0.3671269930555556 0.08766700925925927 0.369798474537037 0.09256003703703704 0.3716028634259259 0.09297661342592593 0.3801561597222222 0.09708943055555555 0.38219487268518515 0.09649103703703704 0.3898810763888889 0.09612740277777777 0.39011540046296295 0.09511243518518518 0.39285708564814814 0.09146913657407409 0.39128702083333333 0.09003759027777779 0.3721417152777778 0.08241034722222222
3 0.3533009351851852 0.06523181018518519 0.35126222222222225 0.06583020370370371 0.3473489166666667 0.07454834722222223 0.35700362962962967 0.08212264583333333 0.3588080185185185 0.08253922222222222 0.36422118518518515 0.08378895138888888 0.366259900462963 0.08319055787037037 0.3723760393518518 0.08139537962962963 0.37261036342592596 0.08038040972222221 0.37134482407407404 0.06939756944444445 0.3695404351851852 0.06898099537037038 0.3533009351851852 0.06523181018518519
3 0.6930639791666666 0.050663479166666664 0.6937669513888888 0.04761857407407408 0.6958056643518519 0.047020180555555555 0.6962743125 0.04499024305555555 0.6947042453703703 0.04355869675925926 0.6786990694444444 0.03879454398148149 0.6755589398148147 0.03593145601851852 0.6685757083333334 0.03325018287037037 0.6665369953703704 0.03384857407407407 0.6629282152777778 0.03301542361111111 0.6461498634259258 0.03983250231481481 0.6447439189814815 0.04592231481481481 0.6478840509259259 0.0487854050925926 0.6452595277777777 0.05192121990740741 0.6480481712962963 0.056306763888888896 0.6455408101851852 0.05893509259259259 0.6529224861111111 0.06812275462962963 0.6635144976851852 0.07163718055555555 0.6655532106481481 0.07103878703703705 0.6730050902777778 0.07169012268518518 0.6775511643518519 0.06846340046296297 0.6784884606481482 0.06440352546296296 0.6769183958333334 0.06297197916666666 0.6573044398148148 0.05737467361111111 0.6569059953703703 0.05086828472222222 0.6749498842592593 0.055034046296296296 0.6930639791666666 0.050663479166666664
3 0.6681772615740741 0.02674379398148148 0.6679429375 0.027758761574074073 0.667708613425926 0.02877373148148148 0.6786990694444444 0.03879454398148149 0.6805034583333333 0.03921112037037037 0.6947042453703703 0.04355869675925926 0.6967429583333333 0.04296030555555556 0.702624775462963 0.04218009490740741 0.7028590995370371 0.041165127314814816 0.7078738217592593 0.035908465277777774 0.7060694305555556 0.03549188888888889 0.6681772615740741 0.02674379398148148
3 0.7031873402777777 0.05620784259259259 0.7029530162037037 0.057222810185185186 0.7022500439814815 0.06026771759259259 0.7329246574074074 0.06734950925925925 0.7349633703703703 0.06675111805555556 0.7352678981481482 0.05719982175925926 0.7336978333333334 0.05576827777777777 0.7325964166666666 0.05230679398148148 0.730792025462963 0.051890217592592595 0.7235744699074075 0.050223914351851855 0.7215357569444444 0.05082230787037037 0.7031873402777777 0.05620784259259259
3 0.6356527129629629 0.13469412037037037 0.6340826481481481 0.1332625763888889 0.6275680648148148 0.12855136574074075 0.6257636759259259 0.12813478935185185 0.6167417291666667 0.12605190972222222 0.6147030162037036 0.12665030324074072 0.6106255902777777 0.12784708796296296 0.6103912662037038 0.12886205787037036 0.6099226180555556 0.13089199537037036 0.6112583587962962 0.13333850925925925 0.6130627476851851 0.13375508333333333 0.6236547592592593 0.13726950925925926 0.6252248240740741 0.13870105324074075 0.6283649537037037 0.1415641435185185 0.6304036666666667 0.14096575 0.6344810925925926 0.13976896527777777 0.6347154166666668 0.13875399768518518 0.6356527129629629 0.13469412037037037
3 0.6236547592592593 0.13726950925925926 0.6218503703703704 0.13685293287037037 0.6184759166666667 0.13500481250000002 0.6166715277777778 0.13458823611111112 0.6092196458333333 0.13393690046296294 0.6071809328703703 0.13453529398148148 0.6008304699074074 0.13734544212962962 0.6005961458333333 0.13836040972222222 0.599658849537037 0.1424202847222222 0.605470462962963 0.15017640277777777 0.6072748518518518 0.15059297916666667 0.6124536944444444 0.15285767592592592 0.6144924074074074 0.1522592824074074 0.6246859722222223 0.14926731944444444 0.6249202962962963 0.14825234953703706 0.6281306296296297 0.14257911342592594 0.6265605648148148 0.14114756712962964 0.6236547592592593 0.13726950925925926
3 0.5913398773148149 0.13729249768518517 0.5893011643518519 0.1378908912037037 0.5836536736111111 0.13765613194444445 0.583419349537037 0.13867110185185186 0.5785687476851852 0.15144912037037037 0.5814745532407408 0.15532717824074074 0.5835132662037037 0.1547287847222222 0.6027287777777778 0.1538197013888889 0.6029631018518518 0.1528047337962963 0.6036660740740741 0.1497598263888889 0.6020960092592593 0.1483282824074074 0.5983231087962962 0.13997377083333332 0.5965187199074073 0.13955719444444445 0.5913398773148149 0.13729249768518517
3 0.5508701435185185 0.1397090601851852 0.5506358194444444 0.1407240277777778 0.547191162037037 0.1474122337962963 0.5552758125 0.15355498842592594 0.5573145254629629 0.15295659722222224 0.559353238425926 0.1523582037037037 0.5595875625 0.1513432337962963 0.5605950601851851 0.1387470324074074 0.5587906712962963 0.13833045601851854 0.5551818935185185 0.13749730555555556 0.5531431805555556 0.13809569675925926 0.5508701435185185 0.1397090601851852
3 0.17693946064814817 0.022377421296296295 0.17536939351851852 0.020945877314814815 0.1686204861111111 0.01724963425925926 0.16681609722222224 0.016833060185185184 0.1575598287037037 0.01576514814814815 0.15552111574074076 0.016363541666666665 0.15097504166666664 0.01959026388888889 0.15074071759259258 0.020605233796296293 0.1498034212962963 0.024665108796296294 0.15334199537037035 0.034034585648148145 0.15514638425925928 0.034451162037037034 0.16189529398148148 0.038147405092592596 0.16393400694444443 0.03754901157407407 0.16958149768518518 0.037783770833333334 0.17162021064814817 0.03718537731481481 0.17569763657407408 0.03598859259259259 0.17593196064814814 0.03497362268518519 0.17693946064814817 0.022377421296296295
3 0.8401131180555557 0.3604316782407407 0.8398787939814815 0.3614466458333333 0.8353327199074074 0.36467337037037034 0.8449874351851853 0.3722476689814815 0.8470261481481481 0.3716492777777778 0.8653745648148148 0.36626374305555554 0.863570175925926 0.36584716666666667 0.8590943055555555 0.3605375625 0.8572899166666667 0.36012098611111115 0.8500723587962964 0.35845468287037036 0.8480336458333333 0.35905307407407405 0.8401131180555557 0.3604316782407407
3 0.8656790925925926 0.3567124467592592 0.8636403796296297 0.35731084027777776 0.8606643703703704 0.3619691064814815 0.8653745648148148 0.36626374305555554 0.8671789537037037 0.3666803171296297 0.8743965092592592 0.3683466226851852 0.8764352222222223 0.36774822916666666 0.8825513611111111 0.3659530509259259 0.8809812962962963 0.3645215069444444 0.8801142037037037 0.3600450555555556 0.8783098148148148 0.3596284791666666 0.8656790925925926 0.3567124467592592
3 0.8785441388888889 0.3586135092592592 0.8825513611111111 0.3659530509259259 0.88435575 0.3663696273148148 0.8954164097222223 0.36785411342592594 0.8974551226851851 0.3672557222222222 0.9011341018518519 0.3595525462962963 0.8995640370370371 0.3581210023148148 0.8928151296296297 0.35442475925925926 0.8907764166666666 0.3550231527777778 0.8785441388888889 0.3586135092592592
3 0.7692723587962962 0.2638967916666667 0.7672336458333333 0.2644951828703704 0.7644919606481482 0.2681384837962963 0.7689678310185185 0.27344808564814815 0.7707722199074074 0.273864662037037 0.7797941643518519 0.2759475416666667 0.7818328773148148 0.275349150462963 0.7888863125 0.2694940949074074 0.7873162476851852 0.2680625509259259 0.7846447662037037 0.2631695231481481 0.7826060532407408 0.26376791666666666 0.7692723587962962 0.2638967916666667
3 0.8106091851851852 0.2659566828703704 0.8090391203703704 0.2645251365740741 0.8063676365740741 0.25963210879629633 0.8045632476851852 0.2592155347222222 0.8009544699074075 0.25838238194444446 0.7989157569444444 0.25898077546296294 0.7873864513888889 0.25952622453703705 0.7871521273148148 0.26054119444444446 0.7826060532407408 0.26376791666666666 0.7875505717592594 0.26704758333333334 0.7873162476851852 0.2680625509259259 0.7886519884259259 0.2705090648148148 0.7904563773148148 0.2709256412037037 0.7922607662037037 0.2713422175925926 0.7942994791666668 0.27074382407407405 0.808101824074074 0.26858501157407405 0.8083361481481481 0.2675700439814815 0.8106091851851852 0.2659566828703704
3 0.7775211273148147 0.2775609050925926 0.7757167384259259 0.2771443287037037 0.761515951388889 0.27279675 0.759477238425926 0.2733951435185185 0.7528924513888889 0.27722025925925925 0.7539938680555556 0.28068174305555554 0.7555639328703704 0.28211328703703703 0.7589383865740741 0.28396140740740744 0.7607427754629629 0.2843779837962963 0.7663902662037038 0.28461274305555556 0.7684289791666666 0.284014349537037 0.7743107939814815 0.2832341412037037 0.7745451180555556 0.2822191712962963 0.7775211273148147 0.2775609050925926
3 0.566572675925926 0.3186612268518519 0.5650026111111112 0.3172296805555555 0.5576209328703704 0.30804201851851853 0.5558165439814815 0.30762544212962967 0.5436544699074074 0.30267947453703703 0.5418500810185185 0.30226289814814816 0.5289850347222222 0.30036183333333333 0.5269463217592593 0.3009602268518518 0.5149483657407408 0.3035356157407407 0.5147140416666667 0.30455058333333335 0.5104022916666666 0.306762337962963 0.5101679675925926 0.3077773078703704 0.5078247291666667 0.31792699537037034 0.5138706643518519 0.3246681435185185 0.5156750532407407 0.3250847199074074 0.5355233333333334 0.32966705555555553 0.5375620462962962 0.329068662037037 0.5504972962962963 0.3224334004629629 0.5523016851851852 0.32284997453703707 0.5633623425925927 0.324334462962963 0.5635966666666666 0.3233194930555556 0.566572675925926 0.3186612268518519
3 0.5689159166666667 0.30851153703703704 0.5709546296296296 0.30791314583333335 0.5800467777777778 0.3014596990740741 0.5802811018518518 0.3004447291666667 0.5779141458333333 0.2860004074074074 0.5763440810185185 0.28456886111111107 0.5630805902777778 0.2761614097222222 0.5612762013888889 0.27574483333333333 0.5371161712962963 0.2733742523148148 0.5350774583333333 0.27397264583333336 0.5234779490740741 0.2830544212962963 0.523243625 0.2840693912037037 0.5218376805555556 0.2901592037037037 0.5276492939814814 0.29791531944444444 0.5294536828703704 0.29833189583333336 0.5328281365740741 0.30018001620370366 0.534632525462963 0.30059659259259264 0.5420844050925926 0.30124792824074076 0.5436544699074074 0.30267947453703703 0.561229712962963 0.3088751712962963 0.563268425925926 0.3082767777777778 0.5689159166666667 0.30851153703703704
3 0.6228834652777778 0.31348746064814814 0.6249221782407408 0.31288906712962966 0.6269608912037037 0.3122906759259259 0.6271952152777778 0.3112757060185185 0.6313428449074074 0.3015425949074074 0.6297727800925926 0.30011104861111115 0.6244298148148147 0.2903249953703704 0.6226254259259258 0.2899084189814815 0.6055188333333333 0.2816827824074074 0.6037144444444444 0.28126620601851854 0.5944581736111111 0.2801982962962963 0.5924194606481481 0.28079668750000003 0.5840302847222222 0.28420522916666663 0.5837959606481482 0.28522019675925925 0.5812183981481481 0.29638485416666666 0.5823198148148149 0.29984633796296295 0.5838898796296297 0.30127788194444444 0.5951146574074074 0.3102837268518519 0.5969190462962963 0.31070030324074077 0.6041366041666666 0.31236660648148146 0.6061753171296296 0.31176821527777776 0.6102527430555555 0.31057142824074074 0.6120571319444444 0.31098800462962967 0.6228834652777778 0.31348746064814814
3 0.5680953125 0.27090474999999997 0.5678609884259259 0.2719197175925926 0.563549238425926 0.27413147222222223 0.5648849791666667 0.2765779861111111 0.5666893680555556 0.27699456250000004 0.5801871828703704 0.2843870462962963 0.5822258958333334 0.28378865277777776 0.5928881087962963 0.27876675 0.5913180439814815 0.2773352060185185 0.5757815162037038 0.27054111574074075 0.5737428032407407 0.2711395092592592 0.5680953125 0.27090474999999997
3 0.5120425601851851 0.29965755555555557 0.5151826898148149 0.3025206458333333 0.5172214027777778 0.3019222523148148 0.5271806458333334 0.2999452569444444 0.5274149699074074 0.2989302893518519 0.5216033564814815 0.2911741712962963 0.5197989675925926 0.2907575972222222 0.5161901898148148 0.28992444444444443 0.5159558657407407 0.29093941203703705 0.5120425601851851 0.29965755555555557
3 0.47628396296296294 0.38868711111111115 0.4760496388888889 0.3897020787037037 0.4748780185185185 0.3947769236111111 0.4795882152777778 0.39907155787037035 0.4813926041666666 0.3994881342592593 0.4868057708333333 0.4007378611111111 0.48884448379629625 0.4001394699074074 0.490953400462963 0.39100475 0.4891490092592593 0.39058817361111114 0.4803613888888889 0.387490324074074 0.47832267592592587 0.3880887175925926 0.47628396296296294 0.38868711111111115
3 0.5342805694444445 0.26095986574074076 0.5327105023148148 0.2595283217592593 0.5228214652777777 0.25296899074074075 0.5207827523148149 0.2535673842592593 0.5153695856481482 0.2523176550925926 0.5133308726851852 0.2529160486111111 0.5112921597222222 0.2535144398148148 0.5110578356481481 0.2545294097222222 0.5085504745370371 0.25715774074074077 0.5125576967592592 0.2644972800925926 0.5141277615740741 0.2659288263888889 0.5193066041666666 0.26819352314814815 0.5213453171296296 0.2675951296296296 0.5249540972222222 0.2684282824074074 0.5269928101851852 0.26782988888888887 0.531070236111111 0.2666331041666667 0.5313045601851852 0.26561813425925923 0.5342805694444445 0.26095986574074076
3 0.49350630787037036 0.2729277222222222 0.4948420486111111 0.2753742361111111 0.49664643750000004 0.2757908125 0.5113158750000001 0.2781084513888889 0.5115501990740741 0.2770934837962963 0.5147605300925926 0.27142024537037035 0.5131904652777778 0.2699887013888889 0.49875535416666666 0.2666560925925926 0.4985210300925926 0.2676710625 0.49350630787037036 0.2729277222222222
3 0.48481260416666666 0.28588755787037035 0.4972090046296296 0.2898185601851852 0.4974433287037037 0.28880359027777774 0.49774785416666667 0.2792522939814815 0.49617778935185186 0.27782075 0.49123327083333335 0.2745410833333333 0.49099894675925926 0.27555605324074073 0.48621854861111113 0.2797977453703704 0.48598422453703705 0.28081271296296295 0.48481260416666666 0.28588755787037035
3 0.4983806226851852 0.2847437152777778 0.5064652731481482 0.2908864699074074 0.508269662037037 0.2913030462962963 0.5141514768518518 0.29052283796296297 0.5143858009259259 0.28950786805555556 0.5108472268518519 0.28013838888888887 0.509042837962963 0.2797218125 0.4997865671296296 0.27865390277777774 0.49955224305555557 0.27966887037037036 0.4983806226851852 0.2847437152777778
3 0.5121829675925926 0.28258490277777776 0.5148544490740741 0.28747793055555554 0.516658837962963 0.28789450694444446 0.5184632268518519 0.28831108333333333 0.5205019398148149 0.2877126898148148 0.5221422083333334 0.28060790740740743 0.5203378194444445 0.2801913310185185 0.5149246527777778 0.2789416041666667 0.5146903287037037 0.27995657175925925 0.5121829675925926 0.28258490277777776
3 0.6018863402777778 0.25625562037037036 0.6016520162037038 0.257270587962963 0.6009490439814814 0.26031549537037035 0.603854849537037 0.26419355324074073 0.605659238425926 0.26461012962962965 0.6113067291666666 0.2648448888888889 0.6115410532407408 0.2638299212962963 0.612712673611111 0.2587550763888889 0.6111426087962962 0.2573235324074074 0.6077681550925925 0.2554754097222222 0.6057294421296296 0.25607380324074075 0.6018863402777778 0.25625562037037036
3 0.5905913587962963 0.25578610185185185 0.5903570347222222 0.2568010694444445 0.587381025462963 0.26145933796296295 0.5887167662037037 0.26390585185185184 0.5905211550925926 0.26432242824074076 0.5941299328703704 0.26515558101851855 0.5961686458333333 0.26455718749999996 0.6000117476851853 0.2643753703703704 0.6002460717592593 0.2633604027777778 0.5996133032407407 0.25786898148148146 0.5978089143518518 0.2574524050925926 0.5905913587962963 0.25578610185185185
3 0.5153450115740741 0 0.5144996689814815 0.0008861273148148149 0.5203112824074074 0.008642243055555556 0.5221156712962963 0.009058819444444444 0.5290989027777778 0.011740092592592592 0.5293332268518518 0.010725122685185185 0.5327778842592592 0.004036916666666667 0.5312078194444444 0.002605372685185185 0.5309076041666666 0 0.5153450115740741 0
3 0.5650699907407407 0.06173827777777778 0.5657027592592593 0.06722969675925926 0.5672728240740741 0.06866124074074074 0.5704129560185185 0.07152433101851852 0.5722173449074074 0.07194090740740741 0.5799035486111112 0.07157727314814816 0.5801378726851852 0.07056230555555555 0.5758963240740741 0.0642377337962963 0.5740919351851852 0.0638211574074074 0.5650699907407407 0.06173827777777778
3 0.08088656481481482 0.13383521064814816 0.08065224074074075 0.13485018055555556 0.07971494444444444 0.13891005555555555 0.09572012037037038 0.14367420833333333 0.09775883333333334 0.14307581481481482 0.0997975486111111 0.1424774236111111 0.10003187037037037 0.14146245370370372 0.09445458333333334 0.13269136805555556 0.09265019444444444 0.13227479166666667 0.08904141666666666 0.13144163888888888 0.08700270370370371 0.13204003240740741 0.08088656481481482 0.13383521064814816
2 0.4796694027777778 0.2856088634259259 0.4973997199074074 0.26635381018518517 0.4821502986111111 0.2636670763888889 0.4655798958333333 0.2787212175925926 0.44427965046296297 0.29269407870370373 0.4263019675925926 0.2994373935185185 0.43943543287037035 0.31046611342592595 0.4635559143518519 0.29703744675925925 0.4796694027777778 0.2856088634259259
1 0.2698171412037037 0.7339025300925925 0.27694333796296294 0.7384342222222222 0.28917390509259255 0.7900073171296297 0.3158443240740741 0.8498318194444444 0.34531914120370366 0.857171150462963 0.3155601064814815 0.7909675300925926 0.3087406180555555 0.7628802708333333 0.31415113194444444 0.7369750902777779 0.3325041967592593 0.7282765208333333 0.4150792824074074 0.7196516527777779 0.41526674305555555 0.7188396782407408 0.3981108171296296 0.7001257986111111 0.3864783912037037 0.6994714675925926 0.36988731018518517 0.6890129004629629 0.29441489583333336 0.694039125 0.24459990509259258 0.7007125625 0.16295509490740742 0.7061311898148148 0.17732019212962963 0.7344637962962963 0.2698171412037037 0.7339025300925925
0 0.41871710185185185 0.5960521365740741 0.4007040416666666 0.6238585902777778 0.3957058263888889 0.6380992222222223 0.3959286689814815 0.6577145925925926 0.4111443518518519 0.6815396782407407 0.4051313356481482 0.684534638888889 0.34188190046296296 0.6925965717592594 0.36149613888888893 0.7228893842592592 0.45828842361111116 0.7193642291666668 0.5289711435185185 0.7252057638888888 0.534163650462963 0.6928358518518519 0.5337559074074074 0.6929555324074074 0.477681625 0.6831100578703704 0.4329608587962963 0.6693644398148147 0.41795853240740743 0.6553171203703704 0.4236338217592593 0.6274418402777777 0.44132822222222223 0.6026621111111111 0.4635547476851852 0.5845947615740741 0.4393032662037037 0.5768577314814815 0.41871710185185185 0.5960521365740741
0 0.4747901805555555 0.2955472476851852 0.4734145949074074 0.2924500949074074 0.48309957407407406 0.2826055925925926 0.46772707175925926 0.27510102546296294 0.42952126620370373 0.29899396296296293 0.43014929166666666 0.2995665810185186 0.44622011805555556 0.30733927777777775 0.4616931805555556 0.2971205532407407 0.47366779629629635 0.3028784976851852 0.49237965046296295 0.31649935185185185 0.5125911805555555 0.3236244050925926 0.5081153078703703 0.3183148009259259 0.4898956296296297 0.31079434953703705 0.4747901805555555 0.2955472476851852