2 1 0.6261926504629629 0.8579606342592593 0.5893847268518518 0.8379306319444445 0.6038758912037038 0.8114798611111111 0.5806645694444444 0.6583150439814814 0.5686347523148149 0.4839344351851852 0.5786260787037038 0.24921486805555554 0.5651196180555556 0.24762674537037038 0.5631338148148148 0.10134560185185186 0.5348839560185186 0.025626520833333336 0.5390037777777779 0.16761242129629628 0.5925770300925927 0.5036849166666667 0.6180316689814815 0.6476173842592593 0.6029576064814814 0.7914774953703704 0.6139809282407407 0.8041309212962964 0.6122026041666666 1 0.6577197199074075 1 0.6261926504629629
2 0.9497867986111111 0.10775110416666667 0.9432101527777778 0.06228643750000001 0.9424186319444444 0.061976916666666666 0.7672194768518518 0.030217511574074072 0.7308764490740741 0.0643577337962963 0.9497867986111111 0.10775110416666667
2 0.06148111574074074 0.9657712199074074 0.061568099537037034 0.9663901365740741 0.26628455324074074 0.8249602268518518 0.3281678773148148 0.7969080648148148 0.3189972384259259 0.7902024467592592 0.2564963611111111 0.8191829236111111 0.18338108333333333 0.8631195231481482 0.05818591435185185 0.944985875 0.061826069444444444 0.9522583726851851 0.06148111574074074 0.9657712199074074
3 0.4008146458333333 0.6990746481481481 0.39898081481481484 0.699332375 0.37147336805555553 0.7031982939814815 0.36978451157407405 0.7044875532407407 0.36061536342592587 0.7057761921296296 0.35892650462962966 0.7070654490740741 0.3359565486111111 0.716605087962963 0.3342676921296296 0.7178943449074074 0.3173791134259259 0.7307869166666667 0.3175240856481481 0.7318184467592593 0.3067168865740741 0.7480639513888889 0.3068618564814815 0.7490954814814814 0.30932638194444445 0.7666314791666666 0.31130518287037034 0.7674052800925927 0.32762131944444445 0.7903578842592592 0.32960012037037034 0.7911316875 0.3502579699074074 0.8050588750000001 0.3520917986111111 0.8048011458333334 0.3560494027777778 0.8063487500000001 0.35788323379629633 0.8060910208333333 0.36536352314814813 0.8060916388888889 0.36705238194444445 0.8048023819444444 0.36801637962962963 0.7983554791666667 0.3697052361111111 0.7970662199074074 0.37520672685185186 0.796293037037037 0.3771855277777778 0.797066837962963 0.398807375 0.8045471226851851 0.4006412060185185 0.8042893958333333 0.40981035416666667 0.8030007546296296 0.41149921064814815 0.8017114976851851 0.41883453009259264 0.800680585648148 0.42052338888888885 0.7993913287037038 0.43123642361111114 0.7957819027777778 0.4310914513888889 0.7947503726851851 0.4465811157407408 0.7852101180555556 0.4482699722222222 0.7839208587962964 0.4582581481481482 0.7751537870370371 0.4581131759259259 0.7741222592592593 0.4647236342592593 0.7679336990740742 0.464578662037037 0.7669021712962963 0.47692975 0.7483358796296296 0.4767847777777778 0.7473043495370371 0.4782778564814815 0.7313159560185185 0.46085275000000003 0.7137787245370371 0.45887394907407403 0.7130049236111111 0.4506687986111111 0.7078466597222223 0.4486899976851852 0.7070728587962962 0.4330045555555555 0.7019139768518519 0.43117072453703703 0.7021717037037036 0.4195878587962963 0.6995919560185185 0.41775402777777776 0.6998496828703703 0.4008146458333333 0.6990746481481481
3 0.22104852314814816 0.7106643796296296 0.21921469212962966 0.7109221087962964 0.1936860486111111 0.7155618287037037 0.1919971898148148 0.7168510856481481 0.1829730138888889 0.7191712546296296 0.1812841550925926 0.7204605115740741 0.17592763888888888 0.722265224537037 0.17423878009259258 0.7235544814814815 0.16241677777777777 0.7325792824074073 0.16058294675925924 0.7328370115740741 0.14832602546296295 0.738767224537037 0.1466371689814815 0.7400564814814815 0.13032847916666668 0.7570751689814814 0.13047345138888888 0.758106699074074 0.12289899305555556 0.7707421597222223 0.12304396527777778 0.7717736898148148 0.12082602546296296 0.7826044375000001 0.12097099768518518 0.7836359675925926 0.12864706712962962 0.7983357222222223 0.13062586805555554 0.7991095231481481 0.1410997662037037 0.8071046458333333 0.14307856712962963 0.8078784467592592 0.1529725763888889 0.8117474537037036 0.1548064050925926 0.8114897268518518 0.17232567824074074 0.8163908796296296 0.17415950694444446 0.816133150462963 0.19901409722222224 0.8200033935185185 0.20084792824074074 0.8197456643518519 0.2448598425925926 0.8135601921296297 0.2465486990740741 0.8122709351851852 0.2589505925925926 0.8073722523148148 0.2606394490740741 0.8060829953703703 0.27965180092592595 0.7949957546296297 0.2813406597222222 0.7937064976851852 0.2990482615740741 0.7733354930555556 0.2989032916666667 0.772303962962963 0.30324500462962967 0.7632785439814815 0.3031000324074074 0.7622470162037037 0.2994757314814815 0.7364587847222223 0.29040075 0.7251113449074075 0.2884219490740741 0.7243375439814814 0.2762591944444444 0.7176316782407407 0.27442536342592594 0.7178894074074074 0.25478231944444446 0.7111829236111111 0.25294848842592593 0.7114406504629629 0.24151059490740742 0.7098924305555556 0.2396767638888889 0.7101501597222223 0.22104852314814816 0.7106643796296296
3 0.20650796527777776 0.6338151435185184 0.20467413425925926 0.6340728703703704 0.17716668981481482 0.6379387916666667 0.17547783101851852 0.6392280486111112 0.16447485185185184 0.6407744143518519 0.16278599537037036 0.6420636736111112 0.1465714699074074 0.6464462824074074 0.14488261342592593 0.6477355393518519 0.11742597222222223 0.6652690671296296 0.11757094444444444 0.6663005972222222 0.10927162731481481 0.673778412037037 0.10941659953703704 0.6748099421296296 0.103531 0.6861561458333334 0.10367597222222223 0.6871876759259259 0.10695952314814815 0.6972452384259259 0.10893832407407408 0.6980190393518518 0.13466274537037037 0.7080784560185185 0.13480771759259258 0.7091099861111111 0.14132401157407407 0.7155575069444444 0.14330281250000002 0.7163313078703704 0.15107304861111112 0.7183949837962963 0.1529068773148148 0.7181372569444444 0.17365889351851851 0.7194283657407406 0.1754927222222222 0.7191706365740741 0.1988975949074074 0.7127255856481481 0.2007314236111111 0.7124678587962963 0.23007269907407407 0.7083442106481482 0.23205150231481483 0.7091180115740741 0.2450332824074074 0.7083454467592593 0.2467221388888889 0.7070561875 0.26867729166666665 0.6902958449074075 0.26853231944444445 0.6892643148148148 0.27765066203703703 0.6743080671296297 0.2705544814814815 0.6637344305555556 0.2704095092592593 0.6627029004629629 0.2695396759259259 0.656513724537037 0.267560875 0.6557399236111111 0.2608996087962963 0.648260875 0.25892080787037036 0.6474870717592592 0.23121758333333334 0.6366538541666666 0.22938375462962965 0.6369115833333333 0.20650796527777776 0.6338151435185184
3 0.02737998148148148 0.7031698958333332 0.0275249537037037 0.704201423611111 0.04057243287037037 0.7970390555555555 0.042406261574074074 0.7967813287037038 0.05891073148148148 0.794461775462963 0.06059958796296296 0.7931725185185186 0.0696237638888889 0.790852349537037 0.07131262268518518 0.7895630925925926 0.09428257870370371 0.7800234537037036 0.09413760648148148 0.7789919259259259 0.12651584722222223 0.7565590972222223 0.126370875 0.7555275671296295 0.13746802083333332 0.7413451203703704 0.1373230486111111 0.7403135902777778 0.139780125 0.7178782939814815 0.12901628472222224 0.7078201111111111 0.12703748379629629 0.7070463101851852 0.09947923148148148 0.6972446226851852 0.09764540046296297 0.697502349537037 0.08239487499999999 0.6954380555555555 0.08056104629629629 0.6956957847222222 0.07124692361111111 0.6959528958333334 0.06941309490740741 0.6962106226851852 0.02737998148148148 0.7031698958333332
3 0.02303082407407407 0.6722240185185185 0.023175796296296295 0.6732555486111111 0.02467632175925926 0.6972384490740742 0.026655122685185186 0.69801225 0.07095698148148148 0.6938898356481481 0.0729357824074074 0.6946636388888889 0.0988993425925926 0.6931185046296297 0.1005882013888889 0.6918292476851852 0.10266116898148149 0.6799669699074073 0.10435002546296296 0.6786777129629629 0.10869174074074074 0.6696522962962962 0.10400927546296296 0.6629470462962963 0.10203047453703704 0.6621732453703705 0.08788891898148148 0.6546935787037037 0.08605508796296296 0.6549513055555556 0.06404913194444445 0.6580440416666667 0.06236027314814815 0.659333298611111 0.044891807870370365 0.6680997546296297 0.04305797916666667 0.6683574814814816 0.02303082407407407 0.6722240185185185
3 0.2460739212962963 0.07705696064814814 0.24805272453703703 0.07783076157407408 0.25220610416666667 0.0940775023148148 0.2541849074074074 0.09485130324074074 0.27841625 0.12089911342592592 0.2803950509259259 0.12167291435185186 0.29424666435185187 0.12708952314814814 0.29608049305555556 0.1268317962962963 0.3172674236111111 0.13121749305555555 0.3191012546296296 0.1309597662037037 0.3322280069444445 0.13121872685185185 0.3340618356481482 0.130961 0.34491984259259256 0.12838310185185187 0.3466087013888889 0.1270938449074074 0.3518202453703704 0.12425760416666666 0.35167527314814817 0.12322607407407407 0.35389321296296294 0.11239532638888888 0.35558207175925927 0.11110606944444444 0.36359144444444447 0.10156519444444445 0.3634464722222222 0.10053366666666666 0.36272161342592596 0.09537601851851853 0.3644104699074074 0.09408676157407407 0.3696220162037037 0.09125052083333333 0.37145584490740746 0.09099279166666667 0.40065215046296293 0.08583761574074075 0.4026309513888889 0.08661141666666666 0.43269708796296297 0.08764541435185186 0.43438594444444445 0.08635615740740742 0.4507454398148148 0.08300507638888889 0.4524342986111111 0.08171581944444445 0.4594796736111111 0.07862184953703703 0.4593347013888889 0.07759031944444444 0.4727005925925926 0.06624473379629629 0.47255562037037036 0.0652132037037037 0.48056499305555556 0.05567233101851851 0.48042002083333335 0.05464080092592592 0.4826379606481481 0.04381005324074074 0.4824929884259259 0.04277852314814815 0.48002846527777776 0.025242527777777777 0.4724973680555556 0.011574300925925927 0.47051856712962964 0.010800500000000001 0.45975472453703703 0.0007423171296296297 0.45792089583333334 0.0010000462962962964 0.2580334513888889 0.029092393518518517 0.2581784236111111 0.03012392361111111 0.24457339583333335 0.053074060185185186 0.24471836805555555 0.05410559027777778 0.2460739212962963 0.07705696064814814
3 0.008444273148148149 0.08941555555555555 0.00858924537037037 0.09044708333333334 0.009364912037037036 0.10927233796296296 0.011343712962962962 0.1100461388888889 0.014337319444444444 0.11804064583333333 0.01631612037037037 0.11881444675925926 0.029928594907407405 0.1358356064814815 0.03190739583333334 0.1366094074074074 0.04223632175925926 0.143573 0.04421512268518519 0.14434680324074073 0.059900564814814816 0.14950568287037036 0.06173439351851852 0.1492479560185185 0.0710485162037037 0.1489908449074074 0.07273737268518518 0.14770158796296295 0.08726303935185185 0.14460823379629628 0.08895189583333334 0.14331897685185185 0.09614224305555555 0.14125653703703703 0.09783110185185186 0.1399672800925926 0.10825419212962963 0.13429479398148148 0.11008802083333334 0.13403706712962962 0.14493078703703705 0.1291402361111111 0.14690958796296297 0.12991403703703705 0.1524110787037037 0.12914085185185187 0.15438987962962963 0.12991465277777778 0.1754318402777778 0.13326882175925925 0.17726566898148147 0.13301109259259258 0.18855859259259258 0.1335277847222222 0.19024744907407407 0.13223852777777778 0.1994165972222222 0.13094988657407408 0.2011054560185185 0.12966062962962963 0.20998465972222224 0.12630893055555556 0.2116735185185185 0.1250196736111111 0.21813900462962965 0.11779958796296297 0.21997283564814815 0.1175418587962963 0.23391861342592593 0.11032238888888889 0.2337736412037037 0.10929086111111112 0.24458084259259258 0.09304535416666668 0.24443587037037037 0.09201382638888889 0.2412464861111111 0.06932018287037037 0.22946784259259262 0.052041296296296294 0.22748903935185186 0.05126749537037037 0.21913891666666668 0.045077701388888884 0.21899394444444445 0.044046173611111114 0.21643525694444446 0.03914625462962963 0.21445645370370373 0.0383724537037037 0.21035387962962965 0.035793321759259256 0.20852004861111112 0.03605104861111111 0.014134094907407406 0.06337021296296295 0.01427906712962963 0.06440174305555556 0.011191293981481483 0.06904331481481482 0.011336266203703704 0.07007484490740741 0.008444273148148149 0.08941555555555555
3 0.22746057175925927 0.15751377083333332 0.21602267824074076 0.15596555092592593 0.21206507407407407 0.15441794907407408 0.20458478240740743 0.1544173310185185 0.18933425694444445 0.15235303935185185 0.16969121296296294 0.14564655555555556 0.15854326157407408 0.14616139351851853 0.156999375 0.14848218055555554 0.15757926388888888 0.1526082962962963 0.1558904050925926 0.15389755324074075 0.15676023842592593 0.16008672916666666 0.15507137962962964 0.16137598611111112 0.15579624074074075 0.16653363194444443 0.15410738194444443 0.1678228912037037 0.1545422986111111 0.17091747685185185 0.17220654166666666 0.17685015972222223 0.1777080300925926 0.17607697685185184 0.17968683333333335 0.17685077777777777 0.1888559814814815 0.17556213657407407 0.1908347824074074 0.17633593981481482 0.19817010185185183 0.1753050277777778 0.2001489050925926 0.1760788287037037 0.20931805324074074 0.1747901875 0.2112968541666667 0.17556399074074072 0.2095138310185185 0.18948932638888888 0.18750787268518518 0.19258206018518517 0.18552907175925928 0.19180825925925926 0.16719077546296296 0.19438553935185185 0.16139934027777778 0.19309566435185185 0.15773168055555556 0.19361112037037037 0.15575287962962964 0.19283731944444446 0.15208521990740742 0.19335277546296295 0.15010641898148147 0.19257897453703704 0.14643875925925925 0.19309443055555556 0.13881349537037038 0.19206228472222223 0.12414285879629629 0.19412410648148148 0.12245400000000001 0.19541336574074075 0.11328485185185186 0.19670200462962964 0.11159599305555555 0.19799126157407407 0.11005210879629629 0.20031204861111113 0.11092193981481481 0.20650122453703704 0.11290074074074073 0.20727502546296298 0.11348062962962963 0.2114011412037037 0.1174382337962963 0.21294874537037037 0.13032584722222224 0.22481225694444443 0.1342834513888889 0.2263598587962963 0.1470260925925926 0.2371918425925926 0.15436141203703702 0.23616093055555556 0.15942798611111111 0.23229315972222223 0.16859713425925926 0.23100451851851853 0.17197484953703704 0.22842600462962964 0.17733136805555555 0.22662129166666667 0.17718639583333332 0.2255897615740741 0.18548571296296298 0.21811194675925927 0.20367903703703705 0.2145031388888889 0.20889058333333332 0.21166689583333334 0.21439207175925926 0.21089371064814813 0.21791475925925927 0.20934672685185185 0.22467018981481482 0.20418969675925924 0.22452521759259259 0.20315816898148148 0.2279029351851852 0.2005796550925926 0.22761299074074073 0.19851659490740742 0.23465836574074075 0.195422625 0.25632357175925924 0.1765992222222222 0.25286366435185187 0.16972215509259259 0.2624194050925926 0.17118426157407407 0.2632553634259259 0.16826169675925925 0.2685152314814815 0.16576929861111112 0.2736470671296296 0.1668012384259259 0.27533592361111114 0.1655119814814815 0.2746110648148148 0.16035433564814813 0.27263226157407405 0.15958053472222222 0.2678048263888889 0.15184375694444444 0.25863567824074074 0.15313239583333332 0.2583457337962963 0.15106933796296296 0.2618684212962963 0.14952235185185184 0.2617234490740741 0.14849082407407407 0.26679002314814815 0.14462305092592592 0.26519533101851855 0.13327622916666668 0.26123772685185187 0.13172862731481483 0.25684520833333335 0.1270864375 0.2530325763888889 0.12657036342592592 0.24115976620370372 0.12192755555555557 0.23353450462962963 0.12089540972222222 0.22846793055555553 0.12476318055555556 0.2211326111111111 0.1257940925925926 0.22069769444444443 0.12269950462962963 0.21862472685185186 0.1345617824074074 0.21312323842592593 0.1353349675925926 0.20453397685185185 0.14074972453703702 0.20878152546296297 0.14436038425925926 0.23054834490740742 0.15287219907407407 0.22746057175925927 0.15751377083333332
3 0 0.23440420601851852 0.003324175925925926 0.23341494444444444 0.008005881944444444 0.23346174768518518 0.010241925925925925 0.23433614351851853 0.030574180555555556 0.2335719212962963 0.03959835648148148 0.23125175231481482 0.04157715972222222 0.23202555324074073 0.045244819444444445 0.2315100972222222 0.05316002546296296 0.23460530092592594 0.053304997685185186 0.23563683101851854 0.06223500925925926 0.24595274074074072 0.06421381018518518 0.24672654166666666 0.07763050694444444 0.2490485625 0.07748553472222222 0.24801703472222222 0.06189425925925926 0.23022207407407405 0.05421818981481481 0.21552231944444444 0.05026058564814814 0.2139747175925926 0.051949444444444444 0.21268546064814814 0.06266247916666667 0.20907603472222222 0.07916694675925927 0.20675648148148149 0.08592237731481482 0.2015994537037037 0.08548746064814815 0.19850486574074075 0.09928826620370369 0.19025386574074077 0.10054220833333333 0.18587002083333334 0.1097113587962963 0.18458138194444446 0.11308907407407408 0.18200286805555554 0.12423702314814815 0.18148802777777778 0.12761473842592594 0.1789095138888889 0.11294410185185184 0.18097133796296297 0.11096530092592592 0.18019753703703703 0.09981734953703703 0.180712375 0.09006831250000001 0.17787489814814814 0.08992334027777778 0.17684336805555553 0.08384196296296297 0.17349043518518517 0.08553082175925926 0.17220117824074072 0.09392430324074075 0.15208728472222222 0.09194550231481483 0.15131348379629628 0.06796074305555556 0.15363241666666666 0.06598194212962963 0.15285861574074072 0.05468901851851852 0.15234192592592594 0.0467738125 0.1492467199074074 0.04662884027777778 0.14821519212962964 0.021868416666666664 0.13170887037037038 0.005552280092592593 0.1087562662037037 0 0.10953658796296296 0 0.23440420601851852
1 0.6656503634259259 0.5676038402777778 0.6799728055555555 0.5098400555555556 0.6585734976851852 0.5052738263888888 0.64695025 0.5449862824074074 0.6356892986111111 0.5606644143518519 0.5977689236111111 0.5729363402777777 0.5108830601851851 0.5800982152777778 0.5086824629629629 0.5804074884259259 0.5219311504629629 0.6134687106481481 0.5936542175925926 0.6088585902777778 0.6276293842592593 0.6097639722222221 0.6810141527777778 0.6077311319444445 0.7496791851851852 0.6119660185185185 0.7628869629629629 0.5808668634259259 0.6760706064814814 0.5725559837962964 0.6656503634259259 0.5676038402777778
0 0.46518715046296294 0.6913951574074074 0.49318960416666663 0.6764146805555555 0.5092243356481482 0.6654303449074074 0.5243594976851852 0.6440533981481481 0.5255952175925925 0.6195807523148148 0.5322252546296297 0.6148621087962963 0.5989194143518518 0.6090653287037037 0.6017112847222222 0.5703836597222223 0.48770357407407405 0.5788326921296296 0.41830575462962966 0.578698025462963 0.4124144606481482 0.6112934861111111 0.4777452708333333 0.6184163472222223 0.5048164421296296 0.630074724537037 0.5060784444444445 0.6430461597222222 0.4929452523148148 0.6600393217592592 0.47506727546296296 0.6725449930555556 0.4291324444444445 0.6929910324074073 0.4100997708333334 0.6986112314814815 0.4365468194444444 0.7018369050925926 0.46518715046296294 0.6913951574074074