2 0.6286824351851853 0.7996735046296296 0.7808074166666666 0.4907203101851852 0.8015124768518519 0.3873058356481482 0.8850395300925926 0.12950828935185185 0.9397648587962962 0.018943414351851852 0.8861510069444444 0.014106407407407408 0.8861186944444444 0.015031770833333334 0.7789214328703703 0.27311452314814816 0.7546545 0.3919696527777778 0.5821886597222222 0.7759994375 0.4350584050925926 0.9926633171296296 0.4687878449074074 0.9938411759259259 0.5431444606481481 0.9449249050925926 0.5896164328703704 0.9035585902777777 0.6286824351851853 0.7996735046296296
2 0.2749076805555556 0.429768275462963 0.26741797453703703 0.40128583333333334 0.2639103726851852 0.3763704652777778 0.26339488657407406 0.37561127083333334 0.2531495092592593 0.37112134722222223 0.2578844976851852 0.39998936805555557 0.2605442199074074 0.4217250601851852 0.27049084027777776 0.46999048379629627 0.2726843287037037 0.5011971574074073 0.2766597083333333 0.5010765625 0.280989775462963 0.49855947916666665 0.28331844212962964 0.4903765046296296 0.2819981180555556 0.4813249120370371 0.28204012500000003 0.4801219421296296 0.2749076805555556 0.429768275462963
2 0.34790965972222226 0.9479464814814814 0.3484694236111111 0.9516164004629629 0.36011871064814815 0.9941043935185185 0.37543093055555554 0.9943796898148148 0.35552013657407405 0.9338701759259259 0.3347707685185185 0.8737946226851853 0.3253124722222222 0.9016852268518518 0.34790965972222226 0.9479464814814814
3 0.23703453935185184 0.5982899212962963 0.23807557175925925 0.5983262754629629 0.24015763657407407 0.5983989814814814 0.2412632962962963 0.5965846111111112 0.24445102083333334 0.5948429490740741 0.24555668287037039 0.5930285787037037 0.25225527546296295 0.5802916342592593 0.2523199050925926 0.5784409097222222 0.25387796759259257 0.563671474537037 0.2529015625 0.5617843958333333 0.2511426435185185 0.5524580717592593 0.25016623842592595 0.5505709930555556 0.24723702777777778 0.5449097615740741 0.24619599768518519 0.5448734074074074 0.242161125 0.5410265462962963 0.2411200925925926 0.5409901921296296 0.23695596527777776 0.5408447777777778 0.22849845138888888 0.5442553958333334 0.22739278935185184 0.5460697662037037 0.2241404375 0.5496621527777777 0.22303477546296296 0.5514765231481481 0.22056493981481481 0.5625081574074074 0.2215413425925926 0.5643952337962963 0.23143463425925925 0.5795645625 0.23137000462962962 0.5814152847222223 0.23703453935185184 0.5982899212962963
3 0.24758109027777778 0.6245999444444444 0.2485574953703704 0.6264870208333334 0.25135744675925925 0.6358497013888889 0.25239847916666663 0.6358860532407407 0.2606621087962963 0.6380276064814815 0.2617677685185185 0.636213236111111 0.2692488796296296 0.6309155416666667 0.27035453935185183 0.6291011712962963 0.2747771828703704 0.6218436898148149 0.2748418125 0.6199929675925927 0.2762059884259259 0.6107757013888888 0.27522958333333336 0.6088886250000001 0.275488099537037 0.6014857291666666 0.2745116967592593 0.5995986527777778 0.27275277546296295 0.5902723263888889 0.27171174305555557 0.5902359722222222 0.2657240648148148 0.5826149560185185 0.2646830324074074 0.5825786018518518 0.2594778726851852 0.5823968333333333 0.2531024212962963 0.5858801597222223 0.2519967615740741 0.5876945300925926 0.24763874768518518 0.5931012870370371 0.24757411805555557 0.5949520092592593 0.24536279629629631 0.59858075 0.24529816898148146 0.600431474537037 0.24503965277777778 0.6078343680555556 0.24601605555555556 0.6097214467592593 0.24758109027777778 0.6245999444444444
3 0.24621691666666667 0.6338172083333333 0.24628154398148147 0.6319664837962963 0.24673394444444444 0.6190114189814815 0.24575754166666666 0.6171243402777777 0.24302221759259257 0.6059109375 0.2419811851851852 0.6058745833333333 0.23996375 0.6039511527777778 0.23332978472222224 0.6148373726851851 0.23326515740740741 0.6166880972222223 0.23255424074074074 0.6370460578703704 0.23353064351851852 0.638933136574074 0.23418390509259257 0.6500738333333332 0.23522493518518517 0.6501101851851852 0.2416650138888889 0.6447761365740741 0.2427706759259259 0.6429617662037037 0.24621691666666667 0.6338172083333333
3 0.24121958796296297 0.6873791365740741 0.24226061805555557 0.6874154907407407 0.2526063125 0.68962975 0.25371197222222225 0.6878153796296296 0.26034593749999996 0.6769291597222222 0.26041056481481484 0.6750784351851853 0.26222714351851856 0.6529061041666666 0.26125073842592594 0.6510190277777779 0.25539231944444446 0.6396965625 0.254351287037037 0.6396602083333334 0.249146125 0.6394784398148148 0.24381170833333332 0.6429981203703704 0.2427060462962963 0.6448124907407407 0.23717774305555556 0.6538843402777778 0.23711311342592595 0.6557350648148149 0.23691922916666666 0.6612872361111111 0.23789563194444444 0.6631743125 0.23841963425925924 0.6780164560185185 0.23939603703703705 0.6799035347222222 0.24121958796296297 0.6873791365740741
3 0.46644240277777776 0.5655354467592593 0.4675480648148148 0.5637210763888889 0.4719707083333333 0.5564635949074074 0.47203533564814815 0.5546128726851852 0.47118818981481486 0.5490243472222223 0.4701471574074074 0.5489879930555556 0.46311844907407407 0.5413306226851852 0.4621420439814815 0.5394435439814815 0.4573246574074074 0.5281574351851852 0.456283625 0.5281210810185185 0.45211949537037033 0.5279756666666666 0.4465265625 0.5388982407407407 0.4464619351851852 0.5407489652777778 0.44620341898148147 0.5481518587962962 0.44717982407407403 0.5500389375 0.4529089861111111 0.565062849537037 0.4539500185185185 0.5650992013888888 0.46325467824074074 0.5672771087962963 0.4643603402777778 0.5654627384259259 0.46644240277777776 0.5655354467592593
3 0.46917075462962965 0.5471009166666667 0.47021178703703703 0.5471372685185185 0.47645797916666666 0.5473553912037037 0.4775636412037037 0.5455410208333333 0.48413297685185186 0.5365055231481481 0.48419760416666663 0.534654800925926 0.48764384490740736 0.5255102430555555 0.48770847453703703 0.5236595185185186 0.48711984259259256 0.5106680995370371 0.48614343981481484 0.5087810208333333 0.47813832638888887 0.49923657407407407 0.4770972939814815 0.4992002199074074 0.47189213194444446 0.4990184513888889 0.4620704421296296 0.5116463356481481 0.4620058148148148 0.5134970578703704 0.4596652361111111 0.5208272476851852 0.4596006064814815 0.5226779699074074 0.4593420925925926 0.5300808657407408 0.46031849537037034 0.5319679421296296 0.4621420439814815 0.5394435439814815 0.4631830763888889 0.5394798981481481 0.46917075462962965 0.5471009166666667
3 0.48920190740740743 0.5107408055555556 0.49030756712962964 0.5089264351851852 0.49349529166666667 0.5071847731481481 0.49460095370370366 0.5053704027777778 0.500193886574074 0.4944478287037037 0.5002585138888889 0.4925971041666667 0.5018165763888889 0.47782766898148143 0.5008401736111111 0.4759405902777778 0.49400534953703706 0.4627310486111111 0.4929643171296296 0.4626946967592592 0.4868473819444445 0.4587751273148148 0.4832718842592592 0.47162113194444444 0.482166224537037 0.4734355023148148 0.4777435810185185 0.4806929814814815 0.4776789513888889 0.4825437060185185 0.47637940509259263 0.48991024768518515 0.4773558078703704 0.49179732407407406 0.4782029537037037 0.4973858495370371 0.4792439861111111 0.4974222037037037 0.48920190740740743 0.5107408055555556
3 0.5132609560185185 0.448579625 0.5143019884259259 0.4486159791666666 0.5163840532407408 0.44868868518518523 0.517489712962963 0.4468743148148148 0.5187246319444445 0.44135849768518515 0.5177482291666666 0.4394714212962963 0.5160539375000001 0.4282943703703704 0.5150129050925926 0.4282580162037037 0.5111072916666667 0.4207097083333333 0.5100662592592593 0.4206733541666666 0.500761599537037 0.41849544675925926 0.4974446157407407 0.4239385578703704 0.49737998842592596 0.4257892824074074 0.49705684490740737 0.43504290046296296 0.4959511828703704 0.4368572708333333 0.4901643634259259 0.45333201620370367 0.4911407685185185 0.45521909259259263 0.49712844444444443 0.4628401111111111 0.49816947685185187 0.462876462962963 0.5132609560185185 0.448579625
3 0.5150775324074074 0.4264072939814815 0.5161185648148149 0.42644364814814817 0.5202826944444444 0.4265890625 0.5213883541666666 0.42477469212962965 0.5258109976851851 0.4175172106481482 0.5258756273148149 0.41566648842592596 0.5282162060185185 0.40833629861111115 0.5282808333333333 0.4064855763888889 0.5276922037037037 0.3934941550925926 0.5267157986111111 0.3916070787037037 0.5248276203703703 0.3859821990740741 0.5237865902777777 0.38594584722222225 0.52079275 0.382135337962963 0.5197517175925926 0.3820989837962963 0.5135055254629629 0.3818808634259259 0.5090828819444444 0.3891383425925926 0.5090182546296296 0.3909890671296296 0.5031668055555556 0.409314537037037 0.5031021782407407 0.41116525925925923 0.5029729189814814 0.41486670833333333 0.5040139513888889 0.4149030601851852 0.5121483240740741 0.4207460625 0.5131247268518518 0.42263313888888887 0.5150775324074074 0.4264072939814815
3 0.8973929606481482 0.7010283125 0.8973283310185186 0.7028790370370371 0.8949877523148148 0.710209224537037 0.8949231249999999 0.7120599467592592 0.8922594027777777 0.7286437546296297 0.8921947731481481 0.7304944768518519 0.8914192291666666 0.752703162037037 0.8923956319444444 0.7545902407407407 0.896896849537037 0.8047779027777778 0.8978732546296295 0.8066649814814815 0.9091376944444444 0.8422649768518519 0.910178724537037 0.8423013287037037 0.9190309861111111 0.8574343032407407 0.9200720162037037 0.8574706550925926 0.9320473726851852 0.8727126898148149 0.9330884050925926 0.8727490439814815 0.956515113425926 0.8883909675925926 0.957620775462963 0.8865765972222222 0.9589203217592592 0.8792100555555555 0.9579439189814815 0.8773229791666667 0.9496733171296297 0.8455334907407407 0.9497379467592593 0.8436827685185185 0.9446550694444444 0.8101516180555556 0.9447196990740742 0.8083008958333333 0.946076900462963 0.7694356967592593 0.9471825625 0.7676213263888889 0.9511458310185185 0.7436709768518519 0.9522514930555555 0.7418566087962963 0.955826988425926 0.7290106018518517 0.9569326504629629 0.7271962314814815 0.9649307916666666 0.7070927476851852 0.9660364513888888 0.7052783773148148 0.9781987199074074 0.6853203055555556 0.978263349537037 0.6834695810185184 0.9794336388888889 0.679804488425926 0.9805392986111111 0.6779901180555555 0.9936779722222222 0.6599191226851852 0.993742599537037 0.658068400462963 0.9941303726851851 0.6469640578703704 0.9930893402777777 0.6469277037037037 0.9900955023148148 0.6431171944444445 0.9890544699074074 0.6430808425925926 0.9798144375 0.6390522106481482 0.9787734050925926 0.6390158587962963 0.957952763888889 0.6382887847222222 0.9442900879629629 0.6415176342592593 0.9431844282407407 0.6433320046296296 0.9293278657407407 0.6521130277777778 0.9282222060185185 0.6539273958333334 0.9130660972222222 0.6700749606481481 0.9130014699074074 0.6719256828703704 0.9053264722222223 0.682775550925926 0.9052618449074075 0.6846262731481482 0.8973929606481482 0.7010283125
3 0.9458253587962964 0.806486525462963 0.9468017615740741 0.8083736018518519 0.9490200578703705 0.8343927962962964 0.9499964606481481 0.8362798726851851 0.9590495787037037 0.8755086087962963 0.9600259814814814 0.8773956851851852 0.9697253888888888 0.8981171828703703 0.9707664189814814 0.8981535370370369 0.9849530972222221 0.9097668310185185 0.9850177268518517 0.9079161064814815 0.9934840856481482 0.6654712939814815 0.9924430532407407 0.6654349421296296 0.9914020208333333 0.6653985879629629 0.9659071944444444 0.7089798240740741 0.9658425648148148 0.7108305486111112 0.9556331041666667 0.7345627731481481 0.9555684745370371 0.7364134976851852 0.9521222337962962 0.7455580555555555 0.9520576064814814 0.7474087800925925 0.946988675925926 0.7731734976851852 0.9469240462962963 0.7750242199074074 0.9458253587962964 0.806486525462963
3 0.9641836689814816 1 0.9737811782407407 0.9909078472222221 0.9748222106481482 0.990944199074074 0.9822386921296297 0.9874972291666666 0.9823033217592593 0.9856465046296295 0.9845006967592593 0.9227218958333333 0.9834596643518518 0.9226855439814814 0.9654966319444444 0.8998224930555556 0.964455599537037 0.8997861388888888 0.9561273425925926 0.8994953101851851 0.9336840092592593 0.9153883981481482 0.9325783495370371 0.9172027662037038 0.9107882754629629 0.944236550925926 0.9107236481481481 0.9460872754629629 0.9062363750000001 0.9551954791666667 0.9061717453703703 0.9570462013888889 0.9014259606481482 0.973557300925926 0.9013613310185186 0.9754080254629629 0.8986976087962963 0.9919918310185186 0.8986329791666667 0.9938425555555556 0.8988024282407407 1 0.9641836689814816 1
3 0.20910848611111113 0.26377820601851854 0.21014951620370373 0.2638145601851852 0.2173721134259259 0.26591975925925926 0.21847777314814815 0.2641053888888889 0.22094761111111114 0.2530737546296296 0.21997120601851852 0.2511866759259259 0.21619485185185183 0.23993691898148148 0.21625947916666666 0.23808619675925924 0.21638873611111112 0.2343847476851852 0.21749439814814814 0.23257037731481484 0.22009349074074075 0.21783729629629628 0.21911708796296295 0.21595021759259259 0.21501758796296297 0.2139540810185185 0.20337234953703703 0.21910636111111112 0.20226668750000001 0.22092073148148147 0.19894970601851852 0.2263638425925926 0.1988850763888889 0.2282145648148148 0.19732701620370371 0.24298400231481482 0.1983034189814815 0.2448710787037037 0.19915056481481483 0.2504596041666667 0.20019159722222224 0.2504959583333333 0.20910848611111113 0.26377820601851854
3 0.18413068749999997 0.2925536527777778 0.18510709027777777 0.2944407314814815 0.18914196296296296 0.2982875925925926 0.19018299305555555 0.2983239467592593 0.20280463657407408 0.2950587430555556 0.2039102986111111 0.29324437268518516 0.2095678587962963 0.28047107407407407 0.2096324884259259 0.278620349537037 0.21002025925925927 0.26751600694444444 0.20904385648148147 0.2656289305555556 0.20513824305555556 0.25808062037037033 0.20409721064814815 0.2580442662037037 0.19596284027777777 0.2522012662037037 0.19485717824074075 0.2540156365740741 0.19583358333333334 0.25590271527777775 0.19876279166666666 0.26156394675925926 0.19869816435185186 0.2634146712962963 0.197527875 0.2670797638888889 0.19642221296296294 0.2688941342592593 0.1836066851851852 0.27771150925925925 0.18354205555555556 0.2795622337962963 0.18413068749999997 0.2925536527777778
3 0.06932887731481481 0.4460480393518519 0.06386520138888889 0.4532691666666666 0.06380057175925925 0.4551198912037037 0.06263028240740741 0.4587849837962963 0.06360668518518518 0.46067206250000003 0.07596981481481481 0.4648097523148148 0.07707547453703703 0.46299538194444445 0.077527875 0.4500403171296296 0.07655147222222222 0.44815323842592597 0.06932887731481481 0.4460480393518519
3 0.17680517361111112 0 0.17853265277777777 0.005146166666666667 0.17950905787037036 0.007033243055555556 0.18647313888888892 0.016541337962962963 0.1875141712962963 0.01657769212962963 0.19382499305555556 0.01494509027777778 0.19493065277777777 0.013130719907407407 0.19922403935185184 0.0095746875 0.19928866666666667 0.007723962962962964 0.19869179166666667 0 0.17680517361111112 0
3 0.46179985416666663 0.1910712361111111 0.4629055162037037 0.18925686574074074 0.46518146527777776 0.18377740046296295 0.46524609490740737 0.18192667824074074 0.46381031712962967 0.16334673379629627 0.4628339143518519 0.16145965509259258 0.4588636712962963 0.15576206944444446 0.4578226388888889 0.1557257152777778 0.4557405740740741 0.15565300925925923 0.450276900462963 0.16287413657407407 0.4502122708333334 0.1647248587962963 0.44683065972222225 0.17201869444444445 0.4467660300925926 0.17386941666666667 0.44729003472222223 0.18871156018518517 0.4482664375 0.1905986388888889 0.4492428402777777 0.19248571527777777 0.4502838726851852 0.19252206944444444 0.46179985416666663 0.1910712361111111
3 0.4477494074074074 0.20540442824074073 0.4478140370370371 0.20355370370370368 0.44716077546296296 0.19241300925925928 0.4461197430555555 0.19237665509259258 0.43375661574074076 0.18823896296296297 0.4314806666666667 0.19371842824074076 0.431416037037037 0.19556915046296297 0.43109289351851854 0.20482277083333333 0.43206929629629626 0.20670984722222221 0.43291644212962965 0.21229837268518517 0.4338928472222222 0.21418544907407408 0.44326213657407404 0.21451263194444442 0.4443677962962963 0.21269826157407407 0.4477494074074074 0.20540442824074073
3 0.8520032129629629 0.8069161435185186 0.8510268078703703 0.8050290671296296 0.8480329699074074 0.8012185578703703 0.8469919374999999 0.8011822060185184 0.8438688402777778 0.8010731435185185 0.840616488425926 0.8046655300925926 0.8405518587962963 0.8065162546296297 0.8393169398148148 0.8120320717592593 0.8402933449074075 0.8139191504629629 0.8429640393518518 0.826983275462963 0.8440050717592592 0.8270196296296296 0.8491456041666666 0.8290521226851851 0.8502512638888888 0.8272377523148149 0.8520032129629629 0.8069161435185186
1 0.7183117476851852 0.17909014814814816 0.7550210300925926 0.23522028935185185 0.767619423611111 0.2714227615740741 0.7707947337962963 0.29988424999999996 0.7524655439814815 0.3800341365740741 0.7166705856481482 0.4768068240740741 0.7602622106481481 0.5268771712962963 0.7932221111111111 0.4098079907407407 0.8333651342592593 0.2929896527777778 0.8449087361111111 0.2429916898148148 0.8603507916666666 0.19776231712962963 0.895509599537037 0.10726754861111111 0.8545268287037038 0.08397122685185186 0.8541104166666668 0.08395668518518519 0.8318792870370371 0.14451401620370372 0.8049635138888889 0.20490775462962962 0.7918033611111112 0.21463958564814814 0.7886802638888889 0.21453052546296297 0.7403716805555556 0.1652219490740741 0.6763129652777777 0.06848295833333334 0.6593181041666667 0.09549889583333332 0.7183117476851852 0.17909014814814816
1 0.5601365 0.601605074074074 0.5603640949074075 0.6010571273148148 0.5576963773148148 0.5729839606481482 0.5809627731481481 0.515612849537037 0.5760498356481482 0.5130324097222222 0.5567042592592593 0.5596078541666667 0.5510427013888889 0.5277241782407407 0.5427675416666667 0.5318823587962963 0.55255775 0.6067140601851853 0.5601365 0.601605074074074
1 0.2501371388888889 0.39918145833333335 0.2584093240740741 0.41003231944444446 0.26559941666666664 0.43993109259259255 0.2661845625 0.43809854629629624 0.2751418101851852 0.4293317361111111 0.2611004791666667 0.37176959722222225 0.25094290740740743 0.3671530324074074 0.2552813449074074 0.38916970601851847 0.21844559490740742 0.34860018287037037 0.2158120949074074 0.3553642476851852 0.2468166712962963 0.38980060185185184 0.2501371388888889 0.39918145833333335
0 0.9390673611111111 0.4836466018518518 0.8962259375 0.4419408657407407 0.8429266759259259 0.41914093287037035 0.8115521342592593 0.4161923287037037 0.8017306319444444 0.401952 0.8308228125 0.30012749537037037 0.8134728657407407 0.2835859884259259 0.7977354745370371 0.2626536412037037 0.7890252106481482 0.27031728935185184 0.7740722407407407 0.2925867800925926 0.7412501527777777 0.41466382175925925 0.7014425023148149 0.5188936041666666 0.7318481226851852 0.5794360694444445 0.7779636180555556 0.48858272453703705 0.8124794375 0.45828737268518516 0.8611997407407408 0.4599887222222222 0.9140401388888889 0.4959287939814815 0.9870279699074074 0.6026150972222223 0.9941251689814814 0.5695092847222222 0.9390673611111111 0.4836466018518518