2 1 0.6830010555555556 0.9320540949074074 0.6553182291666666 0.8585096041666667 0.6638171550925925 0.6721040069444444 0.6124684189814815 0.6471632546296296 0.603458349537037 0.5022185625 0.5561025833333333 0.39096137731481484 0.5421852569444444 0.26249440740740737 0.5135366550925926 0.11758425 0.46716986805555555 0.1158260625 0.4672312662037037 0.07477072916666667 0.4493823703703704 0 0.4238061134259259 0 0.46263521759259263 0.10672705092592592 0.5085948472222223 0.22243057175925926 0.5495505509259259 0.33232618981481477 0.5748869351851852 0.4719707361111111 0.5962243240740741 0.47466889351851854 0.5976101712962963 0.7143670092592592 0.6649004027777777 1 0.7509766342592592 1 0.6830010555555556
2 0 0.01794265509259259 0.062412166666666664 0.03498832175925926 0.12999680092592591 0.05905056018518518 0.19075127083333335 0.05573032175925926 0.21026338888888887 0.07908441898148147 0.34055268981481485 0.09465103703703705 0.49273899537037036 0.11006795370370372 0.5716930856481481 0.10790492592592592 0.656927837962963 0.1025311712962963 0.795264712962963 0.10340172916666666 0.8883221111111111 0.10766708796296297 0.9847066828703703 0.11541219907407407 0.9851587476851852 0.06733588657407408 0.8534999768518519 0.058717127314814814 0.7758310162037036 0.05151709953703704 0.6404627361111112 0.059246092592592586 0.5123936111111111 0.06162333796296297 0.4623178171296296 0.06457067129629629 0.37192582407407404 0.060222657407407405 0.21426292824074072 0.040796511574074074 0.19414889814814817 0.03098208564814815 0.19308344212962963 0.03071702546296296 0.15291153472222221 0.02702300462962963 0.1513014050925926 0.027079231481481482 0.11133065972222222 0.013757743055555556 0.049075011574074075 0.015441875 0 0.01715561111111111 0 0.01794265509259259
3 0.709779525462963 0.4051210023148148 0.692759474537037 0.39529234027777777 0.6850657523148148 0.3872225972222222 0.6849566898148148 0.3840995 0.6830696134259259 0.3831230972222222 0.6829605532407407 0.3800000023148148 0.681073474537037 0.37902359722222223 0.6809644143518518 0.3759005023148148 0.6790773356481481 0.3749240972222222 0.6787501527777777 0.3655548101851852 0.6730889212962963 0.36262559953703705 0.665686025462963 0.36288411342592597 0.6638716574074074 0.36398977546296296 0.6527673148148148 0.3643775462962963 0.6509529444444445 0.3654832083333333 0.6398486018518519 0.36587097916666667 0.6380342314814814 0.3669766412037037 0.6324820601851853 0.3671705277777778 0.6214867777777777 0.37068139583333337 0.6159346064814815 0.3708752824074074 0.6141202361111111 0.3719809421296296 0.5993871550925925 0.3745800370370371 0.5914389537037037 0.3592230694444445 0.593253324074074 0.3581174074074074 0.5988054953703703 0.3579235231481481 0.6006198657407408 0.35681786111111113 0.6061720370370369 0.35662397453703704 0.6079864074074074 0.35551831481481483 0.6209051203703704 0.3540248819444444 0.6337147708333334 0.3494083518518519 0.6374162199074074 0.3492790949074074 0.6447464074074074 0.34693851620370375 0.6538182569444444 0.3414102106481482 0.6257665717592593 0.3340513842592593 0.620214400462963 0.33424527083333333 0.6183273240740741 0.33326886805555556 0.614625875 0.333398125 0.6109971365740741 0.33560944675925924 0.601816224537037 0.3380146550925926 0.5836725231481482 0.3490712615740741 0.5837088773148148 0.3501122939814815 0.5782657662037037 0.3534292777777778 0.578338474537037 0.35551134259259265 0.5729680694444444 0.3609103888888889 0.5647885347222222 0.3768305486111111 0.5718444189814815 0.3817956597222222 0.5663649560185186 0.3840716087962963 0.5645142314814815 0.3841362384259259 0.5620620231481481 0.38213726851851854 0.5626998611111111 0.38524189814814813 0.5553696736111111 0.3875824768518519 0.556609 0.3927507083333333 0.5537007175925927 0.39285226620370367 0.5538824861111111 0.39805742824074075 0.5557695648148149 0.39903383101851847 0.5558422708333334 0.40111589583333335 0.5596527800925926 0.4041097337962963 0.5616852708333333 0.4092502662037037 0.5692699351851852 0.414196912037037 0.5693062893518518 0.41523794444444445 0.5825521851851851 0.42311380092592593 0.5881407083333333 0.42396094675925927 0.5956526643518519 0.4268255277777778 0.6049426365740741 0.4275434166666667 0.6105675162037038 0.42943159490740745 0.614268962962963 0.42930233796296297 0.6217445648148149 0.4311258865740741 0.6495054212962963 0.4301564560185185 0.6513197916666668 0.4290507939814815 0.6568719629629629 0.42885690972222223 0.6586863333333334 0.42775124768518513 0.6679399513888888 0.4274281041666667 0.6917812384259259 0.42034173842592587 0.7099249398148147 0.40928513194444444 0.709779525462963 0.4051210023148148
3 0.827138548611111 0.42291106944444445 0.8289529189814815 0.4218054074074074 0.8455730787037038 0.42018271759259257 0.847387449074074 0.41907705787037036 0.8694507199074074 0.4141373842592593 0.8712650902777779 0.4130317222222222 0.8877398356481481 0.4072449050925926 0.8895542060185185 0.4061392430555556 0.9059198888888889 0.3972293287037037 0.905883537037037 0.3961882962962963 0.93484075 0.37641565972222224 0.9348043981481482 0.3753746273148148 0.9509883125 0.3612595509259259 0.9509519606481481 0.3602185185185185 0.9561405949074073 0.34961431249999997 0.9561042407407407 0.3485732800925926 0.9574096597222223 0.3328931689814815 0.9555225833333333 0.33191676620370375 0.9531992615740741 0.31844797685185183 0.9513121851851851 0.31747157407407406 0.9357429675925927 0.29612692824074077 0.9338558912037037 0.29515052546296294 0.9130253310185185 0.28232802314814814 0.9111746087962963 0.2823926527777778 0.8924492476851852 0.2767927476851852 0.8905985254629629 0.276857375 0.8682080717592592 0.2724277592592593 0.8663573472222222 0.2724923888888889 0.8311935972222222 0.27372033333333334 0.8293792268518518 0.27482599305555555 0.8238270555555555 0.27501987962962965 0.8220126851851852 0.27612554166666664 0.8091666805555555 0.27970103935185187 0.8073523101851853 0.2808066990740741 0.7946153657407408 0.28750529166666666 0.7946517199074074 0.28854632407407405 0.7838745601851852 0.29830338657407407 0.7820601898148148 0.2994090462962963 0.7711739675925926 0.30604301157407404 0.7693232453703703 0.30610764120370376 0.7583643171296296 0.3106595416666667 0.7565499467592592 0.3117652013888889 0.7348138587962963 0.3260741643518518 0.7329631342592593 0.32613879166666665 0.6928288703703704 0.3442171365740741 0.692865224537037 0.3452581689814815 0.6856804513888889 0.35176287731481487 0.6857168055555556 0.35280390972222225 0.6823061875 0.3612614236111111 0.6823425393518519 0.3623024560185185 0.6828878449074074 0.37791793749999997 0.6926504143518519 0.39216924305555556 0.6945374930555555 0.39314564583333333 0.7059690162037037 0.4021271643518518 0.7078560949074074 0.40310356712962964 0.7267268680555555 0.41286760185185184 0.7285775925925926 0.41280297222222223 0.7697297592592592 0.4238735254629629 0.7715804814814815 0.42380889814814815 0.827138548611111 0.42291106944444445
3 0.9958849050925926 0.4795564120370371 0.9976992754629629 0.47845075231481476 0.9939548495370369 0.3712244444444444 0.9920677731481482 0.3702480416666667 0.9718188726851852 0.37408205324074073 0.9699681481481481 0.3741466805555556 0.953202574074074 0.3716052430555556 0.951351849537037 0.3716698726851852 0.9421345856481481 0.3730340486111111 0.9403202152777778 0.3741397083333333 0.8987351157407408 0.40373403472222225 0.8968843935185185 0.40379866435185185 0.8640076087962962 0.41745436574074074 0.864043962962963 0.4184953981481481 0.8645529143518518 0.43306984722222225 0.8857106550925926 0.4552616388888889 0.8875977337962964 0.45623804166666665 0.9177546180555555 0.4708194652777778 0.9196053402777777 0.47075483564814813 0.943919224537037 0.4772018888888889 0.945769949074074 0.47713725925925926 0.9810791157407408 0.48007344212962966 0.982929837962963 0.4800088125 0.9958849050925926 0.4795564120370371
3 0.6763566064814815 0 0.6800753564814814 0.0017452708333333333 0.672555287037037 0.004850518518518519 0.663015650462963 0.0211024375 0.6593142037037037 0.021231694444444442 0.653689324074074 0.0193435162037037 0.6443993518518518 0.018625627314814815 0.6237869143518519 0.012049319444444444 0.5984584398148148 0.029610634259259257 0.5985311481481481 0.03169269907407407 0.5949751157407407 0.03598608564814815 0.595084175925926 0.03910918055555555 0.5915281435185185 0.04340256712962963 0.5918189722222222 0.05173082407407407 0.5900046018518519 0.052836483796296296 0.5902227245370371 0.059082678240740746 0.5939968796296297 0.0610354837962963 0.5924689305555555 0.06444736805555557 0.608192375 0.10200020833333333 0.6135789537037036 0.10322816203703704 0.6104749374999999 0.10840593287037038 0.618059599537037 0.1133525787037037 0.623648125 0.11419972453703703 0.6293093564814816 0.11712893287037038 0.6311600810185185 0.11706430555555555 0.640559113425926 0.12090528935185185 0.6442605625 0.1207760324074074 0.6461476388888889 0.12175243518518518 0.6498490856481481 0.12162317824074075 0.6573246875000001 0.12344672916666666 0.6721304791666667 0.12292969907407407 0.673944849537037 0.12182403703703704 0.6756138032407407 0.11655424768518519 0.6774645277777778 0.11648962037037036 0.6812386828703704 0.11844242592592592 0.6831984675925925 0.12150089351851852 0.6976770740740741 0.11161457638888889 0.7051526782407408 0.113438125 0.708854125 0.11330886805555555 0.7106684953703704 0.1122032060185185 0.7143699421296297 0.11207394907407407 0.7161843124999999 0.11096828935185186 0.7198857592592594 0.1108390324074074 0.7217001296296296 0.10973337037037036 0.7290666712962962 0.10843382407407408 0.7290303171296296 0.10739279166666667 0.7234054398148148 0.10550461342592593 0.706748925925926 0.10608627083333333 0.7048618472222222 0.10510986805555556 0.692468599537037 0.05342756944444444 0.6862785902777778 0.05051682407407407 0.6862422384259259 0.049475791666666664 0.6912292777777778 0.04825934027777778 0.6934997175925927 0.04505314814814815 0.6899899537037038 0.0430911087962963 0.6887506273148148 0.03792287962962963 0.693208888888889 0.0367248912037037 0.6837371481481481 0.030801842592592592 0.6862719768518518 0.02758641898148148 0.6780395625 0.026831601851851853 0.6780032083333333 0.025790569444444446 0.6850326527777777 0.022418189814814818 0.6813146805555556 0.0069135 0.6882350648148148 0.000418025462962963 0.6975613888888889 0.002176946759259259 0.7013355439814815 0.004129752314814815 0.7014446064814814 0.007252849537037037 0.7032953287037037 0.007188219907407407 0.7089565624999999 0.010117430555555555 0.7109526990740741 0.014216930555555556 0.7317469050925927 0.02599840046296296 0.7337066898148149 0.029056868055555556 0.7412913518518519 0.034003513888888885 0.7470616458333333 0.04005582175925926 0.7545372476851852 0.04187937037037037 0.7601984814814815 0.04480858101851851 0.7620492037037038 0.04474395138888889 0.771448238425926 0.0485849375 0.7788147777777779 0.04728538888888889 0.7785603032407408 0.03999816435185185 0.7766732268518518 0.039021761574074075 0.7764914583333332 0.033816601851851855 0.7726445949074074 0.029781729166666666 0.7725355347222221 0.026658634259259257 0.7706484583333334 0.025682229166666667 0.7705393958333333 0.022559134259259258 0.7686159652777778 0.020541699074074077 0.7421241736111112 0.004789986111111111 0.736535650462963 0.003942840277777778 0.7308744166666666 0.0010136296296296297 0.7290236944444445 0.0010782592592592593 0.7261007916666666 0 0.6763566064814815 0
3 0.8235262893518518 0.10721982407407407 0.810571224537037 0.10767222453703704 0.8086841458333333 0.10669582175925926 0.7901769097222222 0.1073421087962963 0.7882898310185185 0.10636570601851851 0.7790362129629629 0.10668884953703703 0.7771491342592592 0.10571244444444446 0.7734476874999999 0.1058417037037037 0.7715606111111112 0.1048652986111111 0.767859162037037 0.10499455787037038 0.763702011574074 0.10386580324074074 0.7658376828703704 0.08248194675925927 0.7919516134259259 0.052038150462962965 0.8290024421296296 0.051786606481481486 0.8308895185185186 0.05276301157407408 0.8345909675925925 0.05263375462962963 0.8459134305555556 0.058492173611111115 0.8496148796296297 0.05836291666666666 0.8515019560185185 0.05933931944444444 0.862606298611111 0.058951548611111106 0.864493375 0.059927951388888887 0.8792991666666666 0.05941092129629629 0.8811862430555556 0.06038732407407407 0.8959920347222222 0.059870296296296296 0.8978791111111112 0.06084669907407408 0.9052820069444444 0.06058818518518518 0.9049184699074074 0.05017786342592592 0.9067328402777778 0.04907220138888889 0.906442011574074 0.040743944444444444 0.9045549328703705 0.03976754166666666 0.9044458726851852 0.036644444444444445 0.9025587939814814 0.03566804166666667 0.902377025462963 0.030462881944444443 0.9004899490740741 0.029486479166666666 0.9004172430555556 0.02740441435185185 0.8966430879629629 0.02545160648148148 0.8851025 0.013346993055555556 0.8681551574074073 0.005600395833333333 0.8569417546296297 0.0028650717592592595 0.8420996111111111 0.0023410694444444442 0.8402852407407407 0.003446729166666667 0.8347330694444445 0.0036406157407407407 0.809077412037037 0.011832641203703705 0.7924208981481482 0.012414300925925926 0.7906065277777777 0.013519960648148147 0.777651462962963 0.01397236111111111 0.7722447060185185 0.018330377314814815 0.771710787037037 0.02367634027777778 0.7744226111111111 0.027635037037037038 0.7711768703703704 0.029022305555555555 0.7782694745370371 0.03166990740740741 0.770642949074074 0.03436826851851852 0.7785239490740741 0.038957131944444445 0.7701090300925926 0.039714233796296294 0.7623796990740741 0.10727050694444445 0.764230423611111 0.10720587731481482 0.7626341736111111 0.11455773148148148 0.7719968541666666 0.11735768518518519 0.7793997500000001 0.11709916898148148 0.7830648425925927 0.11592887962962964 0.7942782453703704 0.11866420370370372 0.8146362083333334 0.11795328935185186 0.8164505787037037 0.11684762731481481 0.8293692893518518 0.11535419444444443 0.8366267708333334 0.11093155092592592 0.8309655393518518 0.1080023425925926 0.8254133680555555 0.10819622685185185 0.8235262893518518 0.10721982407407407
3 0.7379638125 0 0.7401280370370371 0.0006904861111111111 0.7420151134259259 0.0016668888888888888 0.7608495347222223 0.010389891203703703 0.7627002569444444 0.010325263888888889 0.7794294791666666 0.011825668981481482 0.7812802013888889 0.011761041666666668 0.7997874398148148 0.011114754629629629 0.8016018101851853 0.010009092592592594 0.8365474398148147 0.0025349537037037038 0.8383618101851852 0.0014292939814814815 0.8410795208333334 0 0.7379638125 0
3 0.8624006458333333 0 0.8624212175925926 0.0005891203703703704 0.8624575717592592 0.001630152777777778 0.8850661481481481 0.012305962962962961 0.8851025 0.013346993055555556 0.8984211041666667 0.023304914351851853 0.8984574583333333 0.024345946759259256 0.9082927337962963 0.040679317129629626 0.908329087962963 0.04172034953703704 0.9089834537037037 0.06045892592592592 0.9108705300925926 0.061435331018518516 0.9387040949074075 0.06254796296296296 0.9405184652777777 0.061442303240740744 0.9566296736111112 0.04524516203703704 0.9565933194444445 0.04420413194444444 0.9635963240740741 0.03249426388888889 0.9635599722222222 0.031453231481481485 0.9590950972222223 0.009720814814814814 0.9572080208333333 0.008744409722222223 0.9516048356481482 0 0.8624006458333333 0
3 0.9567387337962963 0.048368259259259264 0.954924363425926 0.0494739212962963 0.9441835578703703 0.06027201388888889 0.944219912037037 0.061313046296296296 0.9442926203703704 0.06339511111111111 0.961130900462963 0.06801861111111111 0.962981625 0.0679539837962963 0.9815252152777778 0.06834872916666666 0.9833395856481482 0.06724306712962963 0.9826852199074074 0.04850449074074074 0.9807981435185185 0.04752808564814815 0.9659196458333333 0.04596305092592593 0.9641052754629629 0.047068712962962965 0.9567387337962963 0.048368259259259264
3 0.6958329745370371 0.2179937361111111 0.6957966203703704 0.21695270601851852 0.6936550694444444 0.2086890763888889 0.6917679907407407 0.20771267361111112 0.6823326041666666 0.2028306574074074 0.6804818796296296 0.2028952847222222 0.6583095486111111 0.20471186111111112 0.6564951782407407 0.20581752314814813 0.6566405925925927 0.20998165046296297 0.6605965162037037 0.21713961805555557 0.6624472407407408 0.2170749884259259 0.6681084722222222 0.2200041990740741 0.668144826388889 0.22104523148148147 0.6702136712962963 0.22722679629629627 0.6720643958333333 0.22716216666666667 0.6812816597222222 0.22579799074074072 0.6830960300925926 0.22469233101851852 0.6958329745370371 0.2179937361111111
3 0.7453662731481481 0.20375637731481483 0.7434791944444444 0.20277997453703703 0.7415194097222222 0.19972150694444443 0.7396686875 0.19978613425925926 0.7340074537037038 0.19685692361111112 0.7321567314814815 0.19692155324074073 0.7136494930555556 0.19756784027777777 0.7118351226851851 0.1986735 0.7045412893518518 0.2020551111111111 0.7045776435185185 0.2030961435185185 0.7009852569444445 0.20634849768518518 0.7010216087962964 0.2073895300925926 0.6994253611111111 0.21474138425925926 0.7069736712962963 0.21864699768518517 0.7088243958333332 0.21858236805555556 0.7162999976851852 0.22040591666666667 0.7181507199074074 0.22034128935185185 0.7274043402777778 0.22001814583333332 0.7292187106481482 0.2189124837962963 0.7456571018518519 0.21208463425925927 0.7456207476851852 0.21104360185185184 0.7453662731481481 0.20375637731481483
3 0.761913724537037 0.2000516226851852 0.7600993564814815 0.2011572824074074 0.750954798611111 0.20460352314814814 0.7509911504629629 0.20564455555555555 0.7493221967592594 0.2109143449074074 0.7699709861111111 0.21853168518518518 0.7717853564814815 0.21742602546296297 0.7771557592592593 0.21202697916666666 0.7771194050925926 0.21098594675925925 0.7787156527777778 0.20363409259259257 0.7768285763888889 0.20265768981481483 0.7711309907407407 0.19868744675925926 0.7692802662037037 0.19875207638888887 0.761913724537037 0.2000516226851852
3 0.5092304351851852 0.12757599074074075 0.5147826064814814 0.1273821064814815 0.5146735439814815 0.12425900925925927 0.5070888819444445 0.11931236342592592 0.5070525277777778 0.11827133101851851 0.5013912962962963 0.11534212037037037 0.49580277083333335 0.11449497453703704 0.48077885879629634 0.1087658125 0.46963816203703707 0.10811255324074073 0.46216256018518515 0.1062890023148148 0.4566103888888889 0.10648288888888889 0.45472331250000003 0.10550648611111112 0.45102186342592593 0.10563574305555556 0.44354626157407406 0.10381219444444445 0.4379940902777778 0.1040060787037037 0.4361070138888889 0.10302967592592592 0.4250026712962963 0.10341744907407407 0.41922304398148147 0.08461260185185185 0.428101462962963 0.05793846064814815 0.42514477314814814 0.05442431018518518 0.4269591435185185 0.05331865046296297 0.43432568518518516 0.05201910185185185 0.43165282638888886 0.04726880324074074 0.4322204861111111 0.044796506944444446 0.43592193287037034 0.04466725 0.4433975347222222 0.04649079861111111 0.4453209675925926 0.04850823379629629 0.44898606018518517 0.047337944444444446 0.4614321759259259 0.032311094907407405 0.4934397847222222 0.04682788888888889 0.5029478796296296 0.05379196990740741 0.5047986018518519 0.05372734027777778 0.516084712962963 0.05854472916666666 0.5291851944444445 0.062256456018518515 0.5550953263888889 0.06135165509259259 0.5569824027777778 0.06232805787037037 0.579191087962963 0.06155251388888889 0.5828198287037037 0.05934119212962963 0.5826380601851852 0.054136032407407414 0.5844524305555555 0.053030370370370374 0.5843070162037036 0.04886624305555555 0.5804965069444444 0.04587240277777777 0.5804238009259259 0.04379034027777778 0.5765769398148148 0.03975546759259259 0.5728027847222222 0.037802662037037034 0.5669961365740741 0.03070932175925926 0.5386172685185185 0.013981208333333335 0.531214375 0.014239722222222221 0.5003337291666666 0.03199492361111111 0.5004064351851851 0.03407698842592593 0.4968504027777778 0.038370372685185186 0.49695946296296295 0.041493469907407404 0.4934034305555556 0.04578685648148148 0.4698513171296297 0.034622844907407406 0.4669843472222222 0.032117208333333334 0.47605619675925925 0.026588905092592593 0.4759834907407407 0.02450684027777778 0.48313190972222225 0.016961099537037037 0.482913787037037 0.010714907407407407 0.48472815740740743 0.009609247685185186 0.4845463888888889 0.004404085648148148 0.4826593125 0.0034276828703703704 0.47710714120370373 0.0036215694444444446 0.4734784004629629 0.005832891203703704 0.4642974907407407 0.008238097222222221 0.4552256388888889 0.013766402777777777 0.4534476226851852 0.015913094907407405 0.44230692592592596 0.015259835648148147 0.4423432800925926 0.016300868055555556 0.44985523611111106 0.019165449074074074 0.4498915902777778 0.02020648148148148 0.4462992037037037 0.023458835648148147 0.4405312430555555 0.020594664351851852 0.4334285115740741 0.04193397685185185 0.4303334074074074 0.04382010416666667 0.42848268518518523 0.043884731481481476 0.4228578055555556 0.04199655324074074 0.4136041875 0.04231969675925926 0.411862525462963 0.0455074212962963 0.40286338194444443 0.053117791666666664 0.403045150462963 0.05832295138888889 0.40674659722222223 0.05819369444444445 0.4086336736111111 0.059170097222222225 0.40425509953703703 0.06349220601851852 0.4103048356481481 0.08933848611111112 0.417447363425926 0.08994742824074074 0.4115147847222222 0.09450774074074074 0.41567167824074075 0.09528225694444445 0.4127247337962963 0.09967699768518518 0.41389599537037036 0.10061708333333333 0.4139346828703704 0.10484625231481483 0.41212031250000003 0.10595191435185186 0.4178906041666667 0.11200421990740742 0.43298722453703703 0.11981544675925926 0.44231355092592595 0.12157436805555556 0.44608770601851855 0.12352717592592592 0.45167622916666667 0.12437432175925925 0.45545038425925927 0.1263271273148148 0.46292598611111113 0.12815067824074072 0.4684781574074074 0.12795679166666668 0.4703652361111111 0.12893319444444445 0.4759174074074074 0.12873930787037036 0.4778044837962963 0.12971571064814816 0.4833566550925926 0.1295218263888889 0.4852437337962963 0.13049822916666667 0.4963480763888889 0.13011045601851853 0.49816244675925925 0.1290047962962963 0.5074160648148148 0.12868165277777777 0.5092304351851852 0.12757599074074075
3 0.7724860902777778 0.9803663310185186 0.7705990115740741 0.9793899282407408 0.768602875 0.9752904282407407 0.7667157962962963 0.974314025462963 0.7629416412037037 0.9723612175925926 0.7610909189814814 0.9724258472222223 0.7462851273148148 0.9729428773148149 0.7444707592592593 0.9740485370370371 0.7429472175925925 0.9834824560185185 0.7543423888888889 0.9914229398148149 0.756193113425926 0.9913583125000001 0.7654467314814815 0.9910351689814815 0.7654103773148149 0.989994136574074 0.7708171342592592 0.9856361203703704 0.7707807800925927 0.9845950902777778 0.7724860902777778 0.9803663310185186
3 0.8731092685185184 0.8903414606481482 0.8712585439814815 0.890406087962963 0.8546383842592592 0.8920287777777778 0.852824013888889 0.8931344398148148 0.8455301805555556 0.8965160509259259 0.8455665324074074 0.8975570833333334 0.8456755949074074 0.9006801782407408 0.851445886574074 0.9067324861111111 0.8533329652777778 0.9077088888888889 0.8570707662037037 0.9086206643518518 0.8589214907407408 0.9085560347222222 0.8736909259259259 0.906997974537037 0.8755052962962963 0.9058923125 0.8824355949074074 0.8921003796296296 0.8805848703703704 0.8921650092592592 0.8731092685185184 0.8903414606481482
3 0.5913365185185185 0.46241450462962963 0.5894857939814815 0.4624791342592593 0.5765670810185185 0.46397256712962964 0.5766034351851852 0.465013599537037 0.5768942638888889 0.47334185648148147 0.5807047731481482 0.4763356944444444 0.5825554953703703 0.47627106712962963 0.5899583912037036 0.47601255092592587 0.5917727615740741 0.47490689120370366 0.5971431643518519 0.46950784490740743 0.5971068101851853 0.46846681250000005 0.59699775 0.46534371527777774 0.5951106712962962 0.4643673125 0.5913365185185185 0.46241450462962963
3 0.6173557106481482 0.46463280092592596 0.615504986111111 0.46469742824074073 0.6006991967592592 0.4652144583333333 0.598884826388889 0.46632011805555557 0.5972885787037037 0.47367197222222224 0.6029861643518518 0.4776422152777778 0.6048368888888889 0.4775775856481481 0.6122761365740741 0.4783601041666667 0.6140905069444444 0.47725444212962964 0.6213843402777778 0.4738728310185185 0.6213479884259259 0.47283179861111113 0.6211662199074075 0.46762663888888895 0.6192791412037038 0.4666502361111111 0.6173557106481482 0.46463280092592596
1 0.2505191412037037 0.5722924606481482 0.21370065277777778 0.6322597731481481 0.18319676851851852 0.6979476921296296 0.21353442824074073 0.7017870949074074 0.24883135416666666 0.6247791712962963 0.2694199930555556 0.5988365023148148 0.2988742569444444 0.577378824074074 0.3256770347222222 0.5755047800925926 0.3758319791666667 0.5790690671296296 0.4103393865740741 0.5855770740740741 0.4179233865740741 0.5798922685185185 0.4271251157407407 0.5621645 0.41441956481481484 0.5485371157407407 0.3831416712962963 0.538997886574074 0.20300543518518518 0.5010947939814815 0.17654570833333333 0.5340174467592592 0.24909937037037036 0.5581667384259259 0.2505191412037037 0.5722924606481482
1 0.10743664351851852 0.05665935879629629 0.12189046527777778 0.05667577083333333 0.13351036805555555 0.06043920138888889 0.08440373379629629 0.10811954398148148 0.033690273148148146 0.1681551574074074 0.07185880787037037 0.16807304398148148 0.116726625 0.11574613657407407 0.14009200925925927 0.10033797685185186 0.16045327546296295 0.0944154375 0.19112009722222223 0.08114960185185185 0.20452859027777778 0.07776292129629629 0.28367148842592593 0.08896603240740741 0.2842267060185185 0.08894664351851853 0.29294823611111115 0.05216152546296296 0.22259825925925925 0.04336134259259259 0.1910007847222222 0.029976759259259262 0.1633086689814815 0.02760842361111111 0.10908874074074075 0.013763069444444444 0.08761670833333333 0.014408659722222224 0.057001444444444445 0.03976339583333333 0.10743664351851852 0.05665935879629629
1 0.5340925972222222 0.13911117592592592 0.5413038101851851 0.1492823703703704 0.5419829606481481 0.1581182175925926 0.570965300925926 0.19212746527777777 0.5791531018518519 0.2090395185185185 0.6085511898148148 0.2178105486111111 0.5623716550925926 0.12644987037037037 0.5638697476851852 0.11628723148148147 0.5685649652777778 0.10747216666666667 0.660484136574074 0.10249036574074075 0.6608615509259259 0.10268564583333334 0.6537897986111111 0.0593643912037037 0.529417525462963 0.06360333564814814 0.5132108032407408 0.06114661111111111 0.49607541666666666 0.06393382638888889 0.37929805092592594 0.06280027314814815 0.3790498611111111 0.09814296527777779 0.49952933564814817 0.10977871296296297 0.5340925972222222 0.13911117592592592
0 0.5314834374999999 0.37215669907407406 0.4658425671296296 0.4026953009259259 0.4377274305555556 0.4253569768518518 0.41367331481481484 0.4528798865740741 0.4020154097222222 0.47986568055555556 0.40360043055555556 0.5252546805555556 0.40698328935185185 0.5372272476851851 0.3938434814814815 0.543001837962963 0.32206679398148147 0.5251834537037037 0.30592485416666665 0.572338025462963 0.41763718518518517 0.5876152939814815 0.516706761574074 0.6069821134259259 0.5462479444444445 0.5827071851851852 0.554971462962963 0.5778164282407408 0.5636407824074074 0.5766798472222222 0.5584442152777778 0.5764443935185185 0.4623490138888889 0.5361276759259259 0.42799957638888886 0.502305849537037 0.44121340740740744 0.4615073402777778 0.47848697916666666 0.42518438425925925 0.5249930185185185 0.3985451203703704 0.5525790462962963 0.38726300694444443 0.5314834374999999 0.37215669907407406