2 0.7513612592592592 0.5083773981481481 0.7186394328703704 0.5077600023148148 0.4603286180555556 0.4639051550925926 0.2459285740740741 0.43082712037037035 0.21491979166666667 0.42296783101851854 0.16545543518518518 0.41515458796296295 0.08264573148148148 0.39865037268518516 0.007148729166666667 0.38030803703703703 0.004561925925925926 0.417301037037037 0.17537938425925925 0.4603945509259259 0.20069719212962964 0.44743113657407413 0.2536106550925926 0.4571562986111111 0.25346467361111114 0.4762342569444445 0.3174100555555555 0.4813740486111111 0.4795760162037037 0.5037719837962963 0.47893836342592594 0.5043956898148148 0.672066599537037 0.5353179583333334 0.7856482245370371 0.5543081041666666 0.9165263773148148 0.5728370046296296 0.994229787037037 0.5856426828703704 0.9976852453703704 0.5505629189814815 0.9981356712962963 0.5441215208333333 0.9703778495370371 0.5521577037037037 0.9429773287037037 0.5351737175925926 0.7876903819444444 0.5166087245370371 0.7513612592592592 0.5083773981481481
2 0 0.8036042476851852 0.05817091435185185 0.8184761851851852 0.09091110879629628 0.8265296435185185 0.1325352199074074 0.8299206226851852 0.2675002777777778 0.854248738425926 0.284514287037037 0.855438474537037 0.29234647453703705 0.8498879652777779 0.2886971203703704 0.8442028842592593 0.28094440972222223 0.8438382777777778 0.28212456018518517 0.8489956643518518 0.2722591435185185 0.8477837013888889 0.2624150763888889 0.8414879282407407 0.21978009259259257 0.8323770856481482 0.13614414583333334 0.8176006921296297 0.08901562731481481 0.8106295231481482 0.052170173611111106 0.80314525 0 0.7919570162037037 0 0.8036042476851852
2 0.7601412476851851 0.9177474814814814 0.7812717245370371 0.9184732361111111 0.7799882152777777 0.9052368773148147 0.6995783333333334 0.9006060694444444 0.6076543981481483 0.8901996805555555 0.5925780810185185 0.8849268333333333 0.5526200995370371 0.8821326990740741 0.5040420185185185 0.8765116203703704 0.45321474074074075 0.8714642106481482 0.36231486342592595 0.8591558726851851 0.36426626157407405 0.8692123263888889 0.41870066666666667 0.8792213587962963 0.4438876319444444 0.8787479930555555 0.4553842453703703 0.8847729675925926 0.5608878981481481 0.8963691111111111 0.5726446435185185 0.898674 0.6055642569444445 0.9009759652777777 0.6387902083333334 0.9055339583333334 0.7171515578703704 0.9142401273148147 0.7601412476851851 0.9177474814814814
2 1 0.2585739398148148 0.9474341319444444 0.27551876851851853 0.8773554050925926 0.2967654143518519 0.8787210439814814 0.3000666342592592 0.906546861111111 0.30300440509259263 0.9211383333333333 0.2987514768518519 0.9313532314814815 0.2968239212962963 0.9258082708333333 0.291434412037037 0.9425056527777778 0.28414390277777773 0.9534105856481482 0.29093154398148147 0.9833336388888889 0.2803368125 1 0.2749720023148148 1 0.2585739398148148
2 0.49544705555555557 0.3877736087962963 0.527187212962963 0.3798642569444444 0.5680396249999999 0.3735840949074074 0.5898815046296296 0.3691803125 0.6009540601851852 0.3677304143518519 0.5994281643518519 0.3582258194444445 0.5792074421296296 0.3582946273148148 0.5660529282407407 0.36429788888888887 0.5543341620370371 0.3622462662037037 0.5353873842592592 0.3693168287037037 0.4719063425925926 0.3851459236111111 0.40992128935185185 0.40453596527777774 0.40826598148148147 0.40935932870370373 0.3969564259259259 0.4078270972222222 0.3512099097222222 0.42117892361111114 0.3332216736111111 0.4209130625 0.31766773842592594 0.4235323726851852 0.27921298842592596 0.4329561944444445 0.29600599074074074 0.4378374212962963 0.34566711342592593 0.43142139583333333 0.36185333564814814 0.42613135185185186 0.3624294791666667 0.43036936574074075 0.37348635879629627 0.4294091481481481 0.4002547337962963 0.4172050208333334 0.4487283819444445 0.40255067361111113 0.46750367592592595 0.3979324560185185 0.49544705555555557 0.3877736087962963
2 0.6075005532407408 0.7753257893518518 0.6531751203703704 0.7786658564814815 0.6575973935185184 0.7812619120370371 0.6794121134259259 0.7820250717592593 0.7057063055555555 0.7768675324074074 0.7064106134259259 0.774494212962963 0.6892438425925925 0.7728343449074074 0.6718656203703703 0.7741983402777778 0.6291493981481481 0.7707623194444444 0.6111065810185186 0.7699496527777777 0.6075005532407408 0.7753257893518518
3 0.27303170833333334 0.8255856018518519 0.27495171296296295 0.8246756527777778 0.2846243958333333 0.8190867708333334 0.28469705787037036 0.8180476412037038 0.2871257037037037 0.8098637847222222 0.28904570601851853 0.8089538356481482 0.29303104166666666 0.8050556759259259 0.2931037037037037 0.8040165462962963 0.2847389560185185 0.7909011018518519 0.2829642777777778 0.7897327939814814 0.2794149212962963 0.7873961782407407 0.2775675810185185 0.7872669999999999 0.273872900462963 0.7870086435185185 0.2719528958333333 0.7879185925925926 0.2416688125 0.7962430277777778 0.23974880787037037 0.7971529768518519 0.23014878935185187 0.8017027314814814 0.23007612731481483 0.8027418587962963 0.2259454675925926 0.8087182777777777 0.23090618518518521 0.8174188472222221 0.23268086342592595 0.8185871550925926 0.2379322337962963 0.8231312083333334 0.23977957407407408 0.8232603865740741 0.24517627083333335 0.8257261805555556 0.24702361111111112 0.8258553587962963 0.2618023379629629 0.8268887893518518 0.2637223425925926 0.825978837962963 0.27303170833333334 0.8255856018518519
3 0.3704432638888889 0.7864520277777778 0.3723632685185185 0.7855420787037036 0.3742832708333333 0.7846321273148148 0.37435593518518523 0.7835929976851852 0.3782686041666667 0.7807339675925926 0.37834126851851857 0.779694837962963 0.3785592569444444 0.7765774513888888 0.3767119166666667 0.7764482731481481 0.37294457175925927 0.7772290439814815 0.37116989351851853 0.7760607361111111 0.367547875 0.77476325 0.3657731967592593 0.7735949421296296 0.35719046064814813 0.7635968865740741 0.3554157824074074 0.7624285787037037 0.3517937638888889 0.7611310902777778 0.3499464236111111 0.7610019120370372 0.3315456782407407 0.7586709976851852 0.3296256736111111 0.7595809467592592 0.31839630324074075 0.7608841342592593 0.3165489606481482 0.7607549560185185 0.3092322615740741 0.7591991111111112 0.30915959722222225 0.7602382407407406 0.3107889490740741 0.7634848078703704 0.3088689467592593 0.7643947569444444 0.30310893518518517 0.7671246087962963 0.3030362708333333 0.768163738425926 0.29455696296296296 0.783233962962963 0.3159257615740741 0.7962145277777778 0.31777310185185187 0.7963437060185186 0.33624650925925925 0.7976354930555556 0.33816651388888885 0.7967255416666666 0.34954121064814814 0.7933440972222222 0.34961387268518523 0.7923049675925926 0.3574392152777777 0.7865869074074074 0.35928655555555555 0.7867160856481482 0.3704432638888889 0.7864520277777778
3 0.4749005023148148 0.8323921712962963 0.4749731643518519 0.8313530416666667 0.47805577546296296 0.8138170231481482 0.4762810972222222 0.8126487152777778 0.46762569675925925 0.8036897893518519 0.46577835648148147 0.8035606111111112 0.44737761111111113 0.8012296944444445 0.4454576087962963 0.8021396458333334 0.4359302523148148 0.8056502685185185 0.435857587962963 0.8066893981481482 0.4257489282407408 0.8185130555555555 0.4256762662037037 0.8195521851851851 0.4250222986111111 0.8289043472222223 0.433823025462963 0.8357850162037037 0.43567036574074075 0.8359141944444445 0.44291440277777777 0.8385091689814814 0.44476174305555555 0.8386383472222222 0.45215110648148144 0.8391550601851853 0.4540711111111111 0.8382451111111111 0.46530048148148145 0.8369419236111112 0.4672204861111111 0.836031974537037 0.4749005023148148 0.8323921712962963
3 0.4687156435185185 0.7881028518518519 0.4669409652777778 0.7869345439814814 0.4618349212962963 0.7803122314814814 0.45998757870370366 0.7801830532407408 0.45459088194444447 0.7777172592592593 0.45274354166666664 0.7775880810185185 0.4379648148148148 0.776554650462963 0.43604481250000005 0.7774646018518518 0.43568149768518516 0.7826602476851852 0.43894020138888884 0.7891533796296296 0.43886753703703707 0.7901925092592592 0.4383588958333333 0.7974664143518518 0.4401335740740741 0.7986347222222222 0.44183559027777775 0.8008421597222223 0.4436829305555556 0.8009713379629629 0.4678436875 0.800572400462963 0.46791634953703704 0.7995332731481481 0.4687156435185185 0.7881028518518519
3 0.40449469212962963 0.7773468217592593 0.40264735185185185 0.7772176435185185 0.39533065046296295 0.7756618009259258 0.3934833101851852 0.7755326226851852 0.38417394212962963 0.7759258564814815 0.38225393750000003 0.7768358078703704 0.37960730555555555 0.788137050925926 0.3887713449074074 0.789822074074074 0.39069134953703705 0.7889121226851853 0.4037680625 0.7877381157407407 0.4056880648148148 0.7868281643518519 0.4132954166666667 0.7842274907407407 0.4133680810185185 0.7831883611111111 0.41344074305555556 0.7821492337962963 0.4116660648148148 0.7809809259259259 0.40449469212962963 0.7773468217592593
3 0.4221269097222222 0.8172155694444444 0.4203522314814815 0.8160472615740741 0.41376216203703703 0.804100125 0.4119874837962963 0.8029318171296296 0.39912876157407406 0.8009884374999999 0.3972087569444444 0.8018983888888889 0.39336875000000004 0.8037182893518519 0.3951434282407408 0.8048865972222222 0.40778416203703705 0.809947363425926 0.4077114976851852 0.8109864930555555 0.4074208472222222 0.815143011574074 0.4055735046296296 0.8150138310185185 0.39803881712962963 0.816575375 0.39619147453703707 0.8164461967592592 0.3907221157407407 0.8150195324074074 0.3888021111111111 0.8159294814814815 0.38134008564814814 0.8164518981481481 0.3794200810185185 0.8173618472222223 0.362358037037037 0.8224340138888889 0.3622853726851852 0.8234731435185186 0.3621400462962963 0.8255514027777778 0.37271545138888884 0.8336003796296296 0.3745627916666667 0.8337295578703704 0.3818068287037037 0.8363245300925926 0.38365417129629625 0.8364537106481481 0.4058949236111111 0.8369647245370371 0.4078149282407408 0.8360547731481481 0.42147294212962966 0.8265677314814815 0.4215456064814815 0.8255286018518518 0.4221269097222222 0.8172155694444444
3 0.8405142800925925 0.40894794444444443 0.8405869421296296 0.40790881481481484 0.8379822060185185 0.39206351851851856 0.8362075277777777 0.39089521064814814 0.8291088171296296 0.3862219791666667 0.827261474537037 0.3860928009259259 0.8181700972222222 0.38336864814814814 0.8163227569444444 0.38323946990740737 0.7956386921296296 0.38701415046296295 0.7937913518518519 0.38688497222222223 0.778867298611111 0.38792980092592594 0.7769472939814815 0.38883975231481477 0.7689766273148148 0.39663607175925925 0.7721626689814814 0.4041683333333333 0.7739373472222222 0.40533664120370366 0.7811087199074074 0.4089707430555556 0.7829560624999999 0.4090999212962963 0.8084555185185186 0.41610406944444445 0.8103028587962963 0.41623324768518516 0.8306962708333333 0.4166150833333333 0.8326162754629629 0.41570513425925926 0.8405142800925925 0.40894794444444443
3 0.8761950601851851 0.40308930555555555 0.8781150625 0.40217935416666667 0.8862310555555555 0.39230477546296294 0.8843837152777778 0.3921755972222222 0.8713796666666667 0.3923104768518519 0.8694596620370371 0.39322042592592593 0.856164962962963 0.39751182175925925 0.856092298611111 0.3985509513888889 0.8502596250000001 0.4023199328703704 0.8501869606481482 0.4033590625 0.8479036435185185 0.4094646574074074 0.8496056574074075 0.4116720949074074 0.8514529976851852 0.41180127314814813 0.8586970347222221 0.4143962476851852 0.8605443773148148 0.41452542592592595 0.8697810810185186 0.4151713194444444 0.8717010856481481 0.4142613680555556 0.8756137546296296 0.41140233796296294 0.8756864189814815 0.41036320833333334 0.8761950601851851 0.40308930555555555
3 0.8918765069444445 0.41776059259259263 0.8918038449074074 0.4187997222222222 0.8915131921296295 0.42295623842592595 0.8932878703703703 0.42412454629629626 0.9135359560185186 0.42658464120370365 0.9154559606481482 0.4256746898148148 0.934946650462963 0.41241866666666666 0.9368666550925927 0.4115087175925926 0.9444740069444444 0.4089080439814815 0.9445466689814814 0.4078689143518519 0.946684662037037 0.4038415763888889 0.9449099861111111 0.4026732685185185 0.9450553101851852 0.4005950092592592 0.9432806342592592 0.39942670138888886 0.9361819212962963 0.3947534699074074 0.9343345810185185 0.3946242916666667 0.9271632060185185 0.3909901898148148 0.9253158657407407 0.39086101157407405 0.9050677800925926 0.38840091666666665 0.9031477754629629 0.3893108680555556 0.8994530949074074 0.38905250925925927 0.8975330902777777 0.38996246064814816 0.8880057337962962 0.3934730833333333 0.8879330717592593 0.39451221296296296 0.8761223958333333 0.40412843287037037 0.8760497337962962 0.4051675625 0.8758317430555556 0.4082849513888889 0.8775337592592592 0.41049238657407405 0.879453763888889 0.4095824375 0.8832211064814814 0.40880166435185183 0.8851411111111112 0.4078917152777778 0.8985811388888889 0.40152206018518516 0.9003558171296296 0.4026903680555556 0.9019851689814815 0.4059369351851852 0.9000651643518518 0.4068468865740741 0.8918765069444445 0.41776059259259263
3 0.8555555185185185 0.19384819444444443 0.8536355162037036 0.19475814583333334 0.8514975231481481 0.1987854837962963 0.8621455902777777 0.20579533101851852 0.8639929305555556 0.20592450925925926 0.8713822939814814 0.20644122453703703 0.8733022962962963 0.20553127314814817 0.8771423055555556 0.2037113726851852 0.8772149675925925 0.20267224305555556 0.8685595671296297 0.1937133171296296 0.8667122268518519 0.1935841388888889 0.8555555185185185 0.19384819444444443
3 0.6068518657407408 0.007295071759259259 0.605004525462963 0.0071658935185185185 0.5735997314814815 0.004969856481481481 0.5735270694444444 0.006008986111111111 0.5730910902777778 0.012243759259259258 0.5781971342592592 0.018866071759259258 0.5800444768518519 0.018995249999999998 0.5854411712962962 0.021461043981481482 0.5872885138888889 0.021590222222222222 0.5965978796296296 0.021196988425925926 0.5985178842592593 0.020287037037037034 0.606197900462963 0.016647233796296297 0.6062705625 0.015608106481481483 0.6068518657407408 0.007295071759259259
3 0.5614984050925925 0.018742592592592592 0.5614257407407407 0.019781722222222225 0.559360412037037 0.022769930555555557 0.5628371041666667 0.026145675925925923 0.5646844444444444 0.026274854166666667 0.5757684907407408 0.027049925925925925 0.5776884930555556 0.026139976851851852 0.5853685092592593 0.02250017361111111 0.5835938310185186 0.021331865740740738 0.5710984236111111 0.014192840277777776 0.5691784189814815 0.015102791666666667 0.5614984050925925 0.018742592592592592
3 0.5731722569444444 0.14381993518518518 0.5730995949074074 0.1448590648148148 0.5729542685185185 0.14693732175925925 0.576503625 0.14927393749999998 0.5783509652777779 0.14940311805555556 0.5839656504629629 0.14875152314814816 0.5858856550925926 0.14784157407407406 0.5880236481481481 0.1438142361111111 0.5862489699074074 0.14264592824074074 0.5789322685185185 0.14109008333333334 0.5770122662037037 0.14200003472222222 0.5731722569444444 0.14381993518518518
3 0.5581028796296297 0.14694302314814814 0.5580302152777777 0.14798215277777776 0.557666900462963 0.1531777986111111 0.5612162569444444 0.15551441435185184 0.5630635972222222 0.1556435925925926 0.5686056203703704 0.15603112962962964 0.5705256226851853 0.15512117824074073 0.5724456273148149 0.15421122685185185 0.5725182893518519 0.15317209722222222 0.5692595856481482 0.14667896527777777 0.5674122453703704 0.14654978703703703 0.5581028796296297 0.14694302314814814
3 0.509136525462963 0.9799314212962963 0.5092091875 0.9788922916666666 0.5096451666666666 0.9726575162037037 0.5078704884259259 0.9714892083333333 0.49744040972222225 0.9613619722222223 0.4955930694444444 0.9612327939814814 0.47903966435185186 0.9590310578703704 0.47711966203703704 0.9599410069444445 0.4657449629629629 0.9633224537037037 0.46567230092592593 0.9643615833333333 0.46175962962962963 0.967220613425926 0.4616869675925926 0.9682597407407407 0.461033 0.9776119050925927 0.4645823564814815 0.9799485208333333 0.4664296967592592 0.9800776990740742 0.475666400462963 0.9807235925925926 0.4774410787037037 0.9818919004629629 0.4810630972222222 0.9831893865740741 0.4829104375 0.9833185648148147 0.5033038495370371 0.9837004004629629 0.5052238541666667 0.9827904513888889 0.509136525462963 0.9799314212962963
3 0.5228672037037038 0.96940525 0.520947199074074 0.9703152013888889 0.5112745185185185 0.9759040833333332 0.5112018541666666 0.9769432106481482 0.5108385393518519 0.9821388587962964 0.5306506481481482 0.9908337268518518 0.5307233101851851 0.9897945972222223 0.5389119675925925 0.9788808912037038 0.5408319722222222 0.9779709398148149 0.5465919837962963 0.9752410902777777 0.5448173055555555 0.9740727824074074 0.5357985902777778 0.9703094999999999 0.53395125 0.9701803217592593 0.5228672037037038 0.96940525
3 0.867095800925926 0.9579729074074074 0.8690158032407408 0.9570629560185184 0.8824558310185184 0.9506933032407408 0.8825284930555556 0.9496541736111112 0.8723890671296296 0.9353704212962962 0.8724617314814814 0.9343312916666667 0.8695663425925927 0.922642513888889 0.867719 0.9225133356481481 0.8621769791666667 0.9221257986111111 0.860256974537037 0.9230357499999999 0.8414202523148148 0.9269396087962962 0.839645574074074 0.925771300925926 0.8196881388888889 0.9191546898148147 0.8177681342592592 0.9200646412037037 0.8098701319444445 0.9268218310185184 0.8097974675925926 0.9278609606481482 0.8095068171296297 0.9320174768518519 0.8196462430555556 0.9463012291666666 0.8214209189814815 0.9474695370370371 0.8339163287037037 0.9546085624999999 0.8357636689814816 0.9547377407407408 0.8430077060185185 0.9573327152777777 0.8448550462962963 0.9574618935185185 0.8521717476851852 0.9590177361111111 0.85409175 0.958107787037037 0.867095800925926 0.9579729074074074
3 0.8544661967592592 0.8996581921296296 0.8563862013888889 0.8987482430555555 0.8663495347222222 0.8890028425925927 0.8664221990740741 0.887963712962963 0.8667855138888889 0.8827680671296295 0.8650108356481482 0.8815997592592593 0.863962787037037 0.8700401597222223 0.8621881087962963 0.8688718518518519 0.8588567430555556 0.863417849537037 0.8570094027777778 0.8632886689814815 0.8426666527777777 0.8560204652777778 0.8408193125 0.8558912870370371 0.8278879259259259 0.854987037037037 0.8259679236111112 0.8558969861111111 0.8165858935185185 0.8573293518518519 0.8165132291666667 0.8583684814814815 0.8109293101851852 0.8851274837962962 0.8141153518518519 0.8926597453703704 0.8158900277777777 0.8938280532407407 0.8212140625000001 0.8973329768518519 0.8230614027777777 0.8974621550925925 0.8303054398148149 0.9000571296296296 0.8321527800925926 0.9001863078703705 0.8432368263888889 0.9009613796296295 0.8451568310185186 0.9000514282407408 0.8544661967592592 0.8996581921296296
3 0.893011599537037 0.8793809236111111 0.8930842615740742 0.8783417939814814 0.8896075694444444 0.8749660486111112 0.8877602291666667 0.8748368703703704 0.8766761851851852 0.8740617986111111 0.8747561805555556 0.8749717476851852 0.8709161736111112 0.876791650462963 0.8708435092592592 0.8778307800925925 0.8683422013888888 0.8870537638888889 0.8664221990740741 0.887963712962963 0.8603715347222222 0.8948500833333334 0.8602988726851852 0.8958892106481481 0.8599355555555556 0.9010848587962963 0.8710922638888888 0.9008208009259259 0.8711649282407408 0.8997816712962964 0.8771429282407408 0.8939344328703703 0.8789902685185185 0.8940636111111111 0.8845322916666667 0.8944511458333333 0.8846049537037037 0.8934120162037037 0.8851135949074075 0.886138113425926 0.887033599537037 0.885228162037037 0.893011599537037 0.8793809236111111
3 0.6901170208333334 0.7545068587962963 0.6900443587962962 0.7555459884259259 0.6861316875 0.7584050185185185 0.6860590254629629 0.7594441481481482 0.6855503842592592 0.7667180532407407 0.6907290925925926 0.7723012337962963 0.6925764328703704 0.772430412037037 0.7055804814814814 0.7722955347222222 0.7056531435185185 0.7712564050925926 0.7084451041666667 0.7578769050925926 0.706670425925926 0.7567085972222223 0.7031210717592593 0.7543719814814814 0.7012737291666666 0.754242800925926 0.6901170208333334 0.7545068587962963
3 0.7159071296296297 0.7573544884259259 0.7139871273148147 0.7582644398148148 0.7100744560185185 0.7611234699074074 0.7239812268518518 0.7746264490740741 0.7258285671296297 0.7747556296296296 0.7332905949074074 0.7742332152777778 0.7333632569444445 0.7731940856481481 0.7359372268518519 0.7629319722222222 0.734162550925926 0.7617636643518518 0.7289111805555556 0.7572196111111111 0.727063837962963 0.7570904328703704 0.7159071296296297 0.7573544884259259
3 0.747239261574074 0.7605896550925926 0.7453192569444445 0.7614996064814815 0.7394139212962962 0.7663077152777779 0.7480693217592593 0.7752666435185185 0.749916662037037 0.7753958217592593 0.7554586828703704 0.7757833587962963 0.7573786875 0.7748734074074074 0.763211363425926 0.771104425925926 0.7632840254629629 0.7700652962962963 0.7564759652777778 0.7612355486111111 0.754628625 0.7611063703703704 0.747239261574074 0.7605896550925926
3 0.7318373333333333 0.795015798611111 0.7427760532407407 0.7978691296296296 0.7446960578703703 0.7969591782407407 0.7466160601851852 0.7960492268518519 0.746688724537037 0.795010099537037 0.7494080208333332 0.7826697268518518 0.7476333425925925 0.7815014189814815 0.7405346319444445 0.7768281875 0.7406072939814814 0.7757890578703703 0.7366946226851852 0.7786480879629629 0.7348472824074074 0.7785189097222223 0.7198505671296296 0.7806028680555556 0.7269492777777777 0.785276099537037 0.7268766157407407 0.7863152291666666 0.7246659606481481 0.7913816967592593 0.7264406365740741 0.7925500046296295 0.7299899930555556 0.7948866203703704 0.7318373333333333 0.795015798611111
3 0.7143812083333333 0.7791762037037038 0.7125338657407408 0.7790470231481481 0.7051445046296296 0.7785303101851851 0.7032245 0.7794402592592592 0.6972465 0.7852874999999999 0.6971738356481482 0.7863266296296296 0.6968831851851852 0.7904831458333333 0.7020618912037037 0.7960663287037036 0.7039092337962963 0.7961955069444444 0.7150659398148148 0.795931449074074 0.7169859444444445 0.7950214976851853 0.7246659606481481 0.7913816967592593 0.7247386226851852 0.7903425671296297 0.7251746018518518 0.7841077916666666 0.723399923611111 0.7829394837962963 0.7143812083333333 0.7791762037037038
1 0.04064076157407408 0.5623795069444445 0.06844199537037038 0.5789425023148148 0.1835605949074074 0.4989654490740741 0.23322637499999999 0.4789436875 0.2644184814814815 0.4762170625 0.36515557407407406 0.4877513912037037 0.37433159722222226 0.44944399768518517 0.2739287546296296 0.4331296736111111 0.21707229166666664 0.42059135879629633 0.11453256944444445 0.40297897916666664 0.09823911342592594 0.4395356226851852 0.17623715509259258 0.4603396689814815 0.1787538449074074 0.46417038888888884 0.15566070833333331 0.48646797453703705 0.04064076157407408 0.5623795069444445
1 0.5669327685185185 0.8808049490740741 0.5593617476851852 0.8828860578703703 0.5298987546296297 0.8794683310185185 0.5261613263888889 0.8930949814814815 0.6209869282407406 0.9042159375 0.6259448333333333 0.8917188425925926 0.6250066296296296 0.8918620787037037 0.5998506527777778 0.8879101597222222 0.5890717916666667 0.8827707453703704 0.58473375 0.8757844537037037 0.5821756875 0.8619264212962963 0.5868099467592592 0.8381292222222222 0.5749755092592592 0.8401210439814816 0.5716363518518518 0.8719448055555555 0.5669327685185185 0.8808049490740741
1 0.4127433032407407 0.930169486111111 0.42291402083333335 0.9333867962962963 0.43769746296296297 0.8945317199074074 0.4468491967592592 0.8857737800925926 0.47905832407407406 0.8870862708333334 0.4798263263888889 0.8867222916666667 0.48241175231481487 0.8736416111111112 0.4523872939814815 0.8702890439814815 0.4403547013888889 0.8671503819444445 0.39297250462962957 0.8624796203703704 0.39011207175925927 0.8741835972222222 0.42184581250000003 0.8796396898148148 0.425883974537037 0.882950275462963 0.4127433032407407 0.930169486111111
1 0.703676574074074 0.9561522569444444 0.712046625 0.9612276527777778 0.7443870694444444 0.9234958611111111 0.7560554953703703 0.9185686412037037 0.7836680694444444 0.9192464467592593 0.7833204004629629 0.9189088726851852 0.7788194212962963 0.9115979259259258 0.7815012731481481 0.9051025115740741 0.692799849537037 0.899317587962963 0.6908049560185185 0.9119174583333334 0.7260237685185186 0.9153199861111111 0.7306742638888889 0.9178380231481482 0.7249846875 0.9301795347222223 0.703676574074074 0.9561522569444444
1 0.6006872175925926 0.36889171296296297 0.6015882384259259 0.35600650925925925 0.5773330185185185 0.3577563125 0.5583283217592593 0.3507886388888889 0.5185755370370371 0.3246185439814815 0.5139851365740741 0.3292053402777778 0.5562255462962963 0.35962180787037035 0.5362150231481482 0.36438337731481485 0.5460431111111111 0.3778099907407408 0.6006872175925926 0.36889171296296297
1 0.662002037037037 0.5406705949074074 0.6627325925925925 0.5461515740740741 0.6498146273148149 0.5503648935185185 0.6494440462962963 0.5556644513888889 0.7424007708333333 0.5483810439814815 0.821788638888889 0.5572738564814815 0.829985412037037 0.5595177685185185 0.8417404444444444 0.5214951365740741 0.8028778148148148 0.5171068587962963 0.75197225 0.5070730925925926 0.7167534375000001 0.5036705625 0.6585269814814815 0.49479560648148146 0.6452474004629629 0.5307276319444445 0.6952334861111111 0.5379821550925926 0.662002037037037 0.5406705949074074
1 0.023499886574074074 0.8579454699074075 0.05327559027777778 0.8383080162037038 0.08126404861111111 0.8256462152777778 0.11835200231481481 0.8288661828703704 0.11843193055555555 0.8277231412037037 0.12339710185185185 0.8151221319444445 0.03812065509259259 0.8001788125 0.032481944444444445 0.8117929351851851 0.045097803240740746 0.8145546990740741 0.062233361111111114 0.8217049328703704 0.04199227777777778 0.8377278518518518 0.015010497685185186 0.8519219398148148 0.023499886574074074 0.8579454699074075
1 0.9592708055555556 0.30614823148148146 0.9696181412037037 0.29622084259259257 0.9543911296296296 0.290979224537037 0.9875012777777777 0.2794065162037037 0.9876030069444445 0.2779517337962963 0.9769778518518519 0.26530475462962966 0.8828792037037038 0.29422788657407406 0.889803525462963 0.30139502777777777 0.9062448587962962 0.3025447175925926 0.9318918657407408 0.2968198171296296 0.9395375138888888 0.30163571527777777 0.9552762430555555 0.3022141689814815 0.9592708055555556 0.30614823148148146
0 0.2599776458333333 0.8397094027777777 0.22590775925925927 0.833150162037037 0.2218081273148148 0.8466470648148148 0.22084812731481482 0.8471020393518519 0.281693 0.8583529375 0.29733641666666666 0.8470207291666667 0.3074355833333333 0.8459517731481482 0.2789689259259259 0.8415595069444444 0.2719750185185185 0.8380422361111111 0.262733275462963 0.8268494652777777 0.2566007199074074 0.8269427407407407 0.2599776458333333 0.8397094027777777