2 0.29129629629629633 0.4692708333333333 0.17037037037037037 0.4866666666666667 0.1261111111111111 0.484375 0 0.45708333333333334 0.0005555555555555556 0.49104166666666665 0.02259259259259259 0.4977083333333333 0.04351851851851852 0.5145833333333334 0.07018518518518518 0.52625 0.09685185185185186 0.52 0.1448148148148148 0.5237499999999999 0.7077777777777777 0.420625 0.7975925925925926 0.4136458333333333 0.9968518518518518 0.4071875 0.9981481481481481 0.4071875 0.9985185185185186 0.381875 0.7257407407407407 0.3929166666666667 0.7003703703703704 0.3921875 0.4235185185185185 0.4403125 0.41425925925925927 0.4373958333333334 0.38240740740740736 0.44145833333333334 0.347962962962963 0.45395833333333335 0.29129629629629633 0.4692708333333333
2 0.6079629629629629 0.012604166666666668 0.612962962962963 0.0003125 0.53 0.000625 0.4829629629629629 0.006666666666666666 0.4264814814814815 0.0215625 0.2909259259259259 0.044270833333333336 0.23296296296296296 0.050833333333333335 0.07962962962962962 0.048749999999999995 0.07037037037037036 0.05291666666666667 0.08018518518518519 0.06114583333333333 0.08074074074074075 0.06114583333333333 0.16055555555555556 0.059166666666666666 0.24703703703703703 0.06281250000000001 0.2922222222222222 0.05875 0.3307407407407407 0.04885416666666667 0.44703703703703707 0.031145833333333334 0.5138888888888888 0.0140625 0.5985185185185186 0.009791666666666667 0.6079629629629629 0.012604166666666668
2 0.06708973379629629 1 0.16444444444444445 0.8721875 0.23 0.7988541666666668 0.3312962962962963 0.7345833333333333 0.4288888888888889 0.6988541666666666 0.4461111111111111 0.6845833333333333 0.507962962962963 0.6421875 0.5035185185185186 0.63625 0.4924074074074074 0.6377083333333333 0.4262962962962963 0.6848958333333334 0.3553703703703704 0.7116666666666667 0.22814814814814816 0.7836458333333334 0.20222222222222222 0.8013541666666667 0.04092592592592593 0.9986458333333333 0.057055555555555554 1 0.06708973379629629 1
2 0.2592222222222222 1 0.27037037037037037 0.9992708333333333 0.2707407407407407 0.9992708333333333 0.1796296296296296 0.9620833333333333 0.1261111111111111 0.93125 0.12351851851851851 0.9411458333333333 0.17537037037037037 0.9701041666666667 0.25362643749999997 1 0.2592222222222222 1
2 0.3112962962962963 0.9389583333333333 0.3164814814814815 0.9340625 0.25407407407407406 0.9155208333333333 0.21092592592592593 0.9002083333333333 0.15944444444444444 0.88625 0.15425925925925926 0.8940625 0.1938888888888889 0.9039583333333333 0.30814814814814817 0.9404166666666667 0.3112962962962963 0.9389583333333333
2 0.12407407407407407 0.885625 0.1275925925925926 0.8809375 0.04203703703703704 0.8677083333333334 0.03203703703703704 0.8632291666666667 0.0014814814814814814 0.8572916666666667 0.00018518518518518518 0.8606250000000001 0.04574074074074074 0.8746875000000001 0.12333333333333334 0.8869791666666667 0.12407407407407407 0.885625
2 0.09777777777777778 0.9211458333333333 0.09962962962962962 0.9203125 0.1037037037037037 0.9135416666666666 0.049629629629629635 0.876875 0.0024074074074074076 0.8664583333333333 0.004629629629629629 0.8710416666666667 0.012037037037037037 0.8759374999999999 0.023333333333333334 0.8773958333333334 0.05851851851851852 0.8933333333333334 0.09777777777777778 0.9211458333333333
3 0.6055555555555556 0.3010416666666667 0.6037037037037037 0.3010416666666667 0.5944444444444444 0.3020833333333333 0.5925925925925926 0.303125 0.5722222222222222 0.309375 0.5703703703703704 0.309375 0.5444444444444444 0.31354166666666666 0.5425925925925926 0.3145833333333333 0.5277777777777778 0.31875 0.5259259259259259 0.3197916666666667 0.5148148148148148 0.3302083333333333 0.5148148148148148 0.33125 0.512962962962963 0.3479166666666667 0.5148148148148148 0.3489583333333333 0.5333333333333333 0.3666666666666667 0.5333333333333333 0.3677083333333333 0.5370370370370371 0.375 0.5388888888888889 0.37604166666666666 0.5481481481481482 0.3822916666666667 0.5499999999999999 0.3822916666666667 0.5740740740740741 0.38958333333333334 0.575925925925926 0.38958333333333334 0.6166666666666666 0.38958333333333334 0.6185185185185185 0.3885416666666667 0.6462962962962963 0.3833333333333333 0.6481481481481481 0.3822916666666667 0.6629629629629629 0.3770833333333333 0.6648148148148147 0.37604166666666666 0.6814814814814815 0.365625 0.6814814814814815 0.3645833333333333 0.688888888888889 0.3541666666666667 0.688888888888889 0.353125 0.6907407407407407 0.34270833333333334 0.6925925925925925 0.3416666666666667 0.6944444444444444 0.3395833333333333 0.6944444444444444 0.3385416666666667 0.6944444444444444 0.328125 0.6833333333333333 0.309375 0.6814814814814815 0.3083333333333333 0.6685185185185185 0.3 0.6666666666666666 0.3 0.6481481481481481 0.2947916666666667 0.6462962962962963 0.2947916666666667 0.6259259259259259 0.2947916666666667 0.6240740740740741 0.29583333333333334 0.6055555555555556 0.3010416666666667
3 0.39444444444444443 0.3385416666666667 0.3925925925925926 0.3395833333333333 0.38148148148148153 0.34270833333333334 0.37962962962962965 0.34375 0.3666666666666667 0.3510416666666667 0.3666666666666667 0.3520833333333333 0.3592592592592592 0.35833333333333334 0.3592592592592592 0.359375 0.3592592592592592 0.3666666666666667 0.3611111111111111 0.3677083333333333 0.37592592592592594 0.3833333333333333 0.37592592592592594 0.384375 0.37777777777777777 0.4020833333333333 0.37962962962962965 0.403125 0.3888888888888889 0.415625 0.3907407407407408 0.415625 0.412962962962963 0.42291666666666666 0.4148148148148148 0.42291666666666666 0.44074074074074077 0.4239583333333333 0.4425925925925926 0.425 0.45185185185185184 0.4260416666666667 0.4537037037037037 0.4260416666666667 0.4703703703703703 0.425 0.4722222222222222 0.4239583333333333 0.48703703703703705 0.42083333333333334 0.4888888888888889 0.4197916666666667 0.512962962962963 0.409375 0.512962962962963 0.4083333333333333 0.5185185185185185 0.40520833333333334 0.5185185185185185 0.4041666666666667 0.5314814814814814 0.3885416666666667 0.5314814814814814 0.3875 0.5314814814814814 0.3708333333333333 0.5240740740740741 0.359375 0.5222222222222223 0.35833333333333334 0.5074074074074074 0.3489583333333333 0.5055555555555555 0.3489583333333333 0.4611111111111111 0.340625 0.45925925925925926 0.340625 0.4277777777777778 0.3385416666666667 0.42592592592592593 0.3385416666666667 0.39444444444444443 0.3385416666666667
3 0.3166666666666667 0.3541666666666667 0.3148148148148148 0.3541666666666667 0.2851851851851852 0.3458333333333333 0.2833333333333333 0.3458333333333333 0.2722222222222222 0.34375 0.27037037037037037 0.34375 0.25 0.34375 0.24814814814814815 0.34479166666666666 0.19814814814814813 0.365625 0.19814814814814813 0.3666666666666667 0.1925925925925926 0.3729166666666667 0.1925925925925926 0.37395833333333334 0.19074074074074077 0.4010416666666667 0.1925925925925926 0.4020833333333333 0.2 0.41875 0.20185185185185187 0.4197916666666667 0.22592592592592592 0.434375 0.2277777777777778 0.434375 0.2574074074074074 0.4427083333333333 0.25925925925925924 0.4427083333333333 0.29814814814814816 0.4427083333333333 0.3 0.4416666666666667 0.3185185185185185 0.43854166666666666 0.32037037037037036 0.4375 0.35370370370370374 0.4239583333333333 0.35370370370370374 0.42291666666666666 0.3666666666666667 0.4145833333333333 0.3666666666666667 0.4135416666666667 0.37222222222222223 0.4083333333333333 0.37222222222222223 0.40729166666666666 0.37592592592592594 0.390625 0.36851851851851847 0.37604166666666666 0.3666666666666667 0.375 0.362962962962963 0.3708333333333333 0.3611111111111111 0.3697916666666667 0.35185185185185186 0.365625 0.35 0.365625 0.3351851851851852 0.3625 0.3333333333333333 0.3614583333333333 0.3166666666666667 0.3541666666666667
3 0.11481481481481481 0.315625 0.11296296296296296 0.315625 0.10185185185185185 0.31354166666666666 0.1 0.31354166666666666 0.07037037037037036 0.31354166666666666 0.06851851851851852 0.3145833333333333 0.044444444444444446 0.3166666666666667 0.04259259259259259 0.3177083333333333 0.014814814814814815 0.32916666666666666 0.014814814814814815 0.3302083333333333 0.005555555555555556 0.3385416666666667 0.005555555555555556 0.3395833333333333 0.003703703703703704 0.3791666666666667 0.005555555555555556 0.3802083333333333 0.005555555555555556 0.3854166666666667 0.007407407407407408 0.3864583333333333 0.012962962962962963 0.3979166666666667 0.014814814814814815 0.3989583333333333 0.040740740740740744 0.4135416666666667 0.04259259259259259 0.4135416666666667 0.06851851851851852 0.42083333333333334 0.07037037037037036 0.42083333333333334 0.08518518518518518 0.42291666666666666 0.08703703703703704 0.42291666666666666 0.12222222222222222 0.42291666666666666 0.12407407407407407 0.421875 0.1425925925925926 0.42083333333333334 0.14444444444444443 0.4197916666666667 0.15185185185185185 0.4177083333333333 0.1537037037037037 0.4166666666666667 0.16666666666666666 0.4114583333333333 0.1685185185185185 0.4104166666666667 0.1814814814814815 0.4020833333333333 0.1814814814814815 0.4010416666666667 0.18703703703703703 0.3947916666666667 0.18703703703703703 0.39375 0.19074074074074077 0.3802083333333333 0.18703703703703703 0.3708333333333333 0.18518518518518517 0.3697916666666667 0.17777777777777778 0.3625 0.17777777777777778 0.3614583333333333 0.16666666666666666 0.34270833333333334 0.16481481481481483 0.3416666666666667 0.1425925925925926 0.32708333333333334 0.14074074074074072 0.32708333333333334 0.11481481481481481 0.315625
3 0.2851851851851852 0.09583333333333333 0.2851851851851852 0.096875 0.2851851851851852 0.11145833333333333 0.28703703703703703 0.1125 0.29444444444444445 0.11770833333333333 0.2962962962962963 0.11770833333333333 0.30185185185185187 0.11979166666666667 0.3037037037037037 0.11979166666666667 0.3148148148148148 0.121875 0.3166666666666667 0.121875 0.32407407407407407 0.12083333333333333 0.32592592592592595 0.11979166666666667 0.3333333333333333 0.11458333333333333 0.3333333333333333 0.11354166666666667 0.3351851851851852 0.10729166666666667 0.32962962962962966 0.09583333333333333 0.3277777777777778 0.09479166666666668 0.3166666666666667 0.08958333333333333 0.3148148148148148 0.08958333333333333 0.3037037037037037 0.08854166666666667 0.30185185185185187 0.08958333333333333 0.2925925925925926 0.09166666666666667 0.29074074074074074 0.09270833333333332 0.2851851851851852 0.09583333333333333
3 0.3111111111111111 0.07187500000000001 0.3111111111111111 0.07291666666666667 0.30925925925925923 0.08541666666666667 0.3111111111111111 0.08645833333333333 0.3222222222222222 0.090625 0.32407407407407407 0.09166666666666667 0.3351851851851852 0.09895833333333333 0.337037037037037 0.09895833333333333 0.3425925925925926 0.09895833333333333 0.3444444444444445 0.09791666666666667 0.362962962962963 0.090625 0.362962962962963 0.08958333333333333 0.3666666666666667 0.08645833333333333 0.3666666666666667 0.08541666666666667 0.3666666666666667 0.08020833333333333 0.35555555555555557 0.065625 0.35370370370370374 0.065625 0.3425925925925926 0.0625 0.34074074074074073 0.0625 0.32962962962962966 0.0625 0.3277777777777778 0.06354166666666666 0.3222222222222222 0.06458333333333333 0.32037037037037036 0.065625 0.3111111111111111 0.07187500000000001
3 0.4277777777777778 0.053125 0.42592592592592593 0.05416666666666666 0.41851851851851857 0.06041666666666667 0.41851851851851857 0.06145833333333334 0.42037037037037034 0.07916666666666668 0.4222222222222222 0.08020833333333333 0.44074074074074077 0.08541666666666667 0.4425925925925926 0.08541666666666667 0.4574074074074074 0.08333333333333333 0.45925925925925926 0.08229166666666667 0.46851851851851856 0.07604166666666667 0.46851851851851856 0.075 0.4703703703703703 0.06145833333333334 0.46851851851851856 0.058333333333333334 0.4666666666666667 0.057291666666666664 0.4574074074074074 0.052083333333333336 0.4555555555555556 0.052083333333333336 0.45 0.05 0.44814814814814813 0.05 0.44074074074074077 0.05 0.4388888888888889 0.051041666666666666 0.4277777777777778 0.053125
3 0.37407407407407406 0.051041666666666666 0.37222222222222223 0.052083333333333336 0.3648148148148148 0.05625 0.3648148148148148 0.057291666666666664 0.3611111111111111 0.0625 0.3611111111111111 0.06354166666666666 0.3611111111111111 0.07083333333333333 0.362962962962963 0.07187500000000001 0.37222222222222223 0.08333333333333333 0.37407407407407406 0.08333333333333333 0.40185185185185185 0.084375 0.40370370370370373 0.08333333333333333 0.40925925925925927 0.08229166666666667 0.4111111111111111 0.08125 0.41851851851851857 0.07604166666666667 0.41851851851851857 0.075 0.41851851851851857 0.06666666666666667 0.4166666666666667 0.058333333333333334 0.4148148148148148 0.057291666666666664 0.412962962962963 0.05520833333333334 0.4111111111111111 0.05520833333333334 0.39629629629629626 0.04895833333333333 0.39444444444444443 0.04895833333333333 0.3851851851851852 0.04895833333333333 0.3833333333333333 0.05 0.37407407407407406 0.051041666666666666
3 0.3111111111111111 0.06666666666666667 0.31296296296296294 0.06770833333333333 0.3333333333333333 0.06145833333333334 0.3351851851851852 0.06145833333333334 0.35370370370370374 0.06458333333333333 0.35555555555555557 0.06354166666666666 0.3574074074074074 0.058333333333333334 0.34814814814814815 0.053125 0.34629629629629627 0.053125 0.33148148148148143 0.05 0.32962962962962966 0.051041666666666666 0.32592592592592595 0.051041666666666666 0.32407407407407407 0.052083333333333336 0.31296296296296294 0.058333333333333334 0.31296296296296294 0.059375 0.3111111111111111 0.06666666666666667
3 0.3833333333333333 0.05 0.3851851851851852 0.05 0.39629629629629626 0.05 0.39814814814814814 0.051041666666666666 0.4055555555555555 0.052083333333333336 0.4074074074074074 0.053125 0.4148148148148148 0.05625 0.4148148148148148 0.05520833333333334 0.4148148148148148 0.052083333333333336 0.40185185185185185 0.04479166666666667 0.4 0.04479166666666667 0.38148148148148153 0.04479166666666667 0.37962962962962965 0.04583333333333334 0.36851851851851847 0.04895833333333333 0.36851851851851847 0.05 0.3666666666666667 0.053125 0.36851851851851847 0.053125 0.3833333333333333 0.05
3 0.018518518518518517 0.06770833333333333 0.020370370370370372 0.06874999999999999 0.025925925925925925 0.07604166666666667 0.027777777777777776 0.07708333333333332 0.040740740740740744 0.08333333333333333 0.04259259259259259 0.08333333333333333 0.053703703703703705 0.08645833333333333 0.05555555555555555 0.08645833333333333 0.06481481481481481 0.08645833333333333 0.06666666666666667 0.08541666666666667 0.07962962962962962 0.078125 0.07962962962962962 0.07708333333333332 0.08148148148148149 0.06458333333333333 0.07407407407407407 0.05625 0.07222222222222222 0.05625 0.06666666666666667 0.05520833333333334 0.06481481481481481 0.05625 0.053703703703703705 0.059375 0.05185185185185185 0.059375 0.025925925925925925 0.058333333333333334 0.024074074074074074 0.059375 0.018518518518518517 0.06770833333333333
3 0.003703703703703704 0.08958333333333333 0.005555555555555556 0.08958333333333333 0.011111111111111112 0.08854166666666667 0.012962962962962963 0.0875 0.022222222222222223 0.08229166666666667 0.022222222222222223 0.08125 0.024074074074074074 0.07395833333333333 0.020370370370370372 0.07083333333333333 0.020370370370370372 0.06979166666666667 0.020370370370370372 0.059375 0.018518518518518517 0.058333333333333334 0.011111111111111112 0.057291666666666664 0.009259259259259259 0.058333333333333334 0.001851851851851852 0.06041666666666667 0.001851851851851852 0.06145833333333334 0.003703703703703704 0.08958333333333333
3 0.003703703703703704 0.034374999999999996 0.005555555555555556 0.035416666666666666 0.012962962962962963 0.041666666666666664 0.014814814814814815 0.041666666666666664 0.025925925925925925 0.041666666666666664 0.027777777777777776 0.040625 0.03518518518518518 0.03854166666666666 0.03518518518518518 0.0375 0.03888888888888889 0.03229166666666666 0.03888888888888889 0.03125 0.03888888888888889 0.01979166666666667 0.03333333333333333 0.013541666666666665 0.03148148148148148 0.0125 0.022222222222222223 0.008333333333333333 0.020370370370370372 0.008333333333333333 0.009259259259259259 0.004166666666666667 0.007407407407407408 0.004166666666666667 0.001851851851851852 0.004166666666666667 0.001851851851851852 0.005208333333333333 0.003703703703703704 0.034374999999999996
3 0.2537037037037037 0.09375 0.2537037037037037 0.09479166666666668 0.24814814814814815 0.09791666666666667 0.24814814814814815 0.09895833333333333 0.24814814814814815 0.11145833333333333 0.25 0.1125 0.26296296296296295 0.121875 0.26481481481481484 0.121875 0.28148148148148144 0.121875 0.28148148148148144 0.12083333333333333 0.2851851851851852 0.1125 0.28148148148148144 0.10833333333333332 0.28148148148148144 0.10729166666666667 0.2833333333333333 0.09479166666666668 0.28148148148148144 0.09375 0.2740740740740741 0.090625 0.2722222222222222 0.090625 0.26666666666666666 0.090625 0.26481481481481484 0.09166666666666667 0.2537037037037037 0.09375
3 0.2759259259259259 0.08541666666666667 0.2777777777777778 0.08645833333333333 0.28148148148148144 0.09166666666666667 0.2833333333333333 0.09166666666666667 0.28888888888888886 0.09270833333333332 0.29074074074074074 0.09166666666666667 0.30925925925925923 0.08645833333333333 0.30925925925925923 0.08541666666666667 0.30925925925925923 0.07291666666666667 0.3037037037037037 0.06979166666666667 0.30185185185185187 0.06979166666666667 0.29074074074074074 0.06979166666666667 0.28888888888888886 0.07083333333333333 0.28148148148148144 0.07291666666666667 0.28148148148148144 0.07395833333333333 0.2759259259259259 0.07916666666666668 0.2759259259259259 0.08020833333333333 0.2759259259259259 0.08541666666666667
3 0.2777777777777778 0 0.2777777777777778 0.0010416666666666667 0.2722222222222222 0.008333333333333333 0.2722222222222222 0.009375 0.2740740740740741 0.015625 0.2759259259259259 0.016666666666666666 0.2833333333333333 0.01979166666666667 0.2851851851851852 0.01979166666666667 0.3 0.017708333333333333 0.30185185185185187 0.016666666666666666 0.3055555555555556 0.013541666666666665 0.3055555555555556 0.0125 0.3055555555555556 0.005208333333333333 0.3 0 0.29814814814814816 0 0.2777777777777778 0
3 0.5648148148148148 0.190625 0.5666666666666667 0.190625 0.575925925925926 0.18958333333333335 0.5777777777777777 0.18854166666666666 0.5814814814814815 0.18645833333333334 0.5814814814814815 0.18541666666666665 0.5814814814814815 0.18020833333333333 0.575925925925926 0.17708333333333334 0.5740740740740741 0.17708333333333334 0.5629629629629629 0.17708333333333334 0.5611111111111111 0.178125 0.5574074074074075 0.18020833333333333 0.5574074074074075 0.18125 0.5592592592592592 0.1875 0.5611111111111111 0.18854166666666666 0.5648148148148148 0.190625
3 0.5444444444444444 0.19270833333333334 0.5462962962962963 0.19270833333333334 0.5574074074074075 0.18854166666666666 0.5574074074074075 0.1875 0.5574074074074075 0.184375 0.5518518518518518 0.18020833333333333 0.5499999999999999 0.18020833333333333 0.5407407407407407 0.178125 0.5388888888888889 0.17916666666666667 0.5314814814814814 0.18125 0.5314814814814814 0.18229166666666666 0.5333333333333333 0.1875 0.5351851851851852 0.18854166666666666 0.5444444444444444 0.19270833333333334
3 0.5277777777777778 0.1875 0.5277777777777778 0.18645833333333334 0.5296296296296297 0.18020833333333333 0.5259259259259259 0.17708333333333334 0.5240740740740741 0.17708333333333334 0.5166666666666666 0.17604166666666665 0.5148148148148148 0.17708333333333334 0.5111111111111112 0.18125 0.5111111111111112 0.18229166666666666 0.512962962962963 0.18541666666666665 0.5148148148148148 0.18645833333333334 0.5277777777777778 0.1875
3 0.8592592592592593 0.021875 0.8574074074074074 0.021875 0.85 0.02291666666666667 0.85 0.02395833333333333 0.85 0.026041666666666668 0.8518518518518519 0.02708333333333333 0.8574074074074074 0.030208333333333334 0.8574074074074074 0.03125 0.8648148148148148 0.04583333333333334 0.8666666666666666 0.046875 0.887037037037037 0.04791666666666666 0.8888888888888888 0.046875 0.8944444444444444 0.046875 0.8962962962962963 0.04583333333333334 0.9 0.04375 0.9 0.042708333333333334 0.9074074074074074 0.035416666666666666 0.9074074074074074 0.034374999999999996 0.9092592592592593 0.02395833333333333 0.8944444444444444 0.015625 0.8925925925925926 0.015625 0.8851851851851852 0.013541666666666665 0.8833333333333334 0.013541666666666665 0.8759259259259259 0.013541666666666665 0.8740740740740741 0.014583333333333334 0.8666666666666666 0.016666666666666666 0.8666666666666666 0.017708333333333333 0.8592592592592593 0.021875
3 0.23333333333333334 0.678125 0.23148148148148148 0.6791666666666666 0.21851851851851853 0.6885416666666666 0.21851851851851853 0.6895833333333333 0.22037037037037038 0.7052083333333333 0.2222222222222222 0.70625 0.22592592592592592 0.709375 0.2277777777777778 0.709375 0.24074074074074073 0.7135416666666666 0.24259259259259258 0.7135416666666666 0.2611111111111111 0.7135416666666666 0.26296296296296295 0.7125 0.26851851851851855 0.7114583333333334 0.27037037037037037 0.7104166666666666 0.28148148148148144 0.703125 0.28148148148148144 0.7020833333333334 0.2833333333333333 0.690625 0.2777777777777778 0.6802083333333334 0.2759259259259259 0.6791666666666666 0.27037037037037037 0.6760416666666667 0.26851851851851855 0.6760416666666667 0.26296296296296295 0.6739583333333333 0.2611111111111111 0.6739583333333333 0.24814814814814815 0.6739583333333333 0.24629629629629632 0.675 0.23333333333333334 0.678125
3 0.26666666666666666 0.7208333333333333 0.26851851851851855 0.721875 0.2722222222222222 0.7270833333333334 0.2740740740740741 0.7270833333333334 0.28148148148148144 0.73125 0.2833333333333333 0.73125 0.29444444444444445 0.7322916666666667 0.2962962962962963 0.73125 0.3074074074074074 0.7302083333333333 0.30925925925925923 0.7291666666666666 0.3148148148148148 0.728125 0.3166666666666667 0.7270833333333334 0.3222222222222222 0.7229166666666667 0.3222222222222222 0.721875 0.32592592592592595 0.71875 0.32592592592592595 0.7177083333333334 0.3277777777777778 0.7104166666666666 0.32592592592592595 0.7052083333333333 0.32407407407407407 0.7041666666666666 0.3185185185185185 0.6989583333333333 0.3166666666666667 0.6989583333333333 0.29074074074074074 0.6989583333333333 0.28888888888888886 0.7 0.26851851851851855 0.7135416666666666 0.26851851851851855 0.7145833333333333 0.26666666666666666 0.7208333333333333
3 0.2074074074074074 0.7322916666666667 0.2074074074074074 0.7333333333333334 0.2111111111111111 0.7427083333333334 0.21296296296296297 0.74375 0.23333333333333334 0.7510416666666666 0.23518518518518516 0.7510416666666666 0.24444444444444444 0.75 0.24629629629629632 0.7489583333333334 0.2611111111111111 0.7416666666666666 0.2611111111111111 0.740625 0.26666666666666666 0.7354166666666666 0.26666666666666666 0.734375 0.26666666666666666 0.725 0.2555555555555556 0.7166666666666667 0.2537037037037037 0.7166666666666667 0.23148148148148148 0.7135416666666666 0.22962962962962963 0.7135416666666666 0.2222222222222222 0.7145833333333333 0.2222222222222222 0.715625 0.21481481481481482 0.7208333333333333 0.21481481481481482 0.721875 0.2074074074074074 0.7322916666666667
3 0.17222222222222225 0.6916666666666667 0.17037037037037037 0.6927083333333334 0.1574074074074074 0.6989583333333333 0.1574074074074074 0.7 0.15185185185185185 0.7052083333333333 0.15185185185185185 0.70625 0.15185185185185185 0.7114583333333334 0.1537037037037037 0.7125 0.15925925925925924 0.7197916666666666 0.1611111111111111 0.7208333333333333 0.1685185185185185 0.725 0.17037037037037037 0.725 0.1814814814814815 0.728125 0.18333333333333335 0.728125 0.18888888888888888 0.728125 0.19074074074074077 0.7270833333333334 0.2074074074074074 0.7239583333333334 0.20925925925925928 0.7229166666666667 0.21296296296296297 0.7208333333333333 0.21296296296296297 0.7197916666666666 0.21851851851851853 0.7135416666666666 0.21851851851851853 0.7125 0.21851851851851853 0.7083333333333334 0.21481481481481482 0.6958333333333334 0.21296296296296297 0.6947916666666666 0.20925925925925928 0.6916666666666667 0.2074074074074074 0.6916666666666667 0.2 0.6895833333333333 0.19814814814814813 0.6895833333333333 0.18333333333333335 0.6895833333333333 0.1814814814814815 0.690625 0.17222222222222225 0.6916666666666667
3 0.1037037037037037 0.7145833333333333 0.1037037037037037 0.715625 0.09444444444444444 0.7260416666666666 0.09444444444444444 0.7270833333333334 0.09444444444444444 0.7333333333333334 0.0962962962962963 0.734375 0.10185185185185185 0.7395833333333334 0.1037037037037037 0.7395833333333334 0.11481481481481481 0.7447916666666666 0.11666666666666667 0.7447916666666666 0.1388888888888889 0.7447916666666666 0.14074074074074072 0.74375 0.1462962962962963 0.7427083333333334 0.14814814814814814 0.7416666666666666 0.1574074074074074 0.7354166666666666 0.1574074074074074 0.734375 0.1611111111111111 0.73125 0.1611111111111111 0.7302083333333333 0.1611111111111111 0.725 0.14814814814814814 0.7104166666666666 0.1462962962962963 0.7104166666666666 0.14074074074074072 0.7083333333333334 0.1388888888888889 0.7083333333333334 0.12222222222222222 0.7072916666666667 0.12037037037037036 0.7083333333333334 0.1111111111111111 0.7104166666666666 0.10925925925925926 0.7114583333333334 0.1037037037037037 0.7145833333333333
3 0.14444444444444443 0.7520833333333333 0.1462962962962963 0.753125 0.15185185185185185 0.759375 0.1537037037037037 0.7604166666666666 0.1611111111111111 0.7645833333333334 0.16296296296296298 0.7645833333333334 0.17037037037037037 0.7666666666666666 0.17222222222222225 0.7666666666666666 0.18518518518518517 0.765625 0.18703703703703703 0.7645833333333334 0.1962962962962963 0.7614583333333333 0.1962962962962963 0.7604166666666666 0.2 0.7572916666666666 0.2 0.75625 0.20555555555555555 0.7458333333333333 0.20555555555555555 0.7447916666666666 0.20555555555555555 0.7385416666666667 0.2037037037037037 0.7354166666666666 0.20185185185185187 0.734375 0.19444444444444445 0.73125 0.1925925925925926 0.73125 0.17037037037037037 0.73125 0.1685185185185185 0.7322916666666667 0.1462962962962963 0.7447916666666666 0.1462962962962963 0.7458333333333333 0.14444444444444443 0.7520833333333333
3 0.07777777777777778 0.746875 0.07777777777777778 0.7479166666666667 0.07962962962962962 0.7572916666666666 0.08148148148148149 0.7583333333333334 0.08333333333333333 0.7614583333333333 0.08518518518518518 0.7625 0.09259259259259259 0.7677083333333333 0.09444444444444444 0.7677083333333333 0.1 0.7697916666666667 0.10185185185185185 0.7697916666666667 0.11666666666666667 0.7697916666666667 0.11851851851851852 0.76875 0.13148148148148148 0.7666666666666666 0.13333333333333333 0.765625 0.14074074074074072 0.7572916666666666 0.14074074074074072 0.75625 0.14074074074074072 0.7489583333333334 0.13333333333333333 0.7458333333333333 0.13148148148148148 0.7458333333333333 0.11666666666666667 0.7458333333333333 0.11481481481481481 0.7447916666666666 0.09444444444444444 0.7364583333333333 0.09259259259259259 0.7364583333333333 0.08518518518518518 0.7395833333333334 0.08518518518518518 0.740625 0.07777777777777778 0.746875
3 0.412962962962963 0.7208333333333333 0.4148148148148148 0.7197916666666666 0.4277777777777778 0.7177083333333334 0.42962962962962964 0.7166666666666667 0.42962962962962964 0.7114583333333334 0.4222222222222222 0.7072916666666667 0.42037037037037034 0.7072916666666667 0.412962962962963 0.7072916666666667 0.4111111111111111 0.7083333333333334 0.40370370370370373 0.7114583333333334 0.40370370370370373 0.7125 0.40370370370370373 0.715625 0.4055555555555555 0.7166666666666667 0.412962962962963 0.7208333333333333
3 0.39629629629629626 0.728125 0.39814814814814814 0.7270833333333334 0.4074074074074074 0.7239583333333334 0.4074074074074074 0.7229166666666667 0.4074074074074074 0.71875 0.40185185185185185 0.715625 0.4 0.715625 0.3907407407407408 0.715625 0.3888888888888889 0.7166666666666667 0.3833333333333333 0.7197916666666666 0.3833333333333333 0.7208333333333333 0.387037037037037 0.728125 0.3888888888888889 0.728125 0.39629629629629626 0.728125
3 0.37962962962962965 0.7354166666666666 0.37962962962962965 0.734375 0.3833333333333333 0.7322916666666667 0.3833333333333333 0.73125 0.3851851851851852 0.7239583333333334 0.37407407407407406 0.7208333333333333 0.37222222222222223 0.721875 0.3648148148148148 0.725 0.3648148148148148 0.7260416666666666 0.362962962962963 0.7333333333333334 0.3648148148148148 0.734375 0.37037037037037035 0.7375 0.37222222222222223 0.7375 0.37962962962962965 0.7354166666666666
3 0.2518518518518518 0.9697916666666666 0.2537037037037037 0.9697916666666666 0.25925925925925924 0.9697916666666666 0.2611111111111111 0.96875 0.26851851851851855 0.9666666666666667 0.26851851851851855 0.965625 0.2740740740740741 0.959375 0.2740740740740741 0.9583333333333334 0.2740740740740741 0.9520833333333334 0.25925925925925924 0.9458333333333334 0.2574074074074074 0.946875 0.25 0.9479166666666666 0.24814814814814815 0.9489583333333333 0.2388888888888889 0.9541666666666666 0.2388888888888889 0.9552083333333333 0.24629629629629632 0.9677083333333334 0.24814814814814815 0.9677083333333334 0.2518518518518518 0.9697916666666666
3 0.20925925925925928 0.9635416666666666 0.2111111111111111 0.9645833333333333 0.21666666666666665 0.9666666666666667 0.21481481481481482 0.9677083333333334 0.2111111111111111 0.9697916666666666 0.21296296296296297 0.9708333333333333 0.22037037037037038 0.975 0.2222222222222222 0.9739583333333334 0.2277777777777778 0.96875 0.22962962962962963 0.9697916666666666 0.24074074074074073 0.9666666666666667 0.24074074074074073 0.965625 0.24074074074074073 0.9635416666666666 0.23703703703703705 0.9572916666666667 0.23518518518518516 0.95625 0.22592592592592592 0.9520833333333334 0.22407407407407406 0.953125 0.21481481481481482 0.9552083333333333 0.21296296296296297 0.95625 0.20925925925925928 0.959375 0.20925925925925928 0.9604166666666666 0.20925925925925928 0.9635416666666666
3 0.25 0.9479166666666666 0.25 0.946875 0.25 0.9427083333333334 0.24074074074074073 0.9375 0.2388888888888889 0.9375 0.22962962962962963 0.9375 0.2277777777777778 0.9385416666666666 0.22407407407407406 0.9510416666666667 0.22592592592592592 0.9510416666666667 0.2388888888888889 0.9541666666666666 0.24074074074074073 0.953125 0.25 0.9479166666666666
3 0.20185185185185187 0.959375 0.2037037037037037 0.959375 0.20925925925925928 0.959375 0.2111111111111111 0.9583333333333334 0.21851851851851853 0.9541666666666666 0.21851851851851853 0.953125 0.22037037037037038 0.9489583333333333 0.21296296296296297 0.94375 0.2111111111111111 0.94375 0.20185185185185187 0.94375 0.2 0.9447916666666666 0.19444444444444445 0.9479166666666666 0.19444444444444445 0.9489583333333333 0.19074074074074077 0.9541666666666666 0.1925925925925926 0.9552083333333333 0.20185185185185187 0.959375
3 0.19814814814814813 0.9822916666666667 0.19814814814814813 0.98125 0.19814814814814813 0.978125 0.1814814814814815 0.9708333333333333 0.1796296296296296 0.9708333333333333 0.17222222222222225 0.971875 0.17222222222222225 0.9729166666666667 0.17407407407407408 0.9791666666666666 0.17592592592592593 0.9802083333333333 0.18333333333333335 0.984375 0.18518518518518517 0.984375 0.19814814814814813 0.9822916666666667
3 0.1574074074074074 0.996875 0.15925925925925924 0.996875 0.16296296296296298 0.9989583333333334 0.16481481481481483 0.9989583333333334 0.17037037037037037 0.9989583333333334 0.17037037037037037 0.9979166666666667 0.1796296296296296 0.99375 0.1796296296296296 0.9927083333333334 0.18333333333333335 0.9895833333333334 0.18333333333333335 0.9885416666666667 0.18333333333333335 0.9854166666666666 0.17037037037037037 0.9770833333333334 0.1685185185185185 0.9770833333333334 0.1611111111111111 0.9770833333333334 0.15925925925925924 0.978125 0.15 0.9854166666666666 0.15 0.9864583333333333 0.15 0.9895833333333334 0.15185185185185185 0.990625 0.1574074074074074 0.996875
3 0.13518518518518519 0.98125 0.13703703703703704 0.9822916666666667 0.13703703703703704 0.984375 0.1388888888888889 0.9854166666666666 0.1425925925925926 0.9875 0.14444444444444443 0.9875 0.15 0.9864583333333333 0.15 0.9854166666666666 0.15925925925925924 0.9770833333333334 0.15925925925925924 0.9760416666666666 0.15925925925925924 0.971875 0.1574074074074074 0.96875 0.15555555555555556 0.9677083333333334 0.15 0.965625 0.14814814814814814 0.965625 0.14074074074074072 0.9677083333333334 0.14074074074074072 0.96875 0.13518518518518519 0.9739583333333334 0.13518518518518519 0.975 0.13518518518518519 0.98125
3 0.012962962962962963 0.9239583333333333 0.014814814814814815 0.9229166666666666 0.022222222222222223 0.9197916666666667 0.022222222222222223 0.91875 0.02962962962962963 0.9104166666666667 0.022222222222222223 0.9041666666666667 0.020370370370370372 0.9041666666666667 0.012962962962962963 0.9020833333333333 0.011111111111111112 0.9020833333333333 0.003703703703703704 0.903125 0.001851851851851852 0.9041666666666667 0.001851851851851852 0.9239583333333333 0.003703703703703704 0.925 0.012962962962962963 0.9239583333333333
3 0.08333333333333333 0.871875 0.08333333333333333 0.8708333333333333 0.08703703703703704 0.8614583333333333 0.08148148148148149 0.8572916666666667 0.07962962962962962 0.8572916666666667 0.07407407407407407 0.8572916666666667 0.07222222222222222 0.8583333333333334 0.06666666666666667 0.8604166666666666 0.06666666666666667 0.8614583333333333 0.07222222222222222 0.8708333333333333 0.07407407407407407 0.8708333333333333 0.08333333333333333 0.871875
3 0.1111111111111111 0.865625 0.10555555555555556 0.8604166666666666 0.1037037037037037 0.8604166666666666 0.09074074074074075 0.859375 0.08888888888888889 0.8604166666666666 0.08333333333333333 0.871875 0.08518518518518518 0.8729166666666667 0.10740740740740741 0.8760416666666666 0.10925925925925926 0.875 0.1111111111111111 0.865625
3 0.1111111111111111 0.8614583333333333 0.1111111111111111 0.8625 0.1111111111111111 0.8666666666666666 0.11296296296296296 0.8677083333333334 0.11666666666666667 0.8739583333333334 0.11851851851851852 0.8739583333333334 0.13148148148148148 0.8697916666666666 0.13148148148148148 0.86875 0.13703703703703704 0.8604166666666666 0.13518518518518519 0.8572916666666667 0.13333333333333333 0.85625 0.12962962962962962 0.8552083333333333 0.1277777777777778 0.8552083333333333 0.12037037037037036 0.8552083333333333 0.11851851851851852 0.85625 0.11481481481481481 0.8583333333333334 0.11481481481481481 0.859375 0.1111111111111111 0.8614583333333333
3 0.1388888888888889 0.8604166666666666 0.14074074074074072 0.8604166666666666 0.14444444444444443 0.8614583333333333 0.1462962962962963 0.8604166666666666 0.15185185185185185 0.8583333333333334 0.15185185185185185 0.8572916666666667 0.15925925925925924 0.85 0.15925925925925924 0.8489583333333334 0.15925925925925924 0.846875 0.15185185185185185 0.84375 0.15 0.84375 0.14444444444444443 0.84375 0.1425925925925926 0.8447916666666666 0.13703703703703704 0.846875 0.13703703703703704 0.8479166666666667 0.13333333333333333 0.8541666666666666 0.13518518518518519 0.8552083333333333 0.1388888888888889 0.8604166666666666
3 0.08703703703703704 0.6854166666666667 0.08888888888888889 0.684375 0.09074074074074075 0.6802083333333334 0.08518518518518518 0.675 0.08333333333333333 0.675 0.07037037037037036 0.6760416666666667 0.07037037037037036 0.6770833333333334 0.07037037037037036 0.6822916666666666 0.07222222222222222 0.6833333333333333 0.07407407407407407 0.6854166666666667 0.07592592592592592 0.6854166666666667 0.08703703703703704 0.6854166666666667
3 0.08333333333333333 0.6729166666666666 0.08518518518518518 0.671875 0.08888888888888889 0.6697916666666667 0.08888888888888889 0.66875 0.08888888888888889 0.6625 0.08518518518518518 0.6604166666666667 0.08333333333333333 0.6604166666666667 0.07407407407407407 0.6614583333333334 0.07222222222222222 0.6625 0.06851851851851852 0.665625 0.06851851851851852 0.6666666666666666 0.07037037037037036 0.671875 0.07222222222222222 0.671875 0.08333333333333333 0.6729166666666666
3 0.1277777777777778 0.6572916666666666 0.12962962962962962 0.65625 0.13148148148148148 0.6541666666666667 0.12407407407407407 0.6489583333333334 0.12222222222222222 0.6489583333333334 0.11481481481481481 0.6489583333333334 0.11296296296296296 0.65 0.10925925925925926 0.65 0.10925925925925926 0.6510416666666666 0.10555555555555556 0.6552083333333334 0.10740740740740741 0.65625 0.1277777777777778 0.6572916666666666
3 0.11296296296296296 0.61875 0.11481481481481481 0.61875 0.12407407407407407 0.61875 0.1259259259259259 0.6177083333333334 0.1277777777777778 0.609375 0.12222222222222222 0.6052083333333333 0.12037037037037036 0.6052083333333333 0.10925925925925926 0.60625 0.10740740740740741 0.6072916666666667 0.1037037037037037 0.6104166666666666 0.1037037037037037 0.6114583333333333 0.10555555555555556 0.615625 0.10740740740740741 0.6166666666666666 0.11296296296296296 0.61875
3 0.12962962962962962 0.60625 0.13148148148148148 0.6052083333333333 0.13518518518518519 0.6010416666666666 0.13518518518518519 0.6 0.13518518518518519 0.5947916666666666 0.13148148148148148 0.5927083333333334 0.12962962962962962 0.5927083333333334 0.1259259259259259 0.5927083333333334 0.12407407407407407 0.59375 0.11851851851851852 0.5947916666666666 0.11666666666666667 0.5958333333333333 0.11481481481481481 0.6041666666666666 0.11666666666666667 0.6041666666666666 0.12962962962962962 0.60625
3 0.13703703703703704 0.5947916666666666 0.1388888888888889 0.5947916666666666 0.1462962962962963 0.59375 0.14814814814814814 0.5927083333333334 0.1537037037037037 0.5864583333333333 0.14814814814814814 0.5833333333333334 0.1462962962962963 0.5833333333333334 0.14074074074074072 0.5833333333333334 0.1388888888888889 0.584375 0.13333333333333333 0.5864583333333333 0.13333333333333333 0.5875 0.13148148148148148 0.5916666666666667 0.13333333333333333 0.5927083333333334 0.13703703703703704 0.5947916666666666
3 0.16296296296296298 0.5895833333333333 0.16481481481481483 0.5895833333333333 0.17222222222222225 0.5895833333333333 0.17407407407407408 0.5885416666666666 0.1796296296296296 0.5864583333333333 0.1796296296296296 0.5854166666666667 0.1814814814814815 0.5822916666666667 0.17222222222222225 0.5770833333333334 0.17037037037037037 0.5770833333333334 0.16296296296296298 0.5770833333333334 0.1611111111111111 0.578125 0.1537037037037037 0.5822916666666667 0.1537037037037037 0.5833333333333334 0.1537037037037037 0.5854166666666667 0.15555555555555556 0.5864583333333333 0.16296296296296298 0.5895833333333333
3 0.19444444444444445 0.6052083333333333 0.19444444444444445 0.6041666666666666 0.1962962962962963 0.5958333333333333 0.1925925925925926 0.5927083333333334 0.19074074074074077 0.5927083333333334 0.1796296296296296 0.59375 0.1796296296296296 0.5947916666666666 0.17777777777777778 0.6 0.1796296296296296 0.6010416666666666 0.18333333333333335 0.6052083333333333 0.18518518518518517 0.6052083333333333 0.19444444444444445 0.6052083333333333
3 0.1388888888888889 0.621875 0.14074074074074072 0.6208333333333333 0.1462962962962963 0.61875 0.1462962962962963 0.6177083333333334 0.1462962962962963 0.6166666666666666 0.14074074074074072 0.6135416666666667 0.1388888888888889 0.6135416666666667 0.13148148148148148 0.6135416666666667 0.13148148148148148 0.6145833333333334 0.1277777777777778 0.61875 0.12962962962962962 0.6197916666666666 0.13333333333333333 0.621875 0.13518518518518519 0.621875 0.1388888888888889 0.621875
3 0.016666666666666666 0.7354166666666666 0.018518518518518517 0.7354166666666666 0.03148148148148148 0.734375 0.03333333333333333 0.7333333333333334 0.03518518518518518 0.7260416666666666 0.025925925925925925 0.71875 0.024074074074074074 0.71875 0.016666666666666666 0.7197916666666666 0.014814814814814815 0.7208333333333333 0.009259259259259259 0.7229166666666667 0.009259259259259259 0.7239583333333334 0.011111111111111112 0.7322916666666667 0.012962962962962963 0.7333333333333334 0.016666666666666666 0.7354166666666666
3 0.03148148148148148 0.746875 0.03333333333333333 0.7458333333333333 0.04259259259259259 0.7427083333333334 0.04259259259259259 0.7416666666666666 0.04259259259259259 0.740625 0.03148148148148148 0.7354166666666666 0.02962962962962963 0.7364583333333333 0.016666666666666666 0.7375 0.016666666666666666 0.7385416666666667 0.014814814814814815 0.7427083333333334 0.016666666666666666 0.74375 0.024074074074074074 0.746875 0.025925925925925925 0.746875 0.03148148148148148 0.746875
3 0.03333333333333333 0.7239583333333334 0.03518518518518518 0.7239583333333334 0.040740740740740744 0.7260416666666666 0.04259259259259259 0.725 0.053703703703703705 0.7166666666666667 0.053703703703703705 0.715625 0.05555555555555555 0.7125 0.046296296296296294 0.7072916666666667 0.044444444444444446 0.7072916666666667 0.03333333333333333 0.7083333333333334 0.03148148148148148 0.709375 0.025925925925925925 0.7145833333333333 0.025925925925925925 0.715625 0.025925925925925925 0.71875 0.027777777777777776 0.7197916666666666 0.03333333333333333 0.7239583333333334
3 0.08888888888888889 0.7197916666666666 0.08888888888888889 0.71875 0.0962962962962963 0.7125 0.0962962962962963 0.7114583333333334 0.0962962962962963 0.709375 0.09074074074074075 0.7052083333333333 0.08888888888888889 0.7052083333333333 0.07592592592592592 0.703125 0.07407407407407407 0.7041666666666666 0.06851851851851852 0.7114583333333334 0.06851851851851852 0.7125 0.07222222222222222 0.7208333333333333 0.07407407407407407 0.721875 0.08888888888888889 0.7197916666666666
3 0.19074074074074077 0.2125 0.1925925925925926 0.21145833333333333 0.1962962962962963 0.20416666666666666 0.18888888888888888 0.19895833333333335 0.18703703703703703 0.19895833333333335 0.17592592592592593 0.19895833333333335 0.17407407407407408 0.2 0.17037037037037037 0.203125 0.17037037037037037 0.20416666666666666 0.17222222222222225 0.21145833333333333 0.17407407407407408 0.2125 0.19074074074074077 0.2125
1 0.9224074074074075 0.43822916666666667 0.9116666666666666 0.4247916666666666 0.9077777777777778 0.4116666666666667 0.9231481481481482 0.408125 0.9744444444444444 0.40604166666666663 0.9729629629629629 0.3828125 0.8748148148148148 0.3846875 0.775 0.3888541666666667 0.7761111111111111 0.4158333333333333 0.7783333333333333 0.41625 0.8516666666666667 0.411875 0.8638888888888888 0.4164583333333333 0.8818518518518518 0.42541666666666667 0.8981481481481481 0.4411458333333333 0.9112962962962963 0.46979166666666666 0.9157407407407407 0.4901041666666667 0.9401851851851852 0.48864583333333333 0.9224074074074075 0.43822916666666667
1 0.37796296296296295 0.7032291666666667 0.3877777777777778 0.7127083333333333 0.4137037037037037 0.7035416666666667 0.4194444444444444 0.7034374999999999 0.4466666666666667 0.7173958333333333 0.4588888888888889 0.7277083333333333 0.462037037037037 0.7240625 0.432037037037037 0.6994791666666667 0.43092592592592593 0.6950000000000001 0.43555555555555553 0.6908333333333333 0.45333333333333337 0.684375 0.4424074074074074 0.674375 0.41407407407407404 0.6891666666666667 0.37796296296296295 0.7032291666666667
1 0.29314814814814816 0.05583333333333334 0.28481481481481485 0.04552083333333333 0.24185185185185187 0.050833333333333335 0.1938888888888889 0.04822916666666667 0.19518518518518516 0.06052083333333333 0.22592592592592592 0.06145833333333334 0.25166666666666665 0.07104166666666667 0.2740740740740741 0.08364583333333332 0.27555555555555555 0.07729166666666666 0.25333333333333335 0.06406250000000001 0.26 0.059479166666666666 0.29314814814814816 0.05583333333333334
0 0.727962962962963 0.36572916666666666 0.7283333333333333 0.35635416666666664 0.7242592592592593 0.3459375 0.7168518518518519 0.33489583333333334 0.7033333333333333 0.3244791666666667 0.692037037037037 0.31916666666666665 0.6938888888888889 0.3377083333333333 0.7011111111111111 0.3413541666666667 0.7088888888888889 0.35218750000000004 0.7066666666666666 0.36885416666666665 0.6990740740740741 0.38114583333333335 0.6783333333333333 0.3932291666666667 0.6203703703703703 0.4084375 0.620925925925926 0.40968750000000004 0.6292592592592592 0.4321875 0.7335185185185185 0.4182291666666667 0.7925925925925925 0.41552083333333334 0.7877777777777778 0.38895833333333335 0.7257407407407407 0.391875 0.7212962962962963 0.38864583333333336 0.720925925925926 0.3814583333333333 0.727962962962963 0.36572916666666666
0 0.31833333333333336 0.6995833333333334 0.3388888888888889 0.7023958333333333 0.34925925925925927 0.7066666666666666 0.34611111111111115 0.7155208333333334 0.32203703703703707 0.7286458333333333 0.32314814814814813 0.7291666666666666 0.33944444444444444 0.73375 0.3937037037037037 0.7102083333333333 0.3838888888888889 0.7007291666666666 0.3577777777777778 0.7078125 0.3522222222222222 0.7023958333333333 0.3312962962962963 0.6959375 0.3188888888888889 0.6980208333333334 0.31833333333333336 0.6995833333333334
0 0.45925925925925926 0.03322916666666667 0.45444444444444443 0.031875 0.45537037037037037 0.02625 0.47962962962962963 0.021979166666666664 0.4701851851851852 0.009166666666666667 0.4557407407407407 0.014895833333333332 0.40518518518518515 0.0253125 0.41074074074074074 0.03666666666666667 0.43944444444444447 0.0340625 0.45518518518518514 0.03864583333333333 0.45055555555555554 0.050104166666666665 0.4537037037037037 0.051875 0.45870370370370367 0.05114583333333333 0.4633333333333333 0.043229166666666666 0.45925925925925926 0.03322916666666667