2 0.5164630416666667 1 0.5254854537037037 0.9974243819444445 0.5018104074074073 0.8035652407407406 0.4999014490740741 0.6239630208333333 0.4884142199074074 0.35359487037037035 0.46589171064814816 0.3436353078703704 0.4687326712962963 0.905263775462963 0.46730113194444445 0.9055420393518518 0.4825690185185185 1 0.5164630416666667 1
2 0.16329434953703703 0.31548605555555553 0.1742044398148148 0.32411846990740745 0.15731463425925926 0.21156965509259257 0.1082427175925926 0.0683007638888889 0.10346091435185185 0.06772104166666668 0.09773475462962963 0.06883409490740741 0.09835264583333334 0.07965576157407407 0.14460432175925927 0.22479340972222223 0.14638921064814814 0.22633297453703705 0.16329434953703703 0.31548605555555553
2 0.49268267592592596 0.10204766898148147 0.4806199722222222 0.09458255555555556 0.4701925925925926 0.32317957407407405 0.47143463425925924 0.3252019583333333 0.4704452546296296 0.32011203935185184 0.49442651388888886 0.3184689768518518 0.49687407175925924 0.178202650462963 0.4958997013888889 0.17537362962962963 0.4918095879629629 0.17616866666666667 0.48331666435185183 0.17178268287037038 0.49279021990740746 0.15937674074074074 0.49712425 0.1336323287037037 0.49268267592592596 0.10204766898148147
3 0.5487498749999999 0.5433463310185185 0.5559075740740741 0.5419550162037038 0.5565767523148148 0.5399384282407408 0.5606668657407408 0.5391433912037037 0.5674336921296297 0.5302820023148148 0.5701104050925926 0.5222156527777778 0.5686970046296297 0.5149443402777778 0.5751480046296297 0.5099173680555555 0.5747946527777779 0.5080995416666666 0.5758171828703704 0.5079007824074074 0.5770804953703704 0.4925631180555556 0.5707577175925925 0.4654944560185185 0.5659233819444445 0.4570015949074074 0.5652166828703704 0.4533659375 0.561758224537037 0.4464921435185185 0.5525929930555555 0.4539332222222222 0.5512171134259259 0.45231415277777776 0.5521270763888889 0.435158662037037 0.5500820208333334 0.43555618287037035 0.5487436643518518 0.4395893564814815 0.5468730949074074 0.4354253287037037 0.5363651319444445 0.4359586597222222 0.5350974467592592 0.44035540046296295 0.5340749189814814 0.4405541597222222 0.531111150462963 0.4362253263888889 0.5258571689814815 0.43649199074074074 0.5157069305555555 0.4497840717592592 0.5136993958333333 0.45583383564814817 0.5114885972222223 0.4826747430555556 0.5132553472222222 0.49176388425925927 0.5125861689814815 0.4937804722222222 0.5136462175925925 0.49923395601851855 0.5150220972222223 0.500853025462963 0.519224775462963 0.5170147175925925 0.5309385 0.533602925925926 0.5343594351851851 0.5348244745370371 0.5371111921296297 0.538062613425926 0.53915625 0.5376650925925927 0.5487498749999999 0.5433463310185185
3 0.4486047199074074 0.36661528703703705 0.4557999398148148 0.37087621527777775 0.4639801666666667 0.3692861412037037 0.4659877013888889 0.3632363796296296 0.46520595833333334 0.3482962361111111 0.4624542013888889 0.34505809722222225 0.4522289189814815 0.34704569212962966 0.4508530416666667 0.3454266226851852 0.4482986388888889 0.32621957407407404 0.45719147453703707 0.3234429189814815 0.4578606527777778 0.32142633101851853 0.46706340740740737 0.3196374976851852 0.4659658356481482 0.3085317685185185 0.46458995833333333 0.3069127013888889 0.46109397916666667 0.29438666435185185 0.4617631574074074 0.2923700763888889 0.46137228703703703 0.2849000046296296 0.4636956481481481 0.2750158263888889 0.4623197708333333 0.27339675694444443 0.46161307175925925 0.2697611018518518 0.45131274537037036 0.2604442083333333 0.448914337962963 0.25902389814814814 0.444824224537037 0.2598189351851852 0.4434483472222222 0.2581998657407408 0.43935823379629635 0.2589949050925926 0.4386890555555556 0.26101149074074076 0.4356214699074074 0.2616077685185185 0.43223805555555556 0.26603846296296296 0.4291704722222222 0.2666347407407407 0.4274787638888889 0.26885008796296295 0.42043363194444444 0.2871981342592593 0.4194861458333334 0.29870138194444446 0.4201928472222222 0.302337037037037 0.4195236689814815 0.30435362499999996 0.42058371759259255 0.3098071111111111 0.4199145393518518 0.3118236967592593 0.42274134027777777 0.3263663217592593 0.42584644675925926 0.3314222870370371 0.4314703518518519 0.33032911111111113 0.4335075810185185 0.3544577754629629 0.4358684652777778 0.35022584027777776 0.4389360509259259 0.34962956250000005 0.4431387291666667 0.3657912569444445 0.4486047199074074 0.36661528703703705
3 0.46282941898148144 0.4015805347222222 0.46416777546296295 0.39754735879629627 0.4641302546296296 0.3918951157407407 0.4654686111111111 0.3878619421296296 0.48945267592592595 0.4020650347222222 0.4905502476851852 0.41317076388888885 0.4898810694444445 0.41518734953703706 0.4909411203703704 0.42064083564814814 0.49027194212962966 0.4226574212962963 0.4913319930555556 0.4281109074074074 0.4906628125 0.4301274930555556 0.4917228634259259 0.43558097916666666 0.49105368518518516 0.4375975648148148 0.4921137361111111 0.44305105092592595 0.4905345925925926 0.4622231273148148 0.4919479930555556 0.4694944398148148 0.4933238726851852 0.47111350925925927 0.4940305717592593 0.4747491666666667 0.5001657407407407 0.4735566087962963 0.5021732777777778 0.4675068472222222 0.501819925925926 0.46568901851851857 0.5041432893518518 0.4558048402777778 0.5034365902777778 0.4521691851851852 0.5041057685185185 0.45015259722222223 0.5033990694444445 0.44651693981481483 0.5040682476851852 0.4445003541666667 0.5033615462962963 0.44086469675925927 0.504030724537037 0.43884810879629627 0.503324025462963 0.43521245370370365 0.5039556805555555 0.4275436226851852 0.5021889328703704 0.41845448148148146 0.5028581111111111 0.4164378935185185 0.5017980601851851 0.4109844097222222 0.49833960416666667 0.40411061574074075 0.49727955324074075 0.3986571319444444 0.49590367592592594 0.3970380625 0.49519697453703704 0.3934024074074074 0.4924452175925926 0.3901642685185185 0.49075351157407404 0.3923796157407407 0.4867583842592592 0.3882040949074074 0.4696978773148148 0.3823235740740741 0.4646868680555556 0.3729217962962963 0.4653935671296296 0.3765574537037037 0.4640110416666666 0.38036340046296296 0.45832420601851853 0.37840322685185185 0.45513076157407406 0.3728928032407407 0.4526373703703704 0.37644305324074073 0.446950537037037 0.3744828796296296 0.44018371064814815 0.3833442662037037 0.43486780555555554 0.4051292106481481 0.4339203194444444 0.4166324560185185 0.4371004699074074 0.4329929097222222 0.4419348055555556 0.44148577083333335 0.45589685185185186 0.4368853125 0.45790438657407406 0.4308355509259259 0.45755103472222225 0.42901772222222223 0.45955857175925924 0.4229679606481482 0.4592052199074074 0.42115013194444445 0.46188193518518517 0.4130837824074074 0.46282941898148144 0.4015805347222222
3 0.5683906203703704 0.3659694166666667 0.5621428865740741 0.3502052407407408 0.5607670069444445 0.3485861736111111 0.5435872893518519 0.3311739351851852 0.5425647615740741 0.33137269444444445 0.5357228912037036 0.3289295949074074 0.5347003634259259 0.32912835416666664 0.5234525509259259 0.3313147060185185 0.5156631967592593 0.34037485416666663 0.5149940185185186 0.34239144212962963 0.5126706550925926 0.35227562037037036 0.5140465324074074 0.3538946875 0.5150690625000001 0.35369592824074075 0.5482558819444444 0.3661101875 0.5492784120370371 0.36591142824074074 0.5687439699074074 0.36778724537037033 0.5683906203703704 0.3659694166666667
3 0.7136144884259259 0.7527734837962963 0.7146370162037037 0.752574724537037 0.7218322361111111 0.7568356527777779 0.7228547638888889 0.7566368935185186 0.7317041689814815 0.7530302314814814 0.7323733472222222 0.7510136435185184 0.7363508958333334 0.7332618750000001 0.7359975462962963 0.7314440462962963 0.7331707453703703 0.7169014212962963 0.7317948680555555 0.7152823518518518 0.7276672314814815 0.7104251458333333 0.7195245277777778 0.7176674652777778 0.718855349537037 0.7196840532407407 0.7131485717592592 0.7339989236111111 0.7121260439814814 0.7341976851851852 0.7066975740740742 0.7390258958333333 0.707050923611111 0.7408437245370371 0.708110974537037 0.7462972083333334 0.7094868518518518 0.7479162777777778 0.7136144884259259 0.7527734837962963
3 0.6575881365740741 0.5901047615740741 0.6582573148148149 0.5880881759259259 0.6574005277777778 0.5618435439814815 0.656024650462963 0.560224474537037 0.6522503657407407 0.5571850972222222 0.6454460185185185 0.5603942407407407 0.6447768379629629 0.5624108287037037 0.6407242476851851 0.5688581087962963 0.6410775972222221 0.5706759375 0.6417842986111111 0.5743115949074075 0.6431601759259259 0.575930662037037 0.6517687962962962 0.5874629027777778 0.652791324074074 0.5872641435185185 0.6575881365740741 0.5901047615740741
3 0.23407057407407408 0.9006962384259259 0.2347397523148148 0.8986796504629629 0.23776981481481482 0.8924311273148148 0.23741646527777777 0.8906133009259259 0.23427383796296297 0.8799050902777777 0.2332513101851852 0.880103849537037 0.2240110324074074 0.8762404398148148 0.21995843981481483 0.8826877222222222 0.22031179166666667 0.884505550925926 0.21932678472222222 0.8903565532407407 0.21968013425925928 0.8921743819444444 0.22384529166666667 0.9026838310185185 0.22486781944444445 0.9024850717592593 0.22624369675925926 0.9041041412037037 0.22726622685185185 0.9039053819444445 0.23407057407407408 0.9006962384259259
3 0.20148409953703703 0.9787178773148149 0.20010822222222224 0.9770988101851853 0.1970031134259259 0.9720428425925925 0.19598058564814813 0.9722416018518518 0.1915371226851852 0.9712188125 0.1881912314814815 0.98130175 0.1885445810185185 0.9831195787037037 0.19031133101851852 0.9922087175925925 0.19168721064814814 0.993827787037037 0.19785990046296295 0.9982874745370371 0.1985290787037037 0.9962708865740741 0.20360419907407407 0.9896248472222223 0.20325084953703704 0.9878070185185186 0.20148409953703703 0.9787178773148149
3 0.20113075000000002 0.9769000486111111 0.20179992824074075 0.9748834629629629 0.20482999074074074 0.9686349398148147 0.2044766412037037 0.9668171111111111 0.20341659027777778 0.9613636273148147 0.20204071296296297 0.9597445601851852 0.19107120833333333 0.9524442523148148 0.18871032407407407 0.9566761874999999 0.1890636736111111 0.9584940162037037 0.1908304236111111 0.9675831550925926 0.19220630092592594 0.969202224537037 0.19393553009259257 0.9726391226851852 0.19495805787037035 0.9724403611111112 0.1970031134259259 0.9720428425925925 0.19837899305555556 0.973661912037037 0.20113075000000002 0.9769000486111111
3 0.2660097361111111 0.8793957939814815 0.26498720833333334 0.8795945532407408 0.2619196226851852 0.8801908310185185 0.2592429097222222 0.8882571805555556 0.2595962592592593 0.8900750092592593 0.261678837962963 0.8953297337962963 0.26270136574074077 0.8951309745370369 0.27021241435185184 0.8955574884259259 0.2708815925925926 0.8935409004629629 0.2728891273148148 0.8874911388888889 0.27253577777777777 0.8856733101851851 0.2660097361111111 0.8793957939814815
3 0.26718235185185185 0.9018060092592592 0.2668290023148148 0.8999881805555555 0.2647464236111111 0.8947334560185185 0.26372389583333333 0.8949322152777778 0.2606563101851852 0.8955284930555556 0.25797959722222225 0.9035948449074075 0.2583329467592593 0.9054126712962963 0.26009969675925926 0.9145018125 0.26147557407407407 0.9161208819444445 0.2628514537037037 0.9177399490740741 0.2638739814814815 0.9175411898148148 0.2665882175925926 0.9151270856481482 0.26623486574074073 0.9133092569444444 0.26718235185185185 0.9018060092592592
3 0.18120250694444445 0.6996833611111112 0.18222503472222223 0.6994846018518518 0.18631514814814817 0.6986895625 0.1869843263888889 0.6966729768518518 0.19068356944444445 0.6884078657407408 0.18930768981481483 0.6867887986111112 0.18655593287037037 0.6835506597222222 0.18620258333333334 0.6817328333333333 0.18514253240740738 0.6762793472222222 0.18581171296296298 0.6742627615740742 0.1945110300925926 0.6480471226851853 0.19415768055555557 0.6462292939814815 0.18696246064814814 0.6419683657407407 0.1859399328703704 0.6421671273148148 0.17469212037037035 0.6443534791666666 0.16792529398148148 0.6532148657407407 0.16725611574074076 0.6552314537037036 0.1656394513888889 0.6687512893518518 0.16599280324074073 0.6705691157407407 0.16881960185185185 0.6851117407407408 0.1701954814814815 0.6867308101851852 0.17298475925925927 0.6956211921296296 0.17436063657407408 0.6972402592592593 0.18120250694444445 0.6996833611111112
3 0.21291653935185184 0.6444694537037037 0.2142924189814815 0.6460885231481482 0.21873588194444443 0.6471113148148149 0.21940506018518516 0.6450947268518519 0.2214125949074074 0.639044962962963 0.2210592453703704 0.6372271365740741 0.2168565671296296 0.6210654421296297 0.2154806875 0.6194463726851852 0.2089546458333333 0.6131688587962962 0.20793211805555553 0.6133676180555555 0.20144359722222221 0.6127423449074074 0.19333841435185184 0.6256369074074074 0.19369176620370368 0.6274547361111111 0.1930601087962963 0.6351235671296296 0.19341345833333334 0.6369413958333333 0.1962027361111111 0.645831775462963 0.1972252638888889 0.6456330162037036 0.19997702083333332 0.6488711550925926 0.20099955092592592 0.6486723958333334 0.21291653935185184 0.6444694537037037
3 0.2394396550925926 0.8355111712962964 0.2380637777777778 0.8338921041666667 0.2363345486111111 0.8304552060185185 0.23531202083333333 0.8306539652777778 0.2312219074074074 0.8314490046296297 0.22477090972222222 0.836475974537037 0.22512425925925927 0.8382938032407408 0.22759770833333334 0.8510185995370371 0.2286202384259259 0.8508198402777778 0.23546210648148147 0.8532629421296297 0.23613128472222222 0.8512463541666667 0.23983052777777777 0.8429812453703703 0.23947717824074075 0.8411634166666666 0.2394396550925926 0.8355111712962964
3 0.23616880787037037 0.8568985972222222 0.23479292824074072 0.8552795277777777 0.22759770833333334 0.8510185995370371 0.22657518055555556 0.8512173587962963 0.2235075949074074 0.851813638888889 0.2201617037037037 0.8618965763888888 0.22051505324074072 0.8637144027777778 0.22365768287037038 0.8744226134259259 0.2250335601851852 0.8760416805555555 0.23494301620370373 0.8778885023148149 0.23561219444444445 0.8758719166666666 0.23793555787037038 0.8659877384259259 0.23758220833333332 0.8641699097222222 0.23616880787037037 0.8568985972222222
3 0.2221911064814815 0.9105514212962963 0.22286028472222222 0.9085348333333334 0.21968013425925928 0.8921743819444444 0.21830425694444444 0.8905553125 0.21488332175925925 0.8893337615740741 0.20945485185185184 0.8941619745370369 0.20980820138888887 0.8959798032407407 0.21051490046296295 0.8996154583333333 0.2118907800925926 0.9012345277777778 0.2153492361111111 0.9081083217592593 0.21637176388888887 0.9079095625 0.21912352083333334 0.9111476990740741 0.22014604861111112 0.9109489398148148 0.2221911064814815 0.9105514212962963
3 0.2195300486111111 0.8695654074074075 0.21917669675925924 0.8677475787037038 0.21607159027777778 0.8626916134259259 0.2150490625 0.8628903726851852 0.2089138935185185 0.8640829282407407 0.20631222222222223 0.8834537662037036 0.20666557175925926 0.8852715949074074 0.20843232175925924 0.8943607337962963 0.20945485185185184 0.8941619745370369 0.21185325694444443 0.8955822847222222 0.21252243518518518 0.8935656967592592 0.2179509050925926 0.8887374837962964 0.21759755555555557 0.8869196574074074 0.2195300486111111 0.8695654074074075
3 0.20510208564814814 0.8553913055555555 0.2064779652777778 0.857010375 0.21060559953703703 0.8618675810185186 0.2116281273148148 0.8616688217592592 0.21776329861111113 0.8604762662037038 0.21843247685185185 0.8584596782407408 0.22280089583333335 0.8481779814814815 0.2224475462962963 0.8463601527777778 0.22001161805555555 0.839287599537037 0.21898909027777777 0.8394863587962962 0.21387644675925926 0.8404801574074073 0.2115155625 0.8447120902777777 0.21049303472222222 0.844910849537037 0.20604957175925925 0.8438880601851851 0.20640292129629628 0.8457058888888889 0.2074629722222222 0.8511593726851852 0.20644044212962964 0.8513581319444445 0.20404203703703702 0.8499378217592592 0.20439538657407408 0.851755650462963 0.20510208564814814 0.8553913055555555
3 0.038786553240740734 0.6330405972222223 0.03945573148148148 0.6310240092592593 0.04012490972222222 0.6290074236111111 0.039771560185185184 0.6271895949074073 0.038711509259259265 0.621736111111111 0.03733563194444445 0.6201170416666666 0.03112541898148148 0.6100051111111111 0.030102888888888887 0.6102038703703704 0.020862613425925925 0.6063404606481482 0.019840085648148147 0.6065392199074074 0.011659858796296297 0.6081292939814815 0.017313458333333333 0.6372145439814815 0.018335986111111112 0.6370157847222222 0.03335808333333333 0.6378688101851852 0.03402726157407407 0.6358522222222222 0.038786553240740734 0.6330405972222223
3 0.03750137268518519 0.5936736504629629 0.03714802314814815 0.5918558217592592 0.034712094907407405 0.5847832708333334 0.033336215277777775 0.5831642013888888 0.023780111111111113 0.5831352083333333 0.014968229166666668 0.592394113425926 0.015321578703703705 0.5942119421296297 0.017088328703703706 0.6033010810185184 0.01811085648148148 0.6031023217592593 0.03077206712962963 0.6081872824074074 0.03179459722222222 0.6079885231481482 0.03722306712962963 0.6031603101851851 0.03686971527777778 0.6013424814814814 0.03750137268518519 0.5936736504629629
3 0.012923171296296297 0.5927916319444444 0.008833057870370371 0.5935866689814815 0.010953157407407408 0.604493638888889 0.0119756875 0.6042948796296296 0.01811085648148148 0.6031023217592593 0.013945699074074074 0.5925928726851851 0.012923171296296297 0.5927916319444444
3 0.07255508564814815 0.4246198333333333 0.07322426388888889 0.42260324537037036 0.07558514814814814 0.41837131018518514 0.07523179861111112 0.4165534837962963 0.07519427777777778 0.4109012384259259 0.07381839814814815 0.4092821712962963 0.07071329166666666 0.4042262060185185 0.0696907638888889 0.4044249652777778 0.05872125925925926 0.3971246574074074 0.057698731481481476 0.3973234166666667 0.055653673611111114 0.3977209351851852 0.05396196759259259 0.39993628240740736 0.054315317129629635 0.4017541111111111 0.05435284027777777 0.4074063541666667 0.05572871759259259 0.4090254236111111 0.05643541666666666 0.4126610810185185 0.0578112962962963 0.4142801481481481 0.06504403703703704 0.4241933217592593 0.06606656481481481 0.42399456018518517 0.07255508564814815 0.4246198333333333
3 0.09009138657407408 0.18728358333333334 0.09076056481481481 0.18526699768518518 0.09745234722222224 0.16510112268518518 0.09709899768518519 0.16328329398148148 0.09836231018518518 0.14794563194444443 0.09800896064814815 0.14612780324074073 0.09730226157407407 0.14249214814814815 0.09592638194444444 0.14087307870370372 0.0768141736111111 0.14081509027777778 0.07350580324074074 0.15655027083333334 0.07385915277777777 0.15836809953703704 0.07672347453703703 0.17856296759259258 0.07809935185185185 0.18018203703703703 0.08120445833333333 0.18523800231481483 0.08222698842592592 0.18503924305555555 0.08600127314814815 0.1880786226851852 0.08702380092592593 0.18787986342592594 0.09009138657407408 0.18728358333333334
3 0.1010452361111111 0.24363625694444443 0.10171441435185186 0.24161966898148146 0.09920344212962963 0.2232426273148148 0.10427856249999999 0.21659658796296297 0.10392521296296296 0.21477875925925927 0.10526356944444444 0.21074558333333332 0.10180511111111111 0.20387179166666666 0.10078258333333333 0.20407055092592594 0.09767747685185185 0.19901458333333333 0.09252731481481481 0.19435613657407405 0.09009138657407408 0.18728358333333334 0.08642966666666665 0.2012009375 0.08748971527777778 0.2066544212962963 0.08682053703703704 0.20867100925925927 0.0879181087962963 0.21977673842592593 0.0934216226851852 0.2262530115740741 0.09888761342592592 0.22707704398148149 0.09959431481481482 0.23071269907407407 0.09554172222222222 0.23715998148148149 0.09963183564814815 0.23636494444444445 0.10100771296296296 0.2379840115740741 0.1010452361111111 0.24363625694444443
1 0.5018542662037037 0.6045296574074074 0.49388702083333336 0.5302405347222222 0.46498636805555554 0.5311419699074074 0.4684704189814815 0.6549745578703704 0.4667064513888889 0.723420537037037 0.5018729768518518 0.7307336990740742 0.502473375 0.6977916782407407 0.5016841273148148 0.6817210856481482 0.5041616527777778 0.669354474537037 0.5131908634259259 0.6568462546296296 0.5423842083333333 0.6383433587962963 0.6071193194444445 0.6219871018518518 0.5967846018518519 0.5972074907407406 0.5247332569444444 0.6064965740740741 0.5018542662037037 0.6045296574074074
1 0.4658928773148148 0.5494535833333333 0.49623632407407403 0.5499695578703704 0.49084259490740745 0.48291489583333336 0.4912722800925926 0.3934106851851852 0.46785576157407405 0.3875865763888889 0.46761216898148145 0.38687932175925926 0.4587471087962963 0.4395383495370371 0.4505593773148148 0.4399979768518519 0.38069003009259256 0.5003647083333334 0.3881429074074074 0.522874724537037 0.4461018240740741 0.4831223148148148 0.4506287800925926 0.48129910648148144 0.4612261736111111 0.48395546296296293 0.4658928773148148 0.5494535833333333
1 0.15937313425925925 0.2183382685185185 0.14824228472222223 0.1867333148148148 0.1354756898148148 0.1914787037037037 0.1569084050925926 0.28918427546296294 0.16929600694444444 0.28904018518518515 0.1697050162037037 0.28896068287037036 0.1632199513888889 0.25286830555555556 0.1641396064814815 0.24231372453703703 0.16886887962962963 0.23498030555555557 0.1824738240740741 0.22799679398148148 0.21810283564814817 0.22786265972222222 0.21643458564814816 0.21818841898148147 0.16318275231481483 0.22155943055555555 0.15937313425925925 0.2183382685185185
1 0.1330379236111111 0.09159009953703705 0.13687443055555557 0.10914352777777779 0.14470192824074074 0.11611132175925926 0.1457710462962963 0.11779001851851853 0.1460058935185185 0.09661543055555555 0.15359824768518518 0.08872548379629629 0.18139662962962963 0.0914340300925926 0.1811155162037037 0.0850745300925926 0.144402375 0.08126906944444444 0.14376728935185185 0.06271604629629629 0.1314578634259259 0.06435415046296296 0.1330379236111111 0.09159009953703705