2 0.6519483865740741 0.6205169861111111 0.9451821388888889 0.7632542893518518 0.9449388194444445 0.734826837962963 0.9528388680555556 0.7346789814814815 0.9532163124999999 0.7332703402777777 0.7001122592592592 0.594599599537037 0.5661834884259259 0.5067879236111111 0.3238165509259259 0.3110883587962963 0.09404206712962963 0.10037599768518518 0.08174816203703704 0.14625747453703702 0.3158960532407407 0.3656905763888889 0.3749410162037037 0.3979035 0.6519483865740741 0.6205169861111111
2 0.691479201388889 0.03366860648148148 0.5484073888888888 0.05389043981481482 0.4620291527777778 0.09005815972222221 0.46907068055555556 0.10456235879629629 0.5478625439814815 0.06808733796296297 0.7099277199074074 0.04066085648148148 0.7083007314814814 0.0395778587962963 0.691479201388889 0.03366860648148148
3 0.49465002546296294 0.6344464768518518 0.4925916689814815 0.6349733564814815 0.48158955787037033 0.6331037615740741 0.47953120370370367 0.6336306388888888 0.45081270833333337 0.6334844305555556 0.4487543541666667 0.6340113078703703 0.4348850763888889 0.6356871111111111 0.434615474537037 0.6366932824074074 0.4196677847222222 0.642393775462963 0.41939818055555556 0.643399949074074 0.4103559537037037 0.6485259791666667 0.41008634953703704 0.6495321527777778 0.4043520208333333 0.6566229444444445 0.40408241898148145 0.6576291180555556 0.3945736458333333 0.6788063287037036 0.3960927939814815 0.6802917962962963 0.3962639259259259 0.6868081273148149 0.39778307407407404 0.6882935949074074 0.4095681875 0.7087060092592593 0.41108733564814814 0.7101914768518519 0.41537517824074077 0.7156540509259259 0.4171639282407408 0.7161333449074073 0.4374520648148148 0.7334320740740741 0.43924081481481486 0.7339113703703704 0.44558701157407404 0.7388470648148149 0.4473757638888889 0.739326361111111 0.4692815185185185 0.7505880532407407 0.4710702685185185 0.7510673472222222 0.4943240393518519 0.7572981759259259 0.49638239351851854 0.7567712986111111 0.5073845069444445 0.7586408912037037 0.5094428611111111 0.7581140138888889 0.526620037037037 0.7584029745370371 0.5286783912037036 0.7578760949074074 0.5520306319444445 0.7565844212962963 0.5540889884259259 0.7560575416666666 0.5705558240740741 0.7518425162037038 0.5708254282407408 0.7508363449074075 0.5819260115740741 0.7451834351851852 0.582195613425926 0.744177261574074 0.5925858587962963 0.7340203680555555 0.5928554606481482 0.7330141944444444 0.5974387152777778 0.7159092592592593 0.5930782129629629 0.696407849537037 0.5915590625 0.6949223819444446 0.5837921898148148 0.6809787152777778 0.5822730416666667 0.6794932476851853 0.5701198541666667 0.6676095092592592 0.5683311018518519 0.6671302152777777 0.5283667013888889 0.6445592453703703 0.5265779490740741 0.644079951388889 0.49465002546296294 0.6344464768518518
3 0.43128653009259255 0.5775670092592593 0.4292281736111111 0.5780938888888889 0.40614553703703704 0.5783793912037036 0.40587593518518517 0.5793855625000001 0.39119784722222223 0.5840798842592593 0.39092824537037035 0.5850860555555555 0.3764212916666667 0.5962967083333334 0.37615168749999994 0.5973028796296297 0.375073275462963 0.6013275717592592 0.3768620277777778 0.6018068657407407 0.4029571527777778 0.6260536365740741 0.40268754861111106 0.6270598101851852 0.410724025462963 0.6399973032407408 0.41224317592592596 0.6414827708333334 0.41582067824074076 0.6424413587962964 0.4160902800925926 0.6414351875000001 0.4289796157407408 0.6362615717592592 0.4310379699074074 0.6357346944444444 0.4492935601851852 0.631998962962963 0.4510823101851852 0.6324782569444445 0.49134212499999996 0.6324817152777777 0.49313087731481486 0.6329610092592594 0.5271171550925926 0.6420676064814814 0.5291755092592593 0.6415407268518519 0.5299843194444445 0.6385222106481481 0.5194487523148148 0.6206014351851853 0.5179296041666667 0.6191159675925926 0.5014885740740741 0.6017696550925926 0.4996998240740741 0.6012903611111111 0.48012202777777774 0.5884956180555556 0.47833327546296295 0.5880163217592593 0.4589266111111111 0.5817379097222223 0.45686825694444444 0.5822647893518519 0.43128653009259255 0.5775670092592593
3 0.34932041435185185 0.590113462962963 0.34753166435185184 0.5896341666666667 0.333221650462963 0.5857998125 0.3311632962962963 0.5863266898148148 0.32043078703703703 0.5834509236111112 0.31837243287037037 0.583977800925926 0.29430985416666666 0.5807654907407408 0.29225149768518516 0.5812923680555555 0.26353300462962964 0.5811461597222222 0.26147464814814814 0.581673037037037 0.24733576851851852 0.5843550115740741 0.24706616666666667 0.5853611851851852 0.2222674398148148 0.5992062268518519 0.22199783564814815 0.600212400462963 0.2159939050925926 0.6083093657407408 0.21572430092592593 0.6093155393518518 0.2130282685185185 0.6193772662037037 0.21454741666666666 0.6208627337962963 0.21684956712962963 0.6408910208333333 0.21836871527777776 0.6423764884259259 0.23400093518518517 0.6627413194444445 0.23578968518518517 0.6632206134259259 0.24696293055555554 0.6716065393518519 0.2487516828703704 0.6720858333333333 0.26225288425925924 0.6789387083333333 0.2640416365740741 0.6794180023148149 0.3105491759259259 0.6918796597222223 0.3126075300925926 0.6913527824074074 0.33282300462962966 0.6946126759259259 0.33488135879629627 0.6940857962962963 0.3664670185185185 0.6906866087962963 0.36673662037037036 0.6896804375000001 0.38866818518518514 0.6793807916666667 0.388937787037037 0.6783746180555555 0.39386330555555554 0.6743023449074074 0.39413290972222226 0.6732961712962963 0.3970985439814815 0.6622282708333332 0.39915689814814814 0.6617013935185185 0.40758725925925926 0.6445488726851851 0.404917037037037 0.633049261574074 0.4033978888888889 0.6315637939814814 0.3935726597222222 0.6181470046296297 0.3920535115740741 0.6166615393518519 0.3763228217592593 0.6038192106481481 0.37453406944444445 0.6033399166666668 0.36309122222222223 0.5959601643518518 0.3613024699074074 0.5954808703703703 0.34932041435185185 0.590113462962963
3 0.26777399305555555 0.5510085601851852 0.2657156388888889 0.5515354398148148 0.24442175231481483 0.5523002361111111 0.24236339814814814 0.5528271134259259 0.2258965601851852 0.5570421388888889 0.2256269560185185 0.5580483125 0.21398716666666667 0.5657135671296296 0.2137175648148148 0.5667197407407407 0.20788476388888888 0.5813330370370371 0.20940391203703704 0.5828185046296296 0.22030755555555556 0.5922106018518518 0.22209630555555557 0.5926898958333333 0.22567381018518518 0.5936484861111111 0.22773216435185187 0.5931216064814815 0.24143030787037037 0.584929474537037 0.24348866203703703 0.5844025949074074 0.25789714583333334 0.5807144490740741 0.25968589814814813 0.5811937430555555 0.27355517361111115 0.5795179421296296 0.27534392592592594 0.5799972361111111 0.31891163888888885 0.5819654560185185 0.3207003912037037 0.58244475 0.36005292361111113 0.5929892291666667 0.3603225277777778 0.5919830555555555 0.36086173379629627 0.5899707106481481 0.34593985416666667 0.5741098657407407 0.3441511018518518 0.5736305717592592 0.33628575694444446 0.5672094074074074 0.3344970046296296 0.5667301134259259 0.3243037037037037 0.561842 0.3225149513888889 0.5613627060185186 0.30489703935185186 0.5555635879629629 0.3028386851851852 0.5560904652777777 0.26777399305555555 0.5510085601851852
3 0.08681467592592593 0.5251673240740741 0.08654507175925925 0.5261734976851852 0.05789923842592593 0.5400661226851852 0.05762963657407408 0.5410722962962963 0.055104736111111115 0.5576503541666666 0.056623884259259266 0.5591358217592592 0.0689740138888889 0.5559745532407407 0.06924361574074074 0.5549683796296296 0.0646861712962963 0.5505119768518519 0.06495577546296295 0.5495058055555555 0.06549498148148147 0.5474934606481482 0.06755333564814815 0.5469665810185185 0.07730590277777777 0.546344537037037 0.0790946550925926 0.5468238310185185 0.09232625462962964 0.5546828773148148 0.09411500462962963 0.5551621712962963 0.09948125925925926 0.5566000555555556 0.10153961574074073 0.5560731782407408 0.13052771296296295 0.5552132129629629 0.13231646527777777 0.5556925069444445 0.14922403703703702 0.5569876412037037 0.15101278935185186 0.5574669351851852 0.17220820601851852 0.5642246412037037 0.17372735416666668 0.5657101087962962 0.20457686574074074 0.579368275462963 0.2048464675925926 0.5783621018518519 0.20879204398148146 0.5707920138888889 0.20379386342592593 0.5608254537037037 0.20227471527777777 0.5593399884259259 0.1804674328703704 0.5405557916666667 0.17867868055555555 0.5400764976851852 0.14192370833333334 0.5269927939814815 0.13986535416666668 0.5275196712962963 0.11374441898148148 0.5248342384259259 0.11168606481481481 0.5253611180555556 0.08681467592592593 0.5251673240740741
3 0.18901730787037038 0.5730422777777777 0.18722855555555554 0.5725629837962963 0.15789819212962963 0.5603902870370371 0.15583983796296297 0.5609171643518519 0.14510732870370371 0.5580413981481481 0.14304897453703702 0.558568275462963 0.12256389814814815 0.5563145532407408 0.12050554398148147 0.5568414328703704 0.09357579861111111 0.5571745185185185 0.09205665046296296 0.5556890509259259 0.08365209953703703 0.5512802314814815 0.08186334722222223 0.5508009375 0.07291959027777778 0.5484044652777778 0.07086123611111111 0.5489313425925926 0.07460987037037038 0.5564062638888889 0.0725515162037037 0.5569331412037036 0.05814303472222222 0.5606212893518518 0.05787343055555555 0.5616274606481482 0.048831201388888884 0.5667534930555556 0.04856159953703704 0.5677596643518519 0.033956175925925924 0.5864928194444444 0.03368657175925926 0.5874989930555555 0.03322002777777778 0.6035501736111111 0.03473917592592593 0.6050356412037038 0.04044769444444444 0.6195061851851852 0.04196684259259259 0.6209916527777778 0.07673612268518519 0.6486410694444444 0.078524875 0.6491203634259259 0.10221937962962963 0.6608613518518518 0.10400813194444446 0.6613406458333334 0.12368439814814815 0.6666128842592592 0.12574275231481483 0.6660860069444444 0.14416947453703705 0.6688666064814816 0.1462278287037037 0.6683397291666666 0.15955790046296295 0.6686762731481481 0.16161625462962964 0.6681493935185185 0.17754388657407408 0.665946712962963 0.17960224074074074 0.6654198356481481 0.19660828472222225 0.6591924652777778 0.1968778865740741 0.6581862916666666 0.21425200462962962 0.6434302430555555 0.21016110416666667 0.6229226620370371 0.21043070833333333 0.6219164884259258 0.21868993518518517 0.5982476388888889 0.21717078703703704 0.5967621712962964 0.21646044907407408 0.5922581851851851 0.21494130092592592 0.5907727175925926 0.20555680787037037 0.5828660879629629 0.20376805555555555 0.5823867939814815 0.18901730787037038 0.5730422777777777
3 0 0.6326710925925926 0.004646856481481482 0.6314816342592593 0.0049164583333333334 0.6304754606481482 0.0139586875 0.6253494305555556 0.014228289351851851 0.6243432569444445 0.023809724537037034 0.6172048796296296 0.024079328703703703 0.6161987083333332 0.030083259259259258 0.6081017430555555 0.030352863425925927 0.6070955694444444 0.029471391203703703 0.5960752523148147 0.02974099537037037 0.5950690810185185 0.034054645833333334 0.5789703171296297 0.036113 0.5784434374999999 0.04346494675925926 0.5653156087962963 0.03283090972222222 0.5549173379629629 0.031042157407407407 0.5544380439814814 0.01932970601851852 0.548064462962963 0.01754095601851852 0.5475851689814815 0 0.5428850833333333 0 0.6326710925925926
3 0 0.5407282592592593 0.012713907407407408 0.5441349398148149 0.014233055555555554 0.5456204074074074 0.021388060185185184 0.5475375856481481 0.02290721064814815 0.5490230532407407 0.03998591435185185 0.5568345162037037 0.040255518518518524 0.5558283425925926 0.046700185185185185 0.553241537037037 0.04696978935185186 0.5522353634259259 0.05145457175925926 0.5426529305555555 0.03832144212962963 0.5272713796296297 0.03653269212962963 0.5267920856481482 0.025359446759259257 0.5184061597222223 0.023570694444444443 0.5179268657407408 0.008011138888888889 0.5116008703703704 0.006222386574074074 0.5111215740740741 0 0.5097395509259259 0 0.5407282592592593
3 0.08360524768518518 0.5156800601851852 0.08512439583333332 0.5171655254629629 0.08735388194444445 0.5231549791666666 0.08914263425925927 0.5236342731481481 0.11401402314814815 0.5238280671296296 0.11580277314814814 0.5243073611111111 0.13449909953703704 0.526081787037037 0.1365574537037037 0.5255549097222222 0.14040456018518518 0.5255073263888889 0.14067416203703703 0.5245011527777778 0.1409437662037037 0.5234949814814814 0.1244042662037037 0.5136711712962962 0.12288511805555556 0.5121857037037038 0.11225108101851851 0.5017874328703703 0.1104623287037037 0.5013081388888888 0.09740186111111111 0.4999654236111111 0.09534350694444445 0.5004923009259259 0.08478212962962964 0.5041328657407407 0.08451252777777778 0.5051390370370371 0.08360524768518518 0.5156800601851852
3 0.07378001851851852 0.5022632708333333 0.0676049537037037 0.5038439050925926 0.060449946759259264 0.5019267268518518 0.05839159259259259 0.5024536041666666 0.04944783564814815 0.5000571319444445 0.047389481481481484 0.5005840115740741 0.03844572222222222 0.49818753703703705 0.036387368055555556 0.49871441666666666 0.03280986574074074 0.4977558263888889 0.028693155092592595 0.4988095833333333 0.028423553240740744 0.49981575694444447 0.02636519675925926 0.5003426342592593 0.026095594907407406 0.5013488078703704 0.02403724074074074 0.5018756851851852 0.02241962037037037 0.5079127222222222 0.02393876851851852 0.5093981898148149 0.023129960648148148 0.5124167083333333 0.026168256944444444 0.5153876412037037 0.02589865277777778 0.5163938148148148 0.028936949074074073 0.5193647499999999 0.030725701388888887 0.5198440439814815 0.03224484953703704 0.521329511574074 0.03403360185185185 0.5218088055555555 0.037071898148148145 0.5247797407407407 0.04243815277777778 0.5262176226851851 0.043957300925925924 0.5277030902777778 0.04753480324074074 0.5286616805555555 0.04959315972222222 0.5281348009259259 0.05317066203703704 0.5290933912037037 0.0552290162037037 0.5285665115740741 0.06238402314814815 0.5304836898148149 0.06444237731481481 0.5299568124999999 0.06801987962962963 0.530915400462963 0.07213659027777777 0.5298616458333333 0.07240619212962963 0.5288554722222222 0.07652290277777778 0.5278017152777777 0.07679250462962964 0.5267955439814814 0.08090921527777778 0.525741787037037 0.08117881712962963 0.5247356134259259 0.0832371736111111 0.5242087361111112 0.08485479166666667 0.5181716990740741 0.08333564351851852 0.5166862314814815 0.0841444537037037 0.513667712962963 0.08262530555555557 0.5121822476851852 0.08316451157407408 0.510169900462963 0.08012621527777777 0.5071989675925925 0.08039581712962962 0.5061927939814814 0.07887666898148148 0.5047073263888889 0.07708791666666667 0.5042280324074074 0.07556876851851851 0.5027425648148148 0.07378001851851852 0.5022632708333333
3 0 0.5083758796296296 0.006491988425925926 0.5101154027777778 0.008011138888888889 0.5116008703703704 0.016685291666666668 0.5150035138888889 0.018474043981481482 0.5154828101851852 0.02589865277777778 0.5163938148148148 0.020361266203703706 0.508439599537037 0.02063087037037037 0.5074334282407408 0.022518092592592593 0.5003902175925926 0.02072934027777778 0.4999109236111111 0.007668872685185185 0.4985682083333333 0.006149724537037037 0.49708274074074077 0 0.4950931921296296 0 0.5083758796296296
3 0.3585174976851852 0.455619400462963 0.36003664583333334 0.45710486805555556 0.361016587962963 0.46060268055555553 0.362805337962963 0.4610819768518518 0.39348371759259254 0.46822381018518516 0.39375332175925926 0.46721763657407406 0.3960812777777778 0.46568458564814813 0.3945621296296296 0.4641991180555556 0.3965478240740741 0.4496334074074074 0.39860617824074074 0.44910652777777776 0.4025517546296296 0.44153643981481483 0.4000526643518519 0.43655315972222225 0.398263912037037 0.4360738657407407 0.37912685185185185 0.42878928009259254 0.37706849768518513 0.42931615972222226 0.37170224305555555 0.4278782754629629 0.3696438888888889 0.42840515277777774 0.3596217175925926 0.4300333726851852 0.3593521157407408 0.4310395439814815 0.3585174976851852 0.455619400462963
3 0.7735900439814815 0.42340886805555555 0.7733204398148148 0.4244150393518518 0.770894011574074 0.4334705949074074 0.7724131597222222 0.43495606249999996 0.77491225 0.4399393425925926 0.7764313981481481 0.44142481018518515 0.7842967430555555 0.4478459722222222 0.7860854953703703 0.4483252685185185 0.8075505138888889 0.45407680092592595 0.8096088680555555 0.4535499236111111 0.8173030810185185 0.4534547569444445 0.8175726828703703 0.4524485833333333 0.832079636574074 0.4412379328703704 0.8225240115740741 0.42681496990740736 0.8207352592592593 0.4263356759259259 0.8128699143518519 0.41991451157407406 0.8110811643518518 0.41943521759259256 0.7985599027777778 0.41608015509259255 0.7965015486111111 0.41660703472222227 0.7846906250000001 0.41775595833333334 0.7844210231481482 0.4187621319444444 0.7735900439814815 0.42340886805555555
3 0.19899063888888888 0.16376097685185187 0.19747149074074072 0.16227551157407408 0.19568274074074074 0.1617962152777778 0.19362438425925926 0.1623230949074074 0.1759080023148148 0.16404647916666665 0.17742715046296295 0.16553194675925925 0.21165722453703703 0.19519370833333335 0.21344597453703706 0.19567300231481483 0.21881222916666665 0.19711088657407408 0.22087058564814815 0.19658400925925926 0.2329511087962963 0.19442891203703705 0.23322071296296296 0.19342273842592592 0.2368966875 0.18685882407407406 0.23520640509259258 0.1788570277777778 0.23368725694444445 0.17737156018518518 0.23064896064814813 0.174400625 0.22886020833333334 0.17392133101851853 0.2042584236111111 0.17272136574074073 0.20273927546296294 0.17123589814814813 0.199431375 0.16927113657407405 0.19970097916666665 0.16826496296296298 0.19899063888888888 0.16376097685185187
3 0.25222197916666667 0.015183956018518519 0.2504332268518519 0.014704662037037035 0.23514327314814817 0.007372493055555556 0.23308491898148148 0.00789937037037037 0.21769649305555555 0.008089706018518519 0.2174268912037037 0.009095879629629629 0.21304057870370371 0.01115580787037037 0.21277097453703706 0.01216198148148148 0.20389987962962963 0.023804342592592592 0.2054190277777778 0.025289810185185186 0.2046102175925926 0.028308328703703704 0.20612936574074076 0.029793796296296297 0.20987800231481482 0.03726871527777778 0.21166675231481483 0.03774800925925926 0.22391841203703702 0.04210924537037037 0.22543756018518518 0.04359471064814815 0.2320533587962963 0.04752423611111111 0.2338421111111111 0.048003530092592596 0.2376892175925926 0.04795594675925926 0.23795881944444444 0.046949773148148154 0.24440348842592594 0.04436296527777778 0.24467309027777778 0.043356793981481484 0.2521961712962963 0.036745293981481485 0.25023628703703704 0.029749668981481483 0.24871713888888888 0.028264201388888886 0.24237094212962962 0.02332850462962963 0.2426405439814815 0.022322333333333333 0.2452381064814815 0.019783108796296297 0.24729646064814814 0.019256231481481482 0.25114356712962965 0.01920864814814815 0.25141316898148147 0.018202474537037036 0.25222197916666667 0.015183956018518519
3 0.1931415601851852 0.04248991435185185 0.19287195833333332 0.04349608564814815 0.19385190046296297 0.046993898148148146 0.19564065046296297 0.04747319444444445 0.22524061805555554 0.058639719907407406 0.2267597662037037 0.060125185185185184 0.23185641666666668 0.06256924305555556 0.2336451689814815 0.06304853703703704 0.2446472824074074 0.06491813194444444 0.24491688425925928 0.06391195833333334 0.2459952986111111 0.05988726851851852 0.24474575231481482 0.05739562731481481 0.242957 0.05691633333333333 0.2236488078703704 0.04311541666666666 0.22186005555555555 0.042636122685185185 0.20576129166666668 0.03832247222222222 0.2037029375 0.03884934953703704 0.19779747685185184 0.039423812499999995 0.1975278726851852 0.040429983796296295 0.1931415601851852 0.04248991435185185
3 0.1679279074074074 0.029263458333333332 0.16944705555555556 0.030748925925925926 0.17015739351851852 0.03525291203703704 0.17167654166666665 0.03673837962962963 0.18723609953703702 0.043064374999999995 0.1892944537037037 0.04253749768518519 0.20218378935185186 0.03736388194444444 0.20245339351851854 0.03635771064814815 0.20407101157407406 0.03032067361111111 0.20140078935185185 0.0188210625 0.19961203703703703 0.018341768518518518 0.19272663425925926 0.015418416666666667 0.1906682800925926 0.015945296296296294 0.1850324212962963 0.01551358564814815 0.18297406712962963 0.01604046296296296 0.16981512962962964 0.02222025 0.16954552546296298 0.023226423611111113 0.1679279074074074 0.029263458333333332
3 0.12403897222222222 0.07142409027777778 0.12555812037037037 0.07290955555555556 0.12805721064814815 0.07789283564814814 0.12984596296296297 0.07837213194444444 0.14003926620370372 0.08326024305555556 0.14209762037037038 0.08273336574074074 0.14800308101851853 0.08215890277777778 0.1482726851851852 0.08115273148148149 0.1522182615740741 0.07358264351851852 0.1479304189814815 0.06812006944444444 0.14614166898148148 0.06764077546296297 0.14131462037037038 0.0641905462962963 0.13952586805555556 0.06371125 0.13415961342592592 0.062273368055555556 0.13210125925925925 0.06280024537037036 0.1256565925925926 0.06538705324074073 0.1253869884259259 0.06639322453703704 0.12403897222222222 0.07142409027777778
3 0.6342059976851852 0.12077150462962963 0.634475599537037 0.11976533101851851 0.6360932199074075 0.11372829398148149 0.631535775462963 0.10927189351851851 0.6297470231481482 0.10879259722222222 0.6187449097222222 0.10692300462962964 0.6166865555555555 0.10744988194444444 0.6160488796296296 0.11698473148148149 0.6175680277777778 0.11847019907407406 0.630089287037037 0.12182525925925926 0.6321476435185185 0.12129838194444444 0.6342059976851852 0.12077150462962963
3 0.6069081805555555 0.1296332662037037 0.6086969305555555 0.1301125601851852 0.6158519375 0.13202973842592594 0.6179102916666667 0.13150286111111112 0.6238157523148148 0.13092839814814813 0.6240853564814814 0.12992222685185184 0.6269525208333333 0.1263768287037037 0.6208759259259259 0.12043496064814815 0.6190871759259259 0.11995566666666667 0.6137209212962963 0.11851778240740742 0.6134513171296296 0.11952395370370371 0.6034291481481482 0.12115217361111111 0.6031595439814815 0.1221583449074074 0.6026203379629629 0.12417069212962963 0.604139486111111 0.12565615972222222 0.6069081805555555 0.1296332662037037
3 0.6127409791666666 0.1150199699074074 0.6084531365740742 0.10955739583333333 0.6066643865740742 0.10907809953703704 0.5971814212962963 0.10869397222222223 0.5951230671296296 0.10922085185185185 0.5935054467592593 0.11525788888888888 0.5950245949074074 0.11674335416666667 0.6075458564814815 0.12009841666666667 0.6096042106481482 0.11957153935185184 0.6127409791666666 0.1150199699074074
3 0.5873303842592593 0.11683852314814815 0.5875999861111111 0.11583234953703704 0.5904671504629629 0.1122869537037037 0.5861793101851852 0.10682437962962962 0.5843905578703703 0.10634508333333334 0.5754468009259259 0.1039486111111111 0.5733884444444445 0.10447549074074074 0.568462925925926 0.10854776388888888 0.5699820740740741 0.11003323148148149 0.5796361712962963 0.11693368981481482 0.581694525462963 0.1164068125 0.5873303842592593 0.11683852314814815
3 0.28226466666666666 0.4039135486111111 0.2819950625 0.4049197222222222 0.28037744444444446 0.4109567592592593 0.2818965925925926 0.412442224537037 0.2904722777777778 0.42336737500000005 0.2922610277777778 0.4238466689814815 0.302993537037037 0.4267224375 0.30326314120370373 0.4257162638888889 0.31159503009259254 0.41608624768518515 0.31365338425925926 0.41555936805555554 0.32475396759259256 0.4099064606481481 0.3192165810185185 0.4019522453703704 0.31742782870370373 0.4014729513888889 0.31260078009259257 0.39802272222222224 0.31081203009259256 0.39754342592592595 0.30186827083333334 0.39514695370370373 0.2998099166666667 0.39567383333333334 0.28978774768518517 0.39730205092592596 0.2895181435185185 0.398308224537037 0.28226466666666666 0.4039135486111111
3 0.19743337268518518 0.7920583078703705 0.19770297685185184 0.7910521342592594 0.20030053703703704 0.7885129097222223 0.19861025694444445 0.780511111111111 0.1970911087962963 0.7790256458333333 0.19253366435185185 0.7745692430555556 0.19074491203703706 0.774089949074074 0.1856482615740741 0.7716458912037036 0.1835899050925926 0.7721727708333334 0.18187381712962963 0.7857323101851852 0.18366256712962964 0.7862116041666667 0.19743337268518518 0.7920583078703705
3 0.46504052777777777 0.7807256504629629 0.43820925694444446 0.7735362337962962 0.43615090046296295 0.7740631111111111 0.43345487037037034 0.7841248379629631 0.43497401851851847 0.7856103055555556 0.4484752199074074 0.7924631805555555 0.4505335763888889 0.7919363032407408 0.4636925138888889 0.7857565138888889 0.46396211574074075 0.7847503425925927 0.46504052777777777 0.7807256504629629
3 0.4296077638888889 0.7841724212962964 0.4298773657407407 0.78316625 0.4332837361111111 0.7776085069444444 0.4264968055555556 0.7671626527777777 0.424438449074074 0.7676895324074074 0.413436337962963 0.7658199375 0.4113779837962963 0.7663468148148148 0.40868195138888885 0.7764085416666666 0.41020109953703704 0.7778940092592592 0.42012479861111107 0.7837882962962963 0.4219135509259259 0.7842675902777778 0.4296077638888889 0.7841724212962964
3 0.38873608101851853 0.772142474537037 0.3905248333333333 0.7726217708333333 0.4048348449074074 0.7764561273148148 0.40510444907407406 0.7754499537037036 0.4093196273148148 0.7668736944444445 0.4065509351851852 0.7628965856481481 0.40476218287037036 0.7624172916666666 0.3958184259259259 0.7600208194444446 0.39376007175925926 0.7605476967592593 0.38812421296296296 0.7601159861111112 0.3878546087962963 0.7611221597222223 0.3855266527777778 0.7626552106481482 0.38704580092592594 0.7641406782407407 0.38873608101851853 0.772142474537037
3 0.3706774328703704 0.760833199074074 0.3686190787037037 0.7613600763888889 0.36834947453703704 0.76236625 0.37138777314814814 0.7653371851851851 0.3711181689814815 0.7663433564814816 0.3726373171296296 0.767828824074074 0.3723677152777778 0.7688349976851853 0.3738868634259259 0.7703204652777778 0.37925311805555556 0.7717583472222223 0.3807722662037037 0.7732438148148149 0.3825610162037037 0.773723111111111 0.3846193726851852 0.7731962314814815 0.38623699074074075 0.7671591944444445 0.38471784259259256 0.7656737291666667 0.3855266527777778 0.7626552106481482 0.3840075046296296 0.7611697430555556 0.38454671064814816 0.7591573981481482 0.3809692060185185 0.7581988078703703 0.37891085185185186 0.7587256875 0.375333349537037 0.7577670972222222 0.37327499537037034 0.758293974537037 0.37148624305555555 0.7578146805555556 0.3706774328703704 0.760833199074074
3 0.41191718981481484 0.7643344699074075 0.41370593981481485 0.7648137638888889 0.4264968055555556 0.7671626527777777 0.42855515972222225 0.7666357754629629 0.429903175925926 0.7616049120370371 0.42382658101851856 0.7556630416666666 0.42203783101851855 0.7551837476851851 0.41667157638888885 0.753745863425926 0.4146132199074074 0.7542727430555556 0.4081685532407407 0.7568595486111112 0.4078989513888889 0.7578657222222221 0.4073597453703704 0.7598780671296297 0.4088788935185185 0.7613635347222222 0.41191718981481484 0.7643344699074075
3 0.4004695763888889 0.8356775671296296 0.39108508333333336 0.8277709351851852 0.3892963310185185 0.8272916412037037 0.3839300763888889 0.8258537569444444 0.3818717222222222 0.8263806365740741 0.37944529398148147 0.8354361898148148 0.38096444212962965 0.8369216574074074 0.3919665555555556 0.8387912523148148 0.3940249097222222 0.838264375 0.4004695763888889 0.8356775671296296
3 0.3895659351851852 0.8262854675925927 0.3892963310185185 0.8272916412037037 0.39841122222222225 0.8362044444444444 0.40019997453703704 0.836683738425926 0.40198872453703705 0.8371630347222222 0.4040470787037037 0.8366361550925926 0.4117412916666667 0.836540988425926 0.41201089583333333 0.8355348148148147 0.41433885416666666 0.8340017638888889 0.4115701597222222 0.8300246574074074 0.40978140740740737 0.829545363425926 0.40316560879629626 0.8256158402777778 0.40343521064814813 0.8246096666666667 0.4037048148148148 0.8236034930555556 0.4019160625 0.8231241990740741 0.39833856018518515 0.8221656111111111 0.3980689560185185 0.8231717824074074 0.3895659351851852 0.8262854675925927
3 0.5734936666666667 0.3902830462962963 0.5750128148148148 0.3917685138888889 0.5757231527777777 0.3962724976851852 0.5772423009259259 0.3977579652777778 0.5858179861111111 0.40868311574074073 0.5876067361111111 0.40916240972222223 0.595300949074074 0.4090672430555556 0.5955705532407407 0.4080610694444445 0.5999568657407408 0.40600114120370373 0.6002264675925927 0.4049949675925926 0.6104455787037038 0.3883217407407407 0.6043689861111111 0.3823798726851852 0.6025802337962963 0.38190057870370375 0.5882702222222222 0.37806622222222225 0.5862118680555556 0.37859309953703707 0.5805760092592593 0.3781613888888889 0.5803064074074074 0.3791675625 0.5753808888888889 0.3832398356481481 0.5751112847222222 0.3842460092592593 0.5734936666666667 0.3902830462962963
3 0.5497991597222223 0.3785420578703704 0.5495295578703704 0.3795482314814815 0.5499702916666667 0.3850583888888889 0.5517590439814815 0.38553768518518516 0.5646225694444444 0.4019254074074074 0.5664113217592592 0.4024047013888889 0.5712383703703704 0.40585493055555555 0.5730271203703704 0.40633422685185183 0.5819708796296296 0.40873069907407406 0.5822404814814814 0.407724525462963 0.5827796875 0.4057121805555556 0.5754535509259259 0.3972786712962963 0.5757231527777777 0.3962724976851852 0.5719745185185185 0.3887975787037037 0.5722441203703704 0.38779140509259263 0.5787872592592592 0.37768209490740745 0.5769985069444444 0.3772028009259259 0.5644772453703704 0.3738477384259259 0.5624188912037037 0.37437461574074077 0.5497991597222223 0.3785420578703704
1 0.7619798333333334 0.6305883958333334 0.7339287569444445 0.6558558773148149 0.9230949282407408 0.7541008009259259 0.9477007245370371 0.729527775462963 0.9477816041666666 0.7292259236111112 0.8858798032407408 0.691933863425926 0.8854318009259259 0.6850198217592592 0.8973831643518518 0.6711832592592593 0.9476234560185185 0.6296460578703703 0.9300672083333333 0.6171773032407407 0.876249412037037 0.6577559166666667 0.8414362569444445 0.666760775462963 0.7619798333333334 0.6305883958333334
0 0.6363184699074075 0.6430735972222222 0.6587726041666667 0.6222376875000001 0.6649352407407407 0.6235654375 0.7291628935185186 0.6536082962962964 0.7561873773148149 0.6264481203703703 0.6706621041666666 0.5778654699074074 0.603685925925926 0.5344687175925926 0.5684979074074074 0.5427260856481482 0.5620019004629629 0.5433579930555555 0.6154780277777777 0.6013625925925926 0.6196716064814815 0.6257799722222223 0.6060927800925926 0.6464058217592593 0.5707720625 0.6608824259259259 0.5587553055555555 0.6620840393518519 0.5813221643518519 0.6816109675925927 0.6245434027777778 0.659114224537037 0.6363184699074075 0.6430735972222222