2 0.13658595833333334 0.5588320439814815 0.4160368958333333 0.5031133263888888 0.5989677685185185 0.47822316435185186 0.6790533240740741 0.4587923703703704 0.7505754351851851 0.450943974537037 0.8402698055555555 0.44479135185185187 0.8774765416666667 0.4386279814814815 0.9027671435185185 0.43672390509259257 0.9878696666666668 0.42516746527777777 0.9965098680555555 0.4253750439814815 0.9968323541666666 0.42590298842592594 0.9852695902777777 0.3795272777777778 0.8503340763888888 0.3948308773148148 0.48770452314814816 0.4560438587962963 0.10434232175925925 0.5382073449074074 0.13658595833333334 0.5588320439814815
2 0.3914937800925926 1 0.42549253703703704 0.9804205300925927 0.5979576064814814 0.9036031481481481 0.5908643726851852 0.889697775462963 0.4576164652777778 0.9462163726851851 0.40508189814814816 0.980463761574074 0.39342104629629626 0.9849814722222222 0.3694108194444445 1 0.3914937800925926 1
3 0.6960636087962963 0.34483382175925925 0.6978604537037036 0.3443858171296296 0.7109423634259259 0.3432712430555555 0.7127392083333334 0.34282323842592594 0.7396918680555556 0.33610318749999996 0.7412367083333332 0.33464445833333334 0.756904300925926 0.32859097685185185 0.7584491435185186 0.32713225 0.7736127291666667 0.31905731944444443 0.7751575717592593 0.3175985902777778 0.8073144212962964 0.293477650462963 0.8070624189814815 0.29246692592592594 0.8179091435185185 0.27473275 0.8176571412037037 0.273722025462963 0.820275650462963 0.2612600439814815 0.820023650462963 0.26024931944444446 0.8157396157407407 0.24306699768518517 0.8136907708333333 0.24250427777777778 0.8047722106481481 0.2296981412037037 0.802723363425926 0.2291354212962963 0.7955688194444444 0.2234043587962963 0.7935199722222223 0.22284163657407408 0.7707306666666667 0.21564097916666666 0.7689338217592593 0.2160889837962963 0.7494533703703703 0.21450466898148146 0.7476565277777778 0.21495267361111112 0.7289320810185186 0.21640053472222223 0.727135238425926 0.21684853703703702 0.6858078263888889 0.22715261805555556 0.6842629861111111 0.22861134722222223 0.6585703356481482 0.24038502314814814 0.6570254930555556 0.24184375 0.6395282291666666 0.25586831250000003 0.6397802314814816 0.256879037037037 0.6312671851851852 0.2686635810185185 0.6315191874999999 0.26967430555555555 0.6214284675925925 0.29044065277777775 0.6216804699074074 0.2914513773148148 0.6180539513888889 0.29987046064814815 0.6183059537037038 0.3008811851851852 0.617232287037037 0.31188443981481484 0.6266548495370371 0.326712025462963 0.6287036967592592 0.3272747453703704 0.6363622453703703 0.33502725925925925 0.6384110902777778 0.33558997916666666 0.6614524004629629 0.3438013611111111 0.6632492430555555 0.3433533587962963 0.6693957824074074 0.3450415231481482 0.671192625 0.3445935185185185 0.6960636087962963 0.34483382175925925
3 0.7348931898148149 0.37809475462962966 0.7359340277777777 0.3746145763888889 0.739023712962963 0.3716971203703704 0.7400645509259258 0.36821694212962963 0.7444470740740741 0.3628300324074074 0.7439430717592592 0.3608085833333333 0.7467807523148148 0.35688040277777777 0.7442607337962963 0.3467731550925926 0.7458055740740741 0.345314425925926 0.7440415601851852 0.3382393541666667 0.7419927152777779 0.33767663194444447 0.7076006782407407 0.345177974537037 0.6999092986111111 0.3449485393518518 0.6888762337962964 0.34662583564814814 0.6675989375 0.34548952546296297 0.6604115625 0.34728153935185185 0.6573218773148148 0.35019899537037036 0.6575738796296297 0.3512097199074074 0.651646513888889 0.3580553587962963 0.6506056759259259 0.36153553703703706 0.6446783101851852 0.3683811736111111 0.643889474537037 0.37287207638888886 0.6423446319444445 0.37433080555555553 0.642059800925926 0.38084315740740743 0.635343599537037 0.39217969675925923 0.6096837800925926 0.39643029629629634 0.609179775462963 0.39440884722222225 0.6120174583333333 0.39048066435185186 0.6115134537037037 0.38845921527777777 0.6140991342592592 0.38352031018518523 0.613091125 0.37947741203703705 0.6107902777777778 0.3779039652777778 0.6136279606481482 0.3739757847222222 0.6131239560185185 0.3719543356481481 0.6110751087962962 0.37139161342592597 0.6105711064814815 0.3693701643518519 0.6085222592592593 0.3688074421296296 0.6080182569444444 0.36678599305555554 0.6036685625000001 0.36464982638888893 0.6008637106481481 0.36105493055555554 0.5957251805555556 0.3634096666666667 0.5877489675925927 0.3696925833333334 0.583870449074074 0.37710094212962963 0.5873656458333334 0.39877416435185187 0.6011707337962963 0.4082148402777778 0.6065612662037038 0.4068708287037037 0.606057261574074 0.40484937962962964 0.6086429421296295 0.39991047453703704 0.6244858703703704 0.40068403472222225 0.6345547615740741 0.396670599537037 0.6353107685185185 0.3997027731481481 0.633765925925926 0.4011615 0.6372939537037037 0.4153116481481482 0.639342800925926 0.41587436805555555 0.6508798703703703 0.4162185208333333 0.6814262152777778 0.40860246064814815 0.6829710578703704 0.40714373379629626 0.6883615902777778 0.4057997222222222 0.6899064328703703 0.4043409953703704 0.6988906527777778 0.4021009768518518 0.7004354930555556 0.40064225 0.7058260254629629 0.39929823842592593 0.7191927685185185 0.39167131250000004 0.7348931898148149 0.37809475462962966
3 0.8652411319444445 0.35740447685185184 0.8667859745370371 0.35594574768518517 0.8768110324074074 0.35022555324074073 0.8783558726851852 0.3487668240740741 0.9022845092592592 0.32991807638888887 0.9020325069444445 0.3289073518518518 0.8997316597222222 0.3273339050925926 0.8979348148148149 0.3277819074074074 0.8774135254629629 0.3296777731481481 0.8753646805555555 0.32911505092592597 0.8581850763888889 0.3291041851851852 0.8561362314814814 0.328541462962963 0.8422983125 0.3266238634259259 0.8402494675925927 0.32606114351851856 0.8156633171296297 0.31930848842592596 0.8154113148148148 0.3182977638888889 0.8023622337962962 0.3118892615740741 0.8021102314814814 0.31087853703703705 0.7995573819444445 0.30829436805555555 0.797760537037037 0.30874237037037033 0.7923700046296296 0.31008638194444443 0.7908251643518518 0.3115451087962963 0.7455864027777778 0.336780625 0.7458384050925927 0.33779134953703704 0.7503416111111112 0.3635074722222222 0.7549433055555556 0.36665436342592594 0.7569921527777778 0.36721708564814814 0.7792774560185185 0.3723962939814815 0.7810742986111111 0.3719482893518518 0.7987579074074075 0.37398060648148146 0.80055475 0.37353260185185183 0.833905949074074 0.3695114375 0.8357027939814815 0.3690634351851852 0.8652411319444445 0.35740447685185184
3 0.9174480972222222 0.32184314583333334 0.9189929375 0.32038441666666667 0.9403030648148147 0.31399765046296296 0.9418479050925925 0.31253892129629635 0.9608571828703704 0.30457870833333334 0.9624020254629629 0.3031199814814815 0.9387466689814815 0.2005887800925926 0.9366978240740741 0.2000260601851852 0.9179733796296297 0.2014739212962963 0.9161765347222222 0.2019219236111111 0.8964112523148148 0.20684996296296296 0.8948664097222222 0.20830869212962963 0.8684177546296297 0.21705019444444443 0.8668729120370371 0.2185089212962963 0.8496604791666668 0.22602113194444445 0.8481156365740742 0.22747985879629629 0.8347488935185184 0.23510678703703702 0.8332040509259259 0.23656551388888888 0.8316263796296296 0.24554731944444444 0.830081537037037 0.2470060462962963 0.8226093287037037 0.255310412037037 0.8228613310185184 0.2563211388888889 0.8241213402777778 0.2613747615740741 0.8225765 0.2628334884259259 0.8204619930555554 0.2773169212962963 0.8189171504629629 0.278775650462963 0.8054847476851852 0.3014487291666667 0.80573675 0.3024594537037037 0.8075007638888889 0.3095345277777778 0.8233546967592593 0.3195379236111111 0.8254035416666666 0.3201006458333333 0.8479408472222223 0.3262905787037037 0.8497376921296296 0.3258425740740741 0.8733158333333334 0.3285523310185185 0.8751126782407407 0.3281043263888889 0.9012765023148148 0.3258751759259259 0.9030733449074074 0.3254271736111111 0.9174480972222222 0.32184314583333334
3 0.7723651851851853 0.6049342268518519 0.7739100277777778 0.6034754976851852 0.7800893958333334 0.597640585648148 0.7798373935185184 0.5966298611111112 0.7622194467592592 0.5795513912037037 0.7601706018518519 0.5789886689814815 0.741730988425926 0.5739241782407407 0.7399341435185185 0.5743721828703704 0.7360884537037037 0.5742574652777778 0.7345436111111111 0.5757161921296297 0.7242665532407407 0.580425662037037 0.7245185532407407 0.5814363888888889 0.7201360300925926 0.5868232962962963 0.7203880324074073 0.5878340231481481 0.7224040486111112 0.5959198194444445 0.7295585925925926 0.6016508819444445 0.7316074398148148 0.6022136041666667 0.7451933541666667 0.6031204768518519 0.7454453564814815 0.604131201388889 0.7505510555555555 0.6092995439814815 0.752347900462963 0.6088515393518519 0.7543967453703703 0.6094142615740741 0.7561935902777778 0.6089662569444444 0.7723651851851853 0.6049342268518519
3 0.4730713587962963 0.9125181805555556 0.4728193564814815 0.9115074560185186 0.4733561898148148 0.9060058287037037 0.4749010324074074 0.9045471018518518 0.47644587499999996 0.9030883726851853 0.4761938726851852 0.9020776481481482 0.4782755486111111 0.8951172916666666 0.4780235462962963 0.8941065671296295 0.4765115347222222 0.8880422199074074 0.4744626898148148 0.8874794976851852 0.46601530324074075 0.8842178888888889 0.4642184583333333 0.8846658935185184 0.45832392361111113 0.8839884537037037 0.4565270787037037 0.8844364560185185 0.43650979398148143 0.8883537708333333 0.43496495138888885 0.8898125 0.4282815810185185 0.893625962962963 0.42853358333333336 0.8946366875 0.4226062175925926 0.901482324074074 0.42285821759259257 0.9024930486111111 0.4202725393518519 0.9074319560185186 0.4205245416666667 0.9084426805555557 0.4215325486111111 0.9124855787037036 0.4286870949074074 0.9182166412037036 0.4307359398148148 0.9187793634259259 0.4412321712962963 0.9226036944444445 0.44302901620370366 0.9221556898148149 0.44892355092592595 0.9228331296296296 0.4507203958333333 0.922385125 0.4650951458333333 0.9188010972222223 0.4666399884259259 0.9173423680555556 0.4730713587962963 0.9125181805555556
3 0.5351720601851851 0.9013289606481482 0.5349200578703703 0.9003182361111111 0.5370017337962962 0.8933578796296296 0.5367497314814815 0.8923471550925925 0.5291240138888889 0.8770715671296296 0.5270751666666667 0.8765088472222222 0.5045050324074074 0.8778419884259259 0.5029601898148148 0.8793007175925927 0.49756965740740744 0.8806447291666666 0.49602481712962965 0.8821034560185185 0.48420291435185187 0.8882716550925926 0.48265807175925923 0.8897303842592592 0.48054356712962965 0.9042138148148148 0.478998724537037 0.9056725439814814 0.47745388194444444 0.9071312708333333 0.47770588425925925 0.9081419953703703 0.47871389351851856 0.9121848958333333 0.4856164351851852 0.9169052337962964 0.48741328009259255 0.9164572291666666 0.5007471944444445 0.9163533796296297 0.502544037037037 0.915905375 0.5169187893518519 0.9123213472222221 0.5184636319444444 0.9108626180555556 0.5305375347222222 0.9057051458333333 0.5320823773148148 0.9042464166666667 0.5351720601851851 0.9013289606481482
3 0.5586951828703705 0.8578895324074074 0.556898337962963 0.8583375347222222 0.549710962962963 0.8601295509259259 0.5481661203703704 0.8615882777777778 0.5414827476851852 0.8654017407407407 0.54173475 0.8664124652777778 0.5342625439814815 0.8747168310185186 0.5345145439814815 0.8757275578703704 0.5339777106481481 0.8812291828703704 0.5421402638888888 0.8910031458333334 0.5439371087962963 0.8905551412037037 0.5600758726851852 0.8940461875 0.5618727175925926 0.8935981828703704 0.5785811481481482 0.884064525462963 0.5783291458333333 0.8830537986111111 0.563044875 0.860025699074074 0.5609960300925926 0.8594629791666667 0.5586951828703705 0.8578895324074074
3 0.5403434212962963 0.8914511481481482 0.5387985787037037 0.8929098773148149 0.5387657476851851 0.9004329537037037 0.5428634398148149 0.9015583958333333 0.5446602847222222 0.9011103912037037 0.562628724537037 0.8966303564814815 0.5641735648148148 0.8951716296296296 0.56726325 0.8922541736111111 0.5654664050925926 0.8927021759259259 0.5562301828703704 0.8939314699074075 0.554181337962963 0.8933687476851851 0.5403434212962963 0.8914511481481482
3 0.06399069444444444 0.4659263981481481 0.0687787337962963 0.4851301689814815 0.07082757870370371 0.4856928888888889 0.07334759953703704 0.49580013657407407 0.07539644444444445 0.49636285879629627 0.09850341435185185 0.489528087962963 0.11086215046296297 0.4778582615740741 0.11035814583333334 0.4758368125 0.11578150694444445 0.46696972685185184 0.11225347916666666 0.4528195787037037 0.11020463425925925 0.4522568587962963 0.10689577777777777 0.44664051388888887 0.06282917592592592 0.43830354629629625 0.05589380092592592 0.44110628472222224 0.05740581481481482 0.4471706342592593 0.051356793981481484 0.44663906712962964 0.032688342592592595 0.4705102847222222 0.017305583333333333 0.4700514143518518 0.015508738425925926 0.47049941666666667 0.01576074074074074 0.4715101412037037 0.011126215277777777 0.4758863263888889 0.011630219907407409 0.477907775462963 0.009044539351851852 0.48284668287037036 0.009800546296296297 0.4858788564814815 0.008255703703703703 0.4873375856481481 0.01959773611111111 0.4853685416666667 0.010523719907407407 0.49643410648148145 0.02306879861111111 0.5008211597222222 0.03359786111111111 0.497122412037037 0.04384209027777777 0.49993601851851854 0.049232620370370364 0.4985920092592593 0.052574307870370374 0.49668527777777777 0.05052546064814815 0.4961225555555555 0.04876144675925926 0.4890474837962963 0.04671260185185185 0.4884847615740741 0.04520059027777778 0.48242041435185185 0.04059889351851852 0.47927352083333336 0.03959088657407407 0.47523062268518523 0.06194184953703704 0.4653636782407407 0.06399069444444444 0.4659263981481481
3 0.1465798564814815 0.4603643912037037 0.14837669907407405 0.4599163865740741 0.17838621296296295 0.4578019537037037 0.18018305787037037 0.4573539513888889 0.19610265046296296 0.45231119444444445 0.19764749305555557 0.4508524675925926 0.21255907870370372 0.4417668125 0.21410391898148148 0.4403080833333333 0.221072125 0.4299822685185185 0.2208201226851852 0.42897154398148146 0.22290179861111112 0.4220111875 0.2226497962962963 0.42100046296296295 0.21804809953703705 0.41785357175925925 0.21625125694444444 0.41830157407407403 0.1813552152777778 0.4237814675925926 0.17930637037037037 0.4232187453703704 0.14160547685185185 0.42510374305555554 0.13980863194444446 0.4255517476851852 0.13492210416666667 0.4289172060185185 0.13697095138888887 0.4294799282407407 0.13898696759259258 0.43756572685185186 0.137442125 0.43902445370370374 0.1217745324074074 0.4450779351851852 0.12766906944444445 0.445755375 0.12792107175925926 0.446766099537037 0.1250833888888889 0.4506942800925926 0.1253353912037037 0.45170500462962965 0.12763623842592592 0.4532784513888889 0.12968508564814815 0.45384117129629625 0.14402700694444445 0.4577802199074074 0.14427900925925927 0.45879094444444446 0.1465798564814815 0.4603643912037037
3 0.3868654050925926 0.6892410023148149 0.3850685625 0.6896890046296297 0.37917402546296297 0.6890115671296297 0.37737718287037036 0.6894595694444445 0.3586199074074074 0.6984305069444444 0.3570750648148148 0.6998892361111111 0.35370054861111117 0.7093190439814815 0.37957953935185185 0.7136022453703703 0.38137638425925924 0.7131542430555555 0.3939542916666667 0.7100182175925925 0.3937022893518518 0.7090074930555557 0.40117449768518515 0.7007031273148149 0.4009224953703704 0.6996924027777778 0.39326394444444446 0.6919398912037037 0.39121509953703704 0.6913771689814815 0.3868654050925926 0.6892410023148149
3 0.3478716736111111 0.6935954513888889 0.3460748287037037 0.6940434560185186 0.33299291666666664 0.6951580300925926 0.3309440717592593 0.6945953101851852 0.326342375 0.6914484189814815 0.32454553240740736 0.6918964212962962 0.31915499999999997 0.6932404328703704 0.3176101574074074 0.6946991597222222 0.310926787037037 0.6985126226851852 0.31117878935185184 0.6995233472222223 0.3147396458333333 0.7061504166666667 0.3131948032407407 0.7076091458333332 0.31086112499999996 0.7135587777777778 0.33317925925925923 0.7112149097222222 0.3352281041666667 0.7117776296296296 0.34291948379629633 0.7120070648148149 0.34471632870370367 0.7115590625 0.3501068611111111 0.710215050925926 0.3516517013888889 0.7087563240740741 0.3550262175925926 0.6993265138888889 0.35297737268518514 0.6987637939814815 0.3478716736111111 0.6935954513888889
3 0.34821152546296297 0.7332322847222222 0.3461626805555556 0.7326695625 0.3392601365740741 0.727949224537037 0.33746329166666666 0.7283972291666666 0.3230885416666667 0.7319812569444445 0.32334054398148143 0.7329919814814815 0.3232748819444445 0.7480381342592592 0.3294214212962963 0.7497262986111111 0.33121826388888886 0.7492782939814815 0.3348119513888889 0.748382287037037 0.3363567939814815 0.7469235601851851 0.3399504814814815 0.7460275532407408 0.34149532407407407 0.7445688240740741 0.34767469212962965 0.7387339120370371 0.34742268981481483 0.7377231875 0.34821152546296297 0.7332322847222222
3 0.9305087291666667 0.44311924305555556 0.9307607314814815 0.4441299675925926 0.9279230509259259 0.448058150462963 0.9281750532407408 0.449068875 0.9296870648148149 0.4551332222222222 0.9383864513888889 0.45940555787037035 0.9401832962962963 0.4589575532407408 0.9460778310185185 0.45963499305555555 0.9478746759259259 0.4591869884259259 0.9568588958333334 0.45694697222222225 0.9566068935185186 0.45593624537037036 0.9505260162037037 0.4392019305555555 0.9484771689814815 0.43863920833333336 0.9305087291666667 0.44311924305555556
3 0.9201447314814815 0.5852655416666667 0.918347888888889 0.5857135439814815 0.9078188263888889 0.5894122893518519 0.9080708287037038 0.5904230138888888 0.9077859976851852 0.5969353657407408 0.9118836875 0.5980608101851852 0.9136805324074074 0.5976128055555555 0.9242095949074075 0.5939140601851852 0.9257544351851851 0.5924553310185185 0.9303889629629629 0.5880791458333333 0.9283401157407408 0.5875164259259259 0.9278361111111111 0.5854949768518518 0.9260392685185186 0.5859429791666666 0.9201447314814815 0.5852655416666667
3 0.8834190185185186 0.5987165138888889 0.8836710185185185 0.599727238425926 0.8841750231481482 0.6017486875000001 0.8885247175925926 0.6038848541666667 0.8903215601851853 0.6034368518518519 0.9044443101851852 0.598842099537037 0.9059891527777778 0.5973833703703704 0.9062739837962963 0.5908710185185185 0.904225138888889 0.5903082962962963 0.8911432268518519 0.5914228726851852 0.8895983865740741 0.592881599537037 0.8834190185185186 0.5987165138888889
1 0.37414194907407405 0.5142030416666666 0.39922109953703705 0.5137473101851852 0.45002794907407406 0.4993620509259259 0.5218885740740741 0.4844511412037037 0.5217877731481482 0.484046849537037 0.5153375879629629 0.4520527638888889 0.4114087546296296 0.4707723078703704 0.2845647037037037 0.499392125 0.2892848611111111 0.5282748217592592 0.30534580787037036 0.5260954236111112 0.1934846875 0.5704109375 0.2080523472222222 0.5813791712962962 0.37414194907407405 0.5142030416666666
0 0.6243060023148148 0.3655162476851852 0.6302816412037038 0.3711118217592593 0.6180028541666667 0.37621302314814814 0.6103499884259259 0.4082880162037037 0.6106502638888889 0.4217399537037037 0.6069897592592594 0.42619535416666665 0.5856445856481481 0.4347379722222222 0.5246340578703703 0.44876869212962966 0.5254570625 0.4834540601851852 0.7267475092592592 0.45259072222222224 0.7292563425925926 0.4182555439814815 0.7341680694444443 0.41499115740740744 0.6677154560185186 0.4186769837962963 0.6389582314814816 0.41586289583333336 0.6347191875 0.41187409722222224 0.6405006712962963 0.3738243564814815 0.6547942291666666 0.34771589814814813 0.6598166064814814 0.3425988773148148 0.6377833055555555 0.3384303935185185 0.6243060023148148 0.3655162476851852
0 0.41093338888888886 0.920496025462963 0.41245853240740743 0.9235511435185185 0.4051539398148148 0.9287004050925926 0.39609749537037037 0.9474911921296296 0.40252238888888886 0.9617779120370371 0.41105194212962964 0.963838125 0.41202161805555554 0.9707891805555555 0.3919112523148148 0.9842843495370371 0.4040301458333333 0.9923203958333333 0.47354928009259256 0.9557706782407408 0.4703488564814815 0.942934474537037 0.46986020370370374 0.9432710208333334 0.4302058541666667 0.9579889606481481 0.41932727314814816 0.9595203842592593 0.4074187662037037 0.9561555300925926 0.4044013101851852 0.9425222175925926 0.4157717361111111 0.9222956481481481 0.4245773333333333 0.9139808958333333 0.41990660416666664 0.9090261712962963 0.41093338888888886 0.920496025462963