2 0.39918750000000003 0.5651111111111111 0.4021979166666667 0.558425925925926 0.4033229166666667 0.5554074074074075 0.40388541666666666 0.5547407407407408 0.40746875 0.5383518518518519 0.40784375 0.536 0.4108541666666667 0.5079074074074074 0.43435416666666665 0.4409444444444444 0.43543750000000003 0.43901851851851853 0.4709270833333333 0.364462962962963 0.49296875 0.29777777777777775 0.4931041666666666 0.29635185185185187 0.5082604166666667 0.24887037037037038 0.5656458333333334 0.08833333333333332 0.5927395833333333 0.025944444444444444 0.6007395833333333 0.0003333333333333333 0.5638125 0 0.56346875 0.007851851851851851 0.5533020833333333 0.03590740740740741 0.48678125 0.19835185185185186 0.4859895833333333 0.19975925925925928 0.45806250000000004 0.2901666666666667 0.4570104166666667 0.29438888888888887 0.4567395833333333 0.2962592592592592 0.45621875 0.29718518518518516 0.41063541666666664 0.42788888888888893 0.3418645833333333 0.5908888888888889 0.3413333333333333 0.5913518518518518 0.3400208333333334 0.5946481481481481 0.37659375 0.6049259259259259 0.3969270833333333 0.5667962962962962 0.39918750000000003 0.5651111111111111
2 0.6899166666666666 0.3561296296296297 0.6903229166666667 0.3642592592592593 0.6901875 0.3652037037037037 0.6918020833333333 0.3766851851851852 0.70846875 0.46414814814814814 0.71021875 0.49211111111111117 0.7095520833333333 0.49546296296296294 0.7108958333333334 0.5143333333333333 0.7196354166666666 0.5477962962962963 0.7198958333333333 0.5497037037037037 0.7346874999999999 0.5724074074074074 0.7228541666666667 0.5193518518518518 0.7160000000000001 0.47107407407407403 0.7103541666666666 0.43427777777777776 0.6975833333333333 0.3742962962962963 0.6872291666666667 0.3303148148148148 0.6809166666666667 0.3331851851851852 0.6849479166666667 0.35087037037037033 0.6899166666666666 0.3561296296296297
2 0.8453766412037038 1 0.8587083333333333 0.9976666666666667 0.8305208333333334 0.9362962962962963 0.8157604166666667 0.8904074074074074 0.7944166666666667 0.7920370370370371 0.7743958333333333 0.7161481481481481 0.77096875 0.7063148148148147 0.7585833333333334 0.6964814814814815 0.77571875 0.7526851851851852 0.7973229166666665 0.8445 0.808125 0.8988333333333333 0.8263020833333333 0.9512962962962962 0.845263625 1 0.8453766412037038 1
3 0.5593750000000001 0.36851851851851847 0.5583333333333333 0.37037037037037035 0.5510416666666667 0.38148148148148153 0.5510416666666667 0.3833333333333333 0.5427083333333333 0.40370370370370373 0.5427083333333333 0.4055555555555555 0.5364583333333334 0.4388888888888889 0.5364583333333334 0.44074074074074077 0.5375 0.4611111111111111 0.5385416666666667 0.46296296296296297 0.5427083333333333 0.48703703703703705 0.5437500000000001 0.4888888888888889 0.5572916666666666 0.512962962962963 0.5583333333333333 0.512962962962963 0.5666666666666667 0.5240740740740741 0.5677083333333334 0.5240740740740741 0.5927083333333334 0.5203703703703704 0.59375 0.5222222222222223 0.603125 0.5240740740740741 0.6041666666666666 0.5222222222222223 0.6145833333333334 0.5092592592592593 0.6145833333333334 0.5074074074074074 0.621875 0.49074074074074076 0.621875 0.4888888888888889 0.6239583333333334 0.4759259259259259 0.6239583333333334 0.4740740740740741 0.6270833333333333 0.4148148148148148 0.6260416666666666 0.412962962962963 0.6260416666666666 0.4055555555555555 0.625 0.40370370370370373 0.6208333333333333 0.387037037037037 0.6197916666666666 0.3851851851851852 0.609375 0.3666666666666667 0.6083333333333334 0.3666666666666667 0.5947916666666666 0.35555555555555557 0.59375 0.35555555555555557 0.5864583333333333 0.35370370370370374 0.5656249999999999 0.362962962962963 0.5645833333333333 0.3648148148148148 0.5593750000000001 0.36851851851851847
3 0.5552083333333333 0.5444444444444444 0.5541666666666667 0.5462962962962963 0.5427083333333333 0.5703703703703704 0.5427083333333333 0.5722222222222222 0.5375 0.5962962962962963 0.5375 0.5981481481481481 0.5385416666666667 0.6333333333333334 0.5395833333333333 0.6351851851851852 0.5416666666666666 0.6462962962962963 0.5427083333333333 0.6481481481481481 0.546875 0.6592592592592593 0.5479166666666666 0.6611111111111112 0.5635416666666666 0.6907407407407407 0.5645833333333333 0.6907407407407407 0.5822916666666667 0.7037037037037037 0.5833333333333334 0.7037037037037037 0.5885416666666666 0.7037037037037037 0.5895833333333333 0.7018518518518518 0.5989583333333334 0.6962962962962963 0.6 0.6962962962962963 0.6135416666666667 0.6925925925925925 0.6145833333333334 0.6907407407407407 0.628125 0.6648148148148147 0.628125 0.6629629629629629 0.6322916666666666 0.6481481481481481 0.6322916666666666 0.6462962962962963 0.634375 0.6240740740740741 0.634375 0.6222222222222222 0.6333333333333334 0.5907407407407407 0.6322916666666666 0.5888888888888889 0.6291666666666667 0.5685185185185185 0.628125 0.5666666666666667 0.625 0.5555555555555556 0.6239583333333334 0.5537037037037037 0.6125 0.5351851851851852 0.6114583333333333 0.5351851851851852 0.6041666666666666 0.5277777777777778 0.603125 0.5277777777777778 0.5875 0.5222222222222223 0.5697916666666667 0.5277777777777778 0.56875 0.5296296296296297 0.5552083333333333 0.5444444444444444
3 0.5208333333333334 0.5314814814814814 0.5208333333333334 0.5333333333333333 0.5145833333333334 0.5518518518518518 0.5145833333333334 0.5537037037037037 0.5114583333333333 0.5740740740740741 0.5114583333333333 0.575925925925926 0.5114583333333333 0.5888888888888889 0.5125000000000001 0.5907407407407407 0.5145833333333334 0.6092592592592593 0.515625 0.6111111111111112 0.5177083333333333 0.6185185185185185 0.5187499999999999 0.6203703703703703 0.5364583333333334 0.6425925925925926 0.5375 0.6425925925925926 0.5385416666666667 0.6351851851851852 0.5375 0.6333333333333334 0.5354166666666667 0.6037037037037037 0.5364583333333334 0.6018518518518519 0.5385416666666667 0.5814814814814815 0.5395833333333333 0.5796296296296296 0.546875 0.5574074074074075 0.5479166666666666 0.5555555555555556 0.5635416666666666 0.5296296296296297 0.5635416666666666 0.5277777777777778 0.5635416666666666 0.5240740740740741 0.5625 0.5222222222222223 0.5604166666666667 0.5185185185185185 0.5593750000000001 0.5185185185185185 0.546875 0.5018518518518519 0.5322916666666666 0.512962962962963 0.53125 0.5148148148148148 0.5208333333333334 0.5314814814814814
3 0.5239583333333333 0.6981481481481482 0.5239583333333333 0.7 0.5229166666666667 0.7166666666666667 0.5239583333333333 0.7185185185185184 0.5239583333333333 0.7333333333333334 0.525 0.7351851851851853 0.5270833333333333 0.7574074074074074 0.5281250000000001 0.7592592592592593 0.5395833333333333 0.7870370370370371 0.540625 0.7870370370370371 0.5520833333333334 0.8 0.553125 0.8 0.5635416666666666 0.8018518518518518 0.5635416666666666 0.8 0.5666666666666667 0.7555555555555555 0.5677083333333334 0.7537037037037038 0.5708333333333333 0.7388888888888888 0.571875 0.7370370370370369 0.5822916666666667 0.7092592592592593 0.5812499999999999 0.7074074074074075 0.5635416666666666 0.6944444444444444 0.5625 0.6925925925925925 0.5447916666666667 0.6592592592592593 0.5437500000000001 0.6592592592592593 0.5395833333333333 0.6592592592592593 0.5281250000000001 0.6814814814814815 0.5281250000000001 0.6833333333333333 0.5239583333333333 0.6981481481481482
3 0.5770833333333334 0.725925925925926 0.5770833333333334 0.7277777777777777 0.5729166666666666 0.7370370370370369 0.5729166666666666 0.7388888888888888 0.5677083333333334 0.7592592592592593 0.5677083333333334 0.7611111111111112 0.5656249999999999 0.7759259259259259 0.5656249999999999 0.7777777777777778 0.5656249999999999 0.8055555555555556 0.5666666666666667 0.8074074074074075 0.5770833333333334 0.8425925925925926 0.578125 0.8444444444444444 0.5854166666666667 0.8611111111111112 0.5864583333333333 0.8611111111111112 0.5979166666666667 0.8740740740740741 0.5989583333333334 0.8740740740740741 0.6104166666666666 0.8814814814814815 0.6114583333333333 0.8814814814814815 0.628125 0.8814814814814815 0.6291666666666667 0.8796296296296297 0.6364583333333333 0.8777777777777778 0.6375 0.8759259259259259 0.6458333333333334 0.8666666666666666 0.646875 0.8648148148148148 0.6520833333333333 0.8555555555555556 0.6520833333333333 0.8537037037037037 0.659375 0.8296296296296296 0.659375 0.8277777777777778 0.6645833333333334 0.7907407407407407 0.6635416666666666 0.7888888888888889 0.6625 0.774074074074074 0.6614583333333334 0.7722222222222223 0.6583333333333333 0.7537037037037038 0.6572916666666666 0.7518518518518519 0.6510416666666666 0.7314814814814815 0.65 0.7296296296296296 0.634375 0.7055555555555556 0.6333333333333334 0.7055555555555556 0.625 0.6981481481481482 0.6239583333333334 0.6981481481481482 0.6145833333333334 0.6944444444444444 0.5895833333333333 0.7055555555555556 0.5885416666666666 0.7074074074074075 0.5770833333333334 0.725925925925926
3 0.5458333333333334 0.862962962962963 0.5458333333333334 0.8648148148148148 0.5458333333333334 0.9074074074074074 0.546875 0.9092592592592593 0.5510416666666667 0.9259259259259259 0.5520833333333334 0.9277777777777778 0.55625 0.9370370370370371 0.5572916666666666 0.9370370370370371 0.5677083333333334 0.9462962962962963 0.56875 0.9481481481481482 0.5802083333333333 0.9629629629629629 0.5812499999999999 0.9629629629629629 0.5895833333333333 0.9648148148148148 0.5906250000000001 0.9629629629629629 0.5958333333333333 0.9222222222222222 0.596875 0.9203703703703704 0.609375 0.8851851851851852 0.6083333333333334 0.8833333333333334 0.6010416666666666 0.8796296296296297 0.6 0.8777777777777778 0.584375 0.862962962962963 0.5833333333333334 0.8611111111111112 0.5802083333333333 0.8555555555555556 0.5802083333333333 0.8537037037037037 0.56875 0.8185185185185185 0.5677083333333334 0.8166666666666667 0.5635416666666666 0.8129629629629629 0.5520833333333334 0.8351851851851853 0.5520833333333334 0.8370370370370371 0.5458333333333334 0.862962962962963
3 0.6083333333333334 0.8962962962962963 0.6072916666666667 0.8981481481481481 0.6010416666666666 0.9111111111111112 0.6010416666666666 0.9129629629629629 0.596875 0.9259259259259259 0.596875 0.9277777777777778 0.5927083333333334 0.9555555555555556 0.5927083333333334 0.9574074074074075 0.5958333333333333 0.9962962962962962 0.596875 0.9962962962962962 0.696875 0.9981481481481481 0.6979166666666666 0.9962962962962962 0.6989583333333333 0.9722222222222222 0.6979166666666666 0.9703703703703703 0.696875 0.9574074074074075 0.6958333333333334 0.9555555555555556 0.69375 0.9444444444444444 0.6927083333333334 0.9425925925925925 0.6854166666666667 0.924074074074074 0.684375 0.9222222222222222 0.6583333333333333 0.887037037037037 0.6572916666666666 0.887037037037037 0.6395833333333334 0.8814814814814815 0.6135416666666667 0.8907407407407407 0.6125 0.8925925925925926 0.6083333333333334 0.8962962962962963
3 0.06666666666666667 0.5462962962962963 0.065625 0.5481481481481482 0.05416666666666666 0.5814814814814815 0.05416666666666666 0.5833333333333334 0.05 0.6148148148148148 0.05 0.6166666666666666 0.05 0.6407407407407407 0.051041666666666666 0.6425925925925926 0.051041666666666666 0.6481481481481481 0.052083333333333336 0.65 0.058333333333333334 0.6777777777777778 0.059375 0.6796296296296297 0.06874999999999999 0.7 0.06979166666666667 0.7 0.084375 0.7203703703703703 0.08541666666666667 0.7203703703703703 0.10625 0.7388888888888888 0.10729166666666667 0.7388888888888888 0.12916666666666665 0.7407407407407407 0.13020833333333334 0.7388888888888888 0.14479166666666665 0.7351851851851853 0.14583333333333334 0.7333333333333334 0.1625 0.7222222222222222 0.16354166666666667 0.7203703703703703 0.17395833333333335 0.7074074074074075 0.175 0.7055555555555556 0.18125 0.6925925925925925 0.18125 0.6907407407407407 0.18020833333333333 0.6481481481481481 0.18125 0.6462962962962963 0.190625 0.6074074074074074 0.190625 0.6055555555555556 0.190625 0.5907407407407407 0.18958333333333335 0.5888888888888889 0.18645833333333334 0.5722222222222222 0.18541666666666665 0.5703703703703704 0.18333333333333335 0.5666666666666667 0.18229166666666666 0.5666666666666667 0.178125 0.5666666666666667 0.17708333333333334 0.5685185185185185 0.15416666666666665 0.5703703703703704 0.153125 0.5685185185185185 0.13229166666666667 0.5629629629629629 0.13125 0.5611111111111111 0.11875 0.5444444444444444 0.11875 0.5425925925925926 0.10416666666666667 0.512962962962963 0.103125 0.512962962962963 0.09895833333333333 0.512962962962963 0.08229166666666667 0.5277777777777778 0.08125 0.5296296296296297 0.06666666666666667 0.5462962962962963
3 0 0.5462962962962963 0.0010416666666666667 0.5462962962962963 0.01979166666666667 0.5537037037037037 0.020833333333333332 0.5537037037037037 0.035416666666666666 0.5537037037037037 0.036458333333333336 0.5518518518518518 0.04479166666666667 0.5518518518518518 0.04583333333333334 0.5499999999999999 0.059375 0.5462962962962963 0.06041666666666667 0.5444444444444444 0.07291666666666667 0.5277777777777778 0.07395833333333333 0.5277777777777778 0.09375 0.5092592592592593 0.09479166666666668 0.5074074074074074 0.10104166666666667 0.4944444444444444 0.10104166666666667 0.49259259259259264 0.09791666666666667 0.46481481481481485 0.096875 0.46296296296296297 0.08958333333333333 0.42962962962962964 0.08854166666666667 0.4277777777777778 0.08645833333333333 0.4222222222222222 0.08645833333333333 0.42037037037037034 0.08541666666666667 0.40925925925925927 0.08645833333333333 0.4074074074074074 0.09270833333333332 0.4166666666666667 0.09270833333333332 0.41851851851851857 0.096875 0.43703703703703706 0.09791666666666667 0.4388888888888889 0.10208333333333333 0.44814814814814813 0.10208333333333333 0.45 0.103125 0.4574074074074074 0.10416666666666667 0.4574074074074074 0.10625 0.45925925925925926 0.10729166666666667 0.4574074074074074 0.10833333333333332 0.4537037037037037 0.10833333333333332 0.45185185185185184 0.10833333333333332 0.42962962962962964 0.10729166666666667 0.4277777777777778 0.10416666666666667 0.4148148148148148 0.103125 0.412962962962963 0.09791666666666667 0.40185185185185185 0.096875 0.40185185185185185 0.0875 0.387037037037037 0.08645833333333333 0.387037037037037 0.08020833333333333 0.3833333333333333 0.07916666666666668 0.38148148148148153 0.07291666666666667 0.37407407407407406 0.07187500000000001 0.37222222222222223 0.04895833333333333 0.3351851851851852 0.04895833333333333 0.3333333333333333 0.0375 0.3111111111111111 0.036458333333333336 0.3111111111111111 0.0125 0.2962962962962963 0.011458333333333334 0.2962962962962963 0 0.2962962962962963 0 0.5462962962962963
3 0.11354166666666667 0.4444444444444444 0.115625 0.44814814814814813 0.11770833333333333 0.4555555555555556 0.12083333333333333 0.4611111111111111 0.12083333333333333 0.46296296296296297 0.12291666666666667 0.4666666666666667 0.12708333333333333 0.47962962962962963 0.13229166666666667 0.49074074074074076 0.13229166666666667 0.49259259259259264 0.134375 0.4962962962962963 0.13854166666666667 0.5 0.13958333333333334 0.4981481481481481 0.140625 0.48333333333333334 0.13749999999999998 0.4740740740740741 0.13749999999999998 0.4703703703703703 0.13541666666666666 0.46481481481481485 0.13541666666666666 0.4611111111111111 0.13333333333333333 0.4537037037037037 0.12604166666666666 0.4351851851851852 0.12604166666666666 0.4333333333333333 0.13333333333333333 0.42592592592592593 0.13541666666666666 0.42962962962962964 0.13645833333333335 0.4351851851851852 0.140625 0.4444444444444444 0.14166666666666666 0.45 0.14583333333333334 0.45925925925925926 0.146875 0.46481481481481485 0.15104166666666666 0.4740740740740741 0.15208333333333335 0.47962962962962963 0.15416666666666665 0.48333333333333334 0.15833333333333335 0.4962962962962963 0.1625 0.4962962962962963 0.16458333333333333 0.49259259259259264 0.19791666666666666 0.46296296296296297 0.19791666666666666 0.45925925925925926 0.19583333333333333 0.4537037037037037 0.19479166666666667 0.4444444444444444 0.19270833333333334 0.43703703703703706 0.190625 0.4333333333333333 0.18958333333333335 0.4277777777777778 0.1875 0.42407407407407405 0.16770833333333335 0.42407407407407405 0.16458333333333333 0.42037037037037034 0.1625 0.42037037037037034 0.16145833333333334 0.41851851851851857 0.159375 0.41851851851851857 0.15520833333333334 0.4148148148148148 0.15 0.4148148148148148 0.14895833333333333 0.412962962962963 0.14375000000000002 0.412962962962963 0.14270833333333333 0.4111111111111111 0.13645833333333335 0.4111111111111111 0.13541666666666666 0.40925925925925927 0.13229166666666667 0.40925925925925927 0.13020833333333334 0.412962962962963 0.125 0.412962962962963 0.11770833333333333 0.4166666666666667 0.11354166666666667 0.4166666666666667 0.11145833333333333 0.41851851851851857 0.11145833333333333 0.4333333333333333 0.1125 0.4351851851851852 0.11354166666666667 0.4444444444444444
3 0.11770833333333333 0.3055555555555556 0.11875 0.3074074074074074 0.121875 0.3074074074074074 0.12395833333333332 0.3037037037037037 0.12708333333333333 0.3166666666666667 0.11875 0.32962962962962966 0.11979166666666667 0.32962962962962966 0.121875 0.3351851851851852 0.125 0.337037037037037 0.12812500000000002 0.3425925925925926 0.12916666666666665 0.3425925925925926 0.13125 0.34629629629629627 0.13333333333333333 0.35555555555555557 0.13749999999999998 0.3611111111111111 0.13854166666666667 0.3611111111111111 0.14166666666666666 0.3666666666666667 0.14375000000000002 0.3666666666666667 0.14479166666666665 0.36851851851851847 0.146875 0.3666666666666667 0.14791666666666667 0.3444444444444445 0.14583333333333334 0.3388888888888889 0.14583333333333334 0.3351851851851852 0.15104166666666666 0.32592592592592595 0.15208333333333335 0.32592592592592595 0.16458333333333333 0.35 0.16875 0.35 0.16979166666666665 0.34814814814814815 0.171875 0.34814814814814815 0.17916666666666667 0.3351851851851852 0.17916666666666667 0.30185185185185187 0.17604166666666665 0.29814814814814816 0.17395833333333335 0.29814814814814816 0.16979166666666665 0.29444444444444445 0.17395833333333335 0.28888888888888886 0.16979166666666665 0.28148148148148144 0.17395833333333335 0.2759259259259259 0.17083333333333334 0.2722222222222222 0.165625 0.2740740740740741 0.16458333333333333 0.2777777777777778 0.1628472222222222 0.2759259259259259 0.16041666666666665 0.28888888888888886 0.15520833333333334 0.28703703703703703 0.15694444444444444 0.2796296296296296 0.15416666666666665 0.2851851851851852 0.15208333333333335 0.2851851851851852 0.15104166666666666 0.2833333333333333 0.14895833333333333 0.2851851851851852 0.1440972222222222 0.28395061574074076 0.14479166666666665 0.28888888888888886 0.14166666666666666 0.2925925925925926 0.13819444444444445 0.28456790277777777 0.12638888888888888 0.2858024675925926 0.12291666666666667 0.29444444444444445 0.12083333333333333 0.29074074074074074 0.1204861111111111 0.28641975462962965 0.11979166666666667 0.29074074074074074 0.11875 0.28888888888888886 0.11145833333333333 0.28703703703703703 0.11041666666666668 0.2962962962962963 0.1125 0.3037037037037037 0.11354166666666667 0.3055555555555556 0.11770833333333333 0.3055555555555556
3 0 0.2925925925925926 0.0010416666666666667 0.2925925925925926 0.014583333333333334 0.29444444444444445 0.015625 0.2962962962962963 0.02291666666666667 0.29814814814814816 0.02395833333333333 0.3 0.029166666666666667 0.3037037037037037 0.030208333333333334 0.3037037037037037 0.034374999999999996 0.3037037037037037 0.035416666666666666 0.30185185185185187 0.029166666666666667 0.26481481481481484 0.029166666666666667 0.26296296296296295 0.028125 0.24814814814814815 0.02708333333333333 0.24629629629629632 0.01875 0.22962962962962963 0.01875 0.2277777777777778 0.014583333333333334 0.21481481481481482 0.014583333333333334 0.21296296296296297 0.005208333333333333 0.16296296296296298 0.005208333333333333 0.1611111111111111 0.005208333333333333 0.1537037037037037 0.004166666666666667 0.15185185185185185 0.0020833333333333333 0.1462962962962963 0.0010416666666666667 0.1462962962962963 0 0.1462962962962963 0 0.2925925925925926
3 0.08333333333333333 0.12962962962962962 0.08333333333333333 0.14074074074074072 0.084375 0.1425925925925926 0.084375 0.15 0.08645833333333333 0.15555555555555556 0.08645833333333333 0.1611111111111111 0.0875 0.16481481481481483 0.09166666666666667 0.16481481481481483 0.09270833333333332 0.16296296296296298 0.09479166666666668 0.16296296296296298 0.09479166666666668 0.1611111111111111 0.09791666666666667 0.15555555555555556 0.09791666666666667 0.1537037037037037 0.10208333333333333 0.1462962962962963 0.103125 0.13518518518518519 0.10416666666666667 0.13333333333333333 0.10416666666666667 0.1277777777777778 0.10520833333333333 0.1259259259259259 0.10520833333333333 0.12037037037037036 0.10880681712962963 0.11548821527777778 0.1298295462962963 0.16094276157407406 0.13020833333333334 0.1685185185185185 0.13125 0.17037037037037037 0.134375 0.1685185185185185 0.13645833333333335 0.17777777777777778 0.13125 0.1796296296296296 0.13229166666666667 0.1814814814814815 0.13229166666666667 0.18518518518518517 0.13541666666666666 0.1962962962962963 0.13958333333333334 0.20185185185185187 0.15208333333333335 0.19074074074074077 0.153125 0.1925925925925926 0.15729166666666666 0.1925925925925926 0.16979166666666665 0.17222222222222225 0.17291666666666666 0.17037037037037037 0.175 0.16666666666666666 0.17604166666666665 0.16666666666666666 0.178125 0.16296296296296298 0.17916666666666667 0.16296296296296298 0.18125 0.15925925925925924 0.18854166666666666 0.15185185185185185 0.18979166666666666 0.15888888888888889 0.17395833333333335 0.18703703703703703 0.171875 0.19444444444444445 0.16770833333333335 0.20185185185185187 0.16770833333333335 0.2037037037037037 0.1625 0.21481481481481482 0.16145833333333334 0.22592592592592592 0.16041666666666665 0.2277777777777778 0.16041666666666665 0.23333333333333334 0.159375 0.23518518518518516 0.159375 0.2388888888888889 0.16041666666666665 0.24074074074074073 0.17708333333333334 0.24074074074074073 0.18020833333333333 0.23703703703703705 0.18854166666666666 0.23333333333333334 0.190625 0.23148148148148148 0.19583333333333333 0.2222222222222222 0.196875 0.2222222222222222 0.20208333333333334 0.21296296296296297 0.20729166666666665 0.19444444444444445 0.20729166666666665 0.1796296296296296 0.20833333333333334 0.17777777777777778 0.20833333333333334 0.16666666666666666 0.20625 0.15925925925925924 0.20625 0.15 0.20520833333333335 0.14814814814814814 0.20520833333333335 0.14444444444444443 0.2 0.13333333333333333 0.19583333333333333 0.13333333333333333 0.19479166666666667 0.13148148148148148 0.18854166666666666 0.13148148148148148 0.1875 0.12962962962962962 0.184375 0.12962962962962962 0.16979166666666665 0.1 0.16979166666666665 0.09814814814814815 0.16458333333333333 0.08888888888888889 0.16458333333333333 0.08703703703703704 0.159375 0.07777777777777778 0.15625 0.06666666666666667 0.15 0.05740740740740741 0.14791666666666667 0.05740740740740741 0.13854166666666667 0.04814814814814815 0.12916666666666665 0.04814814814814815 0.12485118981481481 0.053439152777777776 0.12708333333333333 0.06018518518518518 0.12053571527777779 0.058730159722222224 0.09895833333333333 0.08518518518518518 0.09479166666666668 0.08518518518518518 0.090625 0.1 0.090625 0.1037037037037037 0.0875 0.11296296296296296 0.0875 0.11666666666666667 0.08333333333333333 0.12962962962962962
3 0 0 0 0.13703703703703704 0.0010416666666666667 0.13703703703703704 0.00625 0.13518518518518519 0.00625 0.13333333333333333 0.010416666666666666 0.11481481481481481 0.011458333333333334 0.11296296296296296 0.01979166666666667 0.09259259259259259 0.020833333333333332 0.09074074074074075 0.04375 0.05 0.04479166666666667 0.05 0.04583333333333334 0.05555555555555555 0.04479166666666667 0.05740740740740741 0.04375 0.06296296296296296 0.042708333333333334 0.06481481481481481 0.030208333333333334 0.09259259259259259 0.030208333333333334 0.09444444444444444 0.025 0.11851851851851852 0.025 0.12037037037037036 0.026041666666666668 0.1277777777777778 0.02708333333333333 0.1277777777777778 0.041666666666666664 0.14074074074074072 0.042708333333333334 0.14074074074074072 0.053125 0.1425925925925926 0.05416666666666666 0.14074074074074072 0.05625 0.1388888888888889 0.057291666666666664 0.13703703703703704 0.078125 0.1037037037037037 0.078125 0.10185185185185185 0.08333333333333333 0.08888888888888889 0.084375 0.08888888888888889 0.090625 0.07962962962962962 0.090625 0.07777777777777778 0.090625 0.07222222222222222 0.08958333333333333 0.07037037037037036 0.084375 0.06111111111111111 0.08333333333333333 0.06111111111111111 0.059375 0.027777777777777776 0.059375 0.025925925925925925 0.053125 0.007407407407407408 0.052083333333333336 0.005555555555555556 0.04791666666666666 0 0.046875 0 0 0
3 0.775 0.9407407407407407 0.7739583333333334 0.9425925925925925 0.76875 0.9518518518518518 0.76875 0.9537037037037037 0.76875 0.9629629629629629 0.7697916666666667 0.9648148148148148 0.778125 0.9777777777777777 0.7791666666666667 0.9777777777777777 0.7833333333333333 0.9777777777777777 0.784375 0.975925925925926 0.79375 0.9648148148148148 0.79375 0.9629629629629629 0.79375 0.9444444444444444 0.7927083333333333 0.9425925925925925 0.7885416666666666 0.9296296296296297 0.7875 0.9296296296296297 0.784375 0.9259259259259259 0.7833333333333333 0.9259259259259259 0.7770833333333333 0.9259259259259259 0.775 0.9314814814814815 0.775 0.9333333333333333 0.775 0.9407407407407407
3 0.665625 0.6407407407407407 0.665625 0.6425925925925926 0.665625 0.6518518518518519 0.6666666666666666 0.6537037037037037 0.66875 0.6611111111111112 0.6697916666666667 0.6611111111111112 0.678125 0.6666666666666666 0.6791666666666666 0.6648148148148147 0.6854166666666667 0.6537037037037037 0.6854166666666667 0.6518518518518519 0.6854166666666667 0.637037037037037 0.684375 0.6351851851851852 0.6822916666666666 0.6296296296296297 0.68125 0.6296296296296297 0.678125 0.6259259259259259 0.6770833333333334 0.6259259259259259 0.6729166666666666 0.6259259259259259 0.6677083333333333 0.6333333333333334 0.6677083333333333 0.6351851851851852 0.665625 0.6407407407407407
1 0.8055208333333334 0.8357407407407408 0.8096875 0.8248148148148148 0.8233333333333334 0.8098148148148148 0.8333333333333334 0.8044444444444444 0.8322916666666667 0.7994444444444445 0.8201041666666667 0.8051851851851851 0.8028125 0.8231481481481482 0.8003125 0.8216666666666667 0.7945833333333333 0.7885185185185185 0.7853125 0.795 0.8019791666666666 0.8761111111111112 0.8094791666666666 0.8687037037037036 0.8097916666666666 0.8675925925925926 0.8051041666666667 0.8451851851851852 0.8055208333333334 0.8357407407407408
0 0.45458333333333334 0.39629629629629626 0.46677083333333336 0.37092592592592594 0.48416666666666663 0.34740740740740744 0.506875 0.3416666666666667 0.5287499999999999 0.3542592592592592 0.5460416666666666 0.3731481481481481 0.5502083333333333 0.3831481481481482 0.5594791666666666 0.37092592592592594 0.5523958333333333 0.3559259259259259 0.5373958333333333 0.3388888888888889 0.524375 0.3292592592592593 0.4996875 0.3166666666666667 0.49624999999999997 0.31148148148148147 0.4946875 0.29185185185185186 0.5131249999999999 0.2353703703703704 0.4828125 0.2111111111111111 0.4627083333333333 0.27925925925925926 0.4314583333333333 0.36888888888888893 0.440625 0.3831481481481482 0.45458333333333334 0.39629629629629626
0 0.8061458333333333 0.8527777777777777 0.7998958333333334 0.8588888888888889 0.8027083333333332 0.8755555555555555 0.801875 0.8807407407407408 0.7904166666666667 0.8824074074074074 0.7792708333333332 0.8909259259259259 0.7671875 0.9081481481481481 0.76875 0.9144444444444445 0.7743749999999999 0.9035185185185185 0.7871875 0.8905555555555557 0.7976041666666667 0.8885185185185185 0.8054166666666667 0.8920370370370371 0.8133333333333334 0.914074074074074 0.8140625 0.9125925925925926 0.8193750000000001 0.9035185185185185 0.8061458333333333 0.8527777777777777
1 0.7197916666666666 0.4475925925925926 0.7483333333333333 0.4501851851851852 0.7490625000000001 0.4462962962962963 0.7142708333333333 0.44129629629629624 0.708125 0.41407407407407404 0.7001041666666666 0.4192592592592593 0.7101041666666666 0.48444444444444446 0.7169791666666667 0.4840740740740741 0.7180208333333333 0.4840740740740741 0.7157291666666666 0.4511111111111111 0.7197916666666666 0.4475925925925926